1	0.221314	0.21501
2	0.214754	0.208917
3	0.208579	0.203264
4	0.202854	0.198063
5	0.197588	0.193213
6	0.192677	0.188764
7	0.188174	0.184631
8	0.183986	0.180691
9	0.179992	0.176948
10	0.176197	0.173357
11	0.172557	0.169913
12	0.169063	0.166605
13	0.165707	0.163425
14	0.162481	0.160367
15	0.159377	0.157425
16	0.156391	0.154592
17	0.153515	0.151861
18	0.150745	0.149236
19	0.148079	0.146702
20	0.145508	0.144256
21	0.143026	0.141893
22	0.140628	0.139606
23	0.138309	0.137393
24	0.136065	0.135255
25	0.133898	0.133181
26	0.131797	0.131169
27	0.129759	0.129214
28	0.127779	0.127313
29	0.125855	0.125462
30	0.123983	0.123659
31	0.122161	0.1219
32	0.120384	0.120184
33	0.118651	0.118506
34	0.116959	0.116866
35	0.115306	0.115261
36	0.113689	0.113689
37	0.112106	0.112148
38	0.110556	0.110636
39	0.109036	0.109152
40	0.107546	0.107695
41	0.106083	0.106262
42	0.104647	0.104853
43	0.103235	0.103467
44	0.101848	0.102103
45	0.100483	0.100759
46	0.0991398	0.0994358
47	0.0978179	0.0981316
48	0.0965165	0.0968461
49	0.0952347	0.0955785
50	0.093972	0.0943293
51	0.0927281	0.0930967
52	0.0915022	0.0918812
53	0.0902943	0.0906823
54	0.0891033	0.0895
55	0.0879298	0.0883339
56	0.0867732	0.0871836
57	0.0856334	0.0860499
58	0.0845102	0.0849316
59	0.0834036	0.0838298
60	0.0823136	0.0827432
61	0.0812396	0.0816729
62	0.0801823	0.0806185
63	0.0791412	0.0795801
64	0.0781165	0.0785573
65	0.0771079	0.0775507
66	0.0761158	0.0765604
67	0.0751398	0.0755862
68	0.0741806	0.0746278
69	0.0732375	0.0736859
70	0.0723109	0.0727602
71	0.0714006	0.0718506
72	0.0705067	0.0709575
73	0.0696289	0.0700805
74	0.0687675	0.0692198
75	0.0679225	0.0683752
76	0.0670935	0.0675469
77	0.0662809	0.0667346
78	0.065484	0.0659382
79	0.0647032	0.0651579
80	0.0639383	0.0643933
81	0.0631891	0.0636446
82	0.0624554	0.0629113
83	0.0617371	0.0621934
84	0.0610339	0.0614908
85	0.0603459	0.0608032
86	0.0596728	0.0601306
87	0.0590144	0.0594727
88	0.0583706	0.0588293
89	0.0577408	0.0582001
90	0.0571253	0.0575849
91	0.0565236	0.0569837
92	0.0559353	0.0563961
93	0.0553605	0.0558216
94	0.0547989	0.0552605
95	0.05425	0.0547122
96	0.0537136	0.0541764
97	0.0531899	0.0536532
98	0.0526781	0.0531418
99	0.0521781	0.0526424
100	0.0516899	0.0521546
101	0.0512128	0.0516781
102	0.050747	0.0512126
103	0.0502919	0.050758
104	0.0498473	0.0503141
105	0.0494132	0.0498803
106	0.0489891	0.0494566
107	0.048575	0.0490428
108	0.0481703	0.0486386
109	0.047775	0.0482439
110	0.0473889	0.047858
111	0.0470117	0.0474811
112	0.0466432	0.0471131
113	0.0462829	0.0467533
114	0.045931	0.0464018
115	0.0455873	0.0460583
116	0.0452511	0.0457225
117	0.0449228	0.0453944
118	0.0446016	0.0450736
119	0.0442878	0.0447601
120	0.0439809	0.0444536
121	0.0436807	0.0441539
122	0.0433874	0.0438608
123	0.0431006	0.0435742
124	0.04282	0.0432939
125	0.0425456	0.0430197
126	0.0422771	0.0427515
127	0.0420143	0.042489
128	0.0417573	0.0422323
129	0.0415057	0.0419812
130	0.0412596	0.0417352
131	0.0410185	0.0414944
132	0.0407827	0.0412588
133	0.0405518	0.0410282
134	0.0403256	0.0408022
135	0.0401042	0.040581
136	0.0398873	0.0403644
137	0.0396748	0.0401521
138	0.0394667	0.0399443
139	0.0392627	0.0397405
140	0.0390628	0.0395408
141	0.0388669	0.0393452
142	0.038675	0.0391534
143	0.0384868	0.0389656
144	0.0383023	0.0387812
145	0.0381214	0.0386007
146	0.037944	0.0384235
147	0.0377701	0.0382497
148	0.0375993	0.0380793
149	0.0374319	0.037912
150	0.0372677	0.037748
151	0.0371065	0.0375871
152	0.0369484	0.0374291
153	0.036793	0.0372741
154	0.0366408	0.037122
155	0.0364911	0.0369726
156	0.0363442	0.036826
157	0.0362	0.0366821
158	0.0360583	0.0365406
159	0.0359192	0.0364018
160	0.0357827	0.0362654
161	0.0356484	0.0361313
162	0.0355165	0.0359997
163	0.0353869	0.0358703
164	0.0352596	0.0357432
165	0.0351345	0.0356183
166	0.0350114	0.0354956
167	0.0348904	0.0353749
168	0.0347715	0.0352561
169	0.0346546	0.0351395
170	0.0345396	0.0350248
171	0.0344266	0.034912
172	0.0343153	0.034801
173	0.0342059	0.0346919
174	0.0340984	0.0345845
175	0.0339924	0.0344789
176	0.0338883	0.034375
177	0.0337857	0.0342727
178	0.0336849	0.0341721
179	0.0335857	0.034073
180	0.0334878	0.0339755
181	0.0333915	0.0338796
182	0.0332969	0.0337852
183	0.0332036	0.0336921
184	0.0331117	0.0336005
185	0.0330213	0.0335104
186	0.0329322	0.0334214
187	0.0328445	0.0333339
188	0.0327581	0.0332478
189	0.0326729	0.0331629
190	0.032589	0.0330793
191	0.0325063	0.0329968
192	0.0324249	0.0329157
193	0.0323445	0.0328357
194	0.0322655	0.0327568
195	0.0321875	0.0326791
196	0.0321105	0.0326025
197	0.0320348	0.032527
198	0.03196	0.0324525
199	0.0318864	0.0323791
200	0.0318138	0.0323067
201	0.0317421	0.0322354
202	0.0316714	0.032165
203	0.0316018	0.0320956
204	0.031533	0.0320271
205	0.0314653	0.0319596
206	0.0313984	0.031893
207	0.0313324	0.0318272
208	0.0312673	0.0317624
209	0.031203	0.0316984
210	0.0311397	0.0316353
211	0.0310771	0.0315731
212	0.0310154	0.0315115
213	0.0309544	0.0314509
214	0.0308942	0.031391
215	0.0308349	0.0313319
216	0.0307763	0.0312735
217	0.0307184	0.031216
218	0.0306612	0.0311591
219	0.0306048	0.0311029
220	0.0305491	0.0310474
221	0.0304941	0.0309927
222	0.0304397	0.0309387
223	0.0303861	0.0308852
224	0.0303331	0.0308325
225	0.0302807	0.0307805
226	0.030229	0.0307291
227	0.0301779	0.0306782
228	0.0301275	0.030628
229	0.0300776	0.0305783
230	0.0300283	0.0305294
231	0.0299796	0.0304809
