1	0.243953	0.238339
2	0.238339	0.232993
3	0.232993	0.227881
4	0.227881	0.222993
5	0.222993	0.218303
6	0.218304	0.21382
7	0.21382	0.209555
8	0.209556	0.205506
9	0.205506	0.201701
10	0.201701	0.198162
11	0.198162	0.194863
12	0.194863	0.191738
13	0.191739	0.188816
14	0.188815	0.18607
15	0.186071	0.183502
16	0.183501	0.181076
17	0.181077	0.178821
18	0.178822	0.176713
19	0.176713	0.174712
20	0.174712	0.172804
21	0.172804	0.170978
22	0.170978	0.169233
23	0.169233	0.167556
24	0.167556	0.165946
25	0.165946	0.164396
26	0.164396	0.162901
27	0.162902	0.161462
28	0.161462	0.160074
29	0.160074	0.158731
30	0.158731	0.157429
31	0.157429	0.156161
32	0.156161	0.154924
33	0.154925	0.153717
34	0.153717	0.152535
35	0.152535	0.151375
36	0.151376	0.150237
37	0.150236	0.149121
38	0.149121	0.148024
39	0.148024	0.146944
40	0.146944	0.14588
41	0.14588	0.14483
42	0.14483	0.143793
43	0.143794	0.14277
44	0.14277	0.141757
45	0.141758	0.140756
46	0.140756	0.139765
47	0.139765	0.138783
48	0.138783	0.137811
49	0.13781	0.136846
50	0.136846	0.135889
51	0.135889	0.13494
52	0.13494	0.133998
53	0.133998	0.133062
54	0.133062	0.132131
55	0.132131	0.131205
56	0.131206	0.130284
57	0.130284	0.129366
58	0.129366	0.128453
59	0.128453	0.127542
60	0.127542	0.126635
61	0.126635	0.125731
62	0.12573	0.124828
63	0.124828	0.123928
64	0.123929	0.123031
65	0.123031	0.122135
66	0.122135	0.121241
67	0.121241	0.120348
68	0.120349	0.119458
69	0.119458	0.118567
70	0.118567	0.117679
71	0.117679	0.116792
72	0.116792	0.115905
73	0.115905	0.11502
74	0.11502	0.114136
75	0.114136	0.113253
76	0.113253	0.112371
77	0.112371	0.11149
78	0.11149	0.11061
79	0.11061	0.109731
80	0.109731	0.108854
81	0.108854	0.107978
82	0.107978	0.107103
83	0.107103	0.10623
84	0.106229	0.105358
85	0.105358	0.104488
86	0.104488	0.103619
87	0.10362	0.102753
88	0.102753	0.101889
89	0.101889	0.101027
90	0.101027	0.100168
91	0.100168	0.0993106
92	0.099311	0.0984568
93	0.0984567	0.0976062
94	0.0976057	0.0967575
95	0.0967577	0.0959128
96	0.0959128	0.0950714
97	0.0950712	0.0942339
98	0.0942336	0.0933999
99	0.0934002	0.0925701
100	0.0925702	0.0917449
101	0.0917445	0.0909239
102	0.0909236	0.0901075
103	0.0901074	0.089296
104	0.0892958	0.0884895
105	0.0884892	0.0876877
106	0.0876879	0.0868921
107	0.0868919	0.0861018
108	0.0861016	0.0853171
109	0.0853174	0.0845386
110	0.0845388	0.0837662
111	0.0837661	0.0829999
112	0.0830001	0.08224
113	0.0822401	0.0814871
114	0.0814869	0.0807404
115	0.0807404	0.0800009
116	0.0800007	0.0792681
117	0.0792684	0.0785432
118	0.078543	0.0778248
119	0.0778249	0.0771141
120	0.0771141	0.0764109
121	0.0764108	0.0757153
122	0.0757152	0.0750269
123	0.0750273	0.0743468
124	0.0743469	0.0736746
125	0.0736745	0.0730101
126	0.0730099	0.0723534
127	0.0723536	0.071705
128	0.0717047	0.0710648
129	0.0710646	0.0704322
130	0.070432	0.0698077
131	0.0698075	0.0691916
132	0.0691916	0.0685834
133	0.0685832	0.0679836
134	0.0679834	0.0673916
135	0.0673918	0.0668081
136	0.0668082	0.0662328
137	0.0662327	0.0656652
138	0.0656652	0.0651061
139	0.065106	0.0645549
140	0.0645549	0.0640115
141	0.0640117	0.0634764
142	0.0634764	0.0629488
143	0.0629488	0.0624296
144	0.0624292	0.0619179
145	0.061918	0.0614141
146	0.0614139	0.0609179
147	0.0609181	0.0604293
148	0.0604292	0.0599485
149	0.0599487	0.0594749
150	0.0594749	0.0590089
151	0.0590089	0.0585502
152	0.0585501	0.0580988
153	0.0580988	0.0576544
154	0.0576544	0.0572172
155	0.0572171	0.056787
156	0.0567871	0.0563636
157	0.0563635	0.0559472
158	0.0559472	0.0555377
159	0.0555377	0.0551347
160	0.0551345	0.0547382
161	0.0547381	0.0543481
162	0.0543481	0.0539644
163	0.0539645	0.0535873
164	0.0535871	0.053216
165	0.053216	0.0528512
166	0.0528509	0.0524921
167	0.0524919	0.0521388
168	0.0521387	0.0517915
169	0.0517914	0.0514498
170	0.0514498	0.0511139
171	0.051114	0.0507834
172	0.0507835	0.0504584
173	0.0504586	0.0501388
174	0.0501389	0.0498244
175	0.0498245	0.0495152
176	0.0495153	0.0492112
177	0.0492113	0.0489121
178	0.0489123	0.0486181
179	0.048618	0.0483287
180	0.0483287	0.0480442
181	0.0480442	0.0477643
182	0.0477643	0.0474889
183	0.047489	0.0472182
184	0.0472182	0.0469519
185	0.0469519	0.0466901
186	0.0466899	0.0464322
187	0.0464324	0.0461786
188	0.0461785	0.0459293
189	0.0459292	0.0456839
190	0.0456839	0.0454423
191	0.0454424	0.0452047
192	0.045205	0.0449711
193	0.0449712	0.0447411
194	0.0447412	0.044515
195	0.044515	0.0442925
196	0.0442924	0.0440733
197	0.0440734	0.0438577
198	0.0438577	0.0436457
199	0.0436456	0.0434368
200	0.0434368	0.0432313
201	0.0432312	0.043029
202	0.043029	0.0428301
203	0.0428301	0.042634
204	0.042634	0.0424411
205	0.042441	0.0422514
206	0.0422513	0.0420642
207	0.0420642	0.0418803
208	0.0418802	0.041699
209	0.0416991	0.0415207
210	0.0415207	0.041345
211	0.0413451	0.0411721
212	0.0411721	0.0410018
213	0.0410018	0.0408341
214	0.0408341	0.0406689
215	0.0406689	0.0405062
216	0.0405062	0.040346
217	0.0403459	0.0401881
218	0.040188	0.0400329
219	0.0400329	0.0398795
220	0.0398797	0.0397287
221	0.0397288	0.0395802
222	0.0395802	0.0394337
223	0.0394337	0.0392895
224	0.0392895	0.0391474
225	0.0391474	0.0390072
226	0.0390072	0.0388694
227	0.0388693	0.0387334
228	0.0387333	0.0385993
229	0.0385992	0.0384671
230	0.0384672	0.038337
231	0.038337	0.0382087
232	0.0382087	0.0380821
233	0.0380822	0.0379575
234	0.0379575	0.0378346
235	0.0378345	0.0377133
236	0.0377134	0.0375939
237	0.0375939	0.0374761
238	0.0374761	0.0373599
239	0.03736	0.0372454
240	0.0372455	0.0371324
241	0.0371324	0.0370211
242	0.0370212	0.0369112
243	0.0369112	0.036803
244	0.036803	0.036696
245	0.0366961	0.0365908
246	0.0365908	0.0364868
247	0.0364867	0.0363842
248	0.0363842	0.036283
249	0.036283	0.0361832
250	0.0361833	0.0360848
251	0.0360848	0.0359876
252	0.0359876	0.0358917
253	0.0358917	0.0357972
254	0.0357972	0.0357038
255	0.0357038	0.0356116
256	0.0356118	0.0355208
257	0.0355209	0.0354312
258	0.0354312	0.0353426
259	0.0353426	0.0352552
260	0.0352552	0.0351688
261	0.0351689	0.0350838
262	0.0350838	0.0349999
263	0.0349998	0.0349167
264	0.0349166	0.0348348
265	0.0348349	0.034754
266	0.034754	0.034674
267	0.0346741	0.0345952
268	0.0345952	0.0345174
269	0.0345173	0.0344404
270	0.0344405	0.0343645
271	0.0343645	0.0342895
272	0.0342896	0.0342156
273	0.0342156	0.0341424
274	0.0341423	0.0340701
275	0.0340701	0.0339986
276	0.0339986	0.0339283
277	0.0339282	0.0338585
278	0.0338585	0.0337899
279	0.0337898	0.0337218
280	0.0337218	0.0336547
281	0.0336547	0.0335883
282	0.0335884	0.0335228
283	0.0335228	0.033458
284	0.033458	0.0333941
285	0.033394	0.0333307
286	0.0333308	0.0332683
287	0.0332682	0.0332065
288	0.0332065	0.0331455
289	0.0331454	0.0330852
290	0.0330851	0.0330255
291	0.0330255	0.0329665
292	0.0329666	0.0329084
293	0.0329084	0.0328507
294	0.0328508	0.0327937
295	0.0327938	0.0327373
296	0.0327375	0.0326818
297	0.0326819	0.0326269
298	0.032627	0.0325725
299	0.0325725	0.0325188
300	0.0325187	0.0324655
301	0.0324655	0.0324129
302	0.0324129	0.0323609
303	0.0323609	0.0323096
304	0.0323095	0.0322587
305	0.0322587	0.0322084
306	0.0322084	0.0321587
307	0.0321587	0.0321094
308	0.0321095	0.0320608
309	0.0320609	0.0320128
310	0.0320128	0.0319651
311	0.0319651	0.031918
312	0.0319181	0.0318715
313	0.0318716	0.0318254
314	0.0318254	0.0317798
315	0.0317798	0.0317347
316	0.0317347	0.0316902
317	0.0316902	0.0316461
318	0.031646	0.0316023
319	0.0316023	0.0315591
320	0.0315591	0.0315163
321	0.0315164	0.0314741
322	0.0314741	0.0314322
323	0.0314322	0.0313907
324	0.0313907	0.0313497
325	0.0313496	0.0313091
326	0.0313091	0.031269
327	0.031269	0.0312291
328	0.0312292	0.0311898
329	0.0311898	0.0311509
330	0.0311509	0.0311124
331	0.0311123	0.0310742
332	0.0310742	0.0310363
333	0.0310364	0.030999
334	0.0309991	0.030962
335	0.030962	0.0309253
336	0.0309253	0.0308891
337	0.030889	0.0308531
338	0.0308531	0.0308176
339	0.0308175	0.0307824
340	0.0307824	0.0307475
341	0.0307475	0.030713
342	0.030713	0.0306788
343	0.0306788	0.0306449
344	0.0306449	0.0306114
345	0.0306114	0.0305782
346	0.0305783	0.0305454
347	0.0305454	0.0305128
348	0.0305128	0.0304805
349	0.0304805	0.0304487
350	0.0304486	0.030417
351	0.030417	0.0303857
352	0.0303856	0.0303546
353	0.0303546	0.0303239
354	0.0303239	0.0302934
355	0.0302935	0.0302633
356	0.0302634	0.0302334
357	0.0302335	0.0302038
358	0.0302038	0.0301745
359	0.0301745	0.0301455
360	0.0301454	0.0301167
361	0.0301166	0.0300881
362	0.0300882	0.0300599
363	0.03006	0.030032
364	0.0300319	0.0300042
365	0.0300042	0.0299767
366	0.0299768	0.0299495
