937 3 3
0.0980761 0.185936 0.0450658
-0.485383 1.42156 -2.0638
0.108182 0.180838 0.042083
-0.539117 1.42184 -2.03714
0.10207 0.168955 0.0460395
-0.543448 1.72101 -1.64189
0.100454 0.19018 0.0294626
-0.485954 1.33256 -2.06196
0.106241 0.177926 0.0296436
-0.53829 1.53451 -1.7628
0.126916 0.177315 0.0333665
-0.621229 1.1437 -2.39031
0.101683 0.183472 0.0525092
-0.506071 1.37076 -2.20712
0.108323 0.173659 0.0335125
-0.557714 1.58738 -1.72019
0.121414 0.170243 0.0207022
-0.619517 1.48919 -1.75144
0.0994647 0.172631 0.021195
-0.522712 1.67251 -1.49307
0.107796 0.169208 0.0343918
-0.567226 1.66564 -1.61738
0.105661 0.176561 0.0410739
-0.53927 1.55631 -1.83041
0.101497 0.185697 0.0157736
-0.500207 1.42801 -1.79927
0.111532 0.169732 0.0474814
-0.581354 1.6016 -1.82127
0.106037 0.170145 0.0208141
-0.557314 1.65061 -1.52038
0.139514 0.16902 0.0240608
-0.690055 1.1884 -2.23786
0.12769 0.172958 0.0284014
-0.635953 1.33873 -2.04332
0.108668 0.176913 0.0351895
-0.550828 1.52297 -1.82763
0.125836 0.169736 0.0465881
-0.637949 1.37045 -2.15462
0.111095 0.181262 0.0448509
-0.549848 1.33092 -2.19968
0.121626 0.168964 0.0534805
-0.623914 1.42634 -2.13135
0.0977424 0.185517 0.0509261
-0.484908 1.39304 -2.15891
0.0980759 0.18968 0.0269418
-0.477202 1.38478 -1.96089
0.105377 0.168213 0.0394971
-0.55964 1.70512 -1.60696
0.101846 0.185485 0.0417892
-0.502135 1.3946 -2.07556
0.121588 0.177128 0.0426076
-0.601568 1.22995 -2.33667
0.104481 0.183069 0.0354354
-0.518611 1.4443 -1.94555
0.103234 0.180682 0.0487308
-0.519091 1.46684 -2.02848
0.11381 0.185962 0.0336002
-0.549201 1.14047 -2.39752
0.102346 0.182735 0.0367837
-0.51055 1.4764 -1.90972
0.104994 0.168634 0.0495895
-0.556883 1.69085 -1.71427
0.122043 0.178686 0.0351827
-0.599228 1.24316 -2.2499
0.101922 0.178982 0.0572228
-0.517655 1.47074 -2.09828
0.101667 0.189323 0.0344047
-0.49281 1.31782 -2.12763
0.103795 0.172548 0.0449951
-0.541554 1.64449 -1.73891
0.10455 0.174853 0.0658187
-0.538895 1.44883 -2.20956
0.0993014 0.177289 0.047405
-0.510572 1.59935 -1.8238
0.133443 0.168685 0.0166975
-0.669277 1.34589 -1.93095
0.115821 0.16901 0.015905
-0.600782 1.56188 -1.60381
0.106935 0.185524 0.0344239
-0.522879 1.34566 -2.08525
0.10246 0.19055 0.0239061
-0.493354 1.30465 -2.05634
0.118683 0.181927 0.0364733
-0.578038 1.15197 -2.40493
0.108293 0.173415 0.0545546
-0.55822 1.53812 -1.975
0.101087 0.184776 0.0495849
-0.500599 1.36802 -2.18504
0.117709 0.176351 0.0365056
-0.588557 1.40575 -2.01251
0.111182 0.184842 0.0355723
-0.541521 1.27489 -2.20405
0.110523 0.169006 0.0149492
-0.579153 1.6111 -1.52487
0.100515 0.17466 0.0534376
-0.522201 1.61775 -1.85044
0.1178 0.169217 0.0338568
-0.608135 1.55587 -1.7684
0.119449 0.176368 0.0216883
-0.59531 1.40115 -1.89075
0.100955 0.174409 0.0330598
-0.524716 1.64859 -1.62966
0.106775 0.184721 0.0370042
-0.524113 1.36026 -2.08561
0.11337 0.183944 0.0313389
-0.55234 1.28805 -2.14658
0.0992597 0.176224 0.0633877
-0.512967 1.53541 -2.05804
0.127595 0.173989 0.0331849
-0.63276 1.2901 -2.15957
0.104728 0.180046 0.0186224
-0.526835 1.50281 -1.71339
0.111497 0.18361 0.0375526
-0.545732 1.29953 -2.18341
0.102824 0.187573 0.0313605
-0.501445 1.36471 -2.02961
0.102847 0.173179 0.0667864
-0.535905 1.52698 -2.10141
0.106552 0.172761 0.0204734
-0.552654 1.60643 -1.57985
0.0993997 0.183561 0.047753
-0.496299 1.45249 -2.0412
0.105874 0.169105 0.021558
-0.559378 1.66866 -1.50162
0.114428 0.175051 0.0238889
-0.578963 1.49167 -1.77544
0.10488 0.170756 0.0708386
-0.550803 1.50975 -2.16441
0.133059 0.17531 0.0244779
-0.649233 1.12053 -2.34845
0.10051 0.19414 0.0311402
-0.477724 1.13788 -2.37976
0.103556 0.180471 0.0309838
-0.52094 1.51608 -1.8012
0.105346 0.186364 0.0348112
-0.51449 1.34592 -2.08825
0.106954 0.178459 0.0526463
-0.539918 1.43917 -2.10458
0.104978 0.183063 0.0180866
-0.52067 1.44456 -1.79469
0.112195 0.170901 0.0452591
-0.580925 1.57704 -1.83701
0.117159 0.16869 0.0229887
-0.607042 1.56646 -1.65892
0.105744 0.175937 0.0565493
-0.54118 1.49995 -2.04884
0.110526 0.176406 0.0605631
-0.559708 1.27738 -2.42668
0.104091 0.183738 0.0222932
-0.515436 1.44531 -1.83007
0.110958 0.179805 0.0244257
-0.552901 1.44344 -1.85131
0.117083 0.180626 0.021976
-0.575111 1.34107 -1.98401
0.137534 0.170926 0.0218111
-0.677566 1.19024 -2.21535
0.118497 0.177266 0.0335564
-0.589252 1.37914 -2.02688
0.134186 0.168998 0.0235561
-0.671078 1.32321 -2.02493
0.123143 0.169226 0.0304427
-0.629066 1.48876 -1.8365
0.100591 0.170861 0.0534266
-0.532091 1.68888 -1.75049
0.107435 0.192175 0.0248157
-0.509762 1.10636 -2.3739
0.12359 0.175984 0.0297676
-0.612255 1.3327 -2.06441
0.101835 0.173974 0.0646929
-0.529574 1.54398 -2.05728
0.109161 0.180347 0.0481084
-0.544294 1.37565 -2.16021
0.103018 0.169534 0.0299652
-0.546029 1.7023 -1.5282
0.104971 0.175323 0.0194951
-0.539484 1.57978 -1.6094
0.0979898 0.168149 0.0147486
-0.527644 1.7283 -1.3592
0.113905 0.173721 0.0255737
-0.580358 1.52244 -1.74506
0.111273 0.189014 0.0191239
-0.532069 1.20415 -2.17025
0.104879 0.189041 0.0183023
-0.506518 1.31567 -1.9909
0.108217 0.172533 0.0189434
-0.560198 1.59096 -1.58857
0.115752 0.169621 0.0616024
-0.598827 1.44289 -2.17981
0.101588 0.171242 0.0698938
-0.535437 1.56828 -2.06914
0.10722 0.175486 0.0526127
-0.548458 1.51597 -1.99022
0.0981713 0.177923 0.0487521
-0.504195 1.59522 -1.84148
0.106211 0.176457 0.0283761
-0.54182 1.56051 -1.71423
0.104489 0.171448 0.0152147
-0.547341 1.63135 -1.49846
0.125707 0.172511 0.0283046
-0.62972 1.38512 -1.97221
0.111826 0.191246 0.0149386
-0.529112 1.10562 -2.28866
0.109396 0.174803 0.0527652
-0.559193 1.49848 -2.01731
0.120788 0.177225 0.0285616
-0.598236 1.35453 -2.0207
0.120276 0.169865 0.0402271
-0.616121 1.50127 -1.90312
0.104678 0.183275 0.0359276
-0.51894 1.43547 -1.96299
0.127459 0.169003 0.0315333
-0.646172 1.42843 -1.93529
0.105122 0.189136 0.0345659
-0.507286 1.24964 -2.23438
0.107064 0.172523 0.0682058
-0.555413 1.43628 -2.25087
0.106692 0.175546 0.023193
-0.546116 1.56594 -1.66145
0.0990249 0.170026 0.0455225
-0.527385 1.73337 -1.62053
0.102593 0.175731 0.0451017
-0.528428 1.59891 -1.80435
0.115305 0.171133 0.0455806
-0.592905 1.52987 -1.90805
0.098121 0.197085 0.0169507
-0.461935 1.17367 -2.19901
0.0999489 0.196804 0.0190855
-0.469916 1.13067 -2.28521
0.121577 0.169428 0.0471174
-0.622423 1.4628 -2.02025
0.134455 0.173203 0.0200778
-0.660114 1.20392 -2.17889
0.112013 0.179418 0.0419532
-0.558103 1.39682 -2.07366
0.117132 0.180726 0.0366652
-0.575053 1.28151 -2.20342
0.110056 0.16973 0.0275086
-0.575264 1.63007 -1.60755
0.132225 0.176229 0.0153031
-0.643695 1.17135 -2.18835
0.136253 0.168222 0.0369996
-0.680784 1.21213 -2.31457
0.101558 0.172921 0.0211153
-0.531034 1.6503 -1.52345
0.100841 0.1769 0.0316285
-0.518104 1.60804 -1.67445
0.0984858 0.182297 0.0311581
-0.495327 1.53508 -1.77509
0.116598 0.173503 0.0431388
-0.591699 1.4673 -1.97862
0.115392 0.16819 0.0292983
-0.601323 1.60019 -1.66541
0.121258 0.176557 0.0458165
-0.601807 1.19579 -2.41968
0.107728 0.174852 0.0461715
-0.55218 1.5522 -1.88079
0.139222 0.169716 0.0167673
-0.687011 1.20303 -2.15153
0.103052 0.183354 0.0190393
-0.512038 1.46103 -1.77854
0.0995819 0.17977 0.0365428
-0.505863 1.56839 -1.77367
0.117481 0.177239 0.0365238
-0.585348 1.3866 -2.04151
0.112247 0.185734 0.0275524
-0.543609 1.26876 -2.14329
0.0995367 0.17354 0.0508814
-0.520757 1.65861 -1.77041
0.12287 0.173007 0.0276924
-0.617541 1.41974 -1.91495
0.117534 0.186889 0.0215485
-0.561395 1.10058 -2.35437
0.104853 0.184898 0.0169834
-0.515865 1.40858 -1.83883
0.10133 0.178157 0.0157137
-0.517138 1.56013 -1.60466
0.103776 0.174718 0.0480259
-0.53597 1.59736 -1.83207
0.10097 0.18126 0.0181123
-0.508235 1.51784 -1.68698
0.108084 0.182579 0.0397019
-0.534505 1.38704 -2.06867
0.113222 0.190139 0.0186145
-0.537081 1.09185 -2.34254
0.127337 0.177425 0.0157406
-0.622502 1.24694 -2.07441
0.10885 0.172359 0.016463
-0.563284 1.58181 -1.58
0.119886 0.172369 0.0378492
-0.60771 1.46021 -1.94294
0.119726 0.174261 0.0265343
-0.601982 1.43982 -1.87497
0.10337 0.191703 0.0321073
-0.494529 1.19232 -2.30235
0.0987254 0.169012 0.0410538
-0.528669 1.75436 -1.55333
0.115464 0.171592 0.0383325
-0.592303 1.53691 -1.83465
0.107777 0.17539 0.018219
-0.551013 1.5492 -1.64233
0.111228 0.179364 0.0366528
-0.555084 1.43366 -1.972
0.133947 0.169454 0.0305694
-0.6689 1.29499 -2.12917
0.110709 0.16887 0.0447768
-0.580292 1.63318 -1.75293
0.107254 0.174606 0.046462
-0.550839 1.56232 -1.8687
0.127091 0.173412 0.0200526
-0.632455 1.34911 -1.95514
0.102619 0.181445 0.0461399
-0.514716 1.47043 -2.00031
0.103014 0.170642 0.0484393
-0.543125 1.67958 -1.71987
0.103973 0.189072 0.0217427
-0.502774 1.32592 -2.00506
0.108247 0.171184 0.0709303
-0.563863 1.39163 -2.34547
0.103795 0.17964 0.0285087
-0.523931 1.52928 -1.76055
0.103101 0.179275 0.0324111
-0.52191 1.54314 -1.77427
0.120359 0.177346 0.0336181
-0.596266 1.34246 -2.0831
0.133181 0.172279 0.0276134
-0.658093 1.23631 -2.19412
0.109412 0.171628 0.0373729
-0.567532 1.60894 -1.72295
0.111892 0.169499 0.0350257
-0.583467 1.61861 -1.68892
0.111599 0.177731 0.0442712
-0.560691 1.43752 -2.03288
0.103018 0.180217 0.0338182
-0.519299 1.52524 -1.81243
0.0989942 0.177301 0.0286773
-0.509223 1.61687 -1.63635
0.115221 0.18152 0.0270717
-0.565584 1.34148 -2.02759
0.119938 0.179756 0.0259437
-0.588391 1.30846 -2.0682
0.102514 0.174595 0.0183194
-0.530917 1.6107 -1.55496
0.111061 0.171782 0.059473
-0.573929 1.49759 -2.07856
0.107212 0.175252 0.029808
-0.54902 1.57142 -1.71095
0.138179 0.169966 0.0233014
-0.682605 1.19916 -2.2144
0.100204 0.174776 0.049666
-0.520577 1.63173 -1.79759
0.107375 0.175998 0.0347918
-0.547807 1.55564 -1.77684
0.109848 0.173883 0.0464838
-0.563426 1.54375 -1.89576
0.114826 0.181769 0.0249374
-0.563413 1.34532 -2.00323
0.113386 0.16999 0.036703
-0.588245 1.593 -1.73983
0.113567 0.186751 0.0228537
-0.546368 1.22377 -2.17212
0.106707 0.187586 0.0236562
-0.517195 1.32242 -2.027
0.105745 0.168676 0.0222478
-0.559972 1.6774 -1.49546
0.0980462 0.17626 0.0148249
-0.507636 1.61486 -1.51844
0.103131 0.17765 0.0370687
-0.525982 1.5699 -1.77607
0.0992255 0.177926 0.0208091
-0.50872 1.59368 -1.60095
0.134262 0.168127 0.0223342
-0.673871 1.34358 -1.98331
0.116002 0.176221 0.0254303
-0.582173 1.45085 -1.84902
0.101657 0.170501 0.0625698
-0.537639 1.6447 -1.89303
0.123378 0.176837 0.0259569
-0.609177 1.32411 -2.04438
0.103014 0.174665 0.0503864
-0.532872 1.59974 -1.84932
0.121763 0.168194 0.0283866
-0.626614 1.5256 -1.76484
0.122199 0.175144 0.017054
-0.609183 1.38486 -1.87508
0.133981 0.173845 0.0213274
-0.656612 1.18799 -2.21465
0.104034 0.180833 0.0420957
-0.522062 1.48285 -1.94651
0.111717 0.172624 0.0469306
-0.574383 1.5435 -1.90004
0.107932 0.192719 0.0143336
-0.510524 1.14671 -2.2186
0.105513 0.173599 0.0667873
-0.546134 1.45862 -2.20371
0.118835 0.17727 0.029133
-0.590556 1.38474 -1.97998
0.104022 0.182635 0.0204021
-0.517739 1.46586 -1.78322
0.100632 0.181626 0.0149888
-0.505958 1.50832 -1.67367
0.103741 0.193107 0.0153648
-0.492979 1.21764 -2.11662
0.109586 0.169092 0.0367128
-0.575027 1.64943 -1.66013
0.0984481 0.177598 0.0509582
-0.506164 1.59108 -1.86672
0.106138 0.186505 0.0196051
-0.517381 1.36008 -1.93462
0.103446 0.180413 0.0305108
-0.52062 1.51856 -1.7935
0.0999685 0.183056 0.0430587
-0.49985 1.48064 -1.95819
0.110743 0.174185 0.0227299
-0.566311 1.5463 -1.68576
0.0985357 0.171696 0.0450929
-0.521005 1.71138 -1.64688
0.108854 0.174471 0.0258752
-0.557815 1.56489 -1.68625
0.115513 0.185171 0.0289454
-0.557746 1.20012 -2.26226
0.115763 0.176164 0.0420797
-0.581374 1.41968 -2.04037
0.0985658 0.174993 0.0238494
-0.512964 1.65048 -1.54704
0.0989136 0.196706 0.0204967
-0.465925 1.15523 -2.25882
0.102217 0.181892 0.052767
-0.511984 1.41583 -2.14084
0.101565 0.187671 0.0292892
-0.49605 1.38515 -1.98071
0.117508 0.175516 0.0342471
-0.589961 1.43535 -1.94855
0.104114 0.174425 0.0690216
-0.538135 1.41082 -2.29762
0.0986262 0.180775 0.0361088
-0.499439 1.55973 -1.78237
0.105031 0.192943 0.0203537
-0.498504 1.18314 -2.21378
0.112832 0.174667 0.0296797
-0.573545 1.51924 -1.78531
0.119286 0.179756 0.0182019
-0.585877 1.32864 -1.97023
0.105968 0.171844 0.0590943
-0.552575 1.57979 -1.95485
0.111759 0.174649 0.0195125
-0.569246 1.52306 -1.69155
0.115316 0.178119 0.0363832
-0.574552 1.40124 -2.01821
0.136492 0.171189 0.0146712
-0.673102 1.22829 -2.09406
0.102768 0.175379 0.0477491
-0.530043 1.59688 -1.83033
0.120901 0.182702 0.020573
-0.584584 1.21024 -2.17334
0.137663 0.172524 0.0224601
-0.673481 1.09113 -2.37737
0.133257 0.173635 0.0143856
-0.654577 1.23088 -2.08757
0.118334 0.178923 0.0431051
-0.584327 1.24555 -2.31665
0.107656 0.171078 0.0295508
-0.56167 1.63499 -1.61835
0.11422 0.176836 0.0145675
-0.573494 1.44969 -1.75649
0.112532 0.173398 0.062575
-0.575661 1.3468 -2.33635
0.116518 0.173297 0.0292605
-0.591934 1.49977 -1.81011
0.108758 0.192893 0.0165462
-0.513396 1.10088 -2.31015
0.104296 0.17313 0.0598593
-0.542193 1.56848 -1.97804
0.0987059 0.179628 0.0463594
-0.50246 1.56157 -1.86889
0.119366 0.169241 0.054116
-0.614276 1.4598 -2.0868
0.132066 0.170918 0.0284911
-0.657864 1.30401 -2.09719
0.104508 0.174074 0.0352315
-0.540689 1.61982 -1.68898
0.111607 0.170035 0.050607
-0.580845 1.58446 -1.87314
0.120993 0.172926 0.0225235
-0.610511 1.44825 -1.82769
0.123306 0.169087 0.0299093
-0.630085 1.48941 -1.83092
0.10419 0.168381 0.0689818
-0.554111 1.61062 -1.99937
0.102771 0.176771 0.0418983
-0.526616 1.58365 -1.79827
0.105255 0.183131 0.0202226
-0.521648 1.44262 -1.8161
0.105873 0.179452 0.0191939
-0.533019 1.5024 -1.71896
0.0988159 0.178554 0.0619965
-0.505468 1.4882 -2.11534
0.102787 0.175153 0.0171992
-0.530685 1.59717 -1.56445
0.116138 0.180452 0.0180162
-0.571861 1.35949 -1.92175
0.119302 0.17049 0.0425053
-0.610563 1.49574 -1.93111
0.102646 0.173656 0.0562109
-0.533842 1.60042 -1.8996
0.104072 0.17878 0.040441
-0.527171 1.53189 -1.86028
0.1167 0.184054 0.0169136
-0.56508 1.26164 -2.06187
0.103063 0.177502 0.0283002
-0.526056 1.5745 -1.69347
0.106654 0.190648 0.0191637
-0.510052 1.23996 -2.1149
0.102241 0.169057 0.0440614
-0.543919 1.71974 -1.62647
0.120663 0.16958 0.0535717
-0.618429 1.4277 -2.13012
0.103401 0.173541 0.0656007
-0.537348 1.5202 -2.1006
0.124307 0.173352 0.0471317
-0.622097 1.24921 -2.34719
0.117815 0.172097 0.0349243
-0.600306 1.50144 -1.85677
0.108107 0.173706 0.0589221
-0.556697 1.50131 -2.06809
0.102581 0.188212 0.0393859
-0.499019 1.30444 -2.19201
0.128012 0.169793 0.0392135
-0.646011 1.37354 -2.08482
0.122241 0.168053 0.0400184
-0.628877 1.50997 -1.88855
0.105709 0.191822 0.0158229
-0.503673 1.22418 -2.11043
0.0994028 0.196117 0.022625
-0.469117 1.15787 -2.27325
0.109969 0.172639 0.0651217
-0.567173 1.41361 -2.25681
0.0999345 0.180831 0.0163152
-0.504867 1.53102 -1.65211
0.125285 0.175605 0.0269571
-0.619697 1.3186 -2.0615
0.0977921 0.177016 0.0367122
-0.50472 1.63523 -1.68008
0.110476 0.189506 0.0289847
-0.527803 1.10157 -2.41838
0.115176 0.171507 0.0354647
-0.591375 1.54583 -1.79685
0.112252 0.170175 0.0658308
-0.583113 1.44214 -2.21984
0.0981073 0.168333 0.0339182
-0.527688 1.76663 -1.47494
0.107781 0.168729 0.0175899
-0.568448 1.6473 -1.49681
0.120993 0.177926 0.0250699
-0.597188 1.3401 -2.01232
0.097747 0.168849 0.061887
-0.524762 1.72491 -1.77516
0.110762 0.171931 0.0306344
-0.572302 1.59014 -1.69132
0.131323 0.174104 0.0196316
-0.646232 1.25299 -2.09879
0.100098 0.181191 0.0546447
-0.504715 1.45856 -2.09337
0.0980842 0.174725 0.0292429
-0.511525 1.66656 -1.57145
0.105832 0.176156 0.0517405
-0.540996 1.52507 -1.96917
0.0996506 0.171015 0.0236852
-0.527601 1.69963 -1.47721
0.117739 0.180265 0.0218588
-0.578582 1.33957 -1.98527
0.10257 0.176739 0.0288341
-0.525845 1.5926 -1.67221
0.115801 0.184108 0.015251
-0.561459 1.27636 -2.02475
0.116962 0.168574 0.0297033
-0.606574 1.57677 -1.70238
0.118987 0.175599 0.0142945
-0.595536 1.41464 -1.8064
0.103924 0.181892 0.0522574
-0.519086 1.38664 -2.18058
0.124167 0.173886 0.0279975
-0.620107 1.37953 -1.97798
0.123833 0.170803 0.0536806
-0.627311 1.26543 -2.38147
0.111467 0.173231 0.0389083
-0.571763 1.55485 -1.81369
0.130709 0.170154 0.0254494
-0.655034 1.35753 -1.98914
0.110416 0.179234 0.0318009
-0.552133 1.45801 -1.89364
0.112912 0.170061 0.0387426
-0.586118 1.59548 -1.75397
0.111675 0.175114 0.031925
-0.567701 1.52405 -1.79776
0.122506 0.169429 0.0572652
-0.626031 1.32039 -2.32829
0.10075 0.180531 0.0559696
-0.509022 1.45537 -2.11002
0.104493 0.172648 0.0585826
-0.544263 1.58519 -1.94249
0.121114 0.176454 0.0415989
-0.601524 1.2979 -2.22171
0.113324 0.1878 0.0201436
-0.542938 1.20014 -2.18536
0.103074 0.181949 0.0323683
-0.515425 1.4913 -1.84947
0.103807 0.176375 0.0545911
-0.531963 1.53216 -1.98403
0.110522 0.186283 0.0285447
-0.53548 1.28088 -2.13322
0.105392 0.172667 0.0281592
-0.548013 1.63075 -1.61225
0.100978 0.174135 0.0160915
-0.525495 1.62515 -1.51494
0.136298 0.170006 0.0224233
-0.675791 1.25304 -2.12294
0.0978418 0.17036 0.03928
-0.521325 1.7417 -1.55511
0.115718 0.180257 0.0390107
-0.570701 1.31437 -2.17341
0.110481 0.174115 0.0378258
-0.565423 1.55163 -1.80895
0.112748 0.182208 0.0362713
-0.554121 1.331 -2.12381
0.105251 0.175793 0.0364219
-0.53948 1.58158 -1.75371
0.112551 0.176017 0.0493162
-0.568911 1.43595 -2.07977
0.118922 0.177662 0.0205957
-0.589873 1.38121 -1.91128
0.107394 0.173052 0.0379187
-0.55542 1.60587 -1.73204
0.098763 0.17444 0.0349673
-0.515174 1.66893 -1.61778
0.133742 0.17684 0.0150752
-0.647512 1.09185 -2.31165
0.110109 0.185708 0.0384889
-0.535193 1.22936 -2.30078
0.130693 0.169928 0.0409333
-0.655621 1.2873 -2.2322
0.109988 0.171934 0.0652687
-0.569108 1.44069 -2.21684
0.100561 0.174299 0.0596233
-0.523292 1.59396 -1.93914
0.107549 0.185617 0.0169131
-0.525145 1.36066 -1.91042
0.127053 0.177283 0.0204369
-0.621824 1.25017 -2.11015
0.105305 0.172711 0.0712712
-0.547533 1.3995 -2.33649
0.125369 0.172158 0.0250515
-0.629415 1.40167 -1.91911
0.126245 0.178247 0.0200198
-0.616246 1.23908 -2.1237
0.102521 0.174581 0.0618052
-0.530986 1.54353 -2.03183
0.126583 0.171173 0.0411089
-0.636748 1.35213 -2.13405
0.100802 0.194028 0.0315365
-0.479144 1.12121 -2.40977
0.108281 0.18785 0.0349039
-0.522901 1.22009 -2.28348
0.121379 0.177471 0.0300183
-0.599866 1.33313 -2.06593
0.112377 0.182287 0.0182682
-0.552451 1.3713 -1.90606
0.105843 0.181932 0.0443929
-0.526908 1.41697 -2.06477
0.108228 0.175296 0.023742
-0.553116 1.55528 -1.68158
0.100363 0.172292 0.0194693
-0.527468 1.66582 -1.48732
0.103276 0.177681 0.0385476
-0.526511 1.56602 -1.79447
0.100212 0.172324 0.0272916
-0.52673 1.68209 -1.5329
0.120902 0.172825 0.0437478
-0.610432 1.40626 -2.07521
0.098953 0.168037 0.0640956
-0.532201 1.71676 -1.80594
0.12092 0.181037 0.0170221
-0.588879 1.2691 -2.0513
0.0994947 0.179312 0.0604835
-0.506573 1.46887 -2.13051
0.119021 0.175102 0.0520146
-0.596986 1.24673 -2.39566
0.129631 0.175167 0.0300458
-0.637097 1.2088 -2.25833
0.1056 0.186541 0.0212699
-0.515115 1.36634 -1.93956
0.110216 0.170809 0.0646909
-0.573034 1.48482 -2.14497
0.101201 0.175544 0.0554877
-0.522961 1.58145 -1.92045
0.113132 0.168089 0.0465968
-0.592408 1.61459 -1.79507
0.103723 0.179344 0.0599355
-0.524346 1.38206 -2.25732
0.0989297 0.177583 0.0376182
-0.50827 1.61398 -1.71793
0.104603 0.175427 0.0405124
-0.537676 1.59087 -1.77591
0.101744 0.17078 0.0393489
-0.537296 1.69972 -1.61311
0.120902 0.171725 0.0148809
-0.613436 1.46074 -1.74283
0.119392 0.175819 0.0259364
-0.596537 1.41265 -1.91033
0.111125 0.182144 0.0151822
-0.54781 1.38733 -1.85513
0.119711 0.181296 0.0187947
-0.583586 1.28251 -2.046
0.101152 0.170332 0.0160018
-0.535889 1.6775 -1.44055
0.100295 0.172063 0.0594696
-0.52775 1.64592 -1.86376
0.103241 0.179363 0.0263259
-0.522284 1.53903 -1.72748
0.104697 0.193215 0.0158582
-0.496579 1.19481 -2.15647
0.101751 0.175359 0.026467
-0.525767 1.62053 -1.61199
0.109552 0.178771 0.0482568
-0.54978 1.41815 -2.09714
0.102468 0.181484 0.022146
-0.513992 1.50526 -1.74041
0.112692 0.177883 0.052716
-0.564698 1.32362 -2.28164
0.0993701 0.168247 0.0160256
-0.533494 1.72031 -1.38148
0.122567 0.16925 0.0481469
-0.626769 1.44279 -2.05918
0.101319 0.168702 0.0681736
-0.540847 1.65007 -1.93569
0.100029 0.178921 0.0241566
-0.50978 1.57567 -1.65585
0.126586 0.169062 0.0493837
-0.642705 1.34308 -2.22149
0.0989365 0.193738 0.0249904
-0.472149 1.25853 -2.13679
0.109953 0.185105 0.0339696
-0.536 1.30434 -2.14452
0.12899 0.179023 0.0151272
-0.624367 1.15575 -2.21129
0.101016 0.175422 0.0327572
-0.522467 1.63138 -1.65122
0.0986261 0.182738 0.0206246
-0.494912 1.5187 -1.70757
0.111137 0.173835 0.0615982
-0.568833 1.39631 -2.25072
0.114379 0.169078 0.0222869
-0.594772 1.58885 -1.62071
0.0984293 0.175835 0.0592487
-0.510323 1.5889 -1.94308
0.0988314 0.172014 0.0631986
-0.5215 1.64388 -1.89979
0.101106 0.191908 0.0362939
-0.484892 1.19029 -2.34266
0.10945 0.168567 0.0518917
-0.57588 1.63551 -1.81173
0.10502 0.172998 0.0273085
-0.545595 1.62818 -1.60849
0.115399 0.182559 0.0163015
-0.563702 1.32151 -1.96465
0.127394 0.169383 0.038565
-0.644849 1.40006 -2.03906
0.129324 0.177778 0.0144655
-0.628911 1.19401 -2.14564
0.112089 0.172739 0.0232817
-0.575597 1.55657 -1.67572
0.100993 0.177822 0.066887
-0.516514 1.37966 -2.32569
0.105027 0.189871 0.0148103
-0.505258 1.29195 -1.99698
0.116609 0.169557 0.0356361
-0.602444 1.56325 -1.77321
0.10017 0.176946 0.0475896
-0.515124 1.59595 -1.83027
0.122115 0.175605 0.0264578
-0.607631 1.37546 -1.97075
0.100044 0.18255 0.0161477
-0.501336 1.5006 -1.69509
0.113917 0.168303 0.0467093
-0.595023 1.60065 -1.81589
0.121133 0.178239 0.0332184
-0.596909 1.30048 -2.14387
0.100242 0.181248 0.0363421
-0.505192 1.533 -1.82305
0.110833 0.179271 0.0449843
-0.553726 1.40335 -2.0905
0.110473 0.175986 0.0549727
-0.560565 1.42618 -2.14499
0.113117 0.16825 0.0590019
-0.5919 1.55706 -1.98696
0.104352 0.188859 0.0277058
-0.504791 1.3146 -2.07412
0.101041 0.188597 0.0445869
-0.49184 1.25697 -2.31206
0.129942 0.173824 0.0311992
-0.641932 1.24654 -2.2096
0.116275 0.181132 0.0370324
-0.570685 1.28411 -2.20264
0.0992893 0.190831 0.0162198
-0.479756 1.34476 -1.92853
0.103932 0.17131 0.0217906
-0.545324 1.65459 -1.52332
0.108668 0.178698 0.020425
-0.546362 1.48796 -1.75085
0.11667 0.168233 0.0629226
-0.606352 1.45046 -2.18045
0.135282 0.173234 0.0168128
-0.662999 1.19074 -2.17111
0.100378 0.187029 0.036304
-0.492572 1.39926 -2.02051
0.137963 0.174082 0.0156534
-0.670162 1.04721 -2.38764
0.102999 0.170617 0.0631135
-0.543126 1.62159 -1.93073
0.115456 0.171363 0.0185365
-0.592892 1.53521 -1.66538
0.115255 0.180391 0.0340354
-0.568545 1.34982 -2.07552
0.0999987 0.186869 0.0500126
-0.491352 1.28828 -2.31211
0.0981786 0.183907 0.0150684
-0.490359 1.49229 -1.69789
0.128042 0.178122 0.0264438
-0.623261 1.15284 -2.31463
0.108971 0.177901 0.0531497
-0.549588 1.4127 -2.14899
0.100427 0.186435 0.0310822
-0.494104 1.42692 -1.93363
0.123829 0.174566 0.0387479
-0.616978 1.32406 -2.1562
0.122665 0.170325 0.0422002
-0.624144 1.44655 -2.00124
0.111307 0.189987 0.020639
-0.52996 1.15325 -2.26318
0.101266 0.176405 0.0374001
-0.521123 1.61161 -1.7194
0.115745 0.169557 0.0396273
-0.598973 1.56932 -1.7991
0.0981021 0.195759 0.0174244
-0.464557 1.22375 -2.12497
0.110371 0.171921 0.0217406
-0.57072 1.58482 -1.62173
0.101122 0.179953 0.0351098
-0.511958 1.54993 -1.78784
0.120147 0.183211 0.0262464
-0.580429 1.1743 -2.2791
0.113735 0.168292 0.0248057
-0.594311 1.61137 -1.61055
0.106275 0.184057 0.0482087
-0.523638 1.28489 -2.30107
0.124307 0.174113 0.0168144
-0.620024 1.37545 -1.88719
0.099442 0.17214 0.0230803
-0.523846 1.6839 -1.4937
0.115229 0.168824 0.030861
-0.59891 1.59259 -1.68979
0.102665 0.168995 0.0465742
-0.54592 1.71384 -1.65635
0.110462 0.176965 0.0169167
-0.558024 1.4933 -1.71251
0.100792 0.168957 0.0697603
-0.537884 1.63881 -1.96607
0.109104 0.182187 0.0502962
-0.53958 1.24247 -2.38663
0.120405 0.172414 0.0461234
-0.609616 1.41188 -2.0877
0.101808 0.172044 0.042342
-0.534338 1.67691 -1.6706
0.108027 0.180051 0.027708
-0.540405 1.47402 -1.8345
0.101251 0.168606 0.0425424
-0.5408 1.73719 -1.58949
0.120303 0.174418 0.0308104
-0.603806 1.42418 -1.93536
0.111585 0.171563 0.0655456
-0.576655 1.40584 -2.27268
0.102081 0.171017 0.0476099
-0.538142 1.68435 -1.70604
0.110254 0.170111 0.0469725
-0.575057 1.61145 -1.80282
0.11282 0.189831 0.016176
-0.536231 1.14248 -2.24126
0.102267 0.17302 0.0309666
-0.533827 1.65721 -1.59945
0.0995176 0.175756 0.0264742
-0.515214 1.63449 -1.59235
0.1137 0.181328 0.036438
-0.560065 1.33923 -2.11269
0.127049 0.17814 0.0293253
-0.619526 1.15621 -2.33469
0.129336 0.170351 0.0285651
-0.649384 1.37219 -1.99399
0.10679 0.18596 0.0159222
-0.521281 1.36188 -1.89998
0.10954 0.18668 0.0261604
-0.530641 1.29571 -2.08964
0.100181 0.171591 0.023055
-0.528451 1.68558 -1.49115
0.101721 0.181056 0.0417186
-0.511871 1.50881 -1.90508
0.113617 0.178561 0.0346383
-0.566679 1.42271 -1.97082
0.111987 0.171467 0.0317701
-0.578557 1.58491 -1.70863
0.122605 0.168529 0.0305185
-0.628943 1.50875 -1.80788
0.116249 0.177649 0.0194303
-0.579444 1.41707 -1.84734
0.113583 0.172999 0.0425414
-0.580968 1.52448 -1.88936
0.101569 0.18615 0.0412421
-0.499481 1.38225 -2.08943
0.134091 0.173609 0.0199615
-0.657668 1.1999 -2.18416
0.107814 0.186377 0.0351297
-0.524441 1.29604 -2.16747
0.136738 0.169158 0.0226169
-0.679808 1.26702 -2.10302
0.104344 0.191778 0.0254906
-0.498294 1.2219 -2.198
0.114083 0.173235 0.0376044
-0.58236 1.52412 -1.84692
0.115036 0.169366 0.0498274
-0.596639 1.55439 -1.90965
0.103143 0.184039 0.0484427
-0.510822 1.36532 -2.17897
0.115069 0.174575 0.0463725
-0.582774 1.45005 -2.03267
0.102976 0.182261 0.0281787
-0.51428 1.4884 -1.81741
0.10549 0.172567 0.0526898
-0.548689 1.6034 -1.86431
0.118623 0.169539 0.0357121
-0.610511 1.53835 -1.80983
0.102275 0.168327 0.069097
-0.545986 1.63831 -1.96077
0.10447 0.183658 0.0277164
-0.517184 1.44257 -1.88112
0.122073 0.180217 0.0331717
-0.595376 1.18555 -2.32241
0.116878 0.185224 0.0177284
-0.562907 1.22112 -2.13171
0.0995058 0.18549 0.0515164
-0.492379 1.34872 -2.23199
0.101562 0.170126 0.0154965
-0.538195 1.67546 -1.43894
0.104231 0.17416 0.0445904
-0.539302 1.61137 -1.78217
0.104951 0.187457 0.0338161
-0.510387 1.3232 -2.11424
0.100321 0.182181 0.041234
-0.503355 1.50251 -1.91007
0.126818 0.17162 0.042804
-0.636389 1.31557 -2.20511
0.112578 0.172087 0.0211219
-0.579318 1.55871 -1.65387
0.115888 0.180967 0.037612
-0.569585 1.2953 -2.19045
0.11306 0.173008 0.0388279
-0.578828 1.53952 -1.83517
0.123162 0.169279 0.019964
-0.628991 1.48323 -1.7538
0.110446 0.179475 0.0228835
-0.551657 1.45564 -1.81986
0.101562 0.176816 0.050588
-0.521376 1.57196 -1.89093
0.121183 0.170744 0.0376558
-0.617227 1.47609 -1.91777
0.116423 0.17636 0.04099
-0.583473 1.40837 -2.04779
0.102505 0.186624 0.047496
-0.502277 1.27223 -2.31441
0.10422 0.178771 0.0388186
-0.527811 1.53356 -1.84374
0.0982087 0.187738 0.0264904
-0.481969 1.42881 -1.89098
0.117925 0.178975 0.0321155
-0.582597 1.34848 -2.06082
0.0986832 0.178802 0.0420276
-0.504311 1.58887 -1.79194
0.100189 0.170428 0.0499786
-0.53145 1.70895 -1.69269
0.104742 0.193644 0.0249123
-0.495831 1.10556 -2.37602
0.104819 0.173135 0.0150739
-0.544394 1.60365 -1.53658
0.109104 0.189733 0.0153277
-0.521863 1.23048 -2.09635
0.0978262 0.178083 0.0333093
-0.502329 1.61699 -1.67634
0.113189 0.169587 0.0248958
-0.588536 1.59726 -1.6314
0.104943 0.192889 0.0154167
-0.498273 1.20266 -2.14039
0.11827 0.183907 0.0149199
-0.571505 1.23836 -2.0806
0.100871 0.191501 0.0238435
-0.484808 1.30169 -2.06035
0.115179 0.182507 0.0347769
-0.56297 1.27638 -2.19473
0.11235 0.173288 0.0350139
-0.57521 1.54775 -1.79016
0.11794 0.183582 0.0322725
-0.571038 1.15547 -2.36194
0.105627 0.168371 0.0550357
-0.560287 1.67346 -1.78602
0.107052 0.188554 0.0209263
-0.516369 1.29404 -2.04677
0.101012 0.168319 0.0192492
-0.540511 1.71551 -1.41648
0.123795 0.1736 0.02055
-0.619468 1.39565 -1.88915
0.115179 0.17794 0.0289717
-0.57447 1.42452 -1.91889
0.102832 0.176688 0.0656957
-0.527077 1.41531 -2.25953
0.101034 0.179067 0.0577513
-0.513701 1.47835 -2.09169
0.105573 0.191166 0.0194169
-0.504575 1.24217 -2.11367
0.100049 0.175326 0.0647176
-0.518553 1.53479 -2.07102
0.113291 0.176428 0.0529888
-0.570827 1.36867 -2.21464
0.107735 0.173822 0.0649885
-0.554853 1.42625 -2.23624
0.111607 0.172686 0.0368916
-0.573771 1.56582 -1.78039
0.105597 0.172151 0.0432001
-0.550212 1.6351 -1.73653
0.115911 0.177057 0.0504425
-0.579639 1.30135 -2.29562
0.0998622 0.186466 0.0283674
-0.491683 1.43637 -1.89599
0.138934 0.16886 0.0306326
-0.688475 1.14403 -2.36551
0.0995746 0.173643 0.0571822
-0.520665 1.63327 -1.86141
0.105165 0.168878 0.0303888
-0.556962 1.69297 -1.54474
0.114201 0.175624 0.0448581
-0.576557 1.446 -2.02539
0.107315 0.169549 0.0479316
-0.564291 1.65334 -1.75206
0.136181 0.17044 0.0325506
-0.674127 1.15313 -2.3681
0.128255 0.170328 0.0279689
-0.64541 1.39226 -1.95855
0.101455 0.183068 0.0229209
-0.506056 1.4873 -1.77347
0.0993732 0.181696 0.0599571
-0.500475 1.38618 -2.25118
0.100451 0.174259 0.0636183
-0.522918 1.56747 -2.01324
0.108547 0.170937 0.0517199
-0.565766 1.60168 -1.85825
0.13678 0.169422 0.0250067
-0.679196 1.25007 -2.15002
0.120556 0.178158 0.027123
-0.594904 1.33778 -2.03367
0.109131 0.169433 0.0591902
-0.572212 1.58854 -1.94308
0.0980803 0.178607 0.0547026
-0.502183 1.55597 -1.95034
0.0997226 0.171663 0.0226351
-0.526274 1.68752 -1.48479
0.126169 0.16919 0.0340212
-0.640759 1.4403 -1.93921
0.128399 0.169316 0.0442519
-0.648817 1.34182 -2.17763
0.0997526 0.179201 0.0569553
-0.507937 1.50225 -2.04906
0.100029 0.186171 0.0297406
-0.493037 1.43963 -1.90305
0.125661 0.16898 0.0317566
-0.639421 1.45637 -1.89567
0.125544 0.168377 0.0248718
-0.640685 1.4725 -1.81217
0.134429 0.171918 0.0299426
-0.663629 1.19008 -2.28678
0.114448 0.171 0.0602319
-0.589812 1.4444 -2.16503
0.11549 0.187443 0.0242322
-0.552197 1.1171 -2.35172
0.110212 0.170934 0.0644236
-0.572685 1.48436 -2.1432
0.107804 0.17394 0.0330048
-0.554833 1.58816 -1.71469
0.111903 0.168984 0.0257921
-0.584911 1.62084 -1.60569
0.111618 0.186961 0.0225229
-0.538219 1.2586 -2.11522
0.129294 0.168897 0.0476266
-0.653361 1.28492 -2.29576
0.117208 0.174168 0.0386947
-0.592347 1.45848 -1.95287
0.137447 0.168503 0.0309692
-0.68424 1.22642 -2.23891
0.1024 0.178762 0.0404071
-0.520199 1.55185 -1.83105
0.106867 0.168777 0.0577697
-0.564464 1.63994 -1.85716
0.124918 0.177015 0.0215153
-0.614534 1.2988 -2.04457
0.0979443 0.168391 0.0332622
-0.526815 1.76649 -1.46943
0.100738 0.194921 0.0289321
-0.477008 1.09334 -2.43104
0.107614 0.176377 0.0304669
-0.547838 1.54755 -1.75104
0.100363 0.189101 0.0425209
-0.487933 1.28306 -2.2529
0.110504 0.173855 0.0298836
-0.566191 1.56017 -1.72779
0.101558 0.180029 0.0287885
-0.513618 1.54552 -1.73944
0.100871 0.180641 0.0434104
-0.509274 1.52332 -1.89863
0.0999347 0.177509 0.0599879
-0.512757 1.52056 -2.04923
0.113477 0.168619 0.0289836
-0.592361 1.61372 -1.64348
0.111292 0.180173 0.0505614
-0.553329 1.28807 -2.3174
0.10502 0.174549 0.049818
-0.541645 1.57986 -1.87282
0.10211 0.196099 0.0217875
-0.480077 1.05372 -2.43108
0.103439 0.171095 0.0715828
-0.543773 1.51643 -2.16137
0.101531 0.17881 0.0308167
-0.516418 1.56804 -1.72455
0.115771 0.178738 0.0251705
-0.574764 1.40195 -1.91972
0.112858 0.175534 0.0320997
-0.5714 1.50159 -1.83205
0.103188 0.17526 0.0204475
-0.532123 1.59914 -1.59001
0.116177 0.171214 0.0453325
-0.596184 1.51652 -1.92536
0.100295 0.183757 0.0350244
-0.499614 1.48228 -1.88577
0.106082 0.169739 0.0271798
-0.55858 1.6677 -1.55194
0.0980044 0.178302 0.0440103
-0.502577 1.60182 -1.7907
0.100113 0.172003 0.0347373
-0.527112 1.69508 -1.57954
0.103826 0.176347 0.042923
-0.532111 1.57795 -1.81536
0.0998625 0.180882 0.0327183
-0.504444 1.5471 -1.77121
0.100773 0.175848 0.0552664
-0.520381 1.58133 -1.91866
0.123302 0.17204 0.0500317
-0.621852 1.30693 -2.28323
0.103362 0.183803 0.0538371
-0.51228 1.27 -2.37571
0.110079 0.177905 0.0430819
-0.554092 1.46284 -1.98474
0.130674 0.173135 0.0185847
-0.646535 1.29349 -2.02731
0.103962 0.185466 0.0309385
-0.510901 1.40392 -1.9668
0.102684 0.178739 0.0378899
-0.521451 1.55318 -1.80727
0.110003 0.178555 0.0255121
-0.552153 1.47961 -1.80723
0.122009 0.168476 0.0360912
-0.626779 1.51265 -1.8505
0.121296 0.172542 0.0172545
-0.612734 1.44593 -1.78543
0.100936 0.178589 0.05826
-0.514426 1.48941 -2.07979
0.135202 0.168396 0.0352327
-0.676497 1.26552 -2.21557
0.126514 0.171774 0.0232639
-0.634815 1.39286 -1.91686
0.130906 0.170338 0.0411649
-0.655239 1.25802 -2.27979
0.116935 0.170954 0.0429549
-0.599917 1.51908 -1.90084
0.106234 0.171138 0.0438661
-0.555538 1.64492 -1.7285
0.125175 0.174944 0.0289133
-0.621064 1.33309 -2.05637
0.112441 0.186823 0.0247182
-0.541785 1.23839 -2.16563
0.12513 0.176016 0.0319731
-0.618005 1.28912 -2.15048
0.115183 0.17039 0.0198168
-0.594435 1.55585 -1.64664
0.113689 0.180544 0.0478813
-0.561974 1.21862 -2.40229
0.107462 0.174402 0.0615201
-0.552228 1.46456 -2.14639
0.0984666 0.188182 0.0479711
-0.482076 1.29912 -2.27677
0.111247 0.171776 0.0433605
-0.574707 1.57674 -1.8209
0.098732 0.188605 0.0372704
-0.482259 1.37528 -2.06516
0.120671 0.169493 0.0216604
-0.618702 1.51191 -1.72647
0.112043 0.181351 0.0458893
-0.553421 1.28613 -2.27825
0.122168 0.171348 0.049393
-0.619388 1.37795 -2.16817
0.101091 0.173397 0.0467892
-0.527831 1.65455 -1.74042
0.121584 0.178391 0.030185
-0.598244 1.30127 -2.11615
0.0978183 0.18389 0.0330718
-0.48887 1.50987 -1.82836
0.103382 0.178204 0.0404125
-0.525682 1.55168 -1.83135
0.102141 0.188077 0.0204509
-0.497517 1.37518 -1.91912
0.136905 0.171453 0.0211201
-0.673825 1.1929 -2.20518
0.121577 0.168986 0.0443588
-0.623661 1.48644 -1.961
0.112718 0.183327 0.024567
-0.551263 1.33964 -2.00865
0.104303 0.184073 0.0319107
-0.515527 1.43064 -1.93527
0.123014 0.168442 0.0552722
-0.630777 1.38846 -2.20499
0.0991009 0.168487 0.0545664
-0.531685 1.74208 -1.68739
0.132953 0.17032 0.030032
-0.662807 1.29493 -2.12456
0.107102 0.177851 0.0337617
-0.542036 1.52469 -1.81274
0.0990735 0.185441 0.0468998
-0.490678 1.4079 -2.10057
0.0988232 0.184045 0.0151588
-0.492769 1.48402 -1.71086
0.110321 0.186362 0.0150307
-0.534495 1.30414 -1.98019
0.128884 0.17393 0.0195819
-0.637724 1.30633 -2.01627
0.119328 0.170043 0.0305423
-0.611902 1.52361 -1.78642
0.111531 0.173515 0.0261688
-0.571279 1.55277 -1.70626
0.0986334 0.1891 0.027803
-0.480774 1.39079 -1.95931
0.105688 0.172338 0.0413074
-0.550111 1.63333 -1.72259
0.126836 0.178309 0.0191877
-0.618288 1.22564 -2.13735
0.128725 0.169583 0.024343
-0.649282 1.40365 -1.91
0.105877 0.186706 0.0214966
-0.515858 1.35869 -1.95312
0.113651 0.171936 0.0304596
-0.584077 1.55819 -1.73563
0.118524 0.172261 0.0293722
-0.60266 1.49361 -1.82011
0.11477 0.169086 0.0160473
-0.596332 1.57176 -1.59081
0.125634 0.17935 0.0203649
-0.611061 1.21566 -2.16309
0.108433 0.17473 0.0283875
-0.555411 1.56685 -1.70521
0.124322 0.172935 0.0221321
-0.623296 1.40188 -1.89351
0.111801 0.174753 0.0422235
-0.569144 1.51284 -1.90358
0.140841 0.169997 0.0175378
-0.691874 1.13912 -2.2584
0.122934 0.172552 0.0300467
-0.619033 1.42576 -1.92637
0.118918 0.179292 0.0203177
-0.585645 1.34499 -1.96369
0.104755 0.177837 0.0364672
-0.532326 1.54911 -1.8008
0.0995407 0.169476 0.0382663
-0.53106 1.74 -1.54862
0.0999682 0.18923 0.0348192
-0.486023 1.34815 -2.08491
0.128896 0.168131 0.0195468
-0.654065 1.42762 -1.83259
0.129453 0.170591 0.0187473
-0.649142 1.37141 -1.91006
0.124948 0.177908 0.0281308
-0.612279 1.24944 -2.17824
0.120325 0.180996 0.0164875
-0.586704 1.28103 -2.02828
0.0984447 0.169945 0.0381503
-0.52504 1.74256 -1.54415
0.118922 0.171016 0.0352826
-0.607623 1.5071 -1.85159
0.118744 0.176458 0.033545
-0.592327 1.39542 -2.00224
0.103985 0.169298 0.0371879
-0.550806 1.70181 -1.59151
0.112222 0.173337 0.0246983
-0.574559 1.54694 -1.70192
0.112266 0.18373 0.0299091
-0.548499 1.32304 -2.08039
0.105301 0.172527 0.0525721
-0.547992 1.60701 -1.85812
0.110989 0.183703 0.028011
-0.543484 1.35099 -2.02129
0.106525 0.177695 0.0446189
-0.54004 1.51209 -1.9256
0.116761 0.171414 0.0368489
-0.597972 1.52585 -1.83784
0.100151 0.176546 0.0231336
-0.516012 1.61141 -1.59594
0.106382 0.169849 0.0640549
-0.559556 1.58471 -1.99216
0.109123 0.174332 0.015692
-0.559284 1.54711 -1.62331
0.131721 0.169033 0.0197764
-0.661967 1.36793 -1.92422
0.112646 0.169434 0.0699444
-0.586736 1.34342 -2.41157
0.123909 0.170182 0.0393443
-0.629336 1.44013 -1.98583
0.126621 0.171006 0.0182225
-0.637358 1.40472 -1.85536
0.104542 0.172975 0.0254225
-0.543632 1.63055 -1.58876
0.104452 0.169269 0.0672396
-0.55288 1.60081 -1.99768
0.124535 0.169267 0.0418373
-0.634306 1.44089 -2.0065
0.122984 0.174936 0.0340094
-0.612751 1.35763 -2.06343
0.112657 0.179123 0.0301689
-0.561427 1.43239 -1.91754
0.0989715 0.177225 0.0304025
-0.509307 1.61962 -1.64742
0.12499 0.168824 0.0333939
-0.6373 1.46721 -1.89385
0.100652 0.171662 0.0676077
-0.530313 1.59492 -2.00952
0.10891 0.184278 0.0191136
-0.533785 1.37394 -1.9094
0.123776 0.172003 0.0342281
-0.623772 1.41625 -1.97691
0.101023 0.173407 0.0676577
-0.527511 1.54174 -2.08759
0.103704 0.188277 0.0160133
-0.503459 1.34899 -1.92032
0.114269 0.170827 0.0644844
-0.589561 1.3781 -2.30556
0.124705 0.181215 0.0193422
-0.602734 1.17276 -2.22123
0.0994068 0.193091 0.0345887
-0.475432 1.20014 -2.312
0.128706 0.175654 0.0313202
-0.632352 1.20472 -2.27594
0.127823 0.172021 0.0390347
-0.639047 1.30936 -2.18133
0.119465 0.168928 0.0507389
-0.615537 1.49069 -2.01087
0.107955 0.178501 0.0187729
-0.543931 1.49664 -1.72375
0.117815 0.173561 0.0381022
-0.596362 1.4646 -1.93864
0.108069 0.177387 0.0464421
-0.547175 1.49018 -1.97376
0.105213 0.176837 0.0315499
-0.536715 1.56512 -1.73509
0.102422 0.177938 0.0665303
-0.52229 1.30971 -2.43209
0.139396 0.169332 0.021054
-0.688735 1.19697 -2.19823
0.123386 0.172021 0.0358198
-0.622224 1.4178 -1.98844
0.108225 0.171311 0.0370208
-0.563434 1.62725 -1.69399
0.101467 0.181178 0.052541
-0.510517 1.45405 -2.08134
0.100451 0.175111 0.0556413
-0.52081 1.59947 -1.89593
0.101008 0.179741 0.0566899
-0.511982 1.46847 -2.09688
0.107826 0.172358 0.0697537
-0.559027 1.37192 -2.36497
0.115956 0.179827 0.0197827
-0.572726 1.37635 -1.91156
0.110174 0.171043 0.0285056
-0.572239 1.60939 -1.64546
0.116298 0.171375 0.0507355
-0.596232 1.48449 -2.02002
0.126613 0.173484 0.0208154
-0.630463 1.35514 -1.95259
0.104208 0.182984 0.0301082
-0.517686 1.45834 -1.87846
0.115441 0.170552 0.033351
-0.595032 1.56107 -1.75653
0.105047 0.168747 0.0170566
-0.556808 1.66969 -1.46074
0.117258 0.173694 0.0314737
-0.593804 1.48142 -1.85623
0.125771 0.174646 0.0353555
-0.624121 1.29853 -2.16562
0.128922 0.171984 0.0220353
-0.643257 1.34999 -1.97097
0.102756 0.183261 0.0303007
-0.511027 1.46966 -1.8634
0.112354 0.170931 0.029145
-0.581496 1.58882 -1.6803
0.109673 0.177726 0.0358181
-0.552891 1.49332 -1.87644
0.11097 0.16898 0.0264922
-0.581076 1.63117 -1.59717
0.104993 0.187149 0.0294291
-0.511259 1.3487 -2.03709
0.126814 0.1737 0.0437352
-0.630626 1.14313 -2.48476
0.103534 0.17073 0.0262666
-0.545126 1.6749 -1.53398
0.100465 0.184769 0.0263487
-0.498019 1.4662 -1.83427
0.126157 0.180153 0.01929
-0.610913 1.17529 -2.21681
0.105847 0.174152 0.0603872
-0.546123 1.51416 -2.06227
0.116108 0.175584 0.0471072
-0.584257 1.39693 -2.119
0.116268 0.174909 0.0398896
-0.586661 1.45197 -1.97296
0.107982 0.173356 0.0469447
-0.55708 1.57695 -1.85186
0.126419 0.173163 0.0341746
-0.630616 1.33746 -2.09557
0.11067 0.187934 0.0187151
-0.5322 1.25382 -2.08956
0.108831 0.181343 0.048028
-0.540522 1.34628 -2.20442
0.107163 0.170216 0.0244272
-0.561878 1.64627 -1.55797
0.101122 0.173881 0.0217487
-0.526748 1.64116 -1.54182
0.120841 0.171543 0.0375635
-0.613697 1.46441 -1.93423
0.133632 0.169935 0.0225321
-0.666376 1.31239 -2.03257
0.107113 0.184368 0.0340204
-0.526311 1.37756 -2.03332
0.0988504 0.171574 0.0319992
-0.522689 1.71082 -1.53413
0.114504 0.174446 0.0564122
-0.580852 1.36577 -2.25013
0.103139 0.172939 0.0707312
-0.537763 1.46916 -2.22451
0.109494 0.18218 0.0274638
-0.541171 1.41073 -1.92644
0.100701 0.172739 0.0253712
-0.527801 1.66862 -1.53492
0.10755 0.169797 0.0231783
-0.564619 1.64665 -1.54657
0.105945 0.184605 0.0347943
-0.521008 1.3867 -2.02626
0.106518 0.182319 0.0264498
-0.52875 1.44644 -1.86439
0.102915 0.177467 0.0376693
-0.525518 1.57502 -1.77393
0.10703 0.176579 0.037331
-0.544916 1.54613 -1.8126
0.115933 0.189322 0.0177347
-0.549458 1.00626 -2.47137
0.122718 0.175465 0.0151324
-0.610314 1.36903 -1.88231
0.116457 0.182077 0.0173236
-0.569032 1.31719 -1.9801
0.111247 0.175589 0.0552334
-0.564734 1.42016 -2.15643
0.122786 0.181814 0.0185801
-0.593984 1.20342 -2.16667
0.115396 0.172642 0.0489549
-0.589208 1.47877 -2.01275
0.0994455 0.177334 0.0503432
-0.511082 1.5873 -1.86675
0.102384 0.18078 0.0407865
-0.515308 1.50925 -1.8963
0.123966 0.171477 0.0457112
-0.625951 1.36626 -2.15322
0.11491 0.184529 0.0358532
-0.556957 1.15125 -2.40052
0.104485 0.18031 0.0236193
-0.525192 1.5071 -1.75049
0.0992329 0.18173 0.0292183
-0.499803 1.53813 -1.75385
0.107204 0.173015 0.0256762
-0.554724 1.60486 -1.62735
0.097754 0.181185 0.0343775
-0.494765 1.56217 -1.76384
0.106885 0.18244 0.0347997
-0.529963 1.42783 -1.96456
0.124038 0.174899 0.0168218
-0.616873 1.3633 -1.90563
0.121209 0.170061 0.0402665
-0.619224 1.48312 -1.93015
0.101826 0.191952 0.021438
-0.487732 1.27767 -2.07638
0.110135 0.190943 0.0202657
-0.523183 1.14122 -2.27886
0.120234 0.179488 0.0206799
-0.590219 1.31893 -2.00653
0.135851 0.16885 0.0156488
-0.677519 1.30006 -1.99179
0.113795 0.18589 0.0257542
-0.549314 1.23759 -2.17589
0.0985724 0.194417 0.0343698
-0.469245 1.11377 -2.44694
0.102589 0.174805 0.0187962
-0.530716 1.60797 -1.56302
0.0984433 0.198496 0.0168853
-0.4604 1.08768 -2.33403
0.122206 0.172557 0.0451778
-0.616213 1.37669 -2.1326
0.125961 0.171891 0.0361443
-0.632397 1.37315 -2.05853
0.121463 0.176243 0.0252228
-0.603426 1.3726 -1.96437
0.117512 0.17153 0.0425129
-0.600641 1.5 -1.92492
0.102702 0.18703 0.0471785
-0.50217 1.24247 -2.35822
0.131004 0.17281 0.0235326
-0.648654 1.28837 -2.07809
0.105786 0.175722 0.0472444
-0.541894 1.5551 -1.88598
0.121831 0.175551 0.0232276
-0.606682 1.38376 -1.93024
0.108474 0.188269 0.0272022
-0.522709 1.25944 -2.15465
0.103385 0.187095 0.0270312
-0.504822 1.37839 -1.97131
0.117413 0.171145 0.0229703
-0.601299 1.52389 -1.72038
0.112843 0.181891 0.0361754
-0.555276 1.33983 -2.10947
0.125953 0.179555 0.0163144
-0.611714 1.2116 -2.13424
0.107978 0.1806 0.0331098
-0.53886 1.45857 -1.90416
0.109768 0.171554 0.0608442
-0.569204 1.51411 -2.06646
0.0978373 0.183244 0.042065
-0.490413 1.50644 -1.91157
0.101721 0.178551 0.0260867
-0.517843 1.56803 -1.68356
0.0991764 0.174049 0.0531414
-0.517932 1.64594 -1.80797
0.0997827 0.1827 0.0500354
-0.499888 1.45582 -2.05642
0.101322 0.18173 0.0365982
-0.508616 1.51064 -1.85784
0.0984588 0.190854 0.0316121
-0.476275 1.33607 -2.07533
0.114125 0.186255 0.0203464
-0.549728 1.23774 -2.12862
0.106196 0.17078 0.0401044
-0.556315 1.65551 -1.68102
0.107948 0.169177 0.0341362
-0.567948 1.66454 -1.6167
0.116044 0.17291 0.0467736
-0.591082 1.47346 -2.0014
0.11725 0.179561 0.0400824
-0.578467 1.29279 -2.21617
0.108126 0.168998 0.0267652
-0.569177 1.65892 -1.56058
0.118179 0.174468 0.0526016
-0.595373 1.31624 -2.29206
0.107629 0.17572 0.0170325
-0.549562 1.54287 -1.64116
0.111561 0.178105 0.0345317
-0.559591 1.46267 -1.91044
0.0992591 0.189277 0.0183208
-0.482985 1.38186 -1.89059
0.132085 0.168865 0.0355858
-0.66379 1.33056 -2.11847
0.116871 0.175894 0.0149495
-0.586458 1.43627 -1.77978
0.0997221 0.182212 0.0270279
-0.500758 1.52364 -1.75592
0.108323 0.171938 0.0601317
-0.562197 1.53456 -2.02995
0.109938 0.189457 0.0264513
-0.525793 1.17542 -2.27915
0.0985535 0.193857 0.0151017
-0.47033 1.27723 -2.02213
0.118975 0.176251 0.0184303
-0.593771 1.40804 -1.85218
0.123264 0.178895 0.0277844
-0.603326 1.25796 -2.16201
0.104444 0.171871 0.0632754
-0.546053 1.57093 -2.00511
0.131971 0.174354 0.0205489
-0.647911 1.22797 -2.14554
0.133499 0.172275 0.0334887
-0.65926 1.15325 -2.37626
0.106309 0.190795 0.017395
-0.508344 1.24443 -2.09263
0.1186 0.181766 0.0362716
-0.57812 1.17924 -2.3599
0.115532 0.169905 0.0363366
-0.597164 1.56954 -1.77023
0.113215 0.175329 0.0364194
-0.573367 1.49558 -1.87834
0.111562 0.172533 0.0252085
-0.573988 1.56779 -1.67629
0.106931 0.185777 0.0154747
-0.522274 1.36366 -1.89341
0.108273 0.182851 0.0449373
-0.534619 1.3344 -2.19511
0.0985047 0.184257 0.0341826
-0.490948 1.49353 -1.86192
0.138217 0.173425 0.0145571
-0.672898 1.09227 -2.30647
0.115035 0.171659 0.0299849
-0.590403 1.547 -1.74766
0.102726 0.181315 0.0400385
-0.515466 1.49523 -1.91033
0.104736 0.177462 0.0270547
-0.533173 1.55755 -1.70704
0.113788 0.173984 0.0197381
-0.579191 1.51265 -1.7087
0.130962 0.174269 0.0172237
-0.644457 1.25934 -2.0681
0.124626 0.171269 0.0159741
-0.62905 1.42414 -1.80678
0.112093 0.171774 0.0178519
-0.578172 1.56228 -1.62024
0.113587 0.169428 0.0430803
-0.590593 1.59232 -1.79616
0.115763 0.183885 0.0185161
-0.561857 1.28157 -2.04504
0.103113 0.174068 0.0163627
-0.53479 1.60843 -1.54107
0.113651 0.172915 0.053759
-0.581466 1.46889 -2.07004
0.109104 0.174205 0.05069
-0.559533 1.52923 -1.95382
0.112719 0.168401 0.0423667
-0.589855 1.6221 -1.74763
0.129772 0.171726 0.0351675
-0.647133 1.29874 -2.16364
0.111998 0.170468 0.0426579
-0.581283 1.59339 -1.79096
0.110492 0.174206 0.0639965
-0.565232 1.33131 -2.37392
0.118129 0.178529 0.027195
-0.584545 1.36917 -1.98665
0.127569 0.171135 0.0160723
-0.640567 1.38645 -1.86417
0.113423 0.17948 0.029375
-0.563586 1.41477 -1.93697
0.101581 0.171069 0.0286771
-0.535847 1.69073 -1.53298
0.107349 0.174843 0.0486748
-0.550629 1.54825 -1.90842
0.102866 0.17904 0.0586238
-0.52149 1.43547 -2.16392
0.132479 0.174725 0.0176257
-0.64874 1.21112 -2.14637
0.103529 0.181738 0.0214759
-0.517814 1.48894 -1.75852
0.106369 0.190769 0.0273383
-0.508645 1.2045 -2.24132
0.116707 0.18122 0.0233269
-0.572151 1.33099 -2.01106
0.117375 0.169189 0.0165705
-0.60652 1.54455 -1.63469
0.124387 0.169673 0.0463983
-0.632595 1.40677 -2.09783
0.12546 0.16877 0.0194122
-0.639252 1.46226 -1.77995
0.129658 0.172142 0.0421036
-0.645549 1.16944 -2.42785
0.101038 0.178762 0.0360382
-0.514447 1.57242 -1.7635
0.107704 0.184659 0.0428639
-0.528021 1.29559 -2.23652
0.111535 0.170909 0.0334143
-0.578201 1.59927 -1.7024
0.121736 0.177391 0.0353475
-0.601443 1.30177 -2.16056
0.13171 0.171244 0.0297389
-0.655636 1.29747 -2.11811
0.10541 0.182396 0.0452737
-0.524026 1.40489 -2.09073
0.0981103 0.184107 0.056368
-0.48962 1.3694 -2.24414
0.122536 0.172216 0.0259662
-0.618419 1.44157 -1.86745
0.0992904 0.17054 0.0571621
-0.527236 1.69628 -1.77299
0.128244 0.170248 0.0229491
-0.645595 1.39784 -1.90665
0.0982351 0.191292 0.0316979
-0.474417 1.32568 -2.09195
0.128661 0.169069 0.0274069
-0.6505 1.41329 -1.92212
0.10045 0.183123 0.0309081
-0.501722 1.49827 -1.82659
0.119086 0.169219 0.0580899
-0.613229 1.42412 -2.17625
0.109836 0.16878 0.0390075
-0.576914 1.65101 -1.67781
0.112078 0.168319 0.0221324
-0.587447 1.62314 -1.5706
0.115403 0.177119 0.0425402
-0.577468 1.39724 -2.07818
0.103731 0.172572 0.0685998
-0.541218 1.50575 -2.14963
0.120087 0.171936 0.0406781
-0.609676 1.45775 -1.97126
0.106257 0.17155 0.0710582
-0.554555 1.4389 -2.2737
0.116013 0.177079 0.0469926
-0.579987 1.34879 -2.19132
0.117253 0.179354 0.0164601
-0.579011 1.36646 -1.8977
0.117136 0.170986 0.0484523
-0.600631 1.49312 -1.98711
0.121694 0.17274 0.0415662
-0.613736 1.40603 -2.05637
0.112904 0.183677 0.0418397
-0.551148 1.16694 -2.42946
0.126343 0.178207 0.0261385
-0.61672 1.21178 -2.21945
0.106252 0.178601 0.0337836
-0.536673 1.52 -1.81977
0.110796 0.172897 0.0488322
-0.569895 1.54295 -1.9175
0.105918 0.186203 0.0360615
-0.517187 1.33415 -2.11716
0.113833 0.184034 0.0354145
-0.553943 1.24012 -2.2567
0.12472 0.174524 0.0166161
-0.62048 1.36083 -1.90759
0.108747 0.186658 0.0318006
-0.527528 1.28743 -2.15157
0.101629 0.184151 0.0530856
-0.504286 1.33135 -2.27301
0.109123 0.179247 0.0216069
-0.546855 1.47427 -1.78125
0.0985356 0.173339 0.0551177
-0.516902 1.65951 -1.80626
0.0997224 0.175901 0.047932
-0.515743 1.62028 -1.79865
0.115687 0.175548 0.0402137
-0.582682 1.44474 -1.98655
0.116537 0.171882 0.0277287
-0.595813 1.52499 -1.76003
0.104048 0.191689 0.0246273
-0.497298 1.23632 -2.16804
0.141895 0.168694 0.016054
-0.69933 1.16338 -2.20736
0.0977048 0.178629 0.0568434
-0.500514 1.5474 -1.98179
0.122991 0.172682 0.0380834
-0.618896 1.40022 -2.03461
0.0986683 0.172826 0.0564749
-0.518756 1.66273 -1.81368
0.116154 0.181296 0.0242625
-0.569798 1.33686 -2.01024
0.10372 0.172552 0.0300345
-0.541223 1.65022 -1.60114
0.110901 0.189621 0.0156443
-0.52921 1.19888 -2.14826
0.101937 0.175766 0.0374524
-0.525552 1.61597 -1.71368
0.0988884 0.169739 0.0264361
-0.527521 1.72952 -1.46018
0.105729 0.170097 0.0431986
-0.556138 1.66882 -1.68928
0.11403 0.178204 0.0466151
-0.569231 1.35875 -2.17271
0.111053 0.187474 0.0193779
-0.534786 1.25992 -2.08588
0.102782 0.186698 0.0253826
-0.503247 1.39752 -1.92822
0.103969 0.185641 0.044897
-0.510529 1.32201 -2.21382
0.110992 0.186984 0.0311954
-0.535694 1.22466 -2.24364
0.104473 0.193777 0.0169534
-0.494467 1.17432 -2.19802
0.126056 0.169543 0.0366691
-0.639329 1.42744 -1.98143
0.108664 0.173552 0.0308157
-0.559406 1.58538 -1.69969
0.100708 0.186671 0.0201912
-0.494742 1.42236 -1.84603
0.0997631 0.195612 0.0233737
-0.471619 1.16938 -2.26169
0.0987439 0.178073 0.0184759
-0.506303 1.59073 -1.58482
0.118865 0.181385 0.0212432
-0.580105 1.29235 -2.05212
0.10392 0.174367 0.0707258
-0.537463 1.35624 -2.3989
0.121144 0.185639 0.0162941
-0.578185 1.08488 -2.33332
0.10199 0.178181 0.0334859
-0.519875 1.57444 -1.73849
0.118668 0.1704 0.026374
-0.608314 1.5247 -1.74871
0.100086 0.18286 0.0410577
-0.500797 1.49062 -1.92601
0.106487 0.186684 0.0228504
-0.51838 1.35002 -1.978
0.101083 0.192751 0.0222055
-0.482994 1.26309 -2.10553
0.119252 0.17573 0.0320217
-0.596225 1.4085 -1.96935
0.119393 0.173119 0.036823
-0.60375 1.45396 -1.94327
0.108281 0.190492 0.0227378
-0.516879 1.19889 -2.2099
0.105691 0.181972 0.0430992
-0.52619 1.4257 -2.04028
0.11496 0.171645 0.0256896
-0.590135 1.54601 -1.71187
0.0980535 0.183534 0.0380059
-0.490673 1.50768 -1.8744
0.0978831 0.177084 0.0443853
-0.504953 1.62525 -1.76073
0.102024 0.177808 0.0570821
-0.520924 1.50422 -2.04728
0.12163 0.169127 0.0223113
-0.623472 1.50733 -1.73881
0.121649 0.168404 0.025557
-0.625578 1.52218 -1.7453
0.122813 0.175436 0.041125
-0.610755 1.29656 -2.21957
0.0983417 0.182012 0.0397849
-0.495369 1.53292 -1.85307
0.103132 0.17627 0.0305223
-0.529374 1.59592 -1.68211
0.0992863 0.175228 0.067258
-0.515507 1.52176 -2.11345
0.135949 0.172243 0.0276032
-0.668174 1.12897 -2.36259
0.105092 0.184237 0.0153379
-0.518382 1.41667 -1.81243
0.112191 0.173403 0.0142139
-0.574261 1.52748 -1.63891
0.0984479 0.182361 0.0605117
-0.495017 1.36609 -2.28724
0.117034 0.175932 0.0485212
-0.587 1.34927 -2.20425
0.118626 0.176052 0.0379752
-0.592935 1.39162 -2.04662
0.130572 0.173047 0.0298712
-0.646404 1.26665 -2.16679
0.10442 0.185197 0.0200434
-0.513401 1.41032 -1.86275
0.11213 0.185917 0.028094
-0.542709 1.26216 -2.1582
0.105828 0.169569 0.0240384
-0.557952 1.6674 -1.52502
0.100488 0.181955 0.0574707
-0.504584 1.39003 -2.22255
0.124705 0.177458 0.0360068
-0.612556 1.19764 -2.32853
0.127235 0.175744 0.0349645
-0.626638 1.20956 -2.30054
0.100735 0.175385 0.0201383
-0.521356 1.61847 -1.55983
