1	0.262988	0.253994
2	0.253993	0.245799
3	0.245799	0.238343
4	0.238343	0.231556
5	0.231556	0.225448
6	0.225449	0.21987
7	0.219869	0.214802
8	0.214805	0.210214
9	0.210216	0.205966
10	0.205965	0.201985
11	0.201983	0.198257
12	0.198257	0.194741
13	0.194741	0.191399
14	0.191399	0.188203
15	0.188203	0.185147
16	0.185145	0.182209
17	0.18221	0.179377
18	0.179376	0.176628
19	0.176626	0.17395
20	0.173951	0.171344
21	0.171343	0.168804
22	0.168804	0.166325
23	0.166326	0.163907
24	0.163907	0.161548
25	0.161547	0.159237
26	0.159237	0.156974
27	0.156973	0.154753
28	0.154753	0.152573
29	0.152573	0.150431
30	0.150431	0.14833
31	0.148329	0.146263
32	0.146262	0.144231
33	0.144232	0.142234
34	0.142233	0.140269
35	0.14027	0.138337
36	0.138338	0.136438
37	0.136437	0.13457
38	0.134569	0.132732
39	0.132731	0.130922
40	0.130922	0.129144
41	0.129144	0.127394
42	0.127394	0.125675
43	0.125674	0.123983
44	0.123982	0.122318
45	0.122318	0.120682
46	0.120683	0.119074
47	0.119073	0.117494
48	0.117494	0.115941
49	0.115941	0.114413
50	0.114415	0.112915
51	0.112914	0.111443
52	0.111442	0.109997
53	0.109997	0.108577
54	0.108576	0.107182
55	0.107182	0.105813
56	0.105813	0.10447
57	0.10447	0.103153
58	0.103152	0.101858
59	0.101858	0.10059
60	0.10059	0.0993453
61	0.0993455	0.0981242
62	0.0981247	0.0969283
63	0.096928	0.095755
64	0.0957548	0.0946042
65	0.0946042	0.0934771
66	0.093477	0.0923722
67	0.0923712	0.0912878
68	0.0912884	0.0902273
69	0.090227	0.089187
70	0.0891863	0.0881686
71	0.088168	0.0871697
72	0.08717	0.0861926
73	0.0861929	0.0852347
74	0.0852355	0.0842973
75	0.084297	0.083378
76	0.083378	0.0824791
77	0.082479	0.0815979
78	0.0815974	0.0807346
79	0.0807346	0.0798909
80	0.07989	0.0790639
81	0.0790639	0.0782537
82	0.0782536	0.0774607
83	0.0774608	0.0766845
84	0.0766848	0.0759246
85	0.0759245	0.0751807
86	0.0751808	0.0744524
87	0.0744519	0.0737389
88	0.0737386	0.0730409
89	0.0730407	0.0723571
90	0.0723573	0.0716873
91	0.0716877	0.0710327
92	0.0710326	0.0703913
93	0.070391	0.0697636
94	0.0697631	0.0691482
95	0.0691482	0.0685461
96	0.0685459	0.0679566
97	0.067956	0.0673785
98	0.0673791	0.0668136
99	0.0668139	0.0662602
100	0.0662597	0.065718
101	0.065718	0.0651873
102	0.0651874	0.0646667
103	0.0646667	0.0641576
104	0.0641577	0.0636589
105	0.0636583	0.0631697
106	0.0631701	0.0626911
107	0.0626909	0.0622224
108	0.0622222	0.0617627
109	0.0617627	0.0613124
110	0.0613122	0.0608716
111	0.0608714	0.0604392
112	0.0604389	0.0600157
113	0.0600158	0.059601
114	0.0596008	0.0591939
115	0.0591936	0.0587949
116	0.0587948	0.0584042
117	0.0584045	0.0580211
118	0.0580209	0.0576453
119	0.057645	0.0572771
120	0.0572773	0.0569156
121	0.0569161	0.0565623
122	0.056562	0.0562152
123	0.0562152	0.0558747
124	0.0558746	0.0555406
125	0.0555408	0.0552132
126	0.055213	0.0548914
127	0.0548913	0.0545763
128	0.0545764	0.0542669
129	0.054267	0.0539637
130	0.0539637	0.0536665
131	0.0536662	0.0533741
132	0.0533738	0.0530876
133	0.0530873	0.0528058
134	0.052806	0.0525298
135	0.0525295	0.0522587
136	0.0522584	0.0519925
137	0.0519922	0.051731
138	0.0517308	0.0514744
139	0.0514747	0.0512222
140	0.0512226	0.0509751
141	0.0509754	0.0507324
142	0.0507322	0.0504936
143	0.0504936	0.0502595
144	0.0502593	0.0500291
145	0.0500293	0.0498035
146	0.0498033	0.049581
147	0.049581	0.0493627
148	0.0493628	0.0491479
149	0.0491481	0.0489375
150	0.0489374	0.0487302
151	0.0487301	0.0485265
152	0.0485267	0.0483265
153	0.0483266	0.0481298
154	0.0481296	0.0479366
155	0.0479362	0.0477466
156	0.0477466	0.0475595
157	0.0475594	0.0473755
158	0.0473754	0.0471945
159	0.0471946	0.0470173
160	0.0470172	0.0468418
161	0.0468422	0.0466703
162	0.0466706	0.0465012
163	0.0465008	0.0463345
164	0.0463349	0.0461709
165	0.0461713	0.0460099
166	0.0460099	0.0458514
167	0.0458517	0.0456954
168	0.0456958	0.0455423
169	0.0455422	0.0453912
170	0.0453914	0.0452423
171	0.0452426	0.0450962
172	0.0450963	0.0449524
173	0.0449523	0.0448104
174	0.0448102	0.0446711
175	0.0446709	0.0445335
176	0.044534	0.0443986
177	0.0443986	0.0442651
178	0.044265	0.0441339
179	0.044134	0.0440049
180	0.044005	0.0438771
181	0.0438777	0.0437522
182	0.0437523	0.0436289
183	0.0436289	0.0435075
184	0.0435072	0.0433875
185	0.0433876	0.0432692
186	0.0432694	0.0431531
187	0.0431534	0.0430387
188	0.0430386	0.0429256
189	0.0429258	0.0428143
190	0.0428145	0.0427048
191	0.042705	0.042597
192	0.0425969	0.0424904
193	0.0424903	0.042385
194	0.0423854	0.0422821
195	0.0422818	0.0421799
196	0.0421801	0.0420795
197	0.0420791	0.04198
198	0.0419803	0.0418822
199	0.0418823	0.0417857
200	0.0417861	0.0416905
201	0.0416908	0.0415968
202	0.0415966	0.0415046
203	0.0415044	0.0414132
204	0.0414133	0.0413234
205	0.0413231	0.0412348
206	0.0412345	0.0411471
207	0.0411473	0.0410607
208	0.0410606	0.0409757
209	0.0409758	0.0408911
210	0.0408913	0.0408081
211	0.0408084	0.0407266
212	0.0407263	0.0406457
213	0.040646	0.0405663
214	0.0405661	0.0404872
215	0.0404875	0.0404098
216	0.0404098	0.0403333
217	0.0403332	0.0402576
218	0.0402578	0.0401829
219	0.0401832	0.0401095
220	0.0401097	0.0400364
221	0.0400361	0.0399648
222	0.0399647	0.0398936
223	0.0398942	0.0398237
224	0.0398235	0.0397543
225	0.0397544	0.0396863
226	0.0396865	0.039619
227	0.039619	0.0395523
228	0.0395521	0.0394867
229	0.0394867	0.0394215
230	0.0394215	0.0393576
231	0.0393572	0.0392941
232	0.0392939	0.0392314
233	0.0392315	0.0391694
234	0.0391696	0.0391087
235	0.0391086	0.0390482
236	0.0390482	0.0389886
237	0.0389884	0.03893
238	0.0389296	0.0388716
239	0.0388714	0.0388138
240	0.0388139	0.0387569
241	0.0387572	0.0387007
242	0.0387009	0.0386453
243	0.0386454	0.0385903
244	0.0385904	0.0385363
245	0.0385365	0.0384828
246	0.038483	0.0384295
247	0.0384296	0.0383773
248	0.038377	0.0383257
249	0.0383258	0.0382743
250	0.0382743	0.0382239
251	0.038224	0.0381736
252	0.0381735	0.0381244
253	0.0381243	0.0380754
254	0.0380753	0.0380272
255	0.038027	0.0379792
256	0.0379789	0.037932
257	0.0379317	0.0378849
258	0.037885	0.0378387
259	0.0378389	0.037793
260	0.037793	0.0377475
261	0.0377475	0.0377031
262	0.037703	0.0376589
263	0.037659	0.0376153
264	0.0376152	0.0375719
265	0.037572	0.037529
266	0.0375288	0.0374866
267	0.0374865	0.0374446
268	0.0374446	0.0374032
269	0.0374031	0.0373621
270	0.037362	0.0373215
271	0.0373213	0.0372815
272	0.0372812	0.0372414
273	0.0372415	0.0372021
274	0.0372019	0.037163
275	0.0371632	0.0371246
276	0.0371244	0.0370867
277	0.0370862	0.0370486
278	0.0370485	0.0370111
279	0.0370112	0.0369744
280	0.0369741	0.0369376
281	0.0369374	0.0369014
282	0.0369014	0.0368656
283	0.0368656	0.0368303
284	0.0368298	0.0367947
285	0.0367943	0.03676
286	0.0367597	0.0367254
287	0.0367252	0.0366914
288	0.0366913	0.0366574
289	0.0366576	0.0366241
290	0.0366241	0.036591
291	0.0365911	0.0365583
292	0.0365583	0.0365258
293	0.0365257	0.0364933
294	0.0364932	0.0364617
295	0.0364616	0.0364302
296	0.0364301	0.0363988
297	0.0363989	0.036368
298	0.0363678	0.0363372
299	0.0363373	0.0363068
300	0.036307	0.0362768
301	0.0362767	0.0362471
302	0.0362469	0.0362176
303	0.0362175	0.0361883
304	0.036188	0.0361591
305	0.0361591	0.0361305
306	0.0361302	0.036102
307	0.0361023	0.0360739
308	0.0360738	0.0360459
309	0.0360459	0.0360182
310	0.0360182	0.0359904
311	0.0359906	0.0359637
312	0.0359637	0.0359369
313	0.035937	0.03591
314	0.0359098	0.0358836
315	0.0358835	0.0358573
316	0.0358572	0.0358311
317	0.0358313	0.0358057
318	0.0358053	0.0357802
319	0.0357801	0.0357549
320	0.0357546	0.0357298
321	0.0357298	0.0357049
322	0.0357048	0.03568
323	0.0356799	0.0356558
324	0.0356557	0.0356316
325	0.0356314	0.0356073
326	0.0356075	0.0355836
327	0.0355834	0.0355599
328	0.0355598	0.0355367
329	0.0355365	0.0355134
330	0.0355133	0.0354903
331	0.0354901	0.0354677
332	0.0354673	0.0354449
333	0.0354449	0.0354226
334	0.0354225	0.0354004
335	0.0354002	0.0353787
336	0.0353782	0.0353565
337	0.0353564	0.0353348
338	0.0353347	0.035313
339	0.035313	0.0352917
340	0.0352918	0.0352708
341	0.0352708	0.0352497
342	0.0352495	0.0352288
343	0.035229	0.0352083
344	0.0352081	0.0351876
345	0.0351877	0.0351673
346	0.0351672	0.035147
347	0.035147	0.035127
348	0.0351271	0.0351072
349	0.0351071	0.0350877
350	0.0350875	0.035068
351	0.035068	0.0350488
352	0.0350485	0.0350291
353	0.0350292	0.0350102
354	0.0350104	0.0349911
355	0.0349913	0.0349724
356	0.0349727	0.0349539
357	0.034954	0.0349353
358	0.0349354	0.0349171
359	0.0349169	0.0348988
360	0.0348986	0.0348807
361	0.0348808	0.0348628
362	0.0348627	0.0348447
363	0.0348448	0.0348274
364	0.034827	0.0348098
365	0.0348097	0.0347921
366	0.0347922	0.0347748
367	0.034775	0.0347577
368	0.0347578	0.0347407
369	0.0347406	0.0347237
370	0.0347236	0.0347068
371	0.034707	0.0346903
372	0.03469	0.0346736
373	0.0346736	0.0346574
374	0.0346574	0.0346409
375	0.034641	0.0346247
376	0.0346248	0.0346086
377	0.0346085	0.0345926
378	0.0345927	0.0345769
379	0.0345766	0.0345612
380	0.0345612	0.0345455
381	0.0345452	0.0345299
382	0.0345298	0.0345144
383	0.0345145	0.0344993
384	0.0344989	0.0344838
385	0.0344836	0.0344686
386	0.0344687	0.0344536
387	0.0344536	0.0344387
388	0.0344387	0.0344238
389	0.034424	0.0344092
390	0.0344095	0.0343945
391	0.0343945	0.0343801
392	0.0343802	0.0343657
393	0.0343656	0.0343514
394	0.0343513	0.0343372
395	0.034337	0.0343231
396	0.0343231	0.0343092
397	0.0343091	0.0342951
398	0.0342949	0.0342812
399	0.0342813	0.0342674
400	0.0342673	0.0342536
401	0.0342537	0.03424
402	0.0342401	0.0342265
403	0.0342266	0.0342132
404	0.0342131	0.0341998
405	0.0341997	0.0341866
406	0.0341863	0.0341734
407	0.0341733	0.0341603
408	0.0341604	0.0341472
409	0.0341471	0.0341345
410	0.0341342	0.0341218
411	0.0341213	0.0341089
412	0.0341086	0.0340963
413	0.0340963	0.0340835
414	0.0340836	0.0340709
415	0.0340709	0.0340584
416	0.0340585	0.0340457
417	0.0340458	0.0340332
418	0.0340334	0.0340212
419	0.0340213	0.034009
420	0.034009	0.033997
421	0.033997	0.033985
422	0.0339851	0.0339732
423	0.0339731	0.0339612
424	0.033961	0.0339493
425	0.0339492	0.0339379
426	0.0339377	0.0339259
427	0.033926	0.0339143
428	0.0339146	0.0339029
429	0.0339029	0.0338917
430	0.0338915	0.0338802
431	0.0338798	0.0338684
432	0.0338682	0.0338572
433	0.0338571	0.0338462
434	0.0338459	0.0338351
435	0.0338346	0.0338235
436	0.0338235	0.0338127
437	0.0338127	0.0338016
438	0.0338016	0.0337907
439	0.0337907	0.0337799
440	0.0337798	0.0337693
441	0.033769	0.0337586
442	0.0337587	0.0337478
443	0.0337478	0.0337368
444	0.0337368	0.0337264
445	0.0337265	0.033716
446	0.0337156	0.0337054
447	0.0337055	0.0336948
448	0.0336951	0.0336846
449	0.0336847	0.0336743
450	0.0336745	0.0336641
451	0.0336641	0.0336538
452	0.033654	0.0336436
453	0.0336436	0.0336335
454	0.0336335	0.0336236
455	0.0336237	0.0336134
456	0.0336136	0.0336036
457	0.0336035	0.0335937
458	0.0335934	0.0335838
459	0.0335838	0.0335742
460	0.0335738	0.0335642
461	0.0335642	0.0335546
462	0.0335545	0.033545
463	0.0335447	0.0335353
464	0.0335352	0.0335256
465	0.0335256	0.033516
466	0.0335163	0.0335066
467	0.0335066	0.0334971
468	0.0334974	0.0334878
469	0.0334878	0.0334785
470	0.0334782	0.0334692
471	0.0334691	0.03346
472	0.0334601	0.0334506
473	0.0334508	0.0334416
474	0.0334416	0.0334324
475	0.0334325	0.0334233
476	0.0334234	0.0334143
477	0.0334142	0.0334052
478	0.0334051	0.0333964
479	0.0333963	0.0333873
480	0.0333871	0.0333786
481	0.0333785	0.03337
482	0.0333698	0.0333609
483	0.0333607	0.0333522
484	0.0333521	0.0333434
485	0.0333434	0.0333347
486	0.0333347	0.033326
487	0.0333259	0.0333174
488	0.033317	0.0333086
489	0.0333086	0.0333001
490	0.0333	0.0332917
491	0.0332916	0.0332831
492	0.0332829	0.0332746
493	0.0332746	0.0332663
494	0.0332661	0.033258
495	0.0332579	0.0332496
496	0.0332494	0.0332414
497	0.0332415	0.0332329
498	0.0332326	0.0332246
499	0.0332247	0.0332166
500	0.0332168	0.0332085
501	0.0332084	0.0332003
502	0.0332002	0.033192
503	0.0331921	0.0331838
504	0.0331839	0.0331758
505	0.0331759	0.0331679
506	0.033168	0.0331602
507	0.0331603	0.0331521
508	0.0331521	0.0331442
509	0.033144	0.0331363
510	0.033136	0.0331284
511	0.0331281	0.0331204
512	0.0331202	0.0331128
513	0.0331129	0.0331052
514	0.033105	0.0330974
515	0.033097	0.0330895
516	0.033089	0.0330818
517	0.0330814	0.0330741
518	0.033074	0.0330664
519	0.0330663	0.0330586
520	0.0330586	0.0330511
521	0.0330511	0.0330437
522	0.0330435	0.0330362
523	0.0330359	0.0330287
524	0.0330285	0.0330212
525	0.0330212	0.0330138
526	0.0330138	0.0330063
527	0.0330063	0.0329987
528	0.0329989	0.0329914
529	0.0329914	0.032984
530	0.0329839	0.032977
531	0.0329768	0.0329697
532	0.0329695	0.0329623
533	0.0329621	0.0329551
534	0.0329549	0.0329477
535	0.0329478	0.0329405
536	0.0329405	0.0329333
537	0.0329333	0.0329262
538	0.0329259	0.0329192
539	0.0329188	0.0329121
540	0.0329119	0.032905
541	0.0329044	0.032898
542	0.0328975	0.0328907
543	0.0328904	0.0328836
544	0.0328833	0.0328766
545	0.0328766	0.0328696
546	0.0328697	0.0328628
547	0.0328625	0.0328561
548	0.0328555	0.0328492
549	0.0328486	0.0328423
550	0.032842	0.0328353
551	0.0328349	0.0328285
552	0.0328281	0.0328215
553	0.0328212	0.0328145
554	0.0328144	0.0328075
555	0.0328073	0.0328006
556	0.0328008	0.0327941
557	0.0327941	0.0327873
558	0.0327869	0.0327806
559	0.0327804	0.0327739
560	0.032774	0.0327672
561	0.032767	0.0327605
562	0.0327605	0.0327536
563	0.0327539	0.0327471
564	0.0327469	0.0327405
565	0.0327406	0.0327339
566	0.0327337	0.0327272
567	0.0327272	0.0327206
568	0.0327207	0.0327141
569	0.0327139	0.0327075
570	0.0327076	0.0327011
571	0.0327008	0.0326945
572	0.0326946	0.0326879
573	0.0326879	0.0326815
574	0.0326814	0.0326751
575	0.032675	0.0326686
576	0.0326687	0.0326623
577	0.0326623	0.0326559
578	0.0326558	0.0326494
579	0.0326494	0.0326429
580	0.032643	0.0326365
581	0.0326366	0.0326303
582	0.0326301	0.0326241
583	0.0326239	0.0326178
584	0.0326172	0.0326114
585	0.0326113	0.032605
586	0.0326048	0.0325988
587	0.0325988	0.0325924
588	0.0325923	0.032586
589	0.0325862	0.03258
590	0.0325798	0.0325741
591	0.0325738	0.0325678
592	0.0325674	0.0325614
593	0.0325612	0.0325553
594	0.032555	0.0325492
595	0.0325492	0.032543
596	0.0325429	0.0325368
597	0.0325366	0.0325305
598	0.0325301	0.0325243
599	0.0325244	0.0325184
600	0.0325183	0.0325123
601	0.0325122	0.0325064
602	0.032506	0.0325003
603	0.0324999	0.0324942
604	0.0324938	0.0324881
605	0.0324878	0.032482
606	0.0324817	0.032476
607	0.0324758	0.0324698
608	0.03247	0.0324638
609	0.0324639	0.0324578
610	0.0324579	0.0324517
611	0.0324516	0.0324461
612	0.0324457	0.0324401
613	0.0324399	0.0324342
614	0.0324341	0.0324284
615	0.0324281	0.0324225
616	0.0324222	0.0324164
617	0.0324165	0.0324105
618	0.0324105	0.0324046
619	0.0324043	0.0323986
620	0.0323985	0.032393
621	0.0323928	0.032387
622	0.0323868	0.0323813
623	0.032381	0.0323754
624	0.0323752	0.0323696
625	0.0323694	0.0323637
626	0.0323636	0.032358
627	0.0323579	0.0323521
628	0.0323519	0.0323463
629	0.0323465	0.0323406
630	0.0323402	0.0323347
631	0.0323346	0.0323291
632	0.0323287	0.0323233
633	0.0323231	0.0323176
634	0.0323175	0.0323121
635	0.0323117	0.0323063
636	0.0323058	0.0323006
637	0.0323003	0.0322948
638	0.0322941	0.0322892
639	0.0322887	0.0322836
640	0.0322833	0.0322778
641	0.0322773	0.0322721
642	0.0322717	0.0322664
643	0.032266	0.0322605
644	0.0322604	0.0322548
645	0.0322547	0.0322491
646	0.0322492	0.0322436
647	0.0322435	0.032238
648	0.032238	0.0322323
649	0.032232	0.0322265
650	0.0322264	0.0322208
651	0.0322207	0.0322153
652	0.0322153	0.0322096
653	0.0322095	0.0322042
654	0.032204	0.0321984
655	0.0321985	0.0321928
656	0.0321929	0.0321872
657	0.0321874	0.0321817
658	0.032182	0.0321762
659	0.0321761	0.0321707
660	0.0321706	0.032165
661	0.0321653	0.0321595
662	0.0321599	0.0321539
663	0.032154	0.0321486
664	0.0321488	0.0321431
665	0.032143	0.0321376
666	0.0321375	0.0321318
667	0.0321322	0.0321265
668	0.0321265	0.032121
669	0.032121	0.0321155
670	0.0321158	0.03211
671	0.0321099	0.0321043
672	0.0321045	0.0320991
673	0.0320992	0.0320936
674	0.0320939	0.0320883
675	0.032088	0.0320829
676	0.032083	0.0320775
677	0.0320774	0.0320721
678	0.0320721	0.0320667
679	0.0320664	0.0320612
680	0.032061	0.0320558
681	0.0320554	0.0320506
682	0.0320502	0.0320452
683	0.0320449	0.0320397
684	0.0320396	0.0320343
685	0.0320344	0.0320288
686	0.0320288	0.0320237
687	0.0320234	0.0320183
688	0.032018	0.0320127
689	0.0320126	0.0320072
690	0.0320073	0.0320019
691	0.032002	0.0319965
692	0.0319968	0.0319909
693	0.0319913	0.0319856
694	0.031986	0.0319802
695	0.0319803	0.031975
696	0.0319751	0.0319697
697	0.0319697	0.0319643
698	0.0319644	0.0319589
699	0.0319589	0.0319536
700	0.0319537	0.0319485
701	0.0319485	0.031943
702	0.0319428	0.0319378
703	0.0319376	0.0319325
704	0.0319323	0.0319271
705	0.0319272	0.0319219
706	0.0319217	0.0319167
707	0.0319163	0.0319114
708	0.0319112	0.0319061
709	0.0319057	0.031901
710	0.0319006	0.0318958
711	0.0318954	0.0318905
712	0.0318901	0.0318849
713	0.0318847	0.0318794
714	0.0318794	0.0318742
715	0.0318742	0.031869
716	0.031869	0.0318638
717	0.0318635	0.0318586
718	0.0318587	0.0318535
719	0.0318532	0.0318482
720	0.0318481	0.0318429
721	0.0318424	0.0318376
722	0.0318375	0.0318324
723	0.0318323	0.0318272
724	0.0318269	0.0318221
725	0.0318217	0.0318168
726	0.0318166	0.0318114
727	0.031811	0.0318061
728	0.0318058	0.0318008
729	0.031801	0.0317956
730	0.0317954	0.0317903
731	0.0317903	0.0317853
732	0.0317851	0.0317802
733	0.0317797	0.0317747
734	0.0317749	0.0317696
735	0.0317694	0.0317644
736	0.0317644	0.0317591
737	0.0317591	0.031754
738	0.0317538	0.031749
739	0.0317486	0.0317438
740	0.0317435	0.0317385
741	0.0317381	0.0317333
742	0.031733	0.0317281
743	0.0317279	0.0317228
744	0.0317227	0.0317178
745	0.0317175	0.0317126
746	0.0317123	0.0317074
747	0.0317071	0.0317021
748	0.0317021	0.031697
749	0.0316967	0.0316918
750	0.0316918	0.0316866
751	0.0316865	0.0316812
752	0.0316812	0.0316761
753	0.0316764	0.031671
754	0.0316708	0.0316658
755	0.0316655	0.0316608
756	0.0316605	0.0316557
757	0.0316554	0.0316506
758	0.0316504	0.0316453
759	0.031645	0.0316401
760	0.0316396	0.0316349
761	0.0316348	0.0316298
762	0.0316298	0.0316246
763	0.0316246	0.0316195
764	0.0316193	0.0316143
765	0.0316143	0.0316093
766	0.0316091	0.0316041
767	0.031604	0.0315989
768	0.0315987	0.0315938
769	0.0315937	0.0315884
770	0.0315883	0.0315833
771	0.0315834	0.0315783
772	0.0315783	0.0315733
773	0.031573	0.031568
774	0.0315679	0.031563
775	0.0315628	0.0315578
776	0.0315575	0.0315527
777	0.0315525	0.0315475
778	0.0315473	0.0315423
779	0.0315424	0.0315372
780	0.0315372	0.0315321
781	0.0315322	0.0315269
782	0.031527	0.0315217
783	0.0315215	0.0315167
784	0.0315168	0.0315116
785	0.0315118	0.0315065
786	0.0315065	0.0315013
787	0.0315016	0.0314962
788	0.0314961	0.0314911
789	0.0314912	0.0314859
790	0.031486	0.0314811
791	0.031481	0.031476
792	0.0314759	0.0314708
793	0.0314708	0.0314656
794	0.0314655	0.0314606
795	0.0314604	0.0314555
796	0.0314556	0.0314506
797	0.0314504	0.0314454
798	0.0314454	0.0314403
799	0.0314401	0.0314354
800	0.0314351	0.0314301
801	0.03143	0.031425
802	0.0314251	0.0314198
803	0.0314198	0.0314148
804	0.0314145	0.0314098
805	0.0314096	0.0314047
806	0.0314046	0.0313995
807	0.0313994	0.0313945
808	0.0313942	0.0313892
809	0.0313892	0.0313843
810	0.031384	0.0313793
811	0.031379	0.0313742
812	0.0313736	0.0313691
813	0.0313687	0.031364
814	0.0313636	0.0313589
815	0.0313585	0.0313538
816	0.0313536	0.0313487
817	0.0313485	0.0313437
818	0.0313433	0.0313386
819	0.0313382	0.0313334
820	0.031333	0.0313284
821	0.031328	0.0313234
822	0.031323	0.0313183
823	0.0313178	0.0313131
824	0.0313128	0.031308
825	0.031308	0.0313028
826	0.0313026	0.0312977
827	0.0312977	0.0312925
828	0.0312924	0.0312875
829	0.0312873	0.0312823
830	0.0312821	0.0312772
831	0.0312773	0.0312721
832	0.0312722	0.0312671
833	0.031267	0.0312621
834	0.0312619	0.031257
835	0.0312572	0.0312519
836	0.0312518	0.031247
837	0.0312469	0.0312418
838	0.0312416	0.0312367
839	0.0312368	0.0312317
840	0.0312316	0.0312266
841	0.0312264	0.0312214
842	0.0312212	0.0312165
843	0.0312164	0.0312114
844	0.0312114	0.0312063
845	0.0312062	0.0312013
846	0.0312012	0.0311961
847	0.0311962	0.031191
848	0.0311911	0.0311859
849	0.0311861	0.031181
850	0.0311807	0.0311757
851	0.0311757	0.0311708
852	0.0311707	0.0311658
853	0.0311655	0.0311608
854	0.0311606	0.0311557
855	0.0311554	0.0311507
856	0.0311505	0.0311455
857	0.0311453	0.0311404
858	0.0311401	0.0311353
859	0.0311351	0.0311302
860	0.0311301	0.0311253
861	0.0311252	0.0311202
862	0.03112	0.0311152
863	0.0311148	0.0311103
864	0.03111	0.031105
865	0.0311051	0.0310999
866	0.0310997	0.0310948
867	0.0310946	0.0310895
868	0.0310897	0.0310846
869	0.0310842	0.0310794
870	0.0310794	0.0310744
871	0.0310744	0.0310694
872	0.0310695	0.0310644
873	0.0310645	0.0310593
874	0.0310592	0.0310542
875	0.0310542	0.0310491
876	0.0310492	0.0310439
877	0.0310439	0.0310389
878	0.0310389	0.031034
879	0.0310339	0.0310288
880	0.0310288	0.0310239
881	0.0310238	0.0310187
882	0.0310187	0.0310137
883	0.0310138	0.0310087
884	0.0310086	0.0310038
885	0.0310035	0.0309987
886	0.0309986	0.0309937
887	0.0309934	0.0309885
888	0.0309883	0.0309833
889	0.0309835	0.0309783
890	0.0309782	0.0309734
891	0.0309733	0.0309683
892	0.0309682	0.0309634
893	0.0309632	0.0309582
894	0.0309581	0.0309531
895	0.030953	0.0309479
896	0.0309477	0.030943
897	0.0309427	0.0309379
898	0.0309379	0.0309329
899	0.0309326	0.0309278
900	0.0309276	0.0309226
901	0.0309225	0.0309175
902	0.0309171	0.0309127
903	0.0309125	0.0309076
904	0.0309074	0.0309024
905	0.0309023	0.0308973
906	0.0308973	0.0308922
907	0.0308921	0.0308872
908	0.030887	0.0308822
909	0.030882	0.0308771
910	0.0308769	0.030872
911	0.0308718	0.0308669
912	0.0308668	0.0308618
913	0.0308616	0.0308566
914	0.0308566	0.0308517
915	0.0308518	0.0308466
916	0.0308467	0.0308417
917	0.0308415	0.0308365
918	0.0308366	0.0308315
919	0.0308315	0.0308265
920	0.0308262	0.0308214
921	0.0308209	0.0308163
922	0.030816	0.0308114
923	0.0308112	0.0308061
924	0.0308061	0.0308011
925	0.0308009	0.0307961
926	0.0307959	0.030791
927	0.0307907	0.0307859
928	0.0307858	0.0307808
929	0.0307807	0.0307758
930	0.0307757	0.0307706
931	0.0307705	0.0307657
932	0.0307655	0.0307605
933	0.0307604	0.0307555
934	0.0307553	0.0307503
935	0.0307504	0.0307454
936	0.0307454	0.0307403
937	0.0307404	0.0307353
938	0.0307351	0.0307302
939	0.0307302	0.030725
940	0.0307253	0.0307201
941	0.03072	0.0307148
942	0.0307149	0.0307098
943	0.0307098	0.0307048
944	0.0307047	0.0307
945	0.0306996	0.0306948
946	0.0306948	0.0306898
947	0.0306898	0.0306847
948	0.0306849	0.0306796
949	0.0306796	0.0306745
950	0.0306746	0.0306695
951	0.0306696	0.0306644
952	0.0306643	0.0306593
953	0.0306593	0.0306544
954	0.0306541	0.0306494
955	0.0306492	0.0306444
956	0.0306442	0.0306393
957	0.0306393	0.0306343
958	0.030634	0.0306293
959	0.030629	0.0306242
960	0.0306239	0.0306191
961	0.030619	0.030614
962	0.0306139	0.030609
963	0.0306087	0.0306039
964	0.0306038	0.0305989
965	0.0305987	0.0305938
966	0.0305936	0.0305886
967	0.0305884	0.0305836
968	0.0305835	0.0305786
969	0.0305786	0.0305736
970	0.0305733	0.0305684
971	0.0305684	0.0305635
972	0.0305635	0.0305585
973	0.0305582	0.0305533
974	0.0305534	0.0305483
975	0.0305482	0.0305433
976	0.0305432	0.0305383
977	0.0305383	0.0305335
978	0.0305332	0.0305283
979	0.030528	0.0305231
980	0.0305234	0.0305181
981	0.0305181	0.0305131
982	0.0305133	0.0305081
983	0.0305081	0.0305031
984	0.0305031	0.0304981
985	0.0304981	0.030493
986	0.0304928	0.0304879
987	0.0304877	0.030483
988	0.0304828	0.0304779
989	0.0304779	0.0304729
990	0.0304727	0.0304679
991	0.0304677	0.0304627
992	0.0304626	0.0304576
993	0.0304575	0.0304525
994	0.0304526	0.0304476
995	0.0304474	0.0304425
996	0.0304423	0.0304374
997	0.0304374	0.0304325
998	0.0304326	0.0304274
999	0.0304274	0.0304223
1000	0.0304224	0.0304173
1001	0.0304172	0.0304124
1002	0.0304122	0.0304071
1003	0.0304072	0.0304021
1004	0.0304021	0.0303971
1005	0.0303968	0.0303919
1006	0.030392	0.030387
1007	0.0303869	0.030382
1008	0.0303819	0.0303769
1009	0.0303768	0.0303719
1010	0.0303718	0.0303669
1011	0.0303666	0.0303619
1012	0.0303619	0.0303568
1013	0.0303566	0.0303518
1014	0.0303517	0.0303468
1015	0.0303468	0.0303417
1016	0.0303419	0.0303368
1017	0.0303368	0.0303317
1018	0.0303319	0.0303267
1019	0.0303265	0.0303218
1020	0.0303217	0.0303167
1021	0.0303168	0.0303117
1022	0.0303115	0.0303068
1023	0.030307	0.0303016
1024	0.0303016	0.0302966
1025	0.0302964	0.0302916
1026	0.0302917	0.0302866
1027	0.0302865	0.0302817
1028	0.0302818	0.0302766
1029	0.0302765	0.0302716
1030	0.0302714	0.0302666
1031	0.0302664	0.0302615
1032	0.0302613	0.0302563
1033	0.0302565	0.0302513
1034	0.0302513	0.0302462
1035	0.0302465	0.0302414
1036	0.0302415	0.0302364
1037	0.0302364	0.0302314
1038	0.0302315	0.0302264
1039	0.0302264	0.0302213
1040	0.0302211	0.0302161
1041	0.0302165	0.0302112
1042	0.0302112	0.0302062
1043	0.0302061	0.0302012
1044	0.030201	0.0301963
1045	0.0301964	0.0301913
1046	0.0301913	0.0301864
1047	0.0301863	0.0301814
1048	0.0301814	0.0301764
1049	0.0301761	0.0301714
1050	0.0301712	0.0301663
1051	0.0301664	0.0301615
1052	0.0301614	0.0301565
1053	0.0301564	0.0301514
1054	0.0301513	0.0301464
1055	0.0301463	0.0301415
1056	0.0301414	0.0301365
1057	0.0301362	0.0301314
1058	0.0301311	0.0301264
1059	0.0301261	0.0301215
1060	0.0301213	0.0301164
1061	0.0301164	0.0301116
1062	0.0301114	0.0301066
1063	0.0301063	0.0301016
1064	0.0301015	0.0300966
1065	0.0300964	0.0300916
1066	0.0300915	0.0300865
1067	0.0300865	0.0300817
1068	0.0300817	0.0300768
1069	0.0300765	0.0300717
1070	0.0300717	0.0300667
1071	0.0300667	0.0300618
1072	0.0300616	0.0300569
1073	0.0300569	0.0300517
1074	0.0300516	0.0300467
1075	0.0300466	0.0300418
1076	0.0300418	0.0300369
1077	0.0300368	0.0300319
1078	0.0300317	0.0300269
1079	0.0300271	0.0300219
1080	0.0300221	0.030017
1081	0.0300169	0.0300122
1082	0.030012	0.0300072
1083	0.030007	0.0300023
1084	0.0300019	0.0299973
1085	0.0299972	0.0299924
