1	0.228422	0.214076
2	0.215438	0.201722
3	0.203071	0.190261
4	0.191606	0.179779
5	0.181127	0.170272
6	0.171625	0.161621
7	0.162976	0.153877
8	0.155232	0.146891
9	0.14824	0.140529
10	0.14187	0.134682
11	0.136012	0.129294
12	0.130611	0.124308
13	0.12561	0.119644
14	0.120931	0.115275
15	0.116546	0.111163
16	0.112417	0.107292
17	0.108528	0.103664
18	0.104883	0.100248
19	0.101448	0.097019
20	0.0981999	0.0939614
21	0.0951249	0.0910673
22	0.0922116	0.0883223
23	0.0894486	0.0857182
24	0.0868263	0.0832448
25	0.0843349	0.0808975
26	0.0819705	0.0786664
27	0.0797222	0.0765445
28	0.0775827	0.0745246
29	0.0755473	0.0726016
30	0.0736077	0.0707693
31	0.0717601	0.0690225
32	0.0699982	0.0673566
33	0.0683176	0.0657668
34	0.0667141	0.0642487
35	0.0651823	0.0627989
36	0.0637195	0.0614135
37	0.0623216	0.0600885
38	0.0609843	0.0588212
39	0.0597055	0.0576085
40	0.0584813	0.0564472
41	0.0573092	0.0553344
42	0.0561864	0.0542681
43	0.0551099	0.0532457
44	0.054078	0.0522652
45	0.0530881	0.0513237
46	0.0521379	0.0504198
47	0.0512257	0.0495517
48	0.0503494	0.0487175
49	0.0495072	0.0479156
50	0.0486978	0.0471442
51	0.0479191	0.0464017
52	0.0471697	0.0456873
53	0.0464487	0.0449992
54	0.0457545	0.0443367
55	0.0450853	0.0436978
56	0.0444405	0.0430818
57	0.0438192	0.0424877
58	0.0432194	0.0419145
59	0.042641	0.0413613
60	0.0420827	0.0408273
61	0.0415435	0.0403111
62	0.041023	0.0398126
63	0.0405195	0.0393306
64	0.0400334	0.0388646
65	0.039563	0.0384136
66	0.0391081	0.0379774
67	0.038668	0.0375551
68	0.0382419	0.0371465
69	0.0378294	0.0367506
70	0.0374298	0.0363667
71	0.0370429	0.0359951
72	0.0366675	0.0356346
73	0.0363039	0.0352849
74	0.0359513	0.034946
75	0.035609	0.0346167
76	0.0352771	0.0342975
77	0.0349549	0.0339873
78	0.0346421	0.0336863
79	0.0343383	0.0333936
80	0.0340432	0.0331095
81	0.0337564	0.0328332
82	0.0334777	0.0325646
83	0.0332067	0.0323035
84	0.0329433	0.0320493
85	0.032687	0.0318023
86	0.0324377	0.0315618
87	0.0321953	0.0313276
88	0.0319589	0.0310999
89	0.031729	0.0308779
90	0.031505	0.0306617
91	0.031287	0.030451
92	0.0310744	0.0302459
93	0.0308675	0.0300455
94	0.0306655	0.0298507
95	0.0304688	0.0296606
96	0.0302769	0.0294749
97	0.0300898	0.0292941
98	0.0299071	0.0291176
99	0.0297293	0.0289454
100	0.0295553	0.0287771
101	0.0293857	0.0286131
102	0.0292201	0.0284529
103	0.0290584	0.0282963
104	0.0289006	0.0281433
105	0.0287462	0.0279939
106	0.0285954	0.027848
107	0.0284483	0.0277053
108	0.0283042	0.027566
109	0.0281637	0.0274296
110	0.028026	0.0272965
111	0.0278916	0.027166
112	0.0277601	0.0270386
113	0.0276314	0.0269138
114	0.0275057	0.026792
115	0.0273826	0.0266727
116	0.027262	0.0265557
117	0.0271441	0.0264414
118	0.0270288	0.0263295
119	0.0269155	0.0262198
120	0.026805	0.0261125
121	0.0266967	0.0260074
122	0.0265906	0.0259043
123	0.0264866	0.0258035
124	0.0263848	0.0257047
125	0.0262852	0.0256079
126	0.0261873	0.025513
127	0.0260916	0.02542
128	0.0259975	0.0253287
129	0.0259054	0.0252394
130	0.0258153	0.0251516
131	0.0257267	0.0250658
132	0.0256398	0.0249815
133	0.0255548	0.0248988
134	0.0254713	0.0248176
135	0.0253893	0.0247381
136	0.025309	0.0246599
137	0.0252301	0.0245833
138	0.0251528	0.0245083
139	0.0250767	0.0244343
140	0.0250022	0.0243618
141	0.024929	0.0242907
142	0.0248572	0.0242209
143	0.0247865	0.0241523
144	0.0247174	0.0240851
145	0.0246493	0.0240187
146	0.0245824	0.0239537
147	0.0245168	0.02389
148	0.0244523	0.0238273
149	0.0243889	0.0237657
150	0.0243268	0.0237051
151	0.0242656	0.0236457
152	0.0242054	0.0235874
153	0.0241464	0.0235298
154	0.0240884	0.0234734
155	0.0240312	0.0234178
156	0.023975	0.0233632
157	0.0239199	0.0233095
158	0.0238657	0.0232569
159	0.0238123	0.0232049
160	0.0237598	0.023154
161	0.0237082	0.0231036
162	0.0236575	0.0230543
163	0.0236075	0.0230056
164	0.0235584	0.022958
165	0.02351	0.0229109
166	0.0234626	0.0228646
167	0.0234159	0.0228192
168	0.0233697	0.0227743
169	0.0233244	0.0227303
170	0.0232798	0.0226869
171	0.0232359	0.0226441
172	0.0231928	0.022602
173	0.0231502	0.0225607
174	0.0231083	0.0225199
175	0.023067	0.0224799
176	0.0230265	0.0224403
177	0.0229864	0.0224013
178	0.0229471	0.022363
179	0.0229083	0.0223255
180	0.0228701	0.0222881
181	0.0228325	0.0222515
182	0.0227954	0.0222155
183	0.0227589	0.02218
184	0.0227231	0.0221449
185	0.0226875	0.0221105
186	0.0226526	0.0220764
187	0.0226181	0.0220429
188	0.0225841	0.02201
189	0.0225507	0.0219774
190	0.0225179	0.0219453
191	0.0224852	0.0219139
192	0.0224533	0.0218827
193	0.0224218	0.021852
194	0.0223906	0.0218216
195	0.0223598	0.0217918
196	0.0223298	0.0217624
197	0.0222999	0.0217333
198	0.0222706	0.0217046
199	0.0222415	0.0216765
200	0.0222129	0.0216486
201	0.0221848	0.0216211
202	0.0221569	0.0215942
203	0.0221295	0.0215673
204	0.0221025	0.0215411
205	0.0220758	0.0215151
206	0.0220494	0.0214896
207	0.0220234	0.0214642
208	0.0219977	0.0214392
209	0.0219724	0.0214147
210	0.0219475	0.0213904
211	0.0219228	0.0213664
212	0.0218986	0.0213429
213	0.0218746	0.0213195
214	0.0218509	0.0212965
215	0.0218275	0.0212737
216	0.0218044	0.0212512
217	0.0217817	0.0212291
218	0.0217593	0.0212071
219	0.021737	0.0211858
220	0.0217152	0.0211645
221	0.0216936	0.0211432
222	0.0216721	0.0211225
223	0.021651	0.0211019
224	0.0216302	0.0210819
225	0.0216097	0.0210618
226	0.0215894	0.021042
227	0.0215693	0.0210226
228	0.0215495	0.0210033
229	0.02153	0.0209843
230	0.0215108	0.0209655
231	0.0214916	0.0209469
232	0.0214727	0.0209287
233	0.0214541	0.0209105
234	0.0214357	0.0208926
235	0.0214176	0.020875
236	0.0213995	0.0208575
237	0.0213819	0.0208402
238	0.0213644	0.0208233
239	0.021347	0.0208065
240	0.0213299	0.0207897
241	0.021313	0.0207733
242	0.0212963	0.0207571
243	0.0212798	0.0207411
244	0.0212635	0.0207251
245	0.0212473	0.0207094
246	0.0212314	0.020694
247	0.0212155	0.0206786
248	0.0212	0.0206635
249	0.0211847	0.0206484
250	0.0211694	0.0206337
251	0.0211544	0.0206191
252	0.0211395	0.0206046
253	0.0211247	0.0205904
254	0.0211102	0.0205762
255	0.0210958	0.0205623
256	0.0210817	0.0205485
257	0.0210674	0.0205349
258	0.0210536	0.0205213
259	0.02104	0.0205079
260	0.0210263	0.0204948
261	0.0210129	0.0204817
262	0.0209996	0.0204687
263	0.0209864	0.020456
264	0.0209734	0.0204432
265	0.0209606	0.0204309
266	0.0209476	0.0204185
267	0.0209352	0.0204062
268	0.0209227	0.0203941
269	0.0209104	0.0203822
270	0.0208982	0.0203705
271	0.0208862	0.0203586
272	0.0208743	0.0203471
273	0.0208625	0.0203357
274	0.0208508	0.0203244
275	0.0208393	0.0203131
276	0.0208278	0.0203019
277	0.0208164	0.020291
278	0.0208052	0.0202801
279	0.020794	0.0202694
280	0.0207832	0.0202587
281	0.0207724	0.0202482
282	0.0207616	0.0202378
283	0.020751	0.0202274
284	0.0207404	0.0202173
285	0.0207301	0.0202071
286	0.0207197	0.0201972
287	0.0207095	0.0201872
288	0.0206994	0.0201774
289	0.0206893	0.0201678
290	0.0206795	0.0201581
291	0.0206696	0.0201486
292	0.02066	0.0201391
293	0.0206503	0.0201299
294	0.0206408	0.0201207
295	0.0206315	0.0201115
296	0.0206221	0.0201025
297	0.0206129	0.0200935
298	0.0206038	0.0200847
299	0.0205947	0.0200758
300	0.0205857	0.0200672
301	0.0205769	0.0200586
302	0.020568	0.02005
303	0.0205595	0.0200416
304	0.0205507	0.0200331
305	0.0205423	0.020025
306	0.0205337	0.0200167
307	0.0205253	0.0200087
308	0.020517	0.0200006
309	0.0205089	0.0199927
310	0.0205007	0.0199847
311	0.0204926	0.0199768
312	0.0204846	0.0199692
313	0.0204768	0.0199615
314	0.0204689	0.019954
315	0.0204611	0.0199464
316	0.0204533	0.019939
317	0.0204458	0.0199316
318	0.0204382	0.0199242
319	0.0204308	0.019917
320	0.0204232	0.0199097
321	0.0204159	0.0199027
322	0.0204087	0.0198956
323	0.0204014	0.0198887
324	0.0203943	0.0198817
325	0.0203872	0.0198749
326	0.0203801	0.019868
327	0.0203732	0.0198614
328	0.0203663	0.0198547
329	0.0203594	0.0198481
330	0.0203528	0.0198415
331	0.0203461	0.019835
332	0.0203394	0.0198286
333	0.0203328	0.0198222
334	0.0203262	0.0198159
335	0.0203197	0.0198095
336	0.0203132	0.0198034
337	0.0203068	0.0197972
338	0.0203006	0.019791
339	0.0202943	0.019785
340	0.0202881	0.019779
341	0.0202819	0.0197731
342	0.0202758	0.0197672
343	0.0202697	0.0197612
344	0.0202638	0.0197555
345	0.0202578	0.0197498
346	0.0202519	0.0197441
347	0.0202461	0.0197384
348	0.0202404	0.0197328
349	0.0202346	0.0197271
350	0.0202289	0.0197218
351	0.0202233	0.0197162
352	0.0202176	0.0197108
353	0.0202122	0.0197054
354	0.0202066	0.0197001
355	0.020201	0.0196949
356	0.0201957	0.0196897
357	0.0201903	0.0196844
358	0.020185	0.0196793
359	0.0201797	0.0196742
360	0.0201744	0.0196692
361	0.0201692	0.0196642
362	0.020164	0.019659
363	0.0201589	0.0196541
364	0.0201538	0.0196491
365	0.0201488	0.0196443
366	0.0201439	0.0196395
367	0.0201389	0.0196347
368	0.0201338	0.01963
369	0.020129	0.0196254
370	0.0201242	0.0196207
371	0.0201194	0.0196159
372	0.0201145	0.0196114
373	0.0201099	0.0196069
374	0.0201052	0.0196024
375	0.0201005	0.0195977
376	0.0200959	0.0195933
377	0.0200914	0.0195889
378	0.0200867	0.0195845
379	0.0200823	0.0195801
380	0.0200778	0.0195758
381	0.0200733	0.0195716
382	0.020069	0.0195673
383	0.0200646	0.0195632
384	0.0200601	0.0195588
385	0.0200559	0.0195547
386	0.0200516	0.0195505
387	0.0200472	0.0195464
388	0.0200431	0.0195424
389	0.020039	0.0195384
390	0.0200349	0.0195344
391	0.0200306	0.0195303
392	0.0200266	0.0195264
393	0.0200224	0.0195226
394	0.0200185	0.0195188
395	0.0200145	0.0195148
396	0.0200106	0.019511
397	0.0200065	0.0195072
398	0.0200027	0.0195034
399	0.0199988	0.0194996
