1290 3 3
0.161751 0.0628828 0.106606
-1.20001 1.79201 -2.10573
0.173253 0.0508245 0.0783584
-1.28545 1.93085 -1.64978
0.162062 0.0673736 0.0725508
-1.17681 2.04167 -1.46114
0.165724 0.061637 0.0788688
-1.21472 1.99452 -1.57477
0.183567 0.0438777 0.0924458
-1.33617 1.54261 -2.32521
0.175042 0.0524806 0.0903002
-1.27951 1.79355 -1.94099
0.182462 0.0588681 0.0821237
-1.25871 1.64918 -2.06573
0.172475 0.0695959 0.0938948
-1.18727 1.63812 -2.19655
0.170041 0.0948672 0.0828543
-1.0619 1.51791 -2.26669
0.166122 0.0429638 0.0724744
-1.31771 2.10426 -1.3865
0.170026 0.0504855 0.0757092
-1.28216 1.9992 -1.54073
0.18102 0.0486321 0.074275
-1.30834 1.82118 -1.75552
0.169665 0.0650741 0.0744195
-1.20456 1.92902 -1.61676
0.166609 0.0622842 0.0853548
-1.21305 1.93884 -1.70333
0.174764 0.0527975 0.0988843
-1.27741 1.65158 -2.22762
0.163791 0.0756677 0.0744576
-1.13803 1.95174 -1.58845
0.162855 0.0541465 0.105206
-1.24981 1.86926 -1.98526
0.165411 0.0959523 0.0884744
-1.04515 1.53873 -2.29079
0.167663 0.049316 0.108255
-1.28473 1.70379 -2.25013
0.171411 0.0509854 0.0840195
-1.28168 1.92954 -1.7029
0.176422 0.0552214 0.0789678
-1.26745 1.8446 -1.76697
0.172365 0.0402314 0.0962551
-1.34149 1.86088 -1.9075
0.164028 0.111059 0.0726007
-0.975624 1.56935 -2.09253
0.166927 0.0583067 0.087155
-1.23475 1.94631 -1.71045
0.174882 0.0558688 0.0880037
-1.26158 1.79795 -1.91317
0.168294 0.090055 0.0891655
-1.07946 1.53536 -2.30288
0.178862 0.0712115 0.0876211
-1.1919 1.48251 -2.36855
0.188288 0.0562071 0.0821988
-1.2807 1.38941 -2.45987
0.171244 0.0903048 0.0772512
-1.08551 1.65324 -2.01424
0.179742 0.0403692 0.0982471
-1.34987 1.58713 -2.31762
0.164928 0.0477761 0.112099
-1.28883 1.70269 -2.29443
0.178558 0.0458556 0.0749115
-1.31942 1.87815 -1.68641
0.182067 0.0535291 0.0731457
-1.28485 1.77942 -1.80135
0.172895 0.0566368 0.0808264
-1.25423 1.89071 -1.7236
0.172816 0.0962017 0.0785384
-1.06284 1.46803 -2.30071
0.178684 0.0501858 0.0901187
-1.29699 1.7204 -2.04077
0.162008 0.0785605 0.0795986
-1.11929 1.93338 -1.65778
0.179156 0.0437664 0.0779131
-1.3312 1.86 -1.73714
0.177056 0.0464629 0.0995137
-1.31416 1.60515 -2.30363
0.162264 0.0595213 0.0881408
-1.21922 2.01221 -1.63739
0.183118 0.0602787 0.0855259
-1.25279 1.54448 -2.25275
0.172579 0.0996882 0.0719567
-1.04698 1.53512 -2.13704
0.162323 0.0517002 0.0747201
-1.26245 2.11637 -1.39231
0.174982 0.0640737 0.077007
-1.21979 1.827 -1.77248
0.164729 0.0961621 0.0823205
-1.0424 1.67597 -2.02926
0.171755 0.0485524 0.0801723
-1.2953 1.95863 -1.63112
0.181077 0.09013 0.0722952
-1.10896 1.34559 -2.43094
0.164088 0.0812656 0.0892986
-1.11095 1.79571 -1.9285
0.178568 0.0516277 0.0963138
-1.28935 1.56434 -2.33207
0.167755 0.100095 0.0792916
-1.03283 1.56802 -2.15727
0.183887 0.0445161 0.0851213
-1.33328 1.68487 -2.04314
0.170955 0.0686229 0.0781572
-1.18908 1.86269 -1.73584
0.162288 0.0998139 0.0720765
-1.01939 1.76983 -1.80471
0.166852 0.0764308 0.0896373
-1.14125 1.78179 -1.95075
0.175287 0.0738991 0.0743138
-1.17182 1.76199 -1.83558
0.171632 0.0779483 0.0859408
-1.14449 1.6942 -2.0377
0.170346 0.103023 0.0776112
-1.02686 1.40087 -2.39586
0.181967 0.0837196 0.0755224
-1.13959 1.38743 -2.39645
0.172061 0.0748725 0.0753543
-1.16036 1.81051 -1.77949
0.16202 0.0501691 0.0990724
-1.27051 1.98552 -1.77356
0.192209 0.0407924 0.078861
-1.36167 1.52862 -2.21187
0.18018 0.0465966 0.0912035
-1.31773 1.68803 -2.09735
0.170555 0.0826713 0.0802525
-1.11945 1.73054 -1.93325
0.1705 0.050722 0.103724
-1.28164 1.71095 -2.19113
0.174344 0.047155 0.087086
-1.30665 1.87209 -1.80553
0.181084 0.0455207 0.0952456
-1.32452 1.55605 -2.33359
0.169626 0.0427537 0.0888177
-1.32389 1.96979 -1.69627
0.168553 0.0653554 0.0847423
-1.2009 1.8868 -1.76458
0.190487 0.0426005 0.0807847
-1.35078 1.54561 -2.20489
0.185026 0.0450249 0.0784573
-1.33209 1.72505 -1.92426
0.166093 0.0759711 0.0961677
-1.14181 1.71142 -2.11301
0.161994 0.0894886 0.0810469
-1.0661 1.82586 -1.81084
0.17862 0.042896 0.0799495
-1.33511 1.86163 -1.75351
0.169225 0.0552442 0.0794572
-1.25525 1.97072 -1.60955
0.180086 0.0621404 0.0747034
-1.23853 1.7531 -1.85125
0.165015 0.0421559 0.0868941
-1.32068 2.06313 -1.56431
0.17608 0.0726848 0.0750428
-1.17931 1.75096 -1.85726
0.178432 0.043079 0.0922472
-1.3339 1.74779 -2.02295
0.17573 0.0454719 0.0754078
-1.31759 1.92806 -1.62682
0.16917 0.0970814 0.0756155
-1.04981 1.62923 -2.03348
0.170504 0.0498337 0.102139
-1.28644 1.75599 -2.11013
0.178541 0.0924649 0.0730996
-1.09294 1.42643 -2.3123
0.169824 0.0535389 0.1037
-1.2654 1.70457 -2.20015
0.162706 0.0663155 0.0755901
-1.18377 2.02749 -1.5052
0.187061 0.0586089 0.08045
-1.26717 1.51369 -2.24967
0.178231 0.0456994 0.0925999
-1.3198 1.73018 -2.05111
0.178993 0.0406773 0.0814794
-1.34734 1.85414 -1.77733
0.173114 0.048463 0.081069
-1.29784 1.93024 -1.67509
0.163151 0.0455844 0.090447
-1.29834 2.05704 -1.6043
0.169014 0.0698864 0.0855263
-1.17871 1.8368 -1.83767
0.163376 0.062588 0.0745974
-1.20495 2.04353 -1.47704
0.180855 0.0791306 0.077634
-1.15836 1.51267 -2.22412
0.173137 0.0459587 0.0892217
-1.31133 1.8847 -1.80899
0.166801 0.0639939 0.0795398
-1.20446 1.95892 -1.62504
0.163439 0.0493922 0.0885853
-1.27732 2.04587 -1.60054
0.168876 0.0624716 0.0927376
-1.21648 1.83011 -1.91476
0.163646 0.0852788 0.098232
-1.0904 1.56572 -2.35017
0.180032 0.0629618 0.0906498
-1.23437 1.46398 -2.42875
0.162623 0.0768106 0.0937
-1.12954 1.82408 -1.93215
0.179083 0.066185 0.0724344
-1.21679 1.75903 -1.82261
0.181784 0.0739433 0.0719761
-1.18447 1.63237 -1.99546
0.181609 0.0527033 0.0916727
-1.28835 1.55069 -2.30495
0.186267 0.0580599 0.0752167
-1.26864 1.63193 -2.0259
0.167279 0.0925193 0.0740819
-1.06559 1.74267 -1.85991
0.163264 0.0747303 0.0886651
-1.14154 1.88074 -1.80896
0.166525 0.106867 0.0746884
-1.00025 1.54786 -2.14366
0.168536 0.0481732 0.0922577
-1.29239 1.93635 -1.77077
0.171629 0.0476373 0.098843
-1.30005 1.79937 -2.01626
0.162413 0.0426203 0.0833859
-1.31416 2.12048 -1.46502
0.165201 0.0829931 0.0893192
-1.10525 1.75099 -1.99024
0.161712 0.0417008 0.0754144
-1.31842 2.16585 -1.342
0.170149 0.0528782 0.0908033
-1.26948 1.89066 -1.81608
0.169476 0.0453563 0.106096
-1.3093 1.74072 -2.17316
0.184398 0.0619928 0.0789304
-1.24648 1.60291 -2.10259
0.177844 0.0458736 0.0851042
-1.31836 1.82359 -1.85139
0.173452 0.0428651 0.0977304
-1.32852 1.80118 -2.00272
0.166678 0.039955 0.0902038
-1.33552 2.02393 -1.64213
0.162137 0.0754535 0.104817
-1.13524 1.62629 -2.32853
0.179792 0.0792869 0.0728834
-1.15546 1.61607 -2.02721
0.167184 0.0789441 0.0914
-1.12964 1.72234 -2.05046
0.167556 0.0663241 0.0839141
-1.19389 1.90398 -1.73471
0.1704 0.0507087 0.0794399
-1.28156 1.97484 -1.60426
0.164514 0.0933498 0.0831007
-1.05467 1.71097 -1.98714
0.17754 0.0488288 0.0785362
-1.3024 1.86196 -1.74022
0.17492 0.0472621 0.0735082
-1.3069 1.94229 -1.59186
0.176697 0.0415703 0.10116
-1.33974 1.62675 -2.28848
0.167297 0.0977556 0.0799931
-1.04198 1.61356 -2.0971
0.164775 0.0500216 0.0908819
-1.27606 2.00498 -1.6717
0.169458 0.0524943 0.101629
-1.27039 1.77303 -2.08092
0.171087 0.0401243 0.0868495
-1.34043 1.96862 -1.67953
0.185489 0.0689745 0.0794989
-1.21479 1.41761 -2.38828
0.162965 0.0419596 0.115398
-1.31879 1.73396 -2.28563
0.18338 0.0745191 0.0771786
-1.18482 1.49697 -2.24348
0.166843 0.083926 0.0936661
-1.10473 1.61026 -2.23549
0.166484 0.0568604 0.0914778
-1.24168 1.93031 -1.77116
0.182689 0.0676489 0.0842975
-1.21616 1.45402 -2.37927
0.164871 0.0506599 0.101954
-1.27268 1.89437 -1.91909
0.183664 0.0546629 0.0734538
-1.28152 1.73646 -1.86274
0.172185 0.0641721 0.0983337
-1.21405 1.61122 -2.28207
0.170881 0.0698773 0.0788007
-1.18262 1.85066 -1.75747
0.181186 0.0593325 0.0799777
-1.25434 1.70473 -1.96671
0.177275 0.0781443 0.0820903
-1.15561 1.58011 -2.16613
0.183609 0.0498551 0.089838
-1.30566 1.54837 -2.28986
0.16344 0.104175 0.0854765
-1.00334 1.48137 -2.34865
0.168041 0.0424905 0.102334
-1.32313 1.86955 -1.95585
0.164504 0.0544946 0.103628
-1.25091 1.85162 -1.99299
0.189395 0.0421854 0.0737237
-1.35164 1.67584 -1.94968
0.180287 0.0524311 0.0857617
-1.28778 1.71753 -2.00306
0.167153 0.0402362 0.0741411
-1.33458 2.09366 -1.4136
0.173801 0.0921617 0.0762313
-1.08323 1.5664 -2.13073
0.168682 0.0807564 0.0772747
-1.12429 1.81129 -1.79586
0.176289 0.052418 0.0841051
-1.28178 1.82656 -1.83813
0.166362 0.0640743 0.0799882
-1.20316 1.96337 -1.62352
0.173154 0.0837916 0.0741089
-1.1201 1.71434 -1.89929
0.17628 0.0474852 0.0815618
-1.30767 1.87358 -1.75259
0.170075 0.0955368 0.0718128
-1.05899 1.6654 -1.94699
0.16223 0.0790873 0.0888673
-1.1172 1.85946 -1.83885
0.175801 0.0567526 0.0915907
-1.25853 1.72389 -2.05012
0.176094 0.0573508 0.0744979
-1.25595 1.86414 -1.70093
0.169469 0.0447804 0.0962519
-1.31246 1.89869 -1.85756
0.165542 0.0599541 0.100736
-1.22332 1.82476 -2.00036
0.165754 0.0620254 0.0779276
-1.21273 1.99609 -1.56439
0.190657 0.0513992 0.0762158
-1.30747 1.53825 -2.17231
0.17272 0.0407135 0.0929282
-1.3393 1.88604 -1.84227
0.162293 0.0802747 0.0948262
-1.11146 1.77936 -2.00423
0.172239 0.0892066 0.0761011
-1.09291 1.65501 -2.00107
0.16999 0.0723281 0.0964516
-1.16852 1.62396 -2.24351
0.172346 0.0637837 0.0781194
-1.21634 1.87159 -1.72386
0.164029 0.0879171 0.0914176
-1.07878 1.68444 -2.1046
0.166793 0.0731944 0.0842156
-1.15727 1.86304 -1.79079
0.172181 0.064007 0.0963315
-1.21488 1.67111 -2.17283
0.166561 0.0613512 0.100038
-1.21788 1.79746 -2.03084
0.162766 0.102501 0.0818621
-1.00879 1.63292 -2.08671
0.167565 0.060253 0.0925595
-1.22561 1.87649 -1.8513
0.1738 0.0550475 0.0853203
-1.26406 1.85098 -1.81693
0.161646 0.0704895 0.0934533
-1.15958 1.90424 -1.8235
0.165312 0.0617486 0.0954791
-1.21332 1.88132 -1.87291
0.177498 0.0467084 0.0806685
-1.31348 1.86004 -1.76215
0.170078 0.0412359 0.0987742
-1.33293 1.87652 -1.9113
0.171809 0.0535209 0.100914
-1.26881 1.70374 -2.17231
0.169119 0.0485839 0.0999383
-1.29105 1.83889 -1.97319
0.166209 0.0807074 0.085253
-1.11875 1.79747 -1.88796
0.163958 0.0874974 0.0965618
-1.08059 1.55452 -2.34973
0.166425 0.0447628 0.0795389
-1.30805 2.06644 -1.49377
0.171277 0.0493828 0.081935
-1.29009 1.95302 -1.65414
0.168309 0.0633332 0.0952259
-1.21089 1.80576 -1.97185
0.178875 0.0698589 0.0865565
-1.19847 1.55405 -2.24852
0.161522 0.0529904 0.0950611
-1.25379 2.01338 -1.70057
0.174797 0.0478781 0.0851077
-1.30345 1.87489 -1.7835
0.16682 0.0567354 0.0814151
-1.24297 1.99236 -1.60039
0.170446 0.0541995 0.0887087
-1.26292 1.89469 -1.79116
0.164378 0.0630656 0.101568
-1.20445 1.81198 -2.02622
0.172694 0.0696317 0.0857043
-1.18753 1.75864 -1.9453
0.181851 0.0651357 0.0818844
-1.22685 1.605 -2.12755
0.16475 0.0495841 0.0892801
-1.27845 2.01866 -1.64002
0.164008 0.0409462 0.0870994
-1.32614 2.08316 -1.54238
0.172009 0.0450124 0.102823
-1.31485 1.73601 -2.14561
0.173902 0.0589446 0.0976558
-1.244 1.63998 -2.2321
0.165277 0.0539812 0.0827635
-1.25511 2.02555 -1.57196
0.192654 0.0624029 0.0718832
-1.25755 1.34025 -2.43538
0.165308 0.042571 0.0825131
-1.31875 2.07962 -1.5049
0.166504 0.0573916 0.0873261
-1.23886 1.95823 -1.69698
0.171361 0.0635919 0.0929019
-1.21545 1.75998 -2.01232
0.161697 0.0939392 0.092982
-1.0445 1.61788 -2.21725
0.169573 0.0529273 0.106996
-1.26826 1.57166 -2.43729
0.162763 0.0911089 0.0858832
-1.06049 1.74852 -1.96099
0.173574 0.0488916 0.0726355
-1.29623 1.96087 -1.56081
0.175626 0.0406418 0.0997839
-1.34339 1.7182 -2.13985
0.171368 0.0514585 0.07242
-1.27908 1.98559 -1.52822
0.181047 0.0457394 0.0899815
-1.32334 1.68824 -2.08511
0.172021 0.088479 0.0763681
-1.09573 1.66683 -1.98672
0.189628 0.0674743 0.0718902
-1.22894 1.44762 -2.26822
0.16408 0.0628826 0.0957804
-1.20482 1.89439 -1.85865
0.162576 0.0987336 0.0907541
-1.02502 1.51304 -2.35328
0.175769 0.044472 0.0893414
-1.32298 1.83695 -1.87324
0.170254 0.0453295 0.107814
-1.31059 1.64577 -2.332
0.1766 0.0610381 0.079721
-1.23802 1.79742 -1.83682
0.17102 0.0956081 0.0758995
-1.06103 1.5984 -2.08074
0.169671 0.0497891 0.0725637
-1.28536 2.02011 -1.48727
0.165034 0.0519456 0.10091
-1.26586 1.89536 -1.90744
0.168127 0.0844259 0.0879194
-1.10543 1.67684 -2.08143
0.166978 0.0498518 0.095814
-1.28067 1.92455 -1.81976
0.167691 0.0419593 0.0833003
-1.32561 2.03987 -1.55949
0.171151 0.0984919 0.0784529
-1.04861 1.48963 -2.26688
0.175562 0.0602525 0.0933091
-1.24019 1.66558 -2.15054
0.161605 0.0873458 0.0726715
-1.07528 1.90096 -1.63694
0.166784 0.051383 0.0823732
-1.27194 2.01648 -1.57947
0.166221 0.0696991 0.0901503
-1.17375 1.85269 -1.85991
0.162238 0.0456068 0.0910734
-1.29676 2.06785 -1.59716
0.16392 0.0451737 0.0989969
-1.30189 1.97809 -1.78216
0.171995 0.0429232 0.103227
-1.32623 1.74504 -2.13691
0.177151 0.0953488 0.0717751
-1.07703 1.4556 -2.25495
0.171509 0.077801 0.0914958
-1.14493 1.59752 -2.23259
0.166135 0.0609629 0.0901671
-1.2191 1.92059 -1.77132
0.173312 0.0536771 0.102173
-1.27045 1.58285 -2.36617
0.184808 0.0487926 0.0810451
-1.31267 1.67995 -2.01162
0.173346 0.0420973 0.0929352
-1.33256 1.86588 -1.8689
0.16458 0.0399507 0.0954644
-1.33266 2.02164 -1.69423
0.170134 0.0816 0.0816626
-1.12358 1.73797 -1.93603
0.177658 0.092773 0.075297
-1.08955 1.38719 -2.39464
0.16305 0.103903 0.0720425
-1.00344 1.7065 -1.89143
0.171638 0.0796357 0.0834115
-1.13638 1.70581 -1.99732
0.164483 0.0625522 0.10204
-1.20739 1.80658 -2.03843
0.16333 0.0491378 0.0993017
-1.27856 1.9647 -1.80205
0.186589 0.0410339 0.0804594
-1.35433 1.68912 -1.99316
0.165615 0.0497046 0.096721
-1.27923 1.94309 -1.80465
0.16563 0.0810869 0.0721441
-1.11553 1.89021 -1.64606
0.173381 0.0817069 0.0760426
-1.13041 1.7155 -1.91534
0.162803 0.0435756 0.0734294
-1.30927 2.14861 -1.34395
0.167343 0.0421602 0.110579
-1.32399 1.72108 -2.25022
0.164359 0.0479369 0.0893861
-1.28701 2.03272 -1.62385
0.176786 0.0541143 0.0763802
-1.27375 1.86 -1.72328
0.181594 0.0625912 0.0799436
-1.23887 1.66615 -2.02092
0.172785 0.0422446 0.0875205
-1.33101 1.92348 -1.74293
0.185184 0.0406322 0.0835638
-1.3548 1.69357 -2.01602
0.188378 0.049819 0.0778175
-1.31225 1.60808 -2.0846
0.169069 0.0433341 0.0989317
-1.31989 1.88525 -1.90129
0.164113 0.0960595 0.0783809
-1.04124 1.73224 -1.91359
0.172501 0.0788634 0.0828296
-1.14199 1.69997 -2.00006
0.166829 0.0699133 0.0934396
-1.17396 1.80203 -1.95958
0.16869 0.0712033 0.0903592
-1.17139 1.78395 -1.95468
0.176669 0.0486503 0.0793474
-1.30208 1.87442 -1.73131
0.168494 0.0975234 0.0727815
-1.04612 1.66726 -1.95318
0.168409 0.0591726 0.0783177
-1.23291 1.96782 -1.60291
0.18014 0.0421638 0.0771497
-1.34087 1.85302 -1.73938
0.179376 0.0625556 0.0825106
-1.23524 1.6955 -2.00337
0.17915 0.0431504 0.0731692
-1.33444 1.88815 -1.65787
0.170915 0.0705067 0.0926763
-1.17954 1.70192 -2.09193
0.167518 0.0751541 0.0984882
-1.14908 1.61372 -2.27994
0.177215 0.0619799 0.0788483
-1.23435 1.78445 -1.84635
0.175904 0.0766623 0.0837297
-1.1598 1.6197 -2.12373
0.167357 0.0514811 0.0911524
-1.27237 1.94912 -1.74412
0.171564 0.0436643 0.103977
-1.32158 1.73599 -2.15765
0.185752 0.0415295 0.0887766
-1.35084 1.57652 -2.23679
0.172591 0.0799749 0.0729518
-1.13687 1.77103 -1.81096
0.178163 0.04078 0.0826568
-1.34578 1.8618 -1.77807
0.164717 0.0846404 0.0747284
-1.09613 1.86307 -1.70439
0.165191 0.066485 0.105436
-1.18816 1.6446 -2.30759
0.180056 0.0422798 0.0721869
-1.34016 1.88003 -1.6596
0.187081 0.0501004 0.0812231
-1.30914 1.59765 -2.13202
0.177713 0.0646717 0.0925973
-1.22178 1.50284 -2.38817
0.166415 0.0949656 0.07209
-1.05223 1.74617 -1.83708
0.177821 0.0450343 0.0948657
-1.32275 1.70983 -2.10229
0.16226 0.069494 0.0982484
-1.16614 1.84792 -1.94432
0.175551 0.052485 0.0916076
-1.28028 1.76532 -1.99236
0.169423 0.0434948 0.0750243
-1.3195 2.04257 -1.48199
0.172323 0.0797205 0.0718018
-1.1375 1.78533 -1.78128
0.169573 0.0513471 0.0897799
-1.27677 1.91961 -1.76896
0.188942 0.0416051 0.0859802
-1.35406 1.48562 -2.34714
0.164586 0.0710384 0.100761
-1.16333 1.73149 -2.13083
0.166923 0.0740917 0.080259
-1.15305 1.88081 -1.73128
0.165194 0.0609005 0.0854677
-1.2176 1.9715 -1.66322
0.162165 0.0717171 0.106788
-1.15441 1.62408 -2.35363
0.164531 0.047669 0.0871785
-1.28879 2.04484 -1.58886
0.166104 0.0480886 0.0787518
-1.28899 2.06026 -1.49407
0.174689 0.0628104 0.0887399
-1.22563 1.73794 -2.00287
0.170297 0.0905683 0.0803008
-1.08201 1.6377 -2.06504
0.183966 0.0683631 0.0753883
-1.215 1.59432 -2.08192
0.177164 0.071475 0.0833667
-1.18733 1.65321 -2.07172
0.161901 0.0781989 0.099878
-1.12084 1.73201 -2.12107
0.162473 0.0897921 0.0944159
-1.06591 1.6399 -2.19919
0.163569 0.0779801 0.0771137
-1.12593 1.92538 -1.64553
0.164604 0.0460352 0.101732
-1.29809 1.9312 -1.86875
0.182555 0.072421 0.0750085
-1.19313 1.59471 -2.07782
0.185945 0.0699387 0.0725201
-1.21104 1.55049 -2.11954
0.167417 0.096095 0.0743764
-1.04972 1.6957 -1.92774
0.163217 0.0523876 0.105558
-1.26021 1.86884 -1.98942
0.168782 0.0571772 0.0997436
-1.24417 1.78276 -2.04826
0.172356 0.089037 0.0786955
-1.09397 1.62398 -2.06978
0.164806 0.0442808 0.0850939
-1.30831 2.06742 -1.54276
0.186187 0.0603633 0.0749361
-1.25728 1.61653 -2.04549
0.182853 0.0421948 0.0809044
-1.34401 1.76968 -1.88538
0.176729 0.0440255 0.0767117
-1.32665 1.91048 -1.66092
0.171378 0.0426867 0.0826158
-1.32668 1.97862 -1.62831
0.1629 0.0511824 0.110135
-1.26637 1.80146 -2.12988
0.193121 0.0488143 0.0735802
-1.32322 1.5132 -2.18489
0.166134 0.0561105 0.106876
-1.24508 1.72271 -2.20752
0.164772 0.0506242 0.111545
-1.27271 1.69159 -2.30475
0.170027 0.087439 0.0850924
-1.0958 1.62088 -2.13512
0.176106 0.0443246 0.0933357
-1.32422 1.78536 -1.98143
0.162897 0.085078 0.0787193
-1.08948 1.86786 -1.73417
0.18471 0.0446455 0.0897385
-1.33364 1.56434 -2.2647
0.1731 0.0663327 0.0838422
-1.20485 1.79645 -1.87619
0.166273 0.0945907 0.0736028
-1.05357 1.74296 -1.85517
0.166236 0.0438923 0.0863226
-1.31265 2.039 -1.58806
0.172058 0.0624981 0.0898728
-1.22238 1.79062 -1.9409
0.163805 0.0608425 0.0766577
-1.21516 2.03914 -1.50066
0.175882 0.0445166 0.0747369
-1.3229 1.93274 -1.61488
0.172022 0.0489274 0.0858402
-1.29369 1.9169 -1.73582
0.164256 0.0767926 0.0784588
-1.13347 1.91621 -1.66933
0.164402 0.0776363 0.0886447
-1.12961 1.83243 -1.87272
0.176666 0.0420926 0.0755924
-1.3369 1.92549 -1.63173
0.165618 0.053749 0.0841907
-1.25698 2.0135 -1.59962
0.162395 0.0683512 0.0903625
-1.17241 1.93421 -1.7557
0.171832 0.0941037 0.0823922
-1.06976 1.45404 -2.36017
0.173786 0.0581009 0.0863746
-1.24815 1.82172 -1.86575
0.173217 0.0585697 0.0720884
-1.24474 1.91878 -1.60899
0.178717 0.0560649 0.0771915
-1.26681 1.80577 -1.80249
0.165042 0.0996262 0.0868762
-1.0277 1.49804 -2.33698
0.168739 0.0621591 0.102619
-1.21785 1.66102 -2.25277
0.171357 0.0821311 0.0736194
-1.12385 1.77107 -1.81694
0.172133 0.0833899 0.0726097
-1.11966 1.75028 -1.83614
0.163209 0.0552179 0.0944246
-1.24456 1.97578 -1.74131
0.161481 0.0545126 0.11199
-1.24523 1.76352 -2.20405
0.170805 0.08414 0.0830284
-1.11308 1.67689 -2.03464
0.182985 0.0569084 0.0840608
-1.26928 1.62307 -2.122
0.163913 0.048236 0.103292
-1.2846 1.91351 -1.90727
0.171714 0.0726807 0.0927928
-1.1704 1.64478 -2.17571
0.181731 0.0437975 0.0769616
-1.3343 1.81509 -1.78793
0.172048 0.0809481 0.0775485
-1.13103 1.73978 -1.89552
0.164772 0.0647842 0.10151
-1.19619 1.78548 -2.0623
0.174054 0.0631988 0.0950992
-1.2225 1.64195 -2.20308
0.168082 0.0536194 0.0741657
-1.26199 2.02094 -1.50047
0.166734 0.0764799 0.080598
-1.14074 1.86259 -1.75817
0.18079 0.0646269 0.0737007
-1.22748 1.72617 -1.87919
0.176068 0.0608283 0.0941682
-1.23815 1.61844 -2.22842
0.167891 0.0530614 0.10407
-1.26468 1.76592 -2.11601
0.166733 0.0590835 0.102838
-1.23024 1.7654 -2.10402
0.16741 0.0546015 0.0811514
-1.25552 1.99574 -1.59384
0.17588 0.0635648 0.0799436
-1.22399 1.79213 -1.84601
0.172799 0.0561368 0.0832291
-1.25668 1.87953 -1.76011
0.161777 0.073159 0.0895344
-1.1461 1.91417 -1.77366
0.170158 0.0912959 0.0816152
-1.07835 1.61149 -2.11551
0.162622 0.0983363 0.0793873
-1.02693 1.72605 -1.93146
0.162651 0.0894081 0.0743111
-1.06819 1.85727 -1.70823
0.161882 0.0781989 0.0946447
-1.12079 1.8144 -1.95442
0.187509 0.0494486 0.0817707
-1.31295 1.57879 -2.16502
0.173198 0.0400661 0.0784537
-1.34346 1.97993 -1.58907
0.176694 0.0876617 0.0807046
-1.11026 1.41458 -2.40501
0.179838 0.0525829 0.0887326
-1.28634 1.68817 -2.07309
0.178486 0.0636628 0.0792146
-1.22818 1.74085 -1.90937
0.170653 0.0553423 0.0757436
-1.2572 1.96402 -1.58457
0.184424 0.0730458 0.0762031
-1.19368 1.49862 -2.23166
0.181736 0.0606136 0.081381
-1.24887 1.6633 -2.03848
0.177185 0.040548 0.0923566
-1.34582 1.79343 -1.96088
0.16225 0.0523698 0.0796214
-1.25858 2.09594 -1.45972
0.169286 0.0400843 0.0926955
-1.33829 1.9583 -1.747
0.179738 0.0562211 0.0907419
-1.26764 1.61674 -2.19653
0.166024 0.0863366 0.0938613
-1.09126 1.58579 -2.27414
0.17385 0.0541725 0.0961736
-1.26873 1.72878 -2.08835
0.182754 0.0464535 0.0786799
-1.32188 1.7672 -1.86827
0.182845 0.0786037 0.0778839
-1.16479 1.38758 -2.41948
0.173149 0.0775062 0.0787566
-1.14992 1.73992 -1.90642
0.173763 0.042816 0.0856141
-1.3292 1.91628 -1.73452
0.167056 0.0479456 0.105818
-1.29131 1.80024 -2.086
0.173435 0.0665916 0.0732764
-1.2042 1.85922 -1.6964
0.176028 0.0687252 0.087929
-1.19857 1.64927 -2.12128
0.177669 0.0802602 0.0757927
-1.1465 1.62992 -2.03413
0.191882 0.0493501 0.0761678
-1.31906 1.51058 -2.21329
0.167004 0.0462002 0.0824619
-1.3009 2.03716 -1.55517
0.189717 0.0582784 0.0728413
-1.27276 1.55306 -2.11872
0.179156 0.0510919 0.0806618
-1.29299 1.80227 -1.83892
0.176818 0.0451594 0.0904846
-1.32074 1.79746 -1.93742
0.165646 0.0589675 0.0946336
-1.2288 1.90365 -1.83554
0.18321 0.0565557 0.0853511
-1.27138 1.59532 -2.17517
0.165813 0.0697125 0.0939666
-1.1728 1.82043 -1.93967
0.187541 0.0610373 0.0741695
-1.25615 1.57817 -2.09417
0.169474 0.0640339 0.0843247
-1.20954 1.88209 -1.76686
0.173335 0.0694664 0.0890585
-1.18963 1.70243 -2.05594
0.179484 0.0627074 0.0743064
-1.23468 1.76435 -1.83229
0.17139 0.0539406 0.0964987
-1.26589 1.79239 -2.00267
0.161556 0.0504414 0.0872915
-1.26816 2.07867 -1.54945
0.171696 0.0696183 0.0934464
-1.18558 1.67495 -2.13831
0.164569 0.0423434 0.0918159
-1.31896 2.0387 -1.63914
0.166781 0.0558247 0.0757128
-1.2478 2.02412 -1.51038
0.171319 0.0540343 0.103118
-1.26527 1.65264 -2.27054
0.162762 0.0426114 0.116271
-1.31474 1.68784 -2.36511
0.177094 0.0442398 0.0931646
-1.326 1.76294 -2.01076
0.16234 0.0472719 0.110877
-1.28744 1.83574 -2.09006
0.17604 0.0536947 0.0951536
-1.27475 1.68373 -2.14266
0.183395 0.0775814 0.0726711
-1.1706 1.53093 -2.14991
0.16922 0.0727344 0.0891716
-1.16485 1.77053 -1.96178
0.183428 0.0698273 0.0814807
-1.20706 1.46612 -2.33244
0.166982 0.0503785 0.0736624
-1.27778 2.05558 -1.45433
0.165 0.0414416 0.0718309
-1.32472 2.12883 -1.35244
0.163361 0.0521332 0.0788924
-1.26188 2.08315 -1.46821
0.16481 0.0639896 0.106565
-1.20045 1.66752 -2.28551
0.164547 0.0761408 0.0941175
-1.13741 1.78252 -1.99295
0.185947 0.0585197 0.0797586
-1.2659 1.57558 -2.15054
0.16942 0.0412271 0.100359
-1.33209 1.87154 -1.93353
0.166767 0.0822832 0.0746736
-1.11244 1.84839 -1.72314
0.163293 0.0460888 0.0870586
-1.29571 2.07293 -1.55413
0.170056 0.0816402 0.0914104
-1.12321 1.58516 -2.25021
0.189115 0.0441541 0.0720466
-1.34143 1.68557 -1.92071
0.19395 0.0491535 0.075757
-1.32259 1.39856 -2.38129
0.163954 0.0423881 0.0968849
-1.3178 2.01021 -1.72182
0.182038 0.0441501 0.0892627
-1.33286 1.68149 -2.08778
0.17708 0.0679261 0.0776643
-1.20452 1.75009 -1.88239
0.162904 0.0662129 0.104289
-1.18474 1.76862 -2.11447
0.174912 0.0669754 0.0782941
-1.20511 1.79828 -1.8226
0.180887 0.0483107 0.0944038
-1.30981 1.55935 -2.31981
0.178011 0.0602835 0.0832498
-1.24427 1.74081 -1.94691
0.162794 0.0563071 0.0998804
-1.2378 1.9239 -1.86001
0.167172 0.0604673 0.0722562
-1.22373 2.00553 -1.50229
0.16554 0.071208 0.0774591
-1.16457 1.94175 -1.62789
0.185569 0.0705682 0.0761311
-1.20741 1.49175 -2.24137
0.162232 0.040549 0.108953
-1.32587 1.91754 -1.95948
0.173121 0.0743635 0.076121
-1.16508 1.78927 -1.81496
0.165584 0.0544811 0.102146
-1.25293 1.84819 -1.98268
0.167388 0.0988181 0.0816087
-1.0375 1.56332 -2.18641
0.164618 0.0425487 0.10882
-1.31786 1.84973 -2.04906
0.164793 0.0833547 0.0766451
-1.10251 1.86255 -1.72234
0.180025 0.0428512 0.0747607
-1.33712 1.86552 -1.70149
0.163027 0.0783819 0.0783048
-1.12263 1.92498 -1.65677
0.161873 0.0780115 0.0791742
-1.12171 1.94225 -1.64272
0.18676 0.0605597 0.0824729
-1.25723 1.38821 -2.46456
0.165654 0.0788862 0.0740299
-1.12636 1.89881 -1.65184
0.175168 0.0883939 0.0757965
-1.10346 1.59063 -2.09111
0.191597 0.0434665 0.0740762
-1.34771 1.60382 -2.05593
0.162728 0.112331 0.0750788
-0.96661 1.54674 -2.14898
0.170393 0.0498292 0.0956805
-1.28629 1.85535 -1.9093
0.162586 0.0479816 0.0807404
-1.28383 2.10675 -1.45713
0.165543 0.0713374 0.0813644
-1.16391 1.91934 -1.69168
0.184622 0.051529 0.0885648
-1.29862 1.50466 -2.34387
0.183109 0.0690863 0.0734271
-1.21001 1.63336 -2.00736
0.162013 0.0642532 0.106223
-1.19323 1.77686 -2.12303
0.164661 0.0414149 0.0741549
-1.32439 2.12704 -1.37502
0.177162 0.0509849 0.0884553
-1.29058 1.77462 -1.94933
0.167379 0.0513919 0.0950884
-1.27289 1.91456 -1.82573
0.167765 0.0910952 0.0727881
-1.07335 1.75722 -1.82827
0.181415 0.0482259 0.077903
-1.31097 1.792 -1.8275
0.166239 0.0874125 0.0930673
-1.0867 1.5752 -2.282
0.178305 0.0547481 0.0823973
-1.27289 1.78298 -1.88105
0.171057 0.0526014 0.102841
-1.27247 1.69219 -2.20919
0.16256 0.0826496 0.0954869
-1.10043 1.73238 -2.07643
0.166131 0.0785513 0.0826756
-1.12912 1.8411 -1.80556
0.176406 0.0493422 0.075384
-1.29806 1.89781 -1.66525
0.164929 0.091948 0.0922324
-1.06221 1.54572 -2.31824
0.162744 0.0998674 0.071789
-1.0204 1.76259 -1.81195
0.176137 0.0499538 0.0739122
-1.29445 1.9066 -1.64079
0.169914 0.0670516 0.0780134
-1.19494 1.89345 -1.69454
0.164851 0.0610969 0.101907
-1.21587 1.8133 -2.02783
0.163123 0.0799398 0.0980367
-1.11513 1.70734 -2.13768
0.173481 0.0760822 0.0892676
-1.15749 1.60491 -2.1994
0.175188 0.0756937 0.0839453
-1.16295 1.65113 -2.08024
0.175451 0.0909607 0.0785484
-1.09251 1.47764 -2.28608
0.173339 0.0406241 0.0801924
-1.34059 1.96655 -1.62139
0.168785 0.073105 0.0948704
-1.16206 1.69318 -2.12621
0.190512 0.0404042 0.0814006
-1.36181 1.55191 -2.2014
0.182369 0.078577 0.0755017
-1.16397 1.50358 -2.2175
0.17367 0.0960633 0.0723878
-1.06555 1.55917 -2.10551
0.163024 0.0581508 0.0815692
-1.22816 2.04482 -1.53788
0.178233 0.0567569 0.0954789
-1.26251 1.51143 -2.40511
0.183152 0.0752155 0.078558
-1.18112 1.45322 -2.32368
0.175477 0.0455344 0.0955605
-1.31691 1.76249 -2.03486
0.187225 0.0557787 0.081706
-1.28125 1.51546 -2.25919
0.168281 0.0698239 0.0987584
-1.17749 1.67081 -2.19804
0.168879 0.0514721 0.0994969
-1.27495 1.8304 -1.98032
0.163016 0.0476245 0.099305
-1.28656 1.97902 -1.78398
0.172676 0.0669487 0.0909785
-1.20093 1.71941 -2.0505
0.181465 0.0681222 0.0856768
-1.21167 1.46989 -2.36847
0.170667 0.0588779 0.0937745
-1.23859 1.80654 -1.95668
0.174238 0.069694 0.0814396
-1.1903 1.76495 -1.89679
0.162917 0.0582579 0.091803
-1.22737 1.98321 -1.70731
0.177823 0.055132 0.096112
-1.27016 1.5529 -2.3475
0.167552 0.0579005 0.0979843
-1.23808 1.83303 -1.9618
0.165467 0.0880955 0.0731028
-1.08156 1.82734 -1.73681
0.162726 0.0931713 0.0729969
-1.05079 1.82683 -1.73654
0.166044 0.0564274 0.0904509
-1.24321 1.94939 -1.7372
0.171122 0.0736896 0.0894215
-1.16417 1.70963 -2.04924
0.167716 0.102679 0.0793772
-1.02144 1.50892 -2.24652
0.186756 0.0614034 0.0725369
-1.25314 1.61696 -2.02275
0.169442 0.0619135 0.0801284
-1.22047 1.924 -1.67449
0.164027 0.0548026 0.0726016
-1.24835 2.08263 -1.41292
0.162005 0.0617176 0.0745426
-1.20681 2.06946 -1.44564
0.176765 0.0612746 0.0738204
-1.23711 1.83087 -1.73858
0.165476 0.0562846 0.0759319
-1.24293 2.04125 -1.49164
0.171239 0.0638865 0.0858478
-1.21371 1.83676 -1.84071
0.167309 0.0807431 0.0813648
-1.12117 1.80827 -1.83732
0.169839 0.0658062 0.0725987
-1.20115 1.9293 -1.60018
0.166547 0.0517089 0.0809939
-1.26976 2.02568 -1.5558
0.176244 0.0531367 0.0962351
-1.27797 1.65833 -2.19053
0.162994 0.0460933 0.0832526
-1.2952 2.09746 -1.4906
0.175949 0.0470611 0.0997602
-1.30944 1.64472 -2.2469
0.16765 0.0633555 0.0763601
-1.20948 1.96442 -1.58959
0.181433 0.0703498 0.0767198
-1.2009 1.63005 -2.04256
0.161627 0.0711502 0.0967767
-1.15611 1.86404 -1.90837
0.169841 0.0974073 0.0735893
-1.05007 1.62933 -2.01462
0.172872 0.0579537 0.0901224
-1.24733 1.80546 -1.92307
0.168841 0.0936441 0.072244
-1.06441 1.71147 -1.88634
0.169579 0.0745423 0.087652
-1.15665 1.76143 -1.95987
0.166478 0.0645743 0.0847457
-1.20078 1.92984 -1.70918
0.175403 0.0645603 0.0798547
-1.21812 1.79518 -1.84108
0.163772 0.0770069 0.0754776
-1.13127 1.93749 -1.6155
0.164673 0.0650744 0.0888495
-1.19446 1.92913 -1.74805
0.179563 0.047543 0.0940478
-1.31196 1.64407 -2.18934
0.167831 0.0724979 0.0719863
-1.16304 1.91976 -1.60683
0.18303 0.0551093 0.0836705
-1.27834 1.64539 -2.08589
0.172415 0.0759126 0.0830965
-1.15605 1.7311 -1.95896
0.161506 0.0703512 0.073345
-1.15999 2.02826 -1.48433
0.167256 0.0784218 0.073763
-1.13236 1.87681 -1.67786
0.162173 0.079114 0.0955483
-1.11693 1.78567 -2.00259
0.167745 0.0642707 0.074748
-1.2049 1.96427 -1.57537
0.183217 0.0458241 0.0916005
-1.32572 1.56748 -2.27875
0.171642 0.0790241 0.0889597
-1.13933 1.6303 -2.15897
0.170177 0.0479722 0.0814729
-1.29603 1.98145 -1.61442
0.162304 0.0439328 0.0812742
-1.30645 2.12624 -1.43935
0.175177 0.0522752 0.0802135
-1.2808 1.87751 -1.73516
0.164328 0.0648557 0.100644
-1.19489 1.81047 -2.01899
0.162132 0.0644318 0.0763635
-1.19253 2.04482 -1.49121
0.165569 0.0486957 0.102444
-1.28475 1.88563 -1.93554
0.180627 0.0569219 0.0883186
-1.26551 1.6271 -2.15738
0.164587 0.0694671 0.0810049
-1.17141 1.95118 -1.64802
0.172489 0.0444544 0.0756096
-1.31856 1.98665 -1.55529
0.165699 0.0904748 0.0837714
-1.07102 1.71307 -1.9905
0.164377 0.086993 0.0747388
-1.08404 1.84772 -1.72461
0.165734 0.060829 0.0946097
-1.21903 1.88873 -1.85481
0.162017 0.0851629 0.0827649
-1.08685 1.85559 -1.78722
0.176159 0.0573329 0.0908754
-1.25615 1.71938 -2.04954
0.173096 0.0542038 0.0843824
-1.26733 1.87732 -1.77362
0.170461 0.0455036 0.0797922
-1.30994 1.99669 -1.58041
0.167621 0.102996 0.0750613
-1.01981 1.58275 -2.09578
0.168541 0.048575 0.0886023
-1.29019 1.96261 -1.70329
0.162917 0.0454059 0.106797
-1.29899 1.90527 -1.95351
0.169157 0.0590119 0.102167
-1.23514 1.70267 -2.18686
0.162 0.0409374 0.096125
-1.32328 2.0568 -1.65773
0.164217 0.0825423 0.0880357
-1.10504 1.79276 -1.92054
0.173646 0.0417446 0.075524
-1.33487 1.97899 -1.56399
0.176202 0.071667 0.0907699
-1.1845 1.51135 -2.35605
0.171622 0.0659935 0.0903453
-1.2037 1.76449 -1.98135
0.161976 0.0434016 0.0911452
-1.309 2.08151 -1.58158
0.171942 0.0560208 0.0841532
-1.25583 1.8899 -1.75512
0.182655 0.0524532 0.0732723
-1.29115 1.77295 -1.81125
0.162083 0.0481245 0.0961493
-1.28217 2.02124 -1.70122
0.175996 0.0464629 0.0960021
-1.31269 1.73386 -2.07944
0.178704 0.041213 0.0798502
-1.34414 1.86831 -1.74385
0.161495 0.0590481 0.108663
-1.22026 1.79705 -2.12036
0.166997 0.0407362 0.111048
-1.33153 1.73459 -2.23563
0.162567 0.0740652 0.0859201
-1.1433 1.92023 -1.73228
0.165411 0.0483118 0.0891534
-1.28663 2.01468 -1.64371
0.166077 0.104867 0.0768548
-1.00758 1.56813 -2.13405
0.162762 0.0476826 0.102837
-1.28581 1.94613 -1.86042
0.196319 0.0443366 0.0742406
-1.34868 1.33918 -2.46021
0.184393 0.0509889 0.0773247
-1.30101 1.7132 -1.93032
0.167149 0.0999207 0.0747565
-1.032 1.64728 -1.99967
0.178342 0.0670778 0.0808611
-1.21104 1.69849 -1.9837
0.164449 0.0553696 0.104884
-1.24602 1.82538 -2.04157
0.193054 0.0453859 0.0757021
-1.33989 1.51143 -2.20758
0.165415 0.0973138 0.0864517
-1.03902 1.56255 -2.2347
0.167492 0.0501285 0.0934147
-1.27999 1.9353 -1.78307
0.16641 0.103822 0.0740961
-1.01299 1.61355 -2.04203
0.16298 0.052593 0.0996612
-1.25865 1.94706 -1.82803
0.163833 0.0936311 0.092958
-1.05159 1.51962 -2.36588
0.16565 0.0926355 0.0740443
-1.0609 1.77331 -1.81774
0.179727 0.0702338 0.0780272
-1.19826 1.66269 -2.00799
0.166414 0.0832698 0.086232
-1.10685 1.75592 -1.95403
0.171102 0.0611054 0.0928915
-1.22779 1.78879 -1.97241
0.173515 0.0612347 0.0928676
-1.23153 1.72586 -2.05982
0.177442 0.0657744 0.0829865
-1.21582 1.70992 -1.98754
0.161901 0.0964436 0.0881767
-1.03355 1.66254 -2.10449
0.171379 0.0691452 0.0829558
-1.18731 1.81674 -1.84063
0.171764 0.0468293 0.0840569
-1.30463 1.94426 -1.68456
0.187546 0.0409758 0.0820202
-1.35569 1.6429 -2.0738
0.173622 0.0478113 0.0885133
-1.30208 1.87098 -1.82034
0.166825 0.0702168 0.0992821
-1.1724 1.70349 -2.1559
0.171908 0.102001 0.071772
-1.03528 1.51508 -2.16515
0.168884 0.0646054 0.0961467
-1.20543 1.76664 -2.03485
0.169609 0.0518381 0.074217
-1.27418 2.00531 -1.51997
0.18143 0.0522257 0.0890851
-1.29052 1.63387 -2.15499
0.179323 0.0453422 0.0821196
-1.32314 1.81985 -1.82875
0.18403 0.0571226 0.0747751
-1.26983 1.70092 -1.92408
0.170501 0.079426 0.0870053
-1.13485 1.69162 -2.05154
0.165844 0.045245 0.0977715
-1.30446 1.95309 -1.80201
0.174665 0.0656228 0.0870869
-1.21141 1.73304 -1.99393
0.173648 0.084296 0.0831756
-1.11886 1.5873 -2.16596
0.163689 0.0529992 0.0800116
-1.25767 2.06901 -1.49495
0.180325 0.0524043 0.0738473
-1.28798 1.81661 -1.75776
0.163068 0.0451425 0.0744152
-1.30073 2.13532 -1.36782
0.177301 0.0800996 0.0804304
-1.14647 1.5785 -2.15263
0.168521 0.0415932 0.105034
-1.32882 1.82118 -2.04889
0.170236 0.0689935 0.0826991
-1.18575 1.8426 -1.80379
0.171193 0.0927645 0.0784903
-1.07422 1.60348 -2.09762
0.166811 0.0430664 0.0736758
-1.31814 2.08962 -1.41422
0.170143 0.0527979 0.093295
-1.2699 1.86742 -1.8703
0.167071 0.0546864 0.0726427
-1.25446 2.03674 -1.46787
0.166848 0.0754264 0.0885933
-1.14622 1.8033 -1.91148
0.184432 0.0521049 0.0760755
-1.29546 1.71566 -1.91542
0.161992 0.0845692 0.0983655
-1.08966 1.65862 -2.2119
0.175278 0.0428158 0.0996744
-1.33121 1.71489 -2.14349
0.182899 0.0535916 0.0720436
-1.28576 1.76868 -1.80597
0.193521 0.0504794 0.0741758
-1.31563 1.46177 -2.26832
0.163723 0.0572177 0.0818121
-1.23459 2.03777 -1.54855
0.170758 0.0438697 0.0938388
-1.31932 1.90146 -1.83079
0.162191 0.0444863 0.103775
-1.3031 1.96472 -1.84591
0.164144 0.0920686 0.0828337
-1.05962 1.73853 -1.94618
0.162883 0.0990639 0.0774775
-1.02438 1.72833 -1.9107
0.185427 0.0655908 0.0810321
-1.2308 1.45266 -2.34884
0.179991 0.0527123 0.0731252
-1.2859 1.82536 -1.73964
0.167687 0.0813278 0.084613
-1.11922 1.76585 -1.92513
0.163988 0.0579677 0.109334
-1.23102 1.70365 -2.26217
0.179305 0.0427665 0.0797579
-1.33666 1.85011 -1.76691
0.166084 0.0490796 0.076445
-1.28346 2.06536 -1.46741
0.173586 0.0608597 0.082312
-1.23359 1.84007 -1.80358
0.173681 0.0621945 0.0981112
-1.22693 1.57589 -2.33332
0.179165 0.0411549 0.0942494
-1.34501 1.70816 -2.09856
0.17538 0.0445434 0.0824311
-1.32207 1.89951 -1.72687
0.168421 0.0565299 0.0793238
-1.24697 1.97771 -1.59965
0.188952 0.0518635 0.0764622
-1.30291 1.59054 -2.09747
0.164794 0.0957916 0.0806776
-1.04426 1.6985 -1.98197
0.162166 0.0896091 0.0770663
-1.06598 1.8482 -1.74498
0.164695 0.0530661 0.108776
-1.25909 1.75796 -2.17704
0.165309 0.041263 0.0775536
-1.32618 2.10596 -1.42955
0.169827 0.0625563 0.0968687
-1.21787 1.75047 -2.06464
0.176404 0.0457353 0.0963922
-1.31712 1.72037 -2.10248
0.171423 0.0963134 0.0787164
-1.0589 1.52547 -2.21521
0.173382 0.0601053 0.0973581
-1.2371 1.6533 -2.20937
0.174098 0.0971123 0.0748522
-1.06198 1.47993 -2.24712
0.172804 0.0464185 0.0962382
-1.30837 1.81508 -1.96903
0.181889 0.0447171 0.0776701
-1.32973 1.80249 -1.81125
0.174583 0.0684173 0.0786672
-1.1973 1.79091 -1.83596
0.16159 0.0453703 0.0875206
-1.29707 2.1006 -1.52572
0.16528 0.0409015 0.102803
-1.3282 1.93254 -1.87762
0.164603 0.046486 0.0808019
-1.29555 2.08199 -1.4867
0.169228 0.0463027 0.104884
-1.30372 1.76873 -2.1205
0.173917 0.0475077 0.0736452
-1.30414 1.95753 -1.57396
0.181893 0.0838803 0.0757518
-1.13871 1.37009 -2.42603
0.173512 0.0657925 0.0741046
-1.20837 1.85909 -1.704
0.172791 0.0538244 0.091262
-1.26882 1.82482 -1.90776
0.171893 0.0872871 0.0859789
-1.10093 1.53101 -2.27761
0.178506 0.0421326 0.10003
-1.33901 1.54846 -2.39615
0.163143 0.0593069 0.101934
-1.22212 1.86888 -1.95275
0.162915 0.0570035 0.107934
-1.23421 1.79285 -2.11854
0.172102 0.0994606 0.0733292
-1.04677 1.53438 -2.15094
0.176165 0.089001 0.0772203
-1.10299 1.52319 -2.20435
0.167287 0.0606994 0.101195
-1.22272 1.76435 -2.08868
0.182337 0.0472258 0.0782487
-1.31736 1.77536 -1.85321
0.17042 0.0462267 0.074689
-1.30592 2.01644 -1.51059
0.16763 0.0972288 0.0755128
-1.0452 1.66593 -1.98011
0.168106 0.066333 0.0963452
-1.19496 1.76637 -2.03719
0.184794 0.0687603 0.0794955
-1.21458 1.47619 -2.2975
0.178878 0.0783719 0.0737835
-1.15786 1.64151 -1.99897
0.171812 0.045999 0.104504
-1.3092 1.68942 -2.23084
0.18656 0.0563679 0.081552
-1.27737 1.54232 -2.21722
0.167253 0.0572621 0.0945787
-1.24094 1.88388 -1.86088
0.175953 0.0642567 0.087056
-1.22065 1.71331 -2.02132
0.182333 0.0729433 0.0725237
-1.19024 1.62316 -2.0137
0.170325 0.0486864 0.0954614
-1.29238 1.86649 -1.89235
0.168296 0.0952869 0.0770769
-1.05561 1.66071 -2.00198
0.183449 0.0600242 0.0875213
-1.25458 1.41691 -2.47078
0.185812 0.0556002 0.0752542
-1.28005 1.66397 -1.98051
0.172383 0.0855371 0.0730822
-1.11019 1.72029 -1.88171
0.174815 0.0432132 0.0911417
-1.32846 1.84662 -1.8774
0.169918 0.0540389 0.079553
-1.26288 1.96511 -1.61741
0.179718 0.043628 0.0788612
-1.33265 1.84377 -1.7671
0.175479 0.0935633 0.0771452
-1.08095 1.44257 -2.32638
0.164052 0.0504725 0.0794433
-1.27232 2.07822 -1.47896
0.164771 0.0853412 0.0721409
-1.0929 1.86888 -1.67366
0.172236 0.0527977 0.103341
-1.27335 1.61355 -2.33183
0.169448 0.0723684 0.0840889
-1.16716 1.81932 -1.84767
0.162287 0.0512226 0.102437
-1.26506 1.93868 -1.86605
0.165186 0.0699536 0.100952
-1.17021 1.72311 -2.14479
0.182024 0.0652562 0.0798308
-1.22657 1.62872 -2.07359
0.175248 0.0586052 0.0766405
-1.24807 1.86037 -1.72514
0.183239 0.0492078 0.0757468
-1.30844 1.76305 -1.84714
0.165733 0.0824618 0.074588
-1.1091 1.86528 -1.70025
0.166986 0.0951977 0.0738698
-1.05266 1.71967 -1.88972
0.169564 0.0680159 0.0876654
-1.18932 1.8219 -1.87762
0.183593 0.0504399 0.0842009
-1.30267 1.66143 -2.06785
0.163825 0.062271 0.0932955
-1.20756 1.92783 -1.79152
0.170493 0.0651543 0.0764936
-1.20577 1.9044 -1.66675
0.162809 0.0812969 0.0914412
-1.10768 1.79908 -1.94436
0.172935 0.0422535 0.0833585
-1.33116 1.94881 -1.67241
0.164941 0.0925998 0.0829638
-1.05923 1.71242 -1.98382
0.16827 0.0667303 0.0898627
-1.19325 1.83831 -1.87636
0.165178 0.0694893 0.0802759
-1.17258 1.94519 -1.64896
0.162371 0.0665611 0.0920977
-1.18176 1.9338 -1.77253
0.168671 0.0527935 0.0986789
-1.26746 1.83687 -1.96346
0.175032 0.0896707 0.07861
-1.09735 1.52604 -2.21334
0.16635 0.0451199 0.0772834
-1.30593 2.0754 -1.46298
0.168411 0.0527578 0.0727316
-1.26721 2.02519 -1.4826
0.179385 0.0416013 0.0919734
-1.34291 1.73522 -2.0379
0.16179 0.0703377 0.0821653
-1.1607 1.98458 -1.61681
0.178738 0.0621271 0.0738444
-1.23627 1.78668 -1.79784
0.177703 0.061654 0.0766988
-1.23684 1.79228 -1.81616
0.177253 0.0742338 0.0862418
-1.17419 1.55578 -2.2428
0.168074 0.0514811 0.0739534
-1.27357 2.03235 -1.48478
0.161921 0.041857 0.0780704
-1.31783 2.15302 -1.38008
0.185631 0.0504397 0.0824005
-1.30548 1.62456 -2.10396
0.167364 0.0657929 0.0767469
-1.19624 1.95187 -1.60876
0.163675 0.0493744 0.0766469
-1.27782 2.10019 -1.42821
0.167533 0.065967 0.0938569
-1.19568 1.81738 -1.94273
0.170118 0.0751628 0.0849002
-1.15476 1.7723 -1.91896
0.167943 0.0523248 0.0926173
-1.26877 1.92091 -1.794
0.176677 0.0551812 0.0863197
-1.26807 1.77938 -1.92261
0.167065 0.0684 0.072633
-1.18219 1.95749 -1.56501
0.16579 0.0878455 0.0820839
-1.08355 1.75992 -1.90966
0.176371 0.0733098 0.0764769
-1.17687 1.72809 -1.90186
0.177332 0.0744793 0.0791603
-1.17317 1.66775 -2.01133
0.180717 0.0444448 0.0918811
-1.32965 1.67622 -2.12098
0.165163 0.0658288 0.0967046
-1.19152 1.83679 -1.94417
0.168591 0.0538515 0.0742821
-1.26162 2.01126 -1.51328
0.17072 0.0780287 0.0904245
-1.14209 1.64758 -2.14814
0.170369 0.0444099 0.0947732
-1.3158 1.89736 -1.84509
0.167078 0.0913765 0.0749375
-1.07033 1.75306 -1.85343
0.174106 0.0622301 0.0880348
-1.22752 1.76583 -1.95744
0.164415 0.0860689 0.0797427
-1.08854 1.82451 -1.80069
0.163151 0.0624943 0.10893
-1.20499 1.68037 -2.29229
0.178009 0.0847198 0.0770559
-1.12659 1.53631 -2.18315
0.170605 0.0437358 0.0730084
-1.31984 2.03012 -1.47909
0.16247 0.0631684 0.0959275
-1.19998 1.92227 -1.8238
0.169628 0.052963 0.0792312
-1.26816 1.97732 -1.59931
0.165432 0.0773327 0.0816282
-1.13352 1.87212 -1.7551
0.174059 0.0459542 0.091224
-1.31267 1.84697 -1.8777
0.168413 0.0659491 0.0872751
-1.19756 1.86518 -1.81638
0.16423 0.0436246 0.0990995
-1.31116 1.97915 -1.78182
0.177098 0.0582033 0.0913957
-1.25327 1.67443 -2.11879
0.183639 0.0604126 0.0824831
-1.25297 1.58883 -2.15704
0.190328 0.0524304 0.0726015
-1.30199 1.59118 -2.06066
0.182532 0.0487034 0.0806754
-1.31005 1.74176 -1.92162
0.164478 0.0992602 0.0780594
-1.02782 1.68575 -1.9756
0.186935 0.0428641 0.0871748
-1.34539 1.54904 -2.2622
0.180394 0.0593548 0.0820039
-1.25292 1.70296 -1.9881
0.164658 0.0675296 0.099898
-1.18159 1.78684 -2.04414
0.172048 0.0589269 0.0795259
-1.24082 1.90006 -1.69971
0.179773 0.0574219 0.0901327
-1.26163 1.61452 -2.19376
0.177823 0.0772782 0.0775655
-1.16084 1.64119 -2.03441
0.192565 0.0440021 0.0804014
-1.34615 1.39841 -2.42746
0.170313 0.0869613 0.086725
-1.09871 1.58694 -2.201
0.165177 0.0713865 0.0975982
-1.16286 1.76856 -2.04658
0.164448 0.105358 0.0827076
-1.001 1.48724 -2.31204
0.168567 0.0538917 0.0760584
-1.26136 2.00437 -1.53751
0.176843 0.0480074 0.0731763
-1.30572 1.90703 -1.63367
0.178094 0.0487127 0.0935002
-1.3038 1.69555 -2.10918
0.169648 0.0513783 0.0921894
-1.27673 1.89713 -1.82075
0.181757 0.0720148 0.0761996
-1.19356 1.60827 -2.0692
0.164813 0.0662752 0.0901878
-1.18846 1.90697 -1.78909
0.166359 0.0518562 0.0971215
-1.26863 1.91149 -1.84928
0.1648 0.106358 0.0738053
-0.997677 1.6168 -2.03464
0.177456 0.0800147 0.082022
-1.1472 1.54206 -2.22215
0.165272 0.0684269 0.0875046
-1.17826 1.9039 -1.76799
0.163078 0.0765561 0.0830589
-1.13189 1.9107 -1.7182
0.168079 0.0423566 0.0782382
-1.32393 2.05573 -1.49488
0.177914 0.0446504 0.0799736
-1.32491 1.8668 -1.74696
0.163667 0.109858 0.0756229
-0.979643 1.56129 -2.13256
0.161877 0.0582937 0.0916216
-1.22514 2.00229 -1.68191
0.183054 0.0506453 0.0738404
-1.30088 1.77163 -1.81818
0.164543 0.0858636 0.0798385
-1.08984 1.82344 -1.803
0.166615 0.0849751 0.0753582
-1.09917 1.82308 -1.76277
0.168687 0.0407628 0.0853196
-1.33369 2.01711 -1.6055
0.163316 0.0962381 0.0772412
-1.0383 1.75571 -1.87081
0.172103 0.0604045 0.0932098
-1.23325 1.76609 -2.00682
0.190648 0.049926 0.0794365
-1.31467 1.4839 -2.28513
0.165365 0.10967 0.0728745
-0.985197 1.554 -2.11765
0.163878 0.052642 0.0957765
-1.25998 1.96736 -1.76477
0.164874 0.0586372 0.0838726
-1.2291 2.00015 -1.6131
0.163807 0.0802925 0.0782091
-1.11505 1.89687 -1.6919
0.16713 0.0479813 0.0832869
-1.29122 2.02259 -1.5803
0.171768 0.0421688 0.0893687
-1.33006 1.92891 -1.75318
0.168033 0.0726854 0.0861186
-1.16253 1.82759 -1.85549
0.175375 0.0541501 0.098145
-1.27132 1.62857 -2.25413
0.174331 0.0474496 0.0858333
-1.30505 1.88075 -1.78256
0.169108 0.0552398 0.102998
-1.25507 1.72848 -2.15823
0.180453 0.0495027 0.0901871
-1.30306 1.67238 -2.10988
0.164025 0.0606818 0.0907694
-1.21646 1.95609 -1.73171
0.170182 0.0938538 0.0827277
-1.06681 1.54007 -2.23199
0.168075 0.0461421 0.0777147
-1.30287 2.04215 -1.50647
0.178354 0.0650422 0.0833698
-1.2211 1.68876 -2.02101
0.169552 0.0764039 0.0920092
-1.14742 1.6783 -2.11925
0.164401 0.0703733 0.0865566
-1.16634 1.91201 -1.74873
0.161819 0.0864173 0.096045
-1.08029 1.68642 -2.14773
0.173627 0.0461328 0.0802475
-1.3111 1.93711 -1.65892
0.174415 0.0514137 0.072509
-1.28414 1.9351 -1.59204
0.165419 0.0913677 0.072747
-1.06616 1.79852 -1.77203
0.163401 0.0588382 0.100195
-1.22517 1.88941 -1.90822
0.171964 0.0634624 0.0838866
-1.21726 1.84153 -1.81616
0.182011 0.0677338 0.0806763
-1.21453 1.58735 -2.14193
0.165633 0.0603023 0.106558
-1.22164 1.69369 -2.24658
0.169297 0.0654312 0.0773356
-1.20199 1.91884 -1.65584
0.171745 0.0600072 0.0792863
-1.23466 1.9002 -1.69735
0.165233 0.0621415 0.105357
-1.21108 1.71926 -2.19633
0.169737 0.0414056 0.0768691
-1.33153 2.0387 -1.50307
0.165449 0.0888589 0.073914
-1.07793 1.81589 -1.75931
0.164949 0.0686367 0.0836232
-1.17648 1.93534 -1.69189
0.162003 0.07186 0.0815287
-1.1533 1.97378 -1.62447
0.163418 0.0528296 0.101246
-1.25812 1.91923 -1.8795
0.162462 0.091792 0.0957372
-1.0565 1.53906 -2.36489
0.16397 0.0632977 0.10866
-1.20239 1.62524 -2.37284
0.17609 0.0503244 0.0986788
-1.29243 1.63109 -2.25592
0.16175 0.111407 0.0768551
-0.967654 1.56849 -2.13352
0.17026 0.0481507 0.0827085
-1.29519 1.97231 -1.63701
0.170067 0.0772877 0.0751491
-1.14424 1.82892 -1.75313
0.172789 0.0676273 0.0804401
-1.19774 1.82009 -1.81299
0.174697 0.0400303 0.0930377
-1.34554 1.84606 -1.89624
0.167132 0.0441646 0.0805896
-1.31245 2.05304 -1.51918
0.162493 0.0649763 0.101223
-1.1904 1.84449 -1.97842
0.167538 0.0460037 0.0825749
-1.30281 2.02875 -1.56637
0.179548 0.0649528 0.0825826
-1.22369 1.667 -2.04453
0.163783 0.0794577 0.0847738
-1.11911 1.86096 -1.79869
0.180209 0.0572076 0.0889758
-1.26341 1.62572 -2.16585
0.181719 0.0572923 0.0838589
-1.26538 1.6619 -2.06393
0.18158 0.0490071 0.0926616
-1.30719 1.57486 -2.27838
0.186623 0.0549662 0.0782285
-1.28436 1.61245 -2.0821
0.171335 0.0744753 0.087231
-1.16076 1.72486 -2.00675
0.176396 0.0686493 0.0889489
-1.19965 1.61803 -2.17689
0.181217 0.059453 0.0853273
-1.25378 1.63349 -2.119
0.166269 0.0783192 0.0917697
-1.13059 1.74802 -2.01799
0.162216 0.042482 0.105103
-1.31466 1.9593 -1.86608
0.186554 0.0504843 0.0748364
-1.30651 1.68594 -1.94564
0.173886 0.0538645 0.0962865
-1.2704 1.72855 -2.0898
0.180821 0.060578 0.0742961
-1.24753 1.75161 -1.84959
0.164444 0.0476378 0.0891705
-1.28882 2.03415 -1.62012
0.163342 0.055941 0.102567
-1.24084 1.88227 -1.94124
0.175918 0.0760195 0.0816555
-1.1629 1.65794 -2.04873
0.175198 0.0864074 0.0720451
-1.1126 1.6562 -1.96213
0.181304 0.0638679 0.0766716
-1.2321 1.69606 -1.94827
0.176832 0.0508689 0.0971899
-1.29069 1.63617 -2.23296
0.167221 0.0632707 0.0742585
-1.20908 1.98084 -1.55042
0.18064 0.0563818 0.0818052
-1.26826 1.7228 -1.95846
0.174971 0.0472978 0.0795972
-1.30679 1.91115 -1.68611
0.190838 0.0512072 0.0785672
-1.30864 1.47941 -2.28357
0.162183 0.0693824 0.0842941
-1.16655 1.97263 -1.65106
0.168648 0.046151 0.10116
-1.30368 1.84916 -1.97149
0.165583 0.0923765 0.0843876
-1.06192 1.6826 -2.03939
0.164944 0.0652842 0.10215
-1.19392 1.76339 -2.09979
0.176661 0.0403739 0.0966453
-1.34612 1.7473 -2.06688
0.181739 0.0669972 0.0735639
-1.21761 1.68594 -1.93401
0.166239 0.0902382 0.0768747
-1.07348 1.7678 -1.85094
0.174551 0.0734483 0.0854649
-1.1725 1.67487 -2.06068
0.183405 0.0494444 0.0717731
-1.30746 1.78376 -1.78313
0.166501 0.0616593 0.088911
-1.21613 1.91914 -1.76144
0.164863 0.0496734 0.0861962
-1.27815 2.03544 -1.59122
0.181911 0.057212 0.0729029
-1.26609 1.76101 -1.82415
0.171804 0.0521013 0.0971524
-1.27635 1.78682 -2.0168
0.181152 0.0795547 0.0726404
-1.15699 1.57677 -2.08204
0.16192 0.0716814 0.10011
-1.15403 1.80773 -2.01742
0.164886 0.0578381 0.0970739
-1.23343 1.90174 -1.86153
0.168323 0.0404281 0.103983
-1.33508 1.85086 -1.99764
0.168767 0.0929924 0.0779222
-1.06718 1.67138 -1.99465
0.172824 0.0778678 0.0768331
-1.14748 1.75898 -1.8626
0.165423 0.103849 0.0723369
-1.0102 1.65438 -1.96737
0.179137 0.0589085 0.0719652
-1.25309 1.81104 -1.74827
0.172819 0.0956303 0.0789867
-1.06538 1.471 -2.30051
0.171127 0.0908852 0.0786443
-1.08258 1.63184 -2.05794
0.170356 0.0564896 0.10242
-1.25061 1.68272 -2.21864
0.183215 0.0465874 0.0739737
-1.3218 1.78976 -1.79486
0.172179 0.064748 0.0927616
-1.21111 1.72904 -2.05429
0.189323 0.0507966 0.0784097
-1.30866 1.55731 -2.16475
0.182124 0.054105 0.0909813
-1.28202 1.51898 -2.34645
0.162534 0.0578383 0.0789953
-1.22892 2.06586 -1.48959
0.165452 0.0615031 0.0962731
-1.2149 1.87163 -1.8934
0.16175 0.0951044 0.0796918
-1.03927 1.78018 -1.85988
0.162855 0.0642308 0.0725541
-1.19512 2.04886 -1.45255
0.174662 0.0622524 0.0806931
-1.22842 1.82092 -1.81419
0.16601 0.0525169 0.0970771
-1.26441 1.9148 -1.84455
0.184051 0.0643945 0.0776299
-1.23423 1.60616 -2.08564
0.168198 0.0711989 0.092358
-1.17036 1.77085 -1.99196
0.176288 0.0661003 0.0905096
-1.21206 1.6242 -2.18322
0.17215 0.0822516 0.0837984
-1.12507 1.65486 -2.07347
0.167139 0.0470662 0.0849195
-1.29631 2.01772 -1.6011
0.171871 0.0880594 0.0765426
-1.09731 1.67388 -1.97834
0.165638 0.0979075 0.0772207
-1.03695 1.68605 -1.96743
0.169868 0.0923495 0.0763374
-1.07284 1.66969 -1.98239
0.16446 0.072949 0.103239
-1.15331 1.63294 -2.30138
0.177887 0.0562703 0.093747
-1.26443 1.61661 -2.22687
0.164374 0.0704849 0.10049
-1.1657 1.75031 -2.10132
0.164966 0.0731677 0.0873473
-1.15333 1.87293 -1.80687
0.168892 0.0972421 0.0815846
-1.04839 1.54174 -2.21839
0.175553 0.0639844 0.0799505
-1.22129 1.79569 -1.84126
0.174663 0.0575027 0.0769999
-1.25275 1.87585 -1.7082
0.181767 0.0493954 0.0818426
-1.30545 1.74443 -1.92877
0.183385 0.042784 0.0889683
-1.34159 1.65356 -2.12518
0.188064 0.0478638 0.0725397
-1.32158 1.68518 -1.92574
0.164657 0.0429505 0.0721424
-1.31563 2.1273 -1.35694
0.17467 0.0431775 0.098521
-1.32846 1.75351 -2.0769
0.166005 0.0565569 0.0781088
-1.24244 2.02246 -1.53379
0.174714 0.0495923 0.0865009
-1.29422 1.85588 -1.82144
0.167673 0.0672616 0.0971496
-1.1893 1.75521 -2.06079
0.163186 0.0736143 0.0973382
-1.14702 1.79764 -2.00372
0.163675 0.0530304 0.081853
-1.25747 2.06061 -1.52152
0.171018 0.0866577 0.0821215
-1.10179 1.6493 -2.06553
0.163647 0.0521644 0.08327
-1.26222 2.05846 -1.53689
0.162168 0.108845 0.0721454
-0.979672 1.65634 -1.96285
0.180584 0.0465608 0.0777729
-1.31846 1.819 -1.79009
0.168653 0.0439636 0.10804
-1.3158 1.731 -2.20799
0.164112 0.0637665 0.0892841
-1.2002 1.94506 -1.7318
0.166843 0.0864393 0.090134
-1.09278 1.64608 -2.14748
0.17439 0.0824077 0.0750193
-1.12935 1.69412 -1.93582
0.168899 0.0541148 0.083359
-1.26073 1.96097 -1.65712
0.164197 0.0593961 0.0830718
-1.2237 2.01121 -1.59225
0.167978 0.0960503 0.0753519
-1.05137 1.67514 -1.96559
0.173827 0.0988444 0.0725043
-1.05376 1.49941 -2.19548
0.165806 0.0799263 0.0894389
-1.12161 1.77055 -1.96431
0.165193 0.0513786 0.0882841
-1.26926 2.00841 -1.64338
0.165451 0.0483609 0.0919805
-1.28642 1.99378 -1.69582
0.180955 0.0515159 0.0922031
-1.29344 1.58607 -2.25685
0.176602 0.0712875 0.0848521
-1.18714 1.6502 -2.09024
0.170921 0.0701407 0.0881002
-1.18138 1.76862 -1.95421
0.176207 0.0416149 0.0757019
-1.33887 1.935 -1.62065
0.176132 0.0820281 0.071843
-1.13495 1.68478 -1.91997
0.179277 0.0487126 0.0824484
-1.30548 1.79941 -1.85926
0.162133 0.0767436 0.0771479
-1.1287 1.958 -1.60467
0.161492 0.0824889 0.100813
-1.09855 1.64854 -2.25223
0.165164 0.0537892 0.108177
-1.25596 1.74961 -2.18259
0.176218 0.0557482 0.0964098
-1.2644 1.62102 -2.24747
0.182731 0.0471142 0.0762224
-1.31846 1.7823 -1.82531
0.161832 0.0485174 0.0748911
-1.27952 2.13769 -1.36932
0.177979 0.0636762 0.0887913
-1.22721 1.63114 -2.15609
0.178601 0.0678099 0.0738275
-1.20794 1.74716 -1.85144
0.167086 0.0799708 0.0822205
-1.1244 1.81317 -1.83863
0.164719 0.076931 0.0744098
-1.13386 1.92759 -1.61848
0.167358 0.0936353 0.0852262
-1.0607 1.59662 -2.17204
0.181958 0.0473419 0.0765305
-1.31626 1.79511 -1.81082
0.180695 0.0546274 0.0866072
-1.27721 1.67684 -2.0688
0.168185 0.0600744 0.0765995
-1.22773 1.9743 -1.57943
0.176805 0.052967 0.0760721
-1.27973 1.86783 -1.71027
0.182309 0.0512569 0.0725501
-1.29672 1.7913 -1.77996
0.180941 0.0656581 0.0756859
-1.2227 1.69827 -1.93612
0.167832 0.0772477 0.0974239
-1.13944 1.58882 -2.3064
0.187976 0.0700457 0.0732663
-1.2141 1.45081 -2.27641
0.171941 0.0729753 0.0745225
-1.16942 1.83291 -1.7422
0.178155 0.0826886 0.0772201
-1.13625 1.56249 -2.14583
0.169174 0.0573289 0.0728789
-1.24407 1.98903 -1.52806
0.164519 0.079096 0.0790716
-1.12265 1.88965 -1.70904
0.165329 0.0842966 0.0906199
-1.09928 1.7136 -2.05523
0.163643 0.0744847 0.090332
-1.14365 1.86066 -1.85107
0.190986 0.0471226 0.0786115
-1.3289 1.52375 -2.21679
0.170541 0.0578065 0.0721225
-1.24399 1.96724 -1.54832
0.163862 0.084877 0.0796366
-1.09287 1.84674 -1.77024
0.169417 0.0655651 0.0755901
-1.20154 1.92459 -1.63285
0.164979 0.0564498 0.104809
-1.24112 1.80296 -2.07176
0.178544 0.043079 0.0840123
-1.33404 1.83269 -1.82908
0.164782 0.046187 0.0869354
-1.29752 2.04907 -1.58154
0.16721 0.060378 0.0973889
-1.22427 1.82853 -1.96204
0.172846 0.0483961 0.101718
-1.29779 1.70115 -2.1844
0.18641 0.0621846 0.0808643
-1.24881 1.47281 -2.31606
0.169189 0.0776627 0.0825181
-1.14046 1.79012 -1.87248
0.167204 0.0782432 0.075286
-1.13312 1.87137 -1.69859
0.16336 0.0677217 0.0783352
-1.17781 1.99658 -1.56744
0.16882 0.0517935 0.100524
-1.27311 1.81437 -2.01244
0.176755 0.0418694 0.0741549
-1.33821 1.93145 -1.61132
0.163465 0.0456424 0.0764756
-1.29851 2.12036 -1.40328
0.168823 0.0563067 0.0779479
-1.24887 1.97897 -1.58571
0.170231 0.0634982 0.094028
-1.21377 1.77374 -2.00419
0.168103 0.0548961 0.106736
-1.25515 1.6579 -2.30178
0.16606 0.0479234 0.102064
-1.28984 1.88475 -1.93291
0.181067 0.0502481 0.0719819
-1.3001 1.82426 -1.73084
0.16657 0.0582443 0.105966
-1.23442 1.70445 -2.2244
0.173344 0.0411598 0.0733916
-1.33767 1.99486 -1.52543
0.163591 0.0529456 0.0825718
-1.25779 2.05886 -1.5301
0.170917 0.0632616 0.101472
-1.2163 1.55574 -2.40052
0.166914 0.0600745 0.0890102
-1.22532 1.92142 -1.75943
0.179806 0.0596049 0.0770992
-1.2507 1.75987 -1.86381
0.162525 0.0538474 0.0889448
-1.25086 2.03545 -1.61646
0.17206 0.0695469 0.0874156
-1.18667 1.75536 -1.96602
0.175669 0.0500387 0.0722591
-1.2933 1.92155 -1.60698
0.175971 0.0412578 0.0996401
-1.3405 1.70466 -2.15787
0.167802 0.0484098 0.0985657
-1.28993 1.88708 -1.89529
0.165751 0.0796673 0.0774903
-1.12275 1.87271 -1.71672
0.174628 0.0549581 0.0924429
-1.26589 1.75839 -2.01007
0.186602 0.0569706 0.0826815
-1.27448 1.50077 -2.29107
0.166731 0.0815868 0.0792976
-1.11572 1.82675 -1.79364
0.163934 0.08531 0.0866462
-1.09097 1.78301 -1.92071
0.174804 0.0425213 0.0876197
-1.33218 1.8823 -1.79715
0.162985 0.0609899 0.0830274
-1.21272 2.02155 -1.57922
0.169615 0.061784 0.0735055
-1.22147 1.95413 -1.57697
0.183481 0.0703005 0.0781573
-1.2049 1.54288 -2.18382
0.179932 0.0473912 0.0841802
-1.31326 1.77726 -1.90544
0.170099 0.0549942 0.0874458
-1.2581 1.90653 -1.76405
0.169401 0.0654535 0.0831165
-1.20208 1.88196 -1.75591
0.164419 0.105854 0.0763209
-0.998789 1.60536 -2.07456
0.172192 0.0617481 0.0968345
-1.22648 1.68815 -2.15319
0.165921 0.041763 0.10718
-1.32421 1.85053 -2.03087
0.177064 0.0454495 0.100462
-1.31954 1.57525 -2.35935
0.162849 0.0573115 0.089099
-1.2324 2.00941 -1.64968
0.162369 0.10409 0.0799455
-1.00072 1.64274 -2.05445
0.161669 0.0695521 0.0887778
-1.16452 1.95016 -1.72062
0.165621 0.0802923 0.0749884
-1.11939 1.88331 -1.68041
0.163942 0.0559812 0.104467
-1.24174 1.83992 -2.0174
0.172327 0.042017 0.0941262
-1.33164 1.87572 -1.86729
0.16724 0.0699624 0.0762474
-1.17459 1.92825 -1.63409
0.183451 0.0635508 0.0767126
-1.23732 1.64337 -2.02336
0.162528 0.0540572 0.102468
-1.2497 1.91458 -1.89765
0.173792 0.056293 0.0799844
-1.25755 1.88148 -1.72792
0.162801 0.0600971 0.0917586
-1.21717 1.97388 -1.71857
0.173074 0.0725333 0.0719418
-1.17394 1.82944 -1.72363
0.169661 0.0738325 0.079595
-1.16034 1.83698 -1.78277
0.167857 0.0662884 0.0902803
-1.19469 1.84637 -1.86955
0.161605 0.0427588 0.0917475
-1.31213 2.08644 -1.58133
0.170241 0.0505747 0.0886093
-1.28202 1.92065 -1.75669
0.179989 0.0822823 0.0739753
-1.14201 1.55711 -2.12331
0.168402 0.0503115 0.1018
-1.28048 1.81639 -2.02251
0.164887 0.0521197 0.0763972
-1.26464 2.06968 -1.46186
0.170809 0.0477132 0.0911282
-1.2984 1.90481 -1.80073
0.168637 0.0606949 0.0969508
-1.22532 1.79779 -1.99969
0.179626 0.0427218 0.0977509
-1.3373 1.58228 -2.31976
0.179889 0.0857643 0.0733697
-1.12591 1.513 -2.18322
0.170114 0.10301 0.0742193
-1.02632 1.51548 -2.18749
0.161573 0.0705699 0.0859918
-1.159 1.96358 -1.67795
0.196197 0.0498319 0.0716943
-1.32207 1.36647 -2.39216
0.16835 0.0856222 0.0833879
-1.1003 1.71523 -1.98386
0.174385 0.0496593 0.102341
-1.29337 1.58191 -2.36944
0.183639 0.0518104 0.0741417
-1.29581 1.75023 -1.85008
0.169538 0.090921 0.0813824
-1.07854 1.63884 -2.0736
0.168408 0.0933049 0.0808794
-1.06486 1.64102 -2.06572
0.177338 0.0449942 0.0726217
-1.32232 1.91464 -1.619
0.184973 0.0710816 0.0763878
-1.20391 1.50429 -2.22485
0.168125 0.0409236 0.0722416
-1.33203 2.08226 -1.41018
0.175077 0.0400214 0.0890469
-1.34606 1.87665 -1.8179
0.180195 0.0534132 0.0906596
-1.28263 1.63386 -2.17052
0.184258 0.0532343 0.0792312
-1.28954 1.68207 -1.99168
0.175287 0.0423203 0.100828
-1.3339 1.69175 -2.18882
0.176251 0.0428292 0.0988085
-1.33242 1.70045 -2.15546
0.177208 0.045887 0.0817192
-1.31742 1.86272 -1.76825
0.177859 0.0443468 0.0942119
-1.32644 1.72519 -2.07399
0.177758 0.065377 0.0752512
-1.21836 1.77385 -1.82795
0.165583 0.0879303 0.0903908
-1.08263 1.65629 -2.13514
0.161519 0.0698467 0.102636
-1.16264 1.79644 -2.05853
0.169744 0.0403119 0.0860897
-1.33763 1.99629 -1.63812
0.161723 0.055093 0.0779478
-1.24247 2.097 -1.44352
0.165494 0.106572 0.0738087
-0.998677 1.59522 -2.06593
0.165205 0.0607933 0.0867752
-1.21819 1.96349 -1.68529
0.162513 0.104925 0.0747807
-0.997492 1.68186 -1.95087
0.161729 0.0769892 0.0823572
-1.1265 1.93463 -1.68123
0.167796 0.0415307 0.110011
-1.32816 1.72814 -2.23363
0.164331 0.0813325 0.0934161
-1.11121 1.73632 -2.05045
0.173375 0.0421776 0.101458
-1.33216 1.74437 -2.11962
0.175616 0.0737071 0.0750428
-1.17342 1.75178 -1.85615
0.163333 0.0808059 0.0817927
-1.11137 1.87868 -1.74805
0.169944 0.0829794 0.0880084
-1.11657 1.64256 -2.13179
0.177576 0.0858716 0.0798659
-1.12037 1.45773 -2.32952
0.163972 0.0439594 0.103984
-1.30886 1.92892 -1.89408
0.169405 0.0987777 0.0758209
-1.04291 1.59386 -2.08663
0.170278 0.0581726 0.0904099
-1.24159 1.8568 -1.85692
0.172116 0.0737654 0.078486
-1.1659 1.79774 -1.82508
0.167885 0.0566728 0.0900471
-1.24524 1.9171 -1.77469
0.170774 0.0704844 0.0962462
-1.17936 1.62955 -2.23309
0.162103 0.0763151 0.103006
-1.1308 1.67856 -2.23094
0.174622 0.0923625 0.0731886
-1.08427 1.58007 -2.08228
0.169758 0.0569137 0.0955987
-1.24731 1.82048 -1.95545
0.167177 0.0432182 0.089468
-1.31782 2.00634 -1.65688
0.168579 0.0925638 0.0720968
-1.06866 1.73 -1.85937
0.192891 0.0481179 0.0776155
-1.32633 1.42825 -2.35314
0.185362 0.0574796 0.0807785
-1.27011 1.59066 -2.13805
0.165176 0.0930328 0.0897304
-1.05785 1.58708 -2.2305
0.182728 0.065841 0.0806659
-1.22495 1.58671 -2.14277
0.197233 0.0412965 0.0731315
-1.3644 1.3888 -2.37106
0.16714 0.0505214 0.0958072
-1.27726 1.91747 -1.82885
0.163436 0.0427854 0.0943967
-1.31475 2.03738 -1.66492
0.168236 0.0668464 0.0909648
-1.19259 1.82684 -1.90221
0.189272 0.0411319 0.0827732
-1.35681 1.56846 -2.18999
0.168519 0.0484544 0.0948145
-1.29082 1.91191 -1.82654
0.162479 0.0845691 0.0739652
-1.09089 1.90477 -1.64361
0.167714 0.0572844 0.0987784
-1.24166 1.8234 -1.98271
0.177454 0.0798138 0.0838497
-1.14813 1.49381 -2.31326
0.184099 0.0423822 0.0773517
-1.34452 1.76958 -1.85287
0.182056 0.0751664 0.0760731
-1.17924 1.56011 -2.13854
0.177888 0.0651717 0.077274
-1.21962 1.75802 -1.86795
0.174039 0.0424499 0.0846694
-1.33156 1.91935 -1.72189
0.171254 0.0676006 0.0764732
-1.19483 1.87438 -1.70536
0.161504 0.0740608 0.0817513
-1.14084 1.96452 -1.63805
0.167805 0.063543 0.0882813
-1.20881 1.88645 -1.7979
0.162746 0.0481379 0.0971487
-1.28321 2.00104 -1.73569
0.165088 0.0399551 0.0948449
-1.33334 2.0176 -1.69333
0.175521 0.0484852 0.0988635
-1.30128 1.67202 -2.19735
0.165599 0.0404997 0.102118
-1.33094 1.93605 -1.8663
0.169428 0.0447804 0.0819314
-1.3124 2.00629 -1.58793
0.164638 0.069284 0.101709
-1.17247 1.73273 -2.13879
0.177981 0.0437486 0.0717523
-1.32977 1.91251 -1.61399
0.176833 0.0530251 0.0967246
-1.27947 1.62161 -2.24983
0.180094 0.0427352 0.0981616
-1.33781 1.51096 -2.43462
0.191387 0.0543275 0.0736181
-1.29421 1.52282 -2.17087
0.16427 0.0535839 0.0775199
-1.25549 2.06755 -1.47439
0.166016 0.0786317 0.0966744
-1.12846 1.6629 -2.1883
0.179456 0.0449628 0.0962416
-1.3253 1.61763 -2.2508
0.163664 0.0753418 0.0856737
-1.13937 1.89203 -1.76639
0.180721 0.0769834 0.0727806
-1.1681 1.61904 -2.02198
0.168755 0.0981751 0.0778745
-1.0439 1.59456 -2.10484
0.164737 0.0630343 0.0846566
-1.20535 1.9707 -1.65679
0.173376 0.0601098 0.0864534
-1.23706 1.81517 -1.87529
0.175931 0.0485566 0.0855048
-1.3015 1.84523 -1.82626
0.167728 0.0651724 0.0909613
-1.20019 1.85134 -1.86939
0.162873 0.0796408 0.0886722
-1.11601 1.84345 -1.85826
0.162136 0.099189 0.0772756
-1.02177 1.74364 -1.88769
0.167566 0.0536462 0.104152
-1.26096 1.7684 -2.11336
0.172973 0.0665023 0.0875763
-1.20375 1.76034 -1.96065
0.161742 0.0589499 0.0827055
-1.22129 2.05481 -1.53615
0.172599 0.100916 0.0744588
-1.04171 1.45772 -2.2772
0.174202 0.0441909 0.0991337
-1.32236 1.74882 -2.08968
0.1664 0.069275 0.0751453
-1.1763 1.95192 -1.59436
0.182813 0.0439135 0.0774579
-1.33505 1.78873 -1.82786
0.163284 0.0861761 0.0751871
-1.08518 1.87143 -1.69762
0.164708 0.0954568 0.0729731
-1.04555 1.76766 -1.81573
0.165679 0.100202 0.0847336
-1.02686 1.52251 -2.27818
0.171109 0.0465749 0.101547
-1.30504 1.77656 -2.07513
0.17738 0.0551901 0.0850191
-1.26915 1.77628 -1.91464
0.169604 0.0521372 0.0813293
-1.27256 1.9711 -1.62599
0.186524 0.0632114 0.0755797
-1.24405 1.56827 -2.12187
0.171907 0.0845863 0.0850547
-1.11353 1.60693 -2.15519
0.181551 0.056346 0.0869153
-1.26986 1.62772 -2.14278
0.193337 0.0457787 0.0718893
-1.3383 1.55827 -2.10221
0.178485 0.0649618 0.0886407
-1.22174 1.59796 -2.20349
0.186766 0.0570375 0.0818292
-1.2744 1.51613 -2.25938
0.166477 0.0727435 0.0993027
-1.15884 1.6775 -2.19385
0.183726 0.0492792 0.0852481
-1.30874 1.65151 -2.09215
0.168325 0.0667125 0.0946784
-1.19346 1.78134 -2.00004
0.164715 0.0839931 0.0744717
-1.09924 1.8701 -1.69292
0.170635 0.0577083 0.079714
-1.24468 1.93131 -1.66145
0.182633 0.0696979 0.0738413
-1.20623 1.63564 -2.00789
0.163612 0.0825379 0.0982695
-1.10358 1.6386 -2.24049
0.1763 0.0685779 0.0844789
-1.19982 1.69412 -2.02391
0.177643 0.0584488 0.0904613
-1.25293 1.67117 -2.11431
0.163831 0.0742749 0.0735437
-1.14515 1.965 -1.56373
0.164361 0.071275 0.0719383
-1.16162 1.98359 -1.52642
0.183896 0.0768269 0.0749197
-1.17506 1.48104 -2.24606
0.183114 0.0578637 0.0820346
-1.26473 1.64052 -2.07736
0.172649 0.0633418 0.0990456
-1.21916 1.56974 -2.35266
0.173005 0.0691495 0.0836575
-1.19055 1.77642 -1.90171
0.165956 0.0597219 0.101352
-1.22536 1.80698 -2.03093
0.166331 0.0600701 0.0885139
-1.22422 1.93592 -1.73626
0.17487 0.0413026 0.0933287
-1.33886 1.83234 -1.91743
0.166128 0.0676233 0.077921
-1.18422 1.95451 -1.61599
0.171883 0.0728057 0.0817615
-1.17013 1.78514 -1.87223
0.168103 0.0654982 0.0921798
-1.19926 1.82806 -1.91217
0.168904 0.0571995 0.0909404
-1.24427 1.88629 -1.82309
0.166007 0.0405889 0.0938626
-1.331 2.00637 -1.69791
0.181375 0.0838268 0.0743759
-1.13787 1.46705 -2.26217
0.168706 0.0738281 0.099118
-1.15829 1.54168 -2.39684
0.162444 0.0469951 0.0839474
-1.28918 2.09863 -1.49552
0.163015 0.0586106 0.0842457
-1.22565 2.02851 -1.58183
0.173479 0.057226 0.0988092
-1.25216 1.64889 -2.23083
0.181517 0.041936 0.087695
-1.34375 1.73326 -1.99943
0.183493 0.0568592 0.0763872
-1.27031 1.7018 -1.93762
0.16234 0.0507985 0.0783241
-1.26753 2.1074 -1.43476
0.175797 0.0472218 0.0771294
-1.30838 1.91018 -1.66507
0.161474 0.0695521 0.0862622
-1.16408 1.9709 -1.67128
0.166753 0.108969 0.0724432
-0.991979 1.53171 -2.14664
0.163133 0.0541554 0.0743711
-1.25027 2.09353 -1.41579
0.163474 0.0520618 0.0942807
-1.26248 1.99074 -1.72125
0.168445 0.0710113 0.0810666
-1.17183 1.87217 -1.74991
0.169922 0.0480347 0.0798813
-1.2953 1.99366 -1.58495
0.16814 0.0756674 0.0744884
-1.14792 1.87974 -1.68055
0.172855 0.070453 0.0915092
-1.18377 1.6639 -2.13513
0.161819 0.0942696 0.0906786
-1.0433 1.65813 -2.1353
0.177783 0.0462619 0.0816679
-1.31623 1.8498 -1.78478
0.166045 0.0671724 0.0861731
-1.18638 1.9092 -1.7488
0.177364 0.0423738 0.0967309
-1.33628 1.71009 -2.12056
0.16908 0.0502936 0.102885
-1.28168 1.77946 -2.08475
0.170533 0.0830552 0.0725892
-1.11758 1.78467 -1.78924
0.182193 0.0411592 0.0795387
-1.34862 1.80025 -1.83134
0.179521 0.0504178 0.089749
-1.297 1.7002 -2.0658
0.168147 0.0561282 0.0812747
-1.24862 1.97441 -1.62138
0.169102 0.082658 0.0774459
-1.11614 1.78423 -1.83384
0.195867 0.04156 0.074172
-1.36171 1.44824 -2.289
0.175133 0.0704841 0.0918754
-1.18817 1.56223 -2.28948
0.177986 0.0711937 0.0820695
-1.19029 1.65075 -2.06296
0.194154 0.055738 0.0724818
-1.29123 1.37117 -2.3924
0.16856 0.072855 0.0888807
-1.16283 1.78764 -1.93553
0.163853 0.0713509 0.101993
-1.1601 1.72315 -2.15546
0.191029 0.0477922 0.0791317
-1.32565 1.5014 -2.25554
0.164045 0.0503609 0.0985316
-1.27293 1.95165 -1.81118
0.176281 0.0541054 0.0840504
-1.273 1.81651 -1.85108
0.163711 0.0726321 0.0939017
-1.15323 1.83941 -1.91344
0.163758 0.0894081 0.0800338
-1.07105 1.80107 -1.83477
0.182537 0.0526229 0.0885683
-1.29012 1.59829 -2.2023
0.163089 0.0501065 0.093668
-1.27272 2.01304 -1.68785
0.181212 0.049083 0.0718244
-1.30628 1.8284 -1.72395
0.171334 0.0418296 0.0781868
-1.33134 2.00536 -1.55534
0.174467 0.0784123 0.0848798
-1.14841 1.62155 -2.13209
0.171598 0.0633285 0.0949418
-1.21725 1.72495 -2.08153
0.174277 0.0421195 0.0892455
-1.33366 1.88114 -1.81387
0.166429 0.105438 0.0748252
-1.00609 1.57638 -2.10291
0.175793 0.0878046 0.0814473
-1.10757 1.44879 -2.35896
0.17187 0.0575207 0.0944898
-1.24784 1.77927 -2.00106
0.175603 0.0814166 0.08169
-1.13666 1.59395 -2.14191
0.185372 0.056993 0.0774653
-1.27252 1.64098 -2.03379
0.167958 0.0590388 0.0766953
-1.23278 1.98354 -1.56883
0.17941 0.0466948 0.0774238
-1.31618 1.84381 -1.75399
0.165157 0.0618156 0.0868574
-1.21265 1.95718 -1.69398
0.162418 0.0692351 0.0723045
-1.16784 2.02538 -1.4786
0.172912 0.102942 0.0740037
-1.03381 1.36919 -2.41032
0.17401 0.0704619 0.077086
-1.18605 1.79734 -1.81286
0.172896 0.0557395 0.0996716
-1.25893 1.66845 -2.21093
0.186563 0.0632872 0.0809704
-1.24375 1.42522 -2.39097
0.163402 0.069985 0.106299
-1.16614 1.62021 -2.35411
0.195332 0.0461625 0.0731557
-1.33873 1.44724 -2.28082
0.172454 0.0405349 0.10652
-1.33994 1.64927 -2.31241
0.164632 0.0955684 0.0808418
-1.04484 1.70349 -1.97649
0.164534 0.0602622 0.0957528
-1.21971 1.90519 -1.84428
0.174595 0.0565027 0.0870591
-1.25781 1.80923 -1.88899
0.169529 0.0992599 0.0812562
-1.0411 1.46173 -2.33701
0.171104 0.046557 0.0868088
-1.30513 1.93916 -1.71633
0.165729 0.0602174 0.088596
-1.22228 1.94517 -1.72527
0.167959 0.0731318 0.0890142
-1.16014 1.79684 -1.92425
0.175545 0.0880502 0.0767788
-1.10589 1.5702 -2.13029
0.177014 0.0652521 0.0922243
-1.21762 1.55693 -2.30108
0.168126 0.0698105 0.0805189
-1.17723 1.89052 -1.72105
0.165388 0.0727838 0.0917865
-1.15622 1.82579 -1.91146
0.171445 0.0445125 0.097152
-1.31677 1.84713 -1.93463
0.167471 0.0742389 0.084421
-1.15353 1.83964 -1.82362
0.162162 0.0546376 0.109317
-1.24581 1.80843 -2.11138
0.164915 0.0514858 0.107016
-1.26819 1.80708 -2.08897
0.174381 0.101456 0.0725181
-1.04386 1.39469 -2.35595
0.189674 0.0436094 0.0817739
-1.34481 1.54943 -2.20871
0.167579 0.087399 0.0817279
-1.09007 1.72955 -1.94833
0.17465 0.0482754 0.0804906
-1.30112 1.90687 -1.6997
0.166978 0.0753059 0.0791467
-1.14712 1.87705 -1.72607
0.175725 0.0488825 0.0868842
-1.29948 1.83575 -1.85174
0.165053 0.0978495 0.0875607
-1.03566 1.53159 -2.29249
0.186739 0.0569929 0.0733307
-1.27457 1.64731 -1.98653
0.165156 0.0564007 0.0937675
-1.24171 1.93835 -1.78251
0.162709 0.0479102 0.0898002
-1.28444 2.05748 -1.59779
0.166494 0.0432673 0.101786
-1.31655 1.90664 -1.90129
0.168791 0.0625921 0.0845779
-1.21569 1.90293 -1.74217
0.178788 0.0401684 0.0825472
-1.3498 1.85288 -1.78879
0.185304 0.0438419 0.0880853
-1.33847 1.5903 -2.20939
0.164541 0.0418033 0.10869
-1.322 1.85903 -2.03502
0.177527 0.0574489 0.0963825
-1.25783 1.47192 -2.47724
0.173917 0.0651407 0.0834554
-1.21242 1.79209 -1.87851
0.163738 0.0862654 0.08896
-1.0859 1.75026 -1.98781
0.176203 0.0795416 0.0732736
-1.14676 1.69754 -1.9151
0.172089 0.0690157 0.077815
-1.18939 1.84085 -1.76145
0.163544 0.057624 0.08786
-1.23203 2.00405 -1.64483
0.172069 0.0636409 0.0942094
-1.21654 1.72044 -2.0807
0.177751 0.0772916 0.0726403
-1.16063 1.69012 -1.91972
0.172653 0.0408875 0.0753117
-1.33826 1.99973 -1.53654
0.163317 0.100126 0.0799864
-1.02082 1.68007 -2.00154
0.163461 0.0755874 0.0991796
-1.13766 1.73631 -2.10786
0.179052 0.0743631 0.0816931
-1.17716 1.58178 -2.15986
0.16423 0.0539232 0.0729199
-1.25355 2.08295 -1.41536
0.165749 0.0513875 0.108423
-1.27016 1.74919 -2.18584
0.161827 0.113211 0.0773755
-0.960353 1.51425 -2.21926
0.16929 0.0758146 0.0875768
-1.14974 1.75589 -1.96682
0.175053 0.0530118 0.094404
-1.27674 1.73406 -2.06334
0.165296 0.101823 0.0816362
-1.01869 1.5726 -2.17289
0.175614 0.0547036 0.0755759
-1.26882 1.88258 -1.68664
0.17392 0.0593955 0.0819594
-1.24171 1.84607 -1.79238
0.169447 0.0479678 0.0845259
-1.29493 1.97654 -1.64831
0.167838 0.0840554 0.0897848
-1.1065 1.65956 -2.12446
0.177017 0.0794701 0.0720106
-1.14882 1.68988 -1.91434
0.167938 0.10043 0.0773817
-1.03184 1.58651 -2.11199
0.171375 0.0581189 0.0775167
-1.24383 1.92779 -1.64609
0.172006 0.0708816 0.0850198
-1.17991 1.76976 -1.92358
0.179021 0.0720507 0.0787119
-1.18816 1.6546 -2.0259
0.180186 0.0681133 0.0731019
-1.20938 1.71562 -1.88836
0.163102 0.0627309 0.0773903
-1.20363 2.03597 -1.51101
0.172845 0.0663773 0.0931108
-1.20413 1.68555 -2.11969
0.165933 0.0871402 0.0923109
-1.08723 1.61687 -2.21201
0.162609 0.0836138 0.0820974
-1.09585 1.86423 -1.76973
0.162617 0.0410177 0.0943042
-1.32371 2.05967 -1.63712
0.169812 0.0529229 0.0912483
-1.26868 1.89305 -1.81716
0.172322 0.0609 0.0794404
-1.23109 1.88317 -1.72078
0.168729 0.0908273 0.0743146
-1.07698 1.7303 -1.87907
0.168365 0.0923362 0.0853562
-1.06916 1.58371 -2.19241
0.188149 0.0469665 0.0842452
-1.32617 1.52067 -2.27617
0.164306 0.0721991 0.0834454
-1.15678 1.92123 -1.70825
0.172419 0.0718146 0.0783901
-1.17614 1.80875 -1.80942
0.168461 0.0824081 0.0911914
-1.11584 1.63821 -2.16941
0.163146 0.0927829 0.078706
-1.0537 1.78679 -1.84188
0.171097 0.0622794 0.0952156
-1.2217 1.74528 -2.05555
0.174181 0.0494317 0.0913816
-1.29427 1.82168 -1.91314
