1	0.2436	0.231352
2	0.231353	0.219133
3	0.219134	0.206741
4	0.206741	0.194502
5	0.194503	0.182683
6	0.182684	0.171378
7	0.171378	0.160727
8	0.160727	0.151029
9	0.151029	0.142804
10	0.142804	0.135565
11	0.135566	0.129041
12	0.129041	0.123161
13	0.123161	0.11779
14	0.11779	0.112914
15	0.112914	0.108439
16	0.108439	0.104318
17	0.104318	0.100527
18	0.100527	0.0970122
19	0.0970124	0.0937373
20	0.0937371	0.0906793
21	0.0906795	0.0878193
22	0.0878192	0.0851398
23	0.0851398	0.0826247
24	0.0826249	0.0802611
25	0.0802611	0.0780351
26	0.0780353	0.0759363
27	0.0759361	0.0739534
28	0.0739535	0.0720778
29	0.0720779	0.0703015
30	0.0703013	0.0686157
31	0.0686159	0.067015
32	0.067015	0.0654924
33	0.0654922	0.0640424
34	0.0640424	0.0626602
35	0.0626602	0.0613412
36	0.0613412	0.0600812
37	0.0600811	0.0588762
38	0.0588763	0.0577229
39	0.0577229	0.0566183
40	0.0566183	0.0555594
41	0.0555591	0.0545429
42	0.0545429	0.0535671
43	0.0535672	0.0526295
44	0.0526295	0.0517283
45	0.0517281	0.0508611
46	0.0508612	0.050026
47	0.0500261	0.0492221
48	0.0492221	0.0484472
49	0.0484473	0.0477
50	0.0476999	0.0469791
51	0.0469791	0.0462835
52	0.0462835	0.0456118
53	0.0456119	0.044963
54	0.0449631	0.044336
55	0.044336	0.0437299
56	0.0437297	0.0431437
57	0.0431436	0.0425768
58	0.0425766	0.0420277
59	0.0420277	0.0414964
60	0.0414963	0.0409818
61	0.0409817	0.0404833
62	0.0404833	0.0400002
63	0.0400003	0.0395321
64	0.0395322	0.0390781
65	0.0390781	0.0386378
66	0.0386376	0.0382105
67	0.0382105	0.037796
68	0.0377959	0.0373937
69	0.0373937	0.037003
70	0.0370029	0.0366236
71	0.0366236	0.0362552
72	0.0362552	0.0358971
73	0.035897	0.0355492
74	0.0355492	0.035211
75	0.0352111	0.0348822
76	0.0348821	0.0345624
77	0.0345624	0.0342515
78	0.0342515	0.0339489
79	0.0339488	0.0336544
80	0.0336544	0.0333678
81	0.0333678	0.033089
82	0.0330889	0.0328173
83	0.0328173	0.0325528
84	0.0325528	0.0322952
85	0.0322952	0.0320441
86	0.0320443	0.0317997
87	0.0317997	0.0315613
88	0.0315614	0.031329
89	0.0313291	0.0311025
90	0.0311026	0.0308818
91	0.0308817	0.0306664
92	0.0306664	0.0304563
93	0.0304563	0.0302514
94	0.0302515	0.0300515
95	0.0300514	0.0298561
96	0.0298562	0.0296658
97	0.0296657	0.0294799
98	0.0294799	0.0292983
99	0.0292983	0.029121
100	0.029121	0.0289478
101	0.0289479	0.0287787
102	0.0287786	0.0286135
103	0.0286135	0.0284521
104	0.028452	0.0282941
105	0.0282941	0.0281399
106	0.0281399	0.0279891
107	0.0279891	0.0278417
108	0.0278418	0.0276976
109	0.0276976	0.0275566
110	0.0275566	0.0274187
111	0.0274187	0.0272839
112	0.027284	0.0271519
113	0.027152	0.0270227
114	0.0270228	0.0268963
115	0.0268963	0.0267727
116	0.0267728	0.0266517
117	0.0266516	0.0265331
118	0.0265331	0.0264169
119	0.0264169	0.0263033
120	0.0263033	0.026192
121	0.026192	0.0260829
122	0.026083	0.0259762
123	0.0259762	0.0258715
124	0.0258714	0.025769
125	0.0257689	0.0256685
126	0.0256685	0.0255699
127	0.02557	0.0254733
128	0.0254733	0.0253788
129	0.0253788	0.025286
130	0.0252859	0.025195
131	0.025195	0.0251057
132	0.0251057	0.0250182
133	0.0250181	0.0249323
134	0.0249323	0.0248481
135	0.0248481	0.0247654
136	0.0247655	0.0246844
137	0.0246844	0.0246049
138	0.0246048	0.0245268
139	0.0245268	0.0244501
140	0.02445	0.0243749
141	0.0243749	0.024301
142	0.024301	0.0242286
143	0.0242285	0.0241573
144	0.0241573	0.0240874
145	0.0240874	0.0240188
146	0.0240188	0.0239513
147	0.0239514	0.023885
148	0.0238852	0.0238199
149	0.02382	0.023756
150	0.023756	0.0236933
151	0.0236932	0.0236315
152	0.0236316	0.0235709
153	0.0235708	0.0235113
154	0.0235112	0.0234527
155	0.0234526	0.023395
156	0.023395	0.0233384
157	0.0233384	0.0232828
158	0.0232827	0.023228
159	0.0232279	0.0231741
160	0.0231742	0.0231213
161	0.0231212	0.0230692
162	0.0230691	0.0230179
163	0.0230179	0.0229675
164	0.0229675	0.022918
165	0.022918	0.0228692
166	0.0228692	0.0228214
167	0.0228213	0.0227741
168	0.0227741	0.0227277
169	0.0227277	0.022682
170	0.0226819	0.022637
171	0.022637	0.0225927
172	0.0225928	0.0225491
173	0.0225492	0.0225063
174	0.0225063	0.0224641
175	0.0224641	0.0224225
176	0.0224225	0.0223815
177	0.0223815	0.0223412
178	0.0223413	0.0223016
179	0.0223016	0.0222625
180	0.0222625	0.022224
181	0.022224	0.0221861
182	0.0221861	0.0221488
183	0.0221487	0.022112
184	0.0221121	0.0220757
185	0.0220758	0.02204
186	0.0220401	0.0220049
187	0.022005	0.0219702
188	0.0219702	0.0219361
189	0.0219361	0.0219024
190	0.0219024	0.0218693
191	0.0218693	0.0218366
192	0.0218366	0.0218043
193	0.0218044	0.0217727
194	0.0217727	0.0217413
195	0.0217413	0.0217105
196	0.0217105	0.0216801
197	0.0216801	0.0216501
198	0.0216501	0.0216206
199	0.0216206	0.0215914
200	0.0215915	0.0215626
201	0.0215627	0.0215343
202	0.0215344	0.0215064
203	0.0215064	0.0214789
204	0.0214788	0.0214516
205	0.0214517	0.0214249
206	0.0214248	0.0213984
207	0.0213985	0.0213724
208	0.0213723	0.0213466
209	0.0213467	0.0213212
210	0.0213212	0.0212962
211	0.0212961	0.0212715
212	0.0212715	0.0212471
213	0.0212471	0.021223
214	0.0212231	0.0211993
215	0.0211993	0.0211759
216	0.0211759	0.0211528
217	0.0211528	0.02113
218	0.02113	0.0211075
219	0.0211075	0.0210853
220	0.0210852	0.0210633
221	0.0210633	0.0210417
222	0.0210418	0.0210203
223	0.0210203	0.0209992
224	0.0209992	0.0209784
225	0.0209785	0.0209579
226	0.0209578	0.0209376
227	0.0209376	0.0209175
228	0.0209176	0.0208978
229	0.0208978	0.0208782
230	0.0208782	0.0208589
231	0.0208589	0.0208399
232	0.0208399	0.0208211
233	0.0208211	0.0208025
234	0.0208024	0.0207842
235	0.0207842	0.020766
236	0.0207661	0.0207481
237	0.0207482	0.0207305
238	0.0207305	0.020713
239	0.020713	0.0206958
240	0.0206958	0.0206787
241	0.0206787	0.0206619
242	0.0206619	0.0206453
243	0.0206453	0.0206289
244	0.0206288	0.0206126
245	0.0206126	0.0205966
246	0.0205966	0.0205808
247	0.0205808	0.0205651
248	0.0205651	0.0205496
249	0.0205496	0.0205344
250	0.0205344	0.0205193
251	0.0205192	0.0205044
252	0.0205044	0.0204896
253	0.0204896	0.0204751
254	0.0204751	0.0204607
255	0.0204607	0.0204464
256	0.0204464	0.0204323
257	0.0204324	0.0204185
258	0.0204184	0.0204047
259	0.0204046	0.0203911
260	0.0203911	0.0203776
261	0.0203777	0.0203644
262	0.0203643	0.0203513
263	0.0203513	0.0203382
264	0.0203383	0.0203254
265	0.0203255	0.0203128
266	0.0203128	0.0203002
267	0.0203002	0.0202878
268	0.0202878	0.0202755
269	0.0202755	0.0202634
270	0.0202634	0.0202514
271	0.0202514	0.0202396
272	0.0202395	0.0202279
273	0.0202279	0.0202162
274	0.0202162	0.0202048
275	0.0202048	0.0201935
276	0.0201935	0.0201822
277	0.0201823	0.0201711
278	0.0201711	0.0201601
279	0.0201602	0.0201493
280	0.0201493	0.0201386
281	0.0201386	0.020128
282	0.020128	0.0201174
283	0.0201175	0.0201071
284	0.0201072	0.0200968
285	0.0200968	0.0200867
286	0.0200866	0.0200766
287	0.0200766	0.0200667
288	0.0200667	0.0200568
289	0.0200568	0.0200471
290	0.0200471	0.0200374
291	0.0200374	0.0200279
292	0.0200279	0.0200185
293	0.0200185	0.0200092
294	0.0200092	0.0199999
295	0.02	0.0199908
