1	0.31003	0.295449
2	0.295449	0.282737
3	0.282736	0.27112
4	0.27112	0.261232
5	0.261232	0.251899
6	0.251899	0.242987
7	0.242987	0.234471
8	0.234471	0.226343
9	0.226344	0.218598
10	0.218598	0.211228
11	0.211228	0.20422
12	0.204221	0.197564
13	0.197564	0.191243
14	0.191243	0.185242
15	0.185242	0.179547
16	0.179546	0.17414
17	0.17414	0.169007
18	0.169007	0.164132
19	0.164132	0.159499
20	0.159499	0.155096
21	0.155095	0.150906
22	0.150906	0.14692
23	0.146919	0.143122
24	0.143122	0.139501
25	0.139501	0.136047
26	0.136048	0.13275
27	0.13275	0.129598
28	0.129598	0.126584
29	0.126584	0.123698
30	0.123698	0.120932
31	0.120932	0.11828
32	0.11828	0.115734
33	0.115733	0.113287
34	0.113287	0.110934
35	0.110934	0.10867
36	0.10867	0.106489
37	0.106489	0.104387
38	0.104387	0.10236
39	0.10236	0.100403
40	0.100404	0.0985143
41	0.098514	0.0966884
42	0.0966885	0.0949235
43	0.0949235	0.0932162
44	0.0932161	0.091564
45	0.0915638	0.0899646
46	0.0899646	0.0884154
47	0.0884155	0.0869149
48	0.0869151	0.0854605
49	0.0854605	0.0840504
50	0.0840503	0.0826828
51	0.0826828	0.0813563
52	0.0813563	0.080069
53	0.0800688	0.0788196
54	0.0788196	0.0776063
55	0.0776063	0.0764283
56	0.0764283	0.0752836
57	0.0752837	0.0741714
58	0.0741716	0.0730905
59	0.0730907	0.0720396
60	0.0720399	0.0710177
61	0.0710177	0.0700235
62	0.0700236	0.0690564
63	0.0690563	0.0681148
64	0.0681148	0.0671983
65	0.0671986	0.066306
66	0.0663061	0.0654369
67	0.0654368	0.0645898
68	0.06459	0.0637647
69	0.0637647	0.0629602
70	0.0629603	0.0621756
71	0.0621758	0.0614106
72	0.0614107	0.0606643
73	0.0606644	0.0599361
74	0.0599361	0.0592252
75	0.0592251	0.0585313
76	0.0585312	0.0578535
77	0.0578535	0.0571917
78	0.0571917	0.0565451
79	0.0565452	0.0559135
80	0.0559135	0.055296
81	0.055296	0.0546925
82	0.0546927	0.0541024
83	0.0541024	0.0535253
84	0.0535252	0.0529608
85	0.0529609	0.0524088
86	0.0524087	0.0518685
87	0.0518685	0.0513398
88	0.0513398	0.0508225
89	0.0508225	0.0503161
90	0.050316	0.0498203
91	0.0498203	0.0493348
92	0.0493347	0.0488593
93	0.0488594	0.0483936
94	0.0483937	0.0479376
95	0.0479376	0.0474907
96	0.0474907	0.0470528
97	0.0470529	0.046624
98	0.0466239	0.0462035
99	0.0462035	0.0457915
100	0.0457914	0.0453876
101	0.0453875	0.0449916
102	0.0449916	0.0446034
103	0.0446035	0.0442229
104	0.044223	0.0438497
105	0.0438498	0.0434837
106	0.0434838	0.0431248
107	0.0431249	0.0427729
108	0.0427728	0.0424275
109	0.0424275	0.0420889
110	0.0420889	0.0417564
111	0.0417564	0.0414305
112	0.0414305	0.0411106
113	0.0411106	0.0407967
114	0.0407966	0.0404901
115	0.04049	0.040189
116	0.0401889	0.0398936
117	0.0398936	0.0396037
118	0.0396037	0.0393193
119	0.0393192	0.03904
120	0.0390401	0.0387657
121	0.0387657	0.0384965
122	0.0384966	0.0382321
123	0.0382321	0.0379725
124	0.0379725	0.0377176
125	0.0377176	0.0374672
126	0.0374674	0.0372215
127	0.0372214	0.0369799
128	0.0369799	0.0367427
129	0.0367426	0.0365097
130	0.0365097	0.0362807
131	0.0362807	0.0360558
132	0.0360558	0.0358348
133	0.0358349	0.0356177
134	0.0356177	0.0354043
135	0.0354043	0.0351947
136	0.0351946	0.0349885
137	0.0349886	0.0347861
138	0.0347861	0.034587
139	0.0345871	0.0343913
140	0.0343914	0.0341991
141	0.0341991	0.0340099
142	0.0340099	0.0338241
143	0.0338242	0.0336413
144	0.0336414	0.0334617
145	0.0334617	0.0332851
146	0.0332851	0.0331114
147	0.0331114	0.0329406
148	0.0329405	0.0327725
149	0.0327725	0.0326074
150	0.0326074	0.0324449
151	0.0324449	0.032285
152	0.032285	0.0321278
153	0.0321278	0.0319732
154	0.0319732	0.0318211
155	0.0318211	0.0316714
156	0.0316714	0.0315241
157	0.0315241	0.0313792
158	0.0313792	0.0312367
159	0.0312366	0.0310963
160	0.0310963	0.0309583
161	0.0309583	0.0308224
162	0.0308224	0.0306887
163	0.0306886	0.030557
164	0.030557	0.0304275
165	0.0304275	0.0303
166	0.0303	0.0301744
167	0.0301744	0.0300509
168	0.0300508	0.0299292
169	0.0299292	0.0298093
170	0.0298094	0.0296914
171	0.0296913	0.0295753
172	0.0295752	0.029461
173	0.0294609	0.0293483
174	0.0293482	0.0292373
175	0.0292373	0.0291281
176	0.0291281	0.0290205
177	0.0290205	0.0289145
178	0.0289145	0.0288101
179	0.0288101	0.0287072
180	0.0287073	0.028606
181	0.028606	0.0285061
182	0.028506	0.0284078
183	0.0284078	0.0283109
184	0.0283109	0.0282153
185	0.0282154	0.0281213
186	0.0281213	0.0280286
187	0.0280286	0.0279372
188	0.0279373	0.0278472
189	0.0278472	0.0277584
190	0.0277585	0.0276709
191	0.027671	0.0275848
192	0.0275848	0.0274997
193	0.0274997	0.027416
194	0.0274159	0.0273334
195	0.0273333	0.0272519
196	0.0272519	0.0271717
197	0.0271716	0.0270925
198	0.0270924	0.0270143
199	0.0270144	0.0269374
200	0.0269374	0.0268615
201	0.0268615	0.0267866
202	0.0267866	0.0267128
203	0.0267128	0.02664
204	0.02664	0.0265682
205	0.0265681	0.0264974
206	0.0264974	0.0264273
207	0.0264274	0.0263585
208	0.0263585	0.0262905
209	0.0262905	0.0262234
210	0.0262234	0.0261572
211	0.0261572	0.026092
212	0.0260919	0.0260275
213	0.0260275	0.0259639
214	0.0259639	0.0259012
215	0.0259012	0.0258393
216	0.0258393	0.0257782
217	0.0257781	0.0257179
218	0.0257179	0.0256583
219	0.0256584	0.0255997
220	0.0255997	0.0255416
221	0.0255416	0.0254844
222	0.0254844	0.0254279
223	0.0254279	0.0253721
224	0.0253721	0.0253171
225	0.0253172	0.0252628
226	0.0252628	0.0252091
227	0.0252091	0.0251561
228	0.0251561	0.0251038
229	0.0251038	0.0250521
230	0.0250521	0.0250012
231	0.0250012	0.0249508
232	0.0249508	0.0249011
233	0.0249011	0.0248519
234	0.024852	0.0248034
235	0.0248034	0.0247555
236	0.0247555	0.0247082
237	0.0247082	0.0246615
238	0.0246615	0.0246153
239	0.0246153	0.0245696
240	0.0245697	0.0245246
241	0.0245247	0.0244801
242	0.0244801	0.0244361
243	0.0244361	0.0243927
244	0.0243927	0.0243498
245	0.0243498	0.0243073
246	0.0243074	0.0242655
247	0.0242654	0.024224
248	0.0242241	0.0241831
249	0.0241831	0.0241427
250	0.0241427	0.0241027
251	0.0241027	0.0240633
252	0.0240633	0.0240242
253	0.0240242	0.0239857
254	0.0239856	0.0239475
255	0.0239475	0.0239098
256	0.0239099	0.0238726
257	0.0238725	0.0238357
258	0.0238357	0.0237994
259	0.0237993	0.0237634
260	0.0237634	0.0237278
261	0.0237279	0.0236926
262	0.0236926	0.0236579
263	0.0236579	0.0236235
264	0.0236235	0.0235895
265	0.0235896	0.0235559
266	0.023556	0.0235227
267	0.0235227	0.0234898
268	0.0234898	0.0234574
269	0.0234574	0.0234252
270	0.0234252	0.0233935
271	0.0233935	0.023362
272	0.023362	0.0233309
273	0.023331	0.0233002
274	0.0233002	0.0232699
275	0.0232698	0.0232397
276	0.0232397	0.02321
277	0.02321	0.0231805
278	0.0231805	0.0231515
279	0.0231514	0.0231227
280	0.0231227	0.0230942
281	0.0230942	0.023066
282	0.023066	0.0230382
283	0.0230381	0.0230106
284	0.0230106	0.0229833
285	0.0229833	0.0229563
286	0.0229562	0.0229295
287	0.0229295	0.0229031
288	0.0229031	0.022877
289	0.022877	0.0228511
290	0.0228511	0.0228255
291	0.0228255	0.0228001
292	0.0228001	0.0227751
293	0.022775	0.0227502
294	0.0227502	0.0227256
295	0.0227256	0.0227014
296	0.0227014	0.0226773
297	0.0226773	0.0226535
298	0.0226535	0.02263
299	0.0226299	0.0226065
300	0.0226065	0.0225835
301	0.0225834	0.0225606
302	0.0225606	0.022538
303	0.022538	0.0225156
304	0.0225156	0.0224934
305	0.0224934	0.0224714
306	0.0224714	0.0224497
307	0.0224496	0.0224282
308	0.0224282	0.0224068
309	0.0224068	0.0223858
310	0.0223857	0.0223648
311	0.0223648	0.0223442
312	0.0223441	0.0223236
313	0.0223237	0.0223034
314	0.0223034	0.0222833
315	0.0222833	0.0222634
316	0.0222634	0.0222438
317	0.0222437	0.0222242
318	0.0222242	0.0222048
319	0.0222048	0.0221858
320	0.0221857	0.0221668
321	0.0221668	0.022148
322	0.0221479	0.0221295
323	0.0221295	0.022111
324	0.022111	0.0220927
325	0.0220928	0.0220746
326	0.0220747	0.0220568
327	0.0220568	0.0220391
328	0.0220391	0.0220214
329	0.0220215	0.0220041
330	0.0220042	0.0219869
331	0.0219868	0.0219698
332	0.0219698	0.0219529
333	0.0219529	0.0219361
334	0.0219361	0.0219195
335	0.0219196	0.021903
336	0.0219031	0.0218867
337	0.0218867	0.0218706
338	0.0218706	0.0218546
339	0.0218546	0.0218387
340	0.0218387	0.021823
341	0.021823	0.0218075
342	0.0218075	0.021792
343	0.021792	0.0217767
344	0.0217767	0.0217615
345	0.0217615	0.0217466
346	0.0217465	0.0217316
347	0.0217316	0.0217169
348	0.0217169	0.0217023
349	0.0217023	0.0216878
350	0.0216878	0.0216734
351	0.0216734	0.0216591
352	0.0216592	0.021645
353	0.021645	0.021631
354	0.0216311	0.0216172
355	0.0216172	0.0216034
356	0.0216034	0.0215898
357	0.0215898	0.0215763
358	0.0215763	0.0215629
359	0.0215629	0.0215497
360	0.0215497	0.0215365
361	0.0215365	0.0215234
362	0.0215234	0.0215105
363	0.0215105	0.0214977
364	0.0214977	0.0214849
365	0.021485	0.0214724
366	0.0214724	0.0214598
367	0.0214598	0.0214475
368	0.0214474	0.0214351
369	0.0214351	0.021423
370	0.021423	0.0214109
371	0.0214109	0.0213989
372	0.0213989	0.0213871
373	0.0213871	0.0213752
374	0.0213752	0.0213635
375	0.0213635	0.0213519
376	0.0213519	0.0213404
377	0.0213404	0.021329
378	0.021329	0.0213177
379	0.0213177	0.0213065
380	0.0213065	0.0212954
381	0.0212954	0.0212844
382	0.0212843	0.0212735
383	0.0212734	0.0212625
384	0.0212626	0.0212518
385	0.0212518	0.0212411
386	0.0212412	0.0212306
387	0.0212305	0.02122
388	0.02122	0.0212096
389	0.0212096	0.0211992
390	0.0211993	0.021189
391	0.021189	0.0211788
392	0.0211788	0.0211687
393	0.0211687	0.0211587
394	0.0211587	0.0211487
395	0.0211487	0.0211389
396	0.0211388	0.0211291
397	0.0211291	0.0211194
398	0.0211194	0.0211098
399	0.0211098	0.0211003
400	0.0211003	0.0210907
401	0.0210907	0.0210813
402	0.0210813	0.021072
403	0.021072	0.0210628
404	0.0210628	0.0210535
405	0.0210535	0.0210444
406	0.0210444	0.0210354
407	0.0210354	0.0210264
408	0.0210264	0.0210175
409	0.0210175	0.0210086
410	0.0210086	0.0209999
411	0.0209999	0.0209911
412	0.0209912	0.0209825
413	0.0209825	0.0209739
414	0.0209739	0.0209654
415	0.0209654	0.0209569
416	0.0209569	0.0209485
417	0.0209485	0.0209402
418	0.0209402	0.020932
419	0.020932	0.0209238
420	0.0209237	0.0209155
421	0.0209156	0.0209075
422	0.0209075	0.0208995
423	0.0208995	0.0208916
424	0.0208915	0.0208836
425	0.0208836	0.0208758
426	0.0208758	0.020868
427	0.0208679	0.0208602
428	0.0208602	0.0208526
429	0.0208526	0.0208449
430	0.0208449	0.0208373
431	0.0208374	0.0208298
432	0.0208298	0.0208224
433	0.0208224	0.0208149
434	0.020815	0.0208076
435	0.0208076	0.0208003
436	0.0208002	0.020793
437	0.020793	0.0207858
438	0.0207858	0.0207787
439	0.0207786	0.0207715
440	0.0207715	0.0207645
441	0.0207645	0.0207575
442	0.0207575	0.0207505
443	0.0207505	0.0207436
444	0.0207436	0.0207368
445	0.0207368	0.02073
446	0.02073	0.0207232
447	0.0207232	0.0207165
448	0.0207165	0.0207099
449	0.0207099	0.0207032
450	0.0207032	0.0206966
451	0.0206967	0.0206901
452	0.0206901	0.0206836
453	0.0206836	0.0206772
454	0.0206771	0.0206707
455	0.0206708	0.0206643
456	0.0206644	0.0206581
457	0.0206581	0.0206518
458	0.0206518	0.0206456
459	0.0206456	0.0206394
460	0.0206393	0.0206332
461	0.0206332	0.0206272
462	0.0206271	0.020621
463	0.0206211	0.020615
464	0.020615	0.0206091
465	0.020609	0.0206031
466	0.0206031	0.0205972
467	0.0205972	0.0205913
468	0.0205914	0.0205855
469	0.0205855	0.0205797
470	0.0205797	0.0205739
471	0.0205739	0.0205682
472	0.0205682	0.0205625
473	0.0205625	0.0205569
474	0.0205569	0.0205513
475	0.0205512	0.0205457
476	0.0205457	0.0205402
477	0.0205402	0.0205346
478	0.0205347	0.0205292
479	0.0205292	0.0205238
480	0.0205238	0.0205184
481	0.0205183	0.020513
482	0.020513	0.0205077
483	0.0205077	0.0205023
484	0.0205023	0.0204972
485	0.0204971	0.0204919
486	0.0204919	0.0204867
487	0.0204867	0.0204815
488	0.0204815	0.0204763
489	0.0204764	0.0204713
490	0.0204713	0.0204662
491	0.0204662	0.0204611
492	0.0204612	0.0204562
493	0.0204562	0.0204512
494	0.0204512	0.0204462
495	0.0204463	0.0204413
496	0.0204414	0.0204364
497	0.0204364	0.0204316
498	0.0204316	0.0204268
499	0.0204268	0.020422
500	0.020422	0.0204172
501	0.0204172	0.0204125
502	0.0204124	0.0204078
503	0.0204077	0.0204031
504	0.0204031	0.0203984
505	0.0203984	0.0203938
506	0.0203938	0.0203892
507	0.0203892	0.0203846
508	0.0203847	0.0203801
509	0.0203801	0.0203756
510	0.0203756	0.0203711
511	0.0203711	0.0203666
512	0.0203666	0.0203622
513	0.0203622	0.0203578
514	0.0203578	0.0203534
515	0.0203533	0.020349
516	0.020349	0.0203447
517	0.0203447	0.0203404
518	0.0203404	0.0203361
519	0.0203361	0.0203319
520	0.0203318	0.0203276
521	0.0203276	0.0203234
522	0.0203234	0.0203192
523	0.0203192	0.0203151
524	0.020315	0.0203109
525	0.0203109	0.0203067
526	0.0203067	0.0203027
527	0.0203027	0.0202986
528	0.0202986	0.0202945
529	0.0202946	0.0202905
530	0.0202906	0.0202865
531	0.0202866	0.0202825
532	0.0202826	0.0202786
533	0.0202787	0.0202747
534	0.0202747	0.0202708
535	0.0202708	0.0202669
536	0.0202669	0.020263
537	0.020263	0.0202592
538	0.0202592	0.0202553
539	0.0202553	0.0202516
540	0.0202516	0.0202478
541	0.0202477	0.020244
542	0.020244	0.0202402
543	0.0202402	0.0202365
544	0.0202365	0.0202328
545	0.0202328	0.0202292
546	0.0202291	0.0202255
547	0.0202255	0.0202219
548	0.0202218	0.0202182
549	0.0202182	0.0202146
550	0.0202146	0.020211
551	0.020211	0.0202075
552	0.0202074	0.0202039
553	0.0202039	0.0202004
554	0.0202003	0.0201968
555	0.0201968	0.0201933
556	0.0201934	0.0201899
557	0.0201898	0.0201864
558	0.0201864	0.020183
559	0.020183	0.0201796
560	0.0201795	0.0201762
561	0.0201762	0.0201728
562	0.0201728	0.0201694
563	0.0201694	0.0201661
564	0.020166	0.0201627
565	0.0201627	0.0201594
566	0.0201594	0.0201561
567	0.0201561	0.0201529
568	0.0201528	0.0201495
569	0.0201496	0.0201463
570	0.0201463	0.0201431
571	0.0201431	0.0201399
572	0.0201399	0.0201367
573	0.0201366	0.0201335
574	0.0201335	0.0201303
575	0.0201303	0.0201272
576	0.0201272	0.020124
577	0.020124	0.0201209
578	0.020121	0.0201178
579	0.0201178	0.0201147
580	0.0201148	0.0201116
581	0.0201117	0.0201086
582	0.0201086	0.0201056
583	0.0201056	0.0201025
584	0.0201025	0.0200995
585	0.0200995	0.0200965
586	0.0200965	0.0200935
587	0.0200935	0.0200906
588	0.0200906	0.0200876
589	0.0200876	0.0200847
590	0.0200847	0.0200818
591	0.0200817	0.0200789
592	0.0200789	0.0200759
593	0.020076	0.0200731
594	0.020073	0.0200702
595	0.0200701	0.0200673
596	0.0200673	0.0200645
597	0.0200645	0.0200616
598	0.0200616	0.0200588
599	0.0200589	0.020056
600	0.020056	0.0200532
601	0.0200532	0.0200504
602	0.0200505	0.0200477
603	0.0200477	0.020045
604	0.0200449	0.0200422
605	0.0200422	0.0200395
606	0.0200394	0.0200367
607	0.0200367	0.0200341
608	0.0200341	0.0200314
609	0.0200313	0.0200287
610	0.0200287	0.020026
611	0.0200261	0.0200234
612	0.0200234	0.0200207
613	0.0200207	0.0200181
614	0.0200182	0.0200155
615	0.0200155	0.0200129
616	0.0200129	0.0200103
617	0.0200103	0.0200077
618	0.0200077	0.0200051
619	0.0200052	0.0200026
620	0.0200026	0.02
621	0.02	0.0199975
622	0.0199975	0.019995
