1	0.272116	0.261388
2	0.261389	0.250988
3	0.250988	0.240999
4	0.240998	0.231674
5	0.231675	0.223047
6	0.223047	0.215036
7	0.215035	0.207688
8	0.207687	0.201106
9	0.201106	0.195101
10	0.195101	0.189754
11	0.189754	0.184884
12	0.184883	0.180405
13	0.180406	0.176292
14	0.176292	0.17246
15	0.17246	0.168933
16	0.168933	0.165637
17	0.165636	0.162499
18	0.162498	0.159534
19	0.159534	0.156715
20	0.156715	0.153993
21	0.153993	0.151358
22	0.151358	0.148827
23	0.148827	0.146373
24	0.146372	0.143998
25	0.143999	0.141692
26	0.141692	0.13947
27	0.13947	0.137308
28	0.137308	0.1352
29	0.1352	0.133146
30	0.133146	0.131141
31	0.131141	0.129183
32	0.129183	0.127271
33	0.127271	0.125402
34	0.125402	0.123574
35	0.123574	0.121788
36	0.121788	0.120039
37	0.120039	0.118328
38	0.118328	0.116652
39	0.116652	0.115011
40	0.115011	0.113404
41	0.113404	0.111828
42	0.111828	0.110284
43	0.110284	0.10877
44	0.10877	0.107286
45	0.107286	0.105831
46	0.105831	0.104403
47	0.104403	0.103002
48	0.103001	0.101627
49	0.101627	0.100278
50	0.100278	0.0989533
51	0.0989534	0.0976533
52	0.0976534	0.0963771
53	0.0963772	0.0951239
54	0.0951238	0.0938932
55	0.0938935	0.0926847
56	0.0926848	0.0914983
57	0.0914981	0.0903324
58	0.0903322	0.0891875
59	0.0891874	0.0880628
60	0.0880627	0.0869577
61	0.0869578	0.0858726
62	0.0858725	0.0848063
63	0.0848064	0.0837587
64	0.0837587	0.0827297
65	0.0827297	0.0817185
66	0.0817185	0.0807252
67	0.0807252	0.0797492
68	0.0797494	0.0787905
69	0.0787906	0.0778485
70	0.0778485	0.0769229
71	0.076923	0.076014
72	0.076014	0.0751208
73	0.0751208	0.0742435
74	0.0742434	0.0733813
75	0.0733814	0.0725348
76	0.0725347	0.071703
77	0.0717029	0.0708859
78	0.0708861	0.0700835
79	0.0700836	0.0692952
80	0.0692955	0.0685212
81	0.0685212	0.067761
82	0.067761	0.0670141
83	0.0670143	0.0662809
84	0.066281	0.0655608
85	0.0655607	0.0648537
86	0.0648538	0.0641594
87	0.0641594	0.0634776
88	0.0634775	0.0628081
89	0.0628082	0.0621509
90	0.0621507	0.0615057
91	0.0615056	0.0608721
92	0.0608721	0.06025
93	0.06025	0.0596394
94	0.0596395	0.0590402
95	0.0590401	0.0584517
96	0.0584517	0.0578741
97	0.0578741	0.0573072
98	0.0573073	0.0567507
99	0.0567507	0.0562044
100	0.0562045	0.0556683
101	0.0556682	0.055142
102	0.055142	0.0546255
103	0.0546255	0.0541186
104	0.0541185	0.053621
105	0.053621	0.0531326
106	0.0531326	0.0526533
107	0.0526534	0.0521829
108	0.0521829	0.0517212
109	0.0517214	0.0512681
110	0.0512682	0.0508234
111	0.0508234	0.050387
112	0.050387	0.0499585
113	0.0499585	0.0495381
114	0.049538	0.0491254
115	0.0491254	0.0487203
116	0.0487204	0.0483228
117	0.0483229	0.0479327
118	0.0479327	0.0475497
119	0.0475496	0.0471737
120	0.0471736	0.0468046
121	0.0468047	0.0464425
122	0.0464424	0.0460869
123	0.0460868	0.0457378
124	0.0457379	0.0453952
125	0.0453952	0.0450588
126	0.0450587	0.0447285
127	0.0447285	0.0444043
128	0.0444043	0.044086
129	0.0440861	0.0437735
130	0.0437735	0.0434666
131	0.0434666	0.0431652
132	0.0431652	0.0428694
133	0.0428694	0.0425787
134	0.0425788	0.0422935
135	0.0422935	0.0420133
136	0.0420132	0.041738
137	0.0417381	0.0414677
138	0.0414677	0.0412023
139	0.0412022	0.0409415
140	0.0409415	0.0406853
141	0.0406852	0.0404337
142	0.0404336	0.0401865
143	0.0401865	0.0399436
144	0.0399435	0.039705
145	0.039705	0.0394705
146	0.0394704	0.0392402
147	0.0392402	0.0390138
148	0.0390139	0.0387914
149	0.0387913	0.0385727
150	0.0385727	0.0383579
151	0.0383579	0.0381467
152	0.0381466	0.0379391
153	0.0379391	0.0377351
154	0.0377351	0.0375345
155	0.0375345	0.0373373
156	0.0373373	0.0371434
157	0.0371435	0.0369529
158	0.0369529	0.0367655
159	0.0367655	0.0365813
160	0.0365812	0.0364001
161	0.0364001	0.0362219
162	0.0362219	0.0360467
163	0.0360466	0.0358743
164	0.0358743	0.0357047
165	0.0357048	0.035538
166	0.0355381	0.0353739
167	0.035374	0.0352126
168	0.0352126	0.0350538
169	0.0350538	0.0348976
170	0.0348976	0.0347439
171	0.0347438	0.0345927
172	0.0345927	0.034444
173	0.0344439	0.0342974
174	0.0342974	0.0341533
175	0.0341533	0.0340115
176	0.0340115	0.0338718
177	0.0338719	0.0337343
178	0.0337343	0.033599
179	0.0335991	0.0334659
180	0.0334659	0.0333348
181	0.0333348	0.0332056
182	0.0332057	0.0330785
183	0.0330786	0.0329534
184	0.0329533	0.03283
185	0.0328301	0.0327087
186	0.0327086	0.0325892
187	0.0325891	0.0324713
188	0.0324713	0.0323554
189	0.0323554	0.0322411
190	0.0322411	0.0321286
191	0.0321286	0.0320177
192	0.0320177	0.0319085
193	0.0319085	0.0318009
194	0.031801	0.0316949
195	0.0316949	0.0315904
196	0.0315904	0.0314874
197	0.0314874	0.031386
198	0.0313861	0.031286
199	0.031286	0.0311875
200	0.0311874	0.0310903
201	0.0310904	0.0309946
202	0.0309946	0.0309002
203	0.0309002	0.0308072
204	0.0308072	0.0307155
205	0.0307154	0.030625
206	0.030625	0.0305359
207	0.0305359	0.030448
208	0.0304479	0.0303613
209	0.0303613	0.0302758
210	0.0302758	0.0301915
211	0.0301915	0.0301085
212	0.0301084	0.0300264
213	0.0300264	0.0299456
214	0.0299456	0.0298659
215	0.0298658	0.0297872
216	0.0297871	0.0297096
217	0.0297095	0.0296329
218	0.029633	0.0295575
219	0.0295574	0.029483
220	0.0294829	0.0294094
221	0.0294093	0.0293369
222	0.0293368	0.0292653
223	0.0292653	0.0291946
224	0.0291947	0.0291249
225	0.029125	0.0290561
226	0.0290562	0.0289882
227	0.0289882	0.0289213
228	0.0289213	0.0288552
229	0.0288551	0.0287898
230	0.0287898	0.0287254
231	0.0287254	0.0286618
232	0.0286618	0.0285989
233	0.028599	0.0285369
234	0.0285369	0.0284757
235	0.0284757	0.0284152
236	0.0284153	0.0283556
237	0.0283555	0.0282966
238	0.0282966	0.0282384
239	0.0282385	0.028181
240	0.0281809	0.0281243
241	0.0281242	0.0280683
242	0.0280682	0.0280128
243	0.0280129	0.0279581
244	0.0279581	0.0279042
245	0.0279042	0.0278508
246	0.0278508	0.0277981
247	0.0277981	0.027746
248	0.027746	0.0276947
249	0.0276946	0.0276438
250	0.0276438	0.0275936
251	0.0275936	0.027544
252	0.027544	0.027495
253	0.027495	0.0274466
254	0.0274465	0.0273987
255	0.0273987	0.0273515
256	0.0273515	0.0273047
257	0.0273047	0.0272585
258	0.0272585	0.0272129
259	0.0272129	0.0271677
260	0.0271678	0.0271232
261	0.0271233	0.0270791
262	0.0270791	0.0270356
263	0.0270355	0.0269925
264	0.0269926	0.0269498
265	0.0269499	0.0269079
266	0.0269078	0.0268663
267	0.0268662	0.0268251
268	0.0268251	0.0267845
269	0.0267845	0.0267443
270	0.0267443	0.0267045
271	0.0267045	0.0266652
272	0.0266651	0.0266264
273	0.0266263	0.0265879
274	0.0265879	0.0265498
275	0.0265498	0.0265123
276	0.0265123	0.0264751
277	0.0264751	0.0264383
278	0.0264383	0.026402
279	0.026402	0.026366
280	0.026366	0.0263305
281	0.0263305	0.0262953
282	0.0262953	0.0262605
283	0.0262605	0.0262261
284	0.026226	0.026192
285	0.0261921	0.0261583
286	0.0261583	0.026125
287	0.026125	0.026092
288	0.0260921	0.0260594
289	0.0260594	0.0260271
290	0.0260271	0.0259952
291	0.0259952	0.0259636
292	0.0259636	0.0259323
293	0.0259324	0.0259014
294	0.0259014	0.0258707
295	0.0258707	0.0258405
296	0.0258404	0.0258105
297	0.0258105	0.0257808
298	0.0257808	0.0257514
299	0.0257515	0.0257224
300	0.0257223	0.0256937
301	0.0256936	0.0256652
302	0.0256652	0.025637
303	0.025637	0.0256091
304	0.0256091	0.0255815
305	0.0255814	0.0255541
306	0.0255541	0.0255271
307	0.0255271	0.0255003
308	0.0255003	0.0254737
309	0.0254737	0.0254476
310	0.0254475	0.0254215
311	0.0254215	0.0253958
312	0.0253958	0.0253703
313	0.0253703	0.0253451
314	0.0253451	0.0253201
315	0.0253201	0.0252954
316	0.0252954	0.0252709
317	0.0252709	0.0252467
318	0.0252466	0.0252227
319	0.0252227	0.0251989
320	0.0251989	0.0251753
321	0.0251754	0.025152
322	0.0251521	0.0251289
323	0.025129	0.0251061
324	0.0251061	0.0250834
325	0.0250834	0.025061
326	0.025061	0.0250388
327	0.0250389	0.0250169
328	0.0250168	0.0249951
329	0.0249951	0.0249734
330	0.0249734	0.0249521
331	0.0249521	0.0249308
332	0.0249309	0.0249099
333	0.0249098	0.0248891
334	0.0248891	0.0248685
335	0.0248685	0.0248481
336	0.0248481	0.0248279
337	0.0248279	0.0248079
338	0.0248079	0.0247881
339	0.0247881	0.0247684
340	0.0247684	0.0247489
341	0.0247489	0.0247296
342	0.0247296	0.0247106
343	0.0247105	0.0246916
344	0.0246915	0.0246728
345	0.0246728	0.0246542
346	0.0246542	0.0246358
347	0.0246358	0.0246175
348	0.0246175	0.0245994
349	0.0245994	0.0245815
350	0.0245815	0.0245637
351	0.0245637	0.0245461
352	0.0245461	0.0245286
353	0.0245286	0.0245113
354	0.0245112	0.0244941
355	0.0244942	0.0244772
356	0.0244771	0.0244603
357	0.0244603	0.0244436
358	0.0244436	0.0244271
359	0.024427	0.0244106
360	0.0244106	0.0243943
361	0.0243944	0.0243782
362	0.0243782	0.0243623
363	0.0243622	0.0243464
364	0.0243465	0.0243307
365	0.0243307	0.0243151
366	0.0243151	0.0242997
367	0.0242996	0.0242843
368	0.0242843	0.0242692
369	0.0242692	0.0242542
370	0.0242541	0.0242392
371	0.0242392	0.0242244
372	0.0242245	0.0242098
373	0.0242098	0.0241952
374	0.0241952	0.0241808
375	0.0241808	0.0241665
376	0.0241664	0.0241523
377	0.0241523	0.0241382
378	0.0241383	0.0241243
379	0.0241243	0.0241105
380	0.0241105	0.0240968
381	0.0240968	0.0240832
382	0.0240833	0.0240697
383	0.0240697	0.0240563
384	0.0240563	0.0240431
385	0.0240431	0.0240299
386	0.0240299	0.0240169
387	0.0240168	0.0240039
388	0.0240039	0.023991
389	0.0239911	0.0239783
390	0.0239784	0.0239657
391	0.0239657	0.0239531
392	0.0239532	0.0239407
393	0.0239408	0.0239285
394	0.0239284	0.0239162
395	0.0239162	0.023904
396	0.023904	0.0238921
397	0.023892	0.0238801
398	0.0238801	0.0238683
399	0.0238682	0.0238565
400	0.0238565	0.0238449
401	0.0238448	0.0238333
402	0.0238333	0.0238218
403	0.0238218	0.0238104
404	0.0238105	0.0237991
405	0.0237991	0.0237879
406	0.0237879	0.0237768
407	0.0237768	0.0237658
408	0.0237658	0.0237549
409	0.0237548	0.0237439
410	0.023744	0.0237332
411	0.0237332	0.0237225
412	0.0237225	0.0237119
413	0.0237119	0.0237013
414	0.0237013	0.0236909
415	0.023691	0.0236805
416	0.0236805	0.0236702
417	0.0236702	0.0236601
418	0.02366	0.0236499
419	0.0236499	0.0236398
420	0.0236398	0.0236298
421	0.0236298	0.0236199
422	0.0236199	0.0236101
423	0.0236101	0.0236003
424	0.0236003	0.0235906
425	0.0235906	0.023581
426	0.023581	0.0235714
427	0.0235714	0.023562
428	0.0235619	0.0235526
429	0.0235526	0.0235433
430	0.0235432	0.0235339
431	0.0235339	0.0235248
432	0.0235248	0.0235157
433	0.0235156	0.0235066
434	0.0235065	0.0234976
435	0.0234976	0.0234886
436	0.0234886	0.0234798
437	0.0234798	0.0234709
438	0.0234709	0.0234622
439	0.0234622	0.0234535
440	0.0234535	0.0234449
441	0.0234449	0.0234364
442	0.0234364	0.0234278
443	0.0234278	0.0234194
444	0.0234194	0.023411
445	0.023411	0.0234027
446	0.0234027	0.0233945
447	0.0233945	0.0233862
448	0.0233863	0.0233781
449	0.0233781	0.02337
450	0.02337	0.023362
451	0.023362	0.0233541
452	0.023354	0.0233461
453	0.0233461	0.0233383
454	0.0233383	0.0233304
455	0.0233304	0.0233227
456	0.0233226	0.0233149
457	0.023315	0.0233074
458	0.0233074	0.0232997
459	0.0232998	0.0232922
460	0.0232922	0.0232847
461	0.0232847	0.0232773
462	0.0232773	0.0232699
463	0.0232698	0.0232625
464	0.0232625	0.0232552
465	0.0232552	0.0232479
466	0.023248	0.0232408
467	0.0232408	0.0232336
468	0.0232337	0.0232265
469	0.0232265	0.0232195
470	0.0232195	0.0232125
471	0.0232125	0.0232055
472	0.0232056	0.0231986
473	0.0231986	0.0231918
474	0.0231918	0.023185
475	0.0231849	0.0231782
476	0.0231782	0.0231714
477	0.0231714	0.0231647
478	0.0231647	0.0231581
479	0.0231581	0.0231515
480	0.0231515	0.023145
481	0.023145	0.0231384
482	0.0231384	0.023132
483	0.023132	0.0231255
484	0.0231256	0.0231191
485	0.0231191	0.0231128
486	0.0231128	0.0231065
487	0.0231065	0.0231002
488	0.0231002	0.023094
489	0.023094	0.0230878
490	0.0230878	0.0230816
491	0.0230816	0.0230755
492	0.0230756	0.0230694
493	0.0230694	0.0230634
494	0.0230634	0.0230575
495	0.0230574	0.0230514
496	0.0230515	0.0230455
497	0.0230455	0.0230396
498	0.0230397	0.0230338
499	0.0230338	0.0230279
500	0.0230279	0.0230222
501	0.0230222	0.0230164
502	0.0230164	0.0230108
503	0.0230108	0.0230051
504	0.0230051	0.0229995
505	0.0229994	0.0229938
506	0.0229938	0.0229882
507	0.0229882	0.0229828
508	0.0229827	0.0229772
509	0.0229773	0.0229717
510	0.0229717	0.0229663
511	0.0229663	0.0229609
512	0.0229609	0.0229555
513	0.0229555	0.0229502
514	0.0229502	0.0229449
515	0.0229449	0.0229396
516	0.0229396	0.0229344
517	0.0229343	0.0229291
518	0.0229291	0.022924
519	0.022924	0.0229188
520	0.0229188	0.0229137
521	0.0229136	0.0229085
522	0.0229086	0.0229035
523	0.0229035	0.0228985
524	0.0228984	0.0228934
525	0.0228935	0.0228885
526	0.0228885	0.0228835
527	0.0228835	0.0228786
528	0.0228786	0.0228737
529	0.0228737	0.0228689
530	0.0228688	0.022864
531	0.022864	0.0228592
532	0.0228592	0.0228544
533	0.0228544	0.0228496
534	0.0228496	0.0228449
535	0.0228449	0.0228402
536	0.0228402	0.0228355
537	0.0228355	0.0228309
538	0.0228309	0.0228262
539	0.0228262	0.0228216
540	0.0228217	0.0228171
541	0.0228171	0.0228125
542	0.0228125	0.022808
543	0.022808	0.0228034
544	0.0228034	0.022799
545	0.022799	0.0227946
546	0.0227945	0.0227901
547	0.0227901	0.0227857
548	0.0227857	0.0227813
549	0.0227813	0.022777
550	0.022777	0.0227726
551	0.0227727	0.0227683
552	0.0227683	0.0227641
553	0.022764	0.0227598
554	0.0227597	0.0227555
555	0.0227555	0.0227513
556	0.0227513	0.0227471
557	0.0227472	0.022743
558	0.0227429	0.0227388
559	0.0227387	0.0227346
560	0.0227347	0.0227305
561	0.0227305	0.0227264
562	0.0227264	0.0227224
563	0.0227224	0.0227184
564	0.0227183	0.0227143
565	0.0227143	0.0227103
566	0.0227103	0.0227063
567	0.0227063	0.0227023
568	0.0227023	0.0226984
569	0.0226984	0.0226945
570	0.0226944	0.0226905
571	0.0226905	0.0226866
572	0.0226867	0.0226828
573	0.0226828	0.0226789
574	0.022679	0.0226751
575	0.0226751	0.0226713
576	0.0226713	0.0226675
577	0.0226675	0.0226637
578	0.0226637	0.02266
579	0.02266	0.0226562
580	0.0226563	0.0226525
581	0.0226525	0.0226488
582	0.0226488	0.0226451
583	0.0226451	0.0226415
584	0.0226414	0.0226379
585	0.0226378	0.0226342
586	0.0226342	0.0226306
587	0.0226306	0.0226269
588	0.022627	0.0226234
589	0.0226234	0.0226198
590	0.0226198	0.0226163
591	0.0226163	0.0226128
592	0.0226128	0.0226093
593	0.0226093	0.0226058
594	0.0226058	0.0226023
595	0.0226023	0.0225989
596	0.0225988	0.0225954
597	0.0225954	0.022592
598	0.022592	0.0225886
599	0.0225886	0.0225851
600	0.0225851	0.0225818
601	0.0225817	0.0225784
602	0.0225784	0.0225751
603	0.022575	0.0225717
604	0.0225717	0.0225684
605	0.0225683	0.0225651
606	0.0225651	0.0225618
607	0.0225618	0.0225585
608	0.0225585	0.0225553
609	0.0225552	0.022552
610	0.022552	0.0225488
611	0.0225488	0.0225455
612	0.0225455	0.0225423
613	0.0225423	0.0225391
614	0.0225391	0.0225359
615	0.0225359	0.0225327
616	0.0225328	0.0225296
617	0.0225297	0.0225265
618	0.0225265	0.0225233
619	0.0225234	0.0225203
620	0.0225203	0.0225171
621	0.0225172	0.022514
622	0.0225141	0.022511
623	0.022511	0.022508
624	0.022508	0.0225049
625	0.0225049	0.0225019
626	0.0225019	0.0224988
627	0.0224989	0.0224959
628	0.0224958	0.0224928
629	0.0224929	0.0224898
630	0.0224898	0.0224869
631	0.0224869	0.022484
632	0.0224839	0.022481
633	0.022481	0.0224781
634	0.0224781	0.0224751
635	0.0224751	0.0224722
636	0.0224722	0.0224694
637	0.0224694	0.0224665
638	0.0224665	0.0224636
639	0.0224636	0.0224607
640	0.0224607	0.0224578
641	0.0224579	0.0224551
642	0.022455	0.0224522
643	0.0224522	0.0224494
644	0.0224494	0.0224465
645	0.0224466	0.0224438
646	0.0224438	0.022441
647	0.022441	0.0224383
648	0.0224383	0.0224355
649	0.0224354	0.0224327
650	0.0224327	0.02243
651	0.0224299	0.0224272
652	0.0224272	0.0224245
653	0.0224245	0.0224218
654	0.0224218	0.0224191
655	0.0224191	0.0224164
656	0.0224164	0.0224137
657	0.0224137	0.022411
658	0.022411	0.0224084
659	0.0224084	0.0224057
660	0.0224058	0.0224031
661	0.0224031	0.0224005
662	0.0224005	0.0223979
663	0.0223978	0.0223953
664	0.0223953	0.0223926
665	0.0223926	0.02239
666	0.02239	0.0223875
667	0.0223875	0.0223849
668	0.0223849	0.0223823
669	0.0223823	0.0223798
670	0.0223798	0.0223772
671	0.0223772	0.0223747
672	0.0223747	0.0223722
673	0.0223722	0.0223697
674	0.0223696	0.0223671
675	0.0223671	0.0223646
676	0.0223646	0.0223621
677	0.0223621	0.0223597
678	0.0223596	0.0223571
679	0.0223572	0.0223547
680	0.0223547	0.0223523
681	0.0223523	0.0223498
682	0.0223498	0.0223473
683	0.0223473	0.0223449
684	0.022345	0.0223425
685	0.0223425	0.02234
686	0.0223401	0.0223377
687	0.0223377	0.0223352
688	0.0223353	0.0223329
689	0.0223329	0.0223305
690	0.0223304	0.0223281
691	0.0223281	0.0223257
692	0.0223257	0.0223233
693	0.0223233	0.022321
694	0.0223211	0.0223186
695	0.0223187	0.0223163
696	0.0223164	0.022314
697	0.022314	0.0223116
698	0.0223117	0.0223094
699	0.0223093	0.0223071
700	0.0223071	0.0223047
701	0.0223048	0.0223024
702	0.0223025	0.0223002
703	0.0223002	0.0222979
704	0.0222979	0.0222956
705	0.0222956	0.0222933
706	0.0222933	0.0222911
707	0.0222911	0.0222888
708	0.0222888	0.0222866
709	0.0222866	0.0222843
710	0.0222843	0.0222821
711	0.0222821	0.0222799
712	0.0222798	0.0222777
713	0.0222777	0.0222755
714	0.0222755	0.0222732
715	0.0222733	0.0222711
716	0.0222711	0.0222689
717	0.0222689	0.0222667
718	0.0222667	0.0222645
719	0.0222645	0.0222623
720	0.0222623	0.0222602
721	0.0222602	0.022258
722	0.022258	0.0222559
723	0.0222559	0.0222537
724	0.0222537	0.0222516
725	0.0222516	0.0222495
726	0.0222494	0.0222473
727	0.0222473	0.0222452
728	0.0222452	0.0222431
729	0.0222431	0.0222409
730	0.022241	0.0222389
731	0.0222388	0.0222367
732	0.0222367	0.0222347
733	0.0222347	0.0222326
734	0.0222326	0.0222305
735	0.0222305	0.0222284
736	0.0222284	0.0222263
737	0.0222263	0.0222243
738	0.0222243	0.0222222
739	0.0222223	0.0222201
740	0.0222202	0.0222181
741	0.0222181	0.0222161
742	0.0222161	0.022214
743	0.022214	0.022212
744	0.022212	0.02221
745	0.02221	0.022208
746	0.022208	0.0222059
747	0.0222059	0.0222039
748	0.0222039	0.0222019
749	0.0222019	0.0221999
750	0.0222	0.0221979
751	0.0221979	0.022196
752	0.022196	0.0221939
753	0.022194	0.0221919
754	0.022192	0.02219
755	0.02219	0.022188
756	0.022188	0.0221861
757	0.0221861	0.0221841
758	0.0221841	0.0221821
759	0.0221821	0.0221802
760	0.0221802	0.0221782
761	0.0221783	0.0221763
762	0.0221763	0.0221744
763	0.0221744	0.0221724
764	0.0221724	0.0221705
765	0.0221705	0.0221686
766	0.0221686	0.0221667
767	0.0221666	0.0221648
768	0.0221647	0.0221629
769	0.0221629	0.022161
770	0.022161	0.0221591
771	0.0221591	0.0221572
772	0.0221572	0.0221553
773	0.0221553	0.0221534
774	0.0221534	0.0221515
775	0.0221515	0.0221496
776	0.0221496	0.0221477
777	0.0221478	0.0221459
778	0.0221459	0.022144
779	0.022144	0.0221421
780	0.0221421	0.0221403
781	0.0221403	0.0221384
782	0.0221385	0.0221366
783	0.0221366	0.0221348
784	0.0221347	0.0221329
785	0.0221329	0.0221311
786	0.0221311	0.0221292
787	0.0221292	0.0221274
788	0.0221274	0.0221256
789	0.0221256	0.0221238
790	0.0221238	0.022122
791	0.022122	0.0221201
792	0.0221201	0.0221184
793	0.0221183	0.0221165
794	0.0221165	0.0221147
795	0.0221147	0.0221129
796	0.0221129	0.0221112
797	0.0221111	0.0221094
798	0.0221094	0.0221076
799	0.0221076	0.0221058
800	0.0221058	0.022104
801	0.022104	0.0221022
802	0.0221022	0.0221004
803	0.0221004	0.0220987
804	0.0220987	0.0220969
805	0.0220969	0.0220952
806	0.0220951	0.0220935
807	0.0220934	0.0220916
808	0.0220917	0.0220899
809	0.0220899	0.0220881
810	0.0220881	0.0220864
811	0.0220864	0.0220847
812	0.0220847	0.0220829
813	0.0220829	0.0220812
814	0.0220812	0.0220795
815	0.0220795	0.0220777
816	0.0220777	0.022076
817	0.022076	0.0220743
818	0.0220743	0.0220726
819	0.0220725	0.0220708
820	0.0220709	0.0220692
821	0.0220691	0.0220674
822	0.0220675	0.0220657
823	0.0220657	0.0220641
824	0.0220641	0.0220624
825	0.0220624	0.0220607
826	0.0220606	0.0220589
827	0.022059	0.0220573
828	0.0220573	0.0220556
829	0.0220556	0.0220539
830	0.0220539	0.0220522
831	0.0220523	0.0220505
832	0.0220505	0.0220489
833	0.0220489	0.0220472
834	0.0220472	0.0220456
835	0.0220456	0.0220439
836	0.0220439	0.0220421
837	0.0220422	0.0220405
838	0.0220406	0.0220389
839	0.0220389	0.0220372
840	0.0220372	0.0220356
841	0.0220356	0.0220339
842	0.0220339	0.0220323
843	0.0220323	0.0220307
844	0.0220307	0.022029
845	0.022029	0.0220273
846	0.0220274	0.0220257
847	0.0220257	0.0220241
848	0.0220241	0.0220225
849	0.0220225	0.0220209
850	0.0220208	0.0220192
851	0.0220192	0.0220176
852	0.0220176	0.022016
853	0.022016	0.0220144
854	0.0220144	0.0220127
855	0.0220127	0.0220111
856	0.0220112	0.0220096
857	0.0220096	0.0220079
858	0.0220079	0.0220064
859	0.0220064	0.0220047
860	0.0220047	0.0220031
861	0.0220031	0.0220015
862	0.0220016	0.0219999
863	0.0219999	0.0219984
864	0.0219983	0.0219968
865	0.0219968	0.0219952
866	0.0219952	0.0219936
867	0.0219936	0.021992
868	0.021992	0.0219904
869	0.0219904	0.0219889
870	0.0219889	0.0219872
871	0.0219873	0.0219857
872	0.0219857	0.0219842
873	0.0219842	0.0219826
874	0.0219826	0.021981
875	0.021981	0.0219795
876	0.0219795	0.0219779
877	0.0219779	0.0219764
878	0.0219764	0.0219748
879	0.0219748	0.0219732
880	0.0219733	0.0219717
881	0.0219717	0.0219701
882	0.0219701	0.0219686
883	0.0219686	0.021967
884	0.0219671	0.0219655
885	0.0219655	0.021964
886	0.0219639	0.0219624
887	0.0219624	0.0219609
888	0.0219609	0.0219594
889	0.0219594	0.0219578
890	0.0219578	0.0219563
891	0.0219563	0.0219548
892	0.0219548	0.0219532
893	0.0219532	0.0219518
894	0.0219517	0.0219502
895	0.0219502	0.0219487
896	0.0219487	0.0219471
897	0.0219471	0.0219456
898	0.0219456	0.0219441
899	0.0219441	0.0219426
900	0.0219426	0.0219411
901	0.0219411	0.0219396
902	0.0219396	0.0219381
903	0.0219381	0.0219365
904	0.0219366	0.021935
905	0.0219351	0.0219335
906	0.0219335	0.0219321
907	0.0219321	0.0219306
908	0.0219306	0.0219291
909	0.0219291	0.0219276
910	0.0219276	0.021926
911	0.0219261	0.0219246
912	0.0219246	0.0219231
913	0.0219231	0.0219216
914	0.0219216	0.0219202
915	0.0219202	0.0219187
916	0.0219187	0.0219172
917	0.0219172	0.0219157
918	0.0219157	0.0219142
919	0.0219142	0.0219128
920	0.0219128	0.0219113
921	0.0219113	0.0219098
922	0.0219098	0.0219083
923	0.0219083	0.0219069
924	0.0219068	0.0219054
925	0.0219054	0.0219039
926	0.0219039	0.0219024
927	0.0219025	0.021901
928	0.021901	0.0218996
929	0.0218995	0.0218981
930	0.0218981	0.0218966
931	0.0218966	0.0218952
932	0.0218952	0.0218937
933	0.0218937	0.0218923
934	0.0218922	0.0218908
935	0.0218908	0.0218894
936	0.0218894	0.0218879
937	0.0218879	0.0218865
938	0.0218865	0.021885
939	0.021885	0.0218836
940	0.0218835	0.0218821
941	0.0218821	0.0218806
942	0.0218807	0.0218793
943	0.0218793	0.0218778
944	0.0218778	0.0218764
945	0.0218764	0.0218749
946	0.0218749	0.0218735
947	0.0218735	0.021872
948	0.021872	0.0218707
949	0.0218706	0.0218692
950	0.0218692	0.0218678
951	0.0218678	0.0218664
952	0.0218664	0.0218649
953	0.021865	0.0218635
954	0.0218635	0.0218621
955	0.0218621	0.0218607
956	0.0218607	0.0218593
957	0.0218593	0.0218579
958	0.0218579	0.0218565
959	0.0218564	0.0218551
960	0.0218551	0.0218536
961	0.0218536	0.0218522
962	0.0218522	0.0218508
963	0.0218508	0.0218494
964	0.0218493	0.021848
965	0.021848	0.0218466
966	0.0218466	0.0218452
967	0.0218452	0.0218438
968	0.0218438	0.0218423
969	0.0218423	0.021841
970	0.021841	0.0218395
971	0.0218395	0.0218382
972	0.0218382	0.0218368
973	0.0218368	0.0218354
974	0.0218354	0.021834
975	0.021834	0.0218326
976	0.0218326	0.0218312
977	0.0218312	0.0218298
978	0.0218298	0.0218284
979	0.0218284	0.021827
980	0.021827	0.0218256
981	0.0218256	0.0218242
982	0.0218243	0.0218228
983	0.0218229	0.0218215
984	0.0218215	0.0218201
985	0.02182	0.0218187
986	0.0218187	0.0218173
987	0.0218174	0.021816
988	0.021816	0.0218146
989	0.0218146	0.0218132
990	0.0218132	0.0218118
991	0.0218119	0.0218105
992	0.0218105	0.0218091
993	0.0218091	0.0218077
994	0.0218077	0.0218064
995	0.0218064	0.021805
996	0.021805	0.0218036
997	0.0218036	0.0218022
998	0.0218023	0.0218009
999	0.0218009	0.0217995
1000	0.0217996	0.0217982
1001	0.0217982	0.0217969
1002	0.0217968	0.0217955
1003	0.0217954	0.0217941
1004	0.0217941	0.0217927
1005	0.0217927	0.0217914
1006	0.0217914	0.02179
1007	0.02179	0.0217887
1008	0.0217887	0.0217873
1009	0.0217873	0.021786
1010	0.021786	0.0217846
1011	0.0217846	0.0217833
1012	0.0217833	0.0217819
1013	0.0217819	0.0217805
1014	0.0217806	0.0217792
1015	0.0217793	0.0217779
1016	0.0217779	0.0217765
1017	0.0217765	0.0217752
1018	0.0217751	0.0217738
1019	0.0217738	0.0217725
1020	0.0217725	0.0217712
1021	0.0217712	0.0217698
1022	0.0217698	0.0217685
1023	0.0217685	0.0217671
1024	0.0217671	0.0217658
1025	0.0217658	0.0217645
1026	0.0217645	0.0217631
1027	0.0217632	0.0217618
1028	0.0217618	0.0217605
1029	0.0217604	0.0217591
1030	0.0217591	0.0217578
1031	0.0217578	0.0217565
1032	0.0217565	0.0217551
1033	0.0217552	0.0217538
1034	0.0217538	0.0217525
1035	0.0217525	0.0217512
1036	0.0217511	0.0217498
1037	0.0217498	0.0217485
1038	0.0217485	0.0217472
1039	0.0217472	0.0217458
1040	0.0217459	0.0217446
1041	0.0217445	0.0217432
1042	0.0217432	0.0217419
1043	0.0217419	0.0217406
1044	0.0217406	0.0217392
1045	0.0217392	0.0217379
1046	0.0217379	0.0217367
1047	0.0217367	0.0217353
1048	0.0217353	0.021734
1049	0.021734	0.0217327
1050	0.0217327	0.0217314
1051	0.0217313	0.0217301
1052	0.0217301	0.0217288
1053	0.0217288	0.0217274
1054	0.0217274	0.0217262
1055	0.0217261	0.0217248
1056	0.0217248	0.0217235
1057	0.0217236	0.0217222
1058	0.0217222	0.0217209
1059	0.0217209	0.0217196
1060	0.0217196	0.0217183
1061	0.0217183	0.021717
1062	0.021717	0.0217157
1063	0.0217158	0.0217144
1064	0.0217144	0.0217131
1065	0.0217131	0.0217118
1066	0.0217118	0.0217105
1067	0.0217105	0.0217092
1068	0.0217092	0.0217079
1069	0.021708	0.0217066
1070	0.0217066	0.0217053
1071	0.0217053	0.021704
1072	0.021704	0.0217028
1073	0.0217028	0.0217014
1074	0.0217014	0.0217002
1075	0.0217002	0.0216989
1076	0.0216989	0.0216976
1077	0.0216976	0.0216963
1078	0.0216963	0.021695
1079	0.021695	0.0216937
1080	0.0216937	0.0216924
1081	0.0216924	0.0216911
1082	0.0216911	0.0216898
1083	0.0216898	0.0216885
1084	0.0216886	0.0216873
1085	0.0216873	0.021686
1086	0.021686	0.0216847
1087	0.0216847	0.0216834
1088	0.0216835	0.0216822
1089	0.0216822	0.0216809
1090	0.0216809	0.0216796
1091	0.0216796	0.0216784
1092	0.0216783	0.021677
1093	0.021677	0.0216758
1094	0.0216758	0.0216745
1095	0.0216745	0.0216732
1096	0.0216732	0.0216719
1097	0.021672	0.0216707
1098	0.0216707	0.0216694
1099	0.0216694	0.0216681
1100	0.0216682	0.0216669
1101	0.0216669	0.0216656
1102	0.0216656	0.0216643
1103	0.0216643	0.0216631
1104	0.0216631	0.0216618
1105	0.0216618	0.0216605
1106	0.0216605	0.0216592
1107	0.0216593	0.021658
1108	0.021658	0.0216567
1109	0.0216567	0.0216555
1110	0.0216554	0.0216542
1111	0.0216541	0.0216529
1112	0.0216529	0.0216517
1113	0.0216517	0.0216504
1114	0.0216504	0.0216492
1115	0.0216492	0.0216479
1116	0.0216479	0.0216466
1117	0.0216466	0.0216453
1118	0.0216454	0.0216441
1119	0.0216441	0.0216428
1120	0.0216429	0.0216416
1121	0.0216416	0.0216403
1122	0.0216403	0.0216391
1123	0.0216391	0.0216378
1124	0.0216378	0.0216366
1125	0.0216366	0.0216353
1126	0.0216354	0.021634
1127	0.021634	0.0216328
1128	0.0216328	0.0216315
1129	0.0216315	0.0216303
1130	0.0216303	0.0216291
1131	0.0216291	0.0216278
1132	0.0216279	0.0216266
1133	0.0216266	0.0216253
1134	0.0216253	0.0216241
1135	0.0216241	0.0216229
1136	0.0216228	0.0216216
1137	0.0216216	0.0216204
1138	0.0216203	0.0216191
1139	0.0216191	0.0216179
1140	0.0216179	0.0216166
1141	0.0216166	0.0216154
1142	0.0216154	0.0216141
1143	0.0216141	0.0216129
1144	0.0216129	0.0216117
1145	0.0216116	0.0216104
1146	0.0216104	0.0216092
1147	0.0216092	0.0216079
1148	0.0216079	0.0216067
1149	0.0216067	0.0216055
1150	0.0216055	0.0216042
1151	0.0216043	0.021603
1152	0.021603	0.0216018
1153	0.0216018	0.0216005
1154	0.0216005	0.0215993
1155	0.0215993	0.0215981
1156	0.0215981	0.0215968
1157	0.0215968	0.0215956
1158	0.0215956	0.0215944
1159	0.0215944	0.0215932
1160	0.0215931	0.021592
1161	0.0215919	0.0215907
1162	0.0215907	0.0215895
1163	0.0215895	0.0215882
1164	0.0215882	0.0215869
1165	0.021587	0.0215857
1166	0.0215857	0.0215845
1167	0.0215845	0.0215833
1168	0.0215833	0.0215821
1169	0.0215821	0.0215809
1170	0.0215809	0.0215796
1171	0.0215796	0.0215784
1172	0.0215784	0.0215773
1173	0.0215772	0.021576
1174	0.021576	0.0215748
1175	0.0215747	0.0215736
1176	0.0215736	0.0215723
1177	0.0215723	0.0215711
1178	0.0215711	0.0215699
1179	0.0215699	0.0215687
1180	0.0215687	0.0215675
1181	0.0215675	0.0215663
1182	0.0215662	0.021565
1183	0.021565	0.0215638
1184	0.0215638	0.0215626
1185	0.0215626	0.0215614
1186	0.0215614	0.0215602
1187	0.0215602	0.021559
1188	0.0215589	0.0215578
1189	0.0215577	0.0215565
1190	0.0215566	0.0215553
1191	0.0215553	0.0215541
1192	0.0215542	0.0215529
1193	0.0215529	0.0215517
1194	0.0215517	0.0215505
1195	0.0215505	0.0215493
1196	0.0215493	0.0215481
1197	0.0215481	0.0215469
1198	0.0215469	0.0215457
1199	0.0215457	0.0215445
1200	0.0215445	0.0215433
1201	0.0215433	0.0215421
1202	0.0215421	0.0215409
1203	0.0215408	0.0215396
1204	0.0215397	0.0215384
1205	0.0215385	0.0215372
1206	0.0215373	0.0215361
1207	0.021536	0.0215349
1208	0.0215348	0.0215336
1209	0.0215336	0.0215324
1210	0.0215324	0.0215312
1211	0.0215313	0.0215301
1212	0.0215301	0.0215289
1213	0.0215289	0.0215276
1214	0.0215277	0.0215264
1215	0.0215265	0.0215253
1216	0.0215253	0.0215241
1217	0.0215241	0.0215229
1218	0.0215229	0.0215217
1219	0.0215217	0.0215205
1220	0.0215205	0.0215193
1221	0.0215193	0.0215181
1222	0.0215181	0.0215169
1223	0.0215169	0.0215157
1224	0.0215157	0.0215145
1225	0.0215145	0.0215134
1226	0.0215134	0.0215121
1227	0.0215121	0.021511
1228	0.021511	0.0215098
1229	0.0215098	0.0215086
1230	0.0215086	0.0215074
1231	0.0215074	0.0215063
1232	0.0215062	0.0215051
1233	0.0215051	0.0215039
1234	0.0215039	0.0215027
1235	0.0215027	0.0215015
1236	0.0215015	0.0215003
1237	0.0215003	0.0214991
1238	0.0214991	0.0214979
1239	0.0214979	0.0214968
1240	0.0214967	0.0214955
1241	0.0214956	0.0214944
1242	0.0214944	0.0214932
1243	0.0214932	0.021492
1244	0.0214921	0.0214908
1245	0.0214909	0.0214897
1246	0.0214897	0.0214886
1247	0.0214885	0.0214874
1248	0.0214874	0.0214862
1249	0.0214862	0.021485
1250	0.021485	0.0214838
1251	0.0214838	0.0214826
1252	0.0214826	0.0214814
1253	0.0214815	0.0214803
1254	0.0214803	0.0214791
1255	0.0214791	0.0214779
1256	0.0214779	0.0214768
1257	0.0214768	0.0214757
1258	0.0214756	0.0214744
1259	0.0214744	0.0214733
1260	0.0214733	0.0214721
1261	0.0214721	0.0214709
1262	0.0214709	0.0214697
1263	0.0214698	0.0214686
1264	0.0214686	0.0214675
1265	0.0214675	0.0214663
1266	0.0214663	0.0214651
1267	0.0214651	0.0214639
1268	0.0214639	0.0214628
1269	0.0214627	0.0214616
1270	0.0214616	0.0214604
1271	0.0214604	0.0214593
1272	0.0214593	0.0214581
1273	0.0214581	0.0214569
1274	0.0214569	0.0214558
1275	0.0214558	0.0214546
1276	0.0214546	0.0214535
1277	0.0214535	0.0214523
1278	0.0214523	0.0214512
1279	0.0214512	0.02145
1280	0.02145	0.0214489
1281	0.0214488	0.0214477
1282	0.0214477	0.0214465
1283	0.0214466	0.0214454
1284	0.0214454	0.0214442
1285	0.0214442	0.0214431
1286	0.021443	0.0214419
1287	0.0214419	0.0214407
1288	0.0214407	0.0214396
1289	0.0214396	0.0214385
1290	0.0214385	0.0214373
1291	0.0214373	0.0214361
1292	0.0214361	0.021435
1293	0.021435	0.0214339
1294	0.0214339	0.0214327
1295	0.0214327	0.0214315
1296	0.0214316	0.0214304
1297	0.0214304	0.0214293
1298	0.0214293	0.0214281
1299	0.0214281	0.0214269
1300	0.021427	0.0214258
1301	0.0214258	0.0214247
1302	0.0214247	0.0214235
1303	0.0214235	0.0214224
1304	0.0214224	0.0214212
1305	0.0214212	0.0214201
1306	0.0214201	0.0214189
1307	0.0214189	0.0214178
1308	0.0214178	0.0214166
1309	0.0214166	0.0214156
1310	0.0214155	0.0214143
1311	0.0214144	0.0214132
1312	0.0214132	0.0214121
1313	0.0214121	0.0214109
1314	0.0214109	0.0214098
1315	0.0214098	0.0214087
1316	0.0214087	0.0214075
1317	0.0214076	0.0214064
1318	0.0214064	0.0214053
1319	0.0214053	0.0214041
1320	0.0214041	0.021403
1321	0.021403	0.0214018
1322	0.0214018	0.0214007
1323	0.0214007	0.0213996
1324	0.0213996	0.0213985
1325	0.0213985	0.0213974
1326	0.0213974	0.0213962
1327	0.0213962	0.0213951
1328	0.0213951	0.0213939
1329	0.021394	0.0213928
1330	0.0213928	0.0213917
1331	0.0213916	0.0213906
1332	0.0213905	0.0213895
1333	0.0213894	0.0213883
1334	0.0213883	0.0213872
1335	0.0213871	0.021386
1336	0.0213861	0.0213849
1337	0.0213849	0.0213838
1338	0.0213837	0.0213827
1339	0.0213827	0.0213815
1340	0.0213815	0.0213804
1341	0.0213804	0.0213793
1342	0.0213792	0.0213782
1343	0.0213781	0.021377
1344	0.021377	0.0213759
1345	0.0213759	0.0213748
1346	0.0213748	0.0213737
1347	0.0213736	0.0213726
1348	0.0213725	0.0213714
1349	0.0213714	0.0213703
1350	0.0213703	0.0213692
1351	0.0213692	0.0213681
1352	0.0213681	0.021367
1353	0.021367	0.0213659
1354	0.0213658	0.0213647
1355	0.0213648	0.0213636
1356	0.0213636	0.0213625
1357	0.0213625	0.0213614
1358	0.0213614	0.0213603
1359	0.0213603	0.0213592
1360	0.0213592	0.0213581
1361	0.0213581	0.021357
1362	0.021357	0.0213558
1363	0.0213558	0.0213547
1364	0.0213547	0.0213536
1365	0.0213536	0.0213525
1366	0.0213525	0.0213514
1367	0.0213514	0.0213503
1368	0.0213503	0.0213492
1369	0.0213492	0.0213481
1370	0.0213481	0.021347
1371	0.021347	0.0213459
1372	0.0213459	0.0213447
1373	0.0213448	0.0213437
1374	0.0213437	0.0213425
1375	0.0213425	0.0213414
1376	0.0213414	0.0213403
1377	0.0213403	0.0213392
1378	0.0213392	0.0213381
1379	0.0213381	0.021337
1380	0.021337	0.0213359
1381	0.021336	0.0213348
1382	0.0213348	0.0213337
1383	0.0213337	0.0213326
1384	0.0213326	0.0213315
1385	0.0213315	0.0213304
1386	0.0213304	0.0213293
1387	0.0213293	0.0213282
1388	0.0213282	0.0213271
1389	0.0213271	0.021326
1390	0.021326	0.021325
1391	0.0213249	0.0213238
1392	0.0213238	0.0213227
1393	0.0213227	0.0213217
1394	0.0213217	0.0213206
1395	0.0213205	0.0213195
1396	0.0213194	0.0213184
1397	0.0213184	0.0213172
1398	0.0213173	0.0213162
1399	0.0213162	0.0213151
1400	0.0213151	0.021314
1401	0.021314	0.0213129
1402	0.0213129	0.0213118
1403	0.0213118	0.0213107
1404	0.0213107	0.0213096
1405	0.0213097	0.0213086
1406	0.0213086	0.0213074
1407	0.0213075	0.0213063
1408	0.0213063	0.0213053
1409	0.0213053	0.0213042
1410	0.0213042	0.0213031
1411	0.0213031	0.021302
1412	0.021302	0.021301
1413	0.0213009	0.0212999
1414	0.0212999	0.0212988
1415	0.0212988	0.0212977
1416	0.0212977	0.0212966
1417	0.0212966	0.0212956
1418	0.0212955	0.0212945
1419	0.0212945	0.0212934
1420	0.0212934	0.0212923
1421	0.0212923	0.0212913
1422	0.0212913	0.0212902
1423	0.0212902	0.0212891
1424	0.0212891	0.021288
1425	0.021288	0.0212869
1426	0.0212869	0.0212858
1427	0.0212859	0.0212847
1428	0.0212848	0.0212837
1429	0.0212836	0.0212826
1430	0.0212826	0.0212815
1431	0.0212815	0.0212805
1432	0.0212805	0.0212794
1433	0.0212794	0.0212783
1434	0.0212783	0.0212772
1435	0.0212773	0.0212762
1436	0.0212762	0.0212751
1437	0.0212751	0.021274
1438	0.021274	0.021273
1439	0.021273	0.0212719
1440	0.0212719	0.0212709
1441	0.0212708	0.0212698
1442	0.0212698	0.0212687
1443	0.0212687	0.0212676
1444	0.0212676	0.0212665
1445	0.0212665	0.0212655
1446	0.0212655	0.0212644
1447	0.0212644	0.0212634
1448	0.0212634	0.0212623
1449	0.0212623	0.0212612
1450	0.0212613	0.0212602
1451	0.0212602	0.0212591
1452	0.0212591	0.0212581
1453	0.0212581	0.021257
1454	0.021257	0.021256
1455	0.0212559	0.0212549
1456	0.0212549	0.0212538
1457	0.0212538	0.0212528
1458	0.0212527	0.0212517
1459	0.0212517	0.0212507
1460	0.0212507	0.0212496
1461	0.0212496	0.0212485
1462	0.0212485	0.0212475
1463	0.0212475	0.0212464
1464	0.0212464	0.0212454
1465	0.0212454	0.0212443
1466	0.0212443	0.0212433
1467	0.0212433	0.0212422
1468	0.0212422	0.0212412
1469	0.0212412	0.0212401
1470	0.0212401	0.0212391
1471	0.021239	0.021238
1472	0.021238	0.021237
1473	0.021237	0.021236
1474	0.0212359	0.0212349
1475	0.0212349	0.0212338
1476	0.0212338	0.0212328
1477	0.0212328	0.0212317
1478	0.0212317	0.0212307
1479	0.0212307	0.0212296
1480	0.0212296	0.0212286
1481	0.0212286	0.0212275
1482	0.0212275	0.0212265
1483	0.0212265	0.0212254
1484	0.0212254	0.0212244
1485	0.0212244	0.0212234
1486	0.0212234	0.0212224
1487	0.0212224	0.0212212
1488	0.0212213	0.0212202
1489	0.0212202	0.0212192
1490	0.0212192	0.0212182
1491	0.0212182	0.0212171
1492	0.0212171	0.0212161
1493	0.0212161	0.021215
1494	0.0212151	0.021214
1495	0.021214	0.021213
1496	0.021213	0.021212
1497	0.0212119	0.0212109
1498	0.0212109	0.0212099
1499	0.0212099	0.0212088
1500	0.0212088	0.0212078
1501	0.0212078	0.0212068
1502	0.0212068	0.0212058
1503	0.0212057	0.0212047
1504	0.0212047	0.0212037
1505	0.0212037	0.0212027
1506	0.0212027	0.0212017
1507	0.0212016	0.0212007
1508	0.0212006	0.0211996
1509	0.0211995	0.0211985
1510	0.0211985	0.0211975
1511	0.0211975	0.0211965
1512	0.0211965	0.0211954
1513	0.0211955	0.0211944
1514	0.0211944	0.0211934
1515	0.0211934	0.0211923
1516	0.0211924	0.0211913
1517	0.0211913	0.0211903
1518	0.0211903	0.0211893
1519	0.0211893	0.0211883
1520	0.0211883	0.0211873
1521	0.0211873	0.0211862
1522	0.0211862	0.0211852
1523	0.0211852	0.0211842
1524	0.0211842	0.0211832
1525	0.0211832	0.0211822
1526	0.0211821	0.0211811
1527	0.0211812	0.0211801
1528	0.0211801	0.0211791
1529	0.0211791	0.0211781
1530	0.0211781	0.021177
1531	0.0211771	0.021176
1532	0.0211761	0.021175
1533	0.021175	0.021174
1534	0.021174	0.021173
1535	0.021173	0.021172
1536	0.021172	0.021171
1537	0.021171	0.02117
1538	0.02117	0.021169
1539	0.021169	0.021168
1540	0.021168	0.021167
1541	0.0211669	0.0211659
1542	0.0211659	0.0211649
1543	0.0211649	0.0211639
1544	0.0211639	0.0211629
1545	0.0211629	0.0211619
1546	0.0211619	0.021161
1547	0.0211609	0.0211599
1548	0.02116	0.0211589
1549	0.0211589	0.0211579
1550	0.0211579	0.0211569
1551	0.0211569	0.0211559
1552	0.0211559	0.0211549
1553	0.0211548	0.0211539
1554	0.0211539	0.0211529
1555	0.0211528	0.0211518
1556	0.0211519	0.0211509
1557	0.0211509	0.0211498
1558	0.0211498	0.0211488
1559	0.0211488	0.0211478
1560	0.0211479	0.0211469
1561	0.0211468	0.0211459
1562	0.0211459	0.0211448
1563	0.0211448	0.0211439
1564	0.0211439	0.0211429
1565	0.0211428	0.0211418
1566	0.0211419	0.0211409
1567	0.0211409	0.0211399
1568	0.0211398	0.0211389
1569	0.0211389	0.0211379
1570	0.0211379	0.0211369
1571	0.0211369	0.0211359
1572	0.0211359	0.0211349
1573	0.0211349	0.0211339
1574	0.0211339	0.0211329
1575	0.0211329	0.0211319
1576	0.0211319	0.0211309
1577	0.021131	0.0211299
1578	0.02113	0.021129
1579	0.021129	0.021128
1580	0.021128	0.021127
1581	0.021127	0.021126
1582	0.021126	0.0211251
1583	0.0211251	0.021124
1584	0.021124	0.0211231
1585	0.0211231	0.0211221
1586	0.0211221	0.0211211
1587	0.0211211	0.0211201
1588	0.0211201	0.0211191
1589	0.0211191	0.0211182
1590	0.0211182	0.0211172
1591	0.0211172	0.0211162
1592	0.0211162	0.0211152
1593	0.0211152	0.0211142
1594	0.0211143	0.0211133
1595	0.0211132	0.0211122
1596	0.0211123	0.0211113
1597	0.0211113	0.0211103
1598	0.0211103	0.0211093
1599	0.0211093	0.0211084
1600	0.0211084	0.0211074
1601	0.0211074	0.0211064
1602	0.0211064	0.0211054
1603	0.0211055	0.0211044
1604	0.0211045	0.0211035
1605	0.0211035	0.0211025
1606	0.0211026	0.0211016
1607	0.0211016	0.0211006
1608	0.0211006	0.0210996
1609	0.0210996	0.0210987
1610	0.0210986	0.0210977
1611	0.0210977	0.0210967
1612	0.0210967	0.0210958
1613	0.0210958	0.0210948
1614	0.0210948	0.0210938
1615	0.0210938	0.0210928
1616	0.0210928	0.0210918
1617	0.0210919	0.0210909
1618	0.0210909	0.0210899
1619	0.0210899	0.021089
1620	0.021089	0.021088
1621	0.021088	0.0210871
1622	0.0210871	0.0210861
1623	0.0210861	0.0210851
1624	0.0210851	0.0210842
1625	0.0210842	0.0210832
1626	0.0210833	0.0210823
1627	0.0210823	0.0210813
1628	0.0210813	0.0210804
1629	0.0210803	0.0210794
1630	0.0210794	0.0210784
1631	0.0210784	0.0210774
1632	0.0210775	0.0210765
1633	0.0210765	0.0210755
1634	0.0210755	0.0210746
1635	0.0210746	0.0210736
1636	0.0210736	0.0210727
1637	0.0210727	0.0210717
1638	0.0210717	0.0210708
1639	0.0210708	0.0210698
1640	0.0210698	0.0210689
1641	0.0210689	0.021068
1642	0.0210679	0.021067
1643	0.021067	0.021066
1644	0.021066	0.0210651
1645	0.0210651	0.0210642
1646	0.0210642	0.0210632
1647	0.0210632	0.0210622
1648	0.0210622	0.0210613
1649	0.0210613	0.0210603
1650	0.0210604	0.0210594
1651	0.0210594	0.0210585
1652	0.0210585	0.0210575
1653	0.0210575	0.0210566
1654	0.0210566	0.0210556
1655	0.0210556	0.0210547
1656	0.0210547	0.0210537
1657	0.0210537	0.0210528
1658	0.0210528	0.0210518
1659	0.0210518	0.0210509
1660	0.0210509	0.02105
1661	0.02105	0.021049
1662	0.0210491	0.0210481
1663	0.0210481	0.0210472
1664	0.0210471	0.0210462
1665	0.0210462	0.0210453
1666	0.0210452	0.0210443
1667	0.0210443	0.0210434
1668	0.0210434	0.0210424
1669	0.0210425	0.0210416
1670	0.0210416	0.0210406
1671	0.0210406	0.0210397
1672	0.0210397	0.0210387
1673	0.0210387	0.0210378
1674	0.0210378	0.0210369
1675	0.0210369	0.021036
1676	0.0210359	0.021035
1677	0.021035	0.0210341
1678	0.0210341	0.0210331
1679	0.0210331	0.0210323
1680	0.0210322	0.0210313
1681	0.0210313	0.0210303
1682	0.0210304	0.0210295
1683	0.0210294	0.0210285
1684	0.0210285	0.0210276
1685	0.0210276	0.0210267
1686	0.0210267	0.0210258
1687	0.0210257	0.0210248
1688	0.0210248	0.0210239
1689	0.0210239	0.0210229
1690	0.021023	0.0210221
1691	0.0210221	0.0210212
1692	0.0210212	0.0210202
1693	0.0210202	0.0210193
1694	0.0210193	0.0210184
1695	0.0210184	0.0210174
1696	0.0210175	0.0210165
1697	0.0210165	0.0210157
1698	0.0210156	0.0210147
1699	0.0210147	0.0210138
1700	0.0210138	0.0210129
1701	0.0210129	0.021012
1702	0.0210119	0.0210111
1703	0.021011	0.0210102
1704	0.0210101	0.0210092
1705	0.0210092	0.0210083
1706	0.0210083	0.0210074
1707	0.0210074	0.0210065
1708	0.0210065	0.0210056
1709	0.0210056	0.0210047
1710	0.0210047	0.0210038
1711	0.0210038	0.0210028
1712	0.0210029	0.0210019
1713	0.0210019	0.0210011
1714	0.021001	0.0210001
1715	0.0210001	0.0209992
1716	0.0209992	0.0209983
1717	0.0209983	0.0209974
1718	0.0209975	0.0209965
1719	0.0209965	0.0209956
1720	0.0209956	0.0209947
1721	0.0209947	0.0209938
1722	0.0209938	0.0209929
1723	0.0209929	0.020992
1724	0.020992	0.0209911
1725	0.0209911	0.0209902
1726	0.0209902	0.0209893
1727	0.0209893	0.0209883
1728	0.0209884	0.0209875
1729	0.0209875	0.0209866
1730	0.0209866	0.0209857
1731	0.0209857	0.0209848
1732	0.0209848	0.0209839
1733	0.0209839	0.020983
1734	0.020983	0.0209821
1735	0.0209821	0.0209812
1736	0.0209812	0.0209803
1737	0.0209803	0.0209794
1738	0.0209794	0.0209785
1739	0.0209785	0.0209776
1740	0.0209776	0.0209767
1741	0.0209768	0.0209758
1742	0.0209759	0.0209749
1743	0.020975	0.020974
1744	0.0209741	0.0209732
1745	0.0209732	0.0209723
1746	0.0209723	0.0209714
1747	0.0209714	0.0209705
1748	0.0209705	0.0209696
1749	0.0209696	0.0209687
1750	0.0209687	0.0209678
1751	0.0209678	0.0209669
1752	0.020967	0.0209661
1753	0.0209661	0.0209652
1754	0.0209652	0.0209643
1755	0.0209643	0.0209634
1756	0.0209635	0.0209625
1757	0.0209625	0.0209616
1758	0.0209617	0.0209608
1759	0.0209608	0.0209599
1760	0.0209599	0.020959
1761	0.020959	0.0209582
1762	0.0209582	0.0209573
1763	0.0209573	0.0209564
1764	0.0209564	0.0209555
1765	0.0209555	0.0209546
1766	0.0209546	0.0209538
1767	0.0209537	0.0209529
1768	0.0209528	0.020952
1769	0.020952	0.0209511
1770	0.0209511	0.0209503
1771	0.0209503	0.0209494
1772	0.0209494	0.0209485
1773	0.0209485	0.0209477
1774	0.0209476	0.0209468
1775	0.0209467	0.0209459
1776	0.0209459	0.020945
1777	0.020945	0.0209441
1778	0.0209441	0.0209433
1779	0.0209433	0.0209424
1780	0.0209424	0.0209415
1781	0.0209415	0.0209406
1782	0.0209406	0.0209398
1783	0.0209398	0.0209389
1784	0.020939	0.0209381
1785	0.0209381	0.0209372
1786	0.0209372	0.0209363
1787	0.0209363	0.0209355
1788	0.0209355	0.0209346
1789	0.0209346	0.0209338
1790	0.0209338	0.0209329
1791	0.0209329	0.020932
1792	0.020932	0.0209311
1793	0.0209312	0.0209303
1794	0.0209303	0.0209295
1795	0.0209295	0.0209286
1796	0.0209286	0.0209277
1797	0.0209277	0.0209268
1798	0.0209269	0.020926
1799	0.020926	0.0209252
1800	0.0209251	0.0209243
1801	0.0209243	0.0209234
1802	0.0209234	0.0209226
1803	0.0209226	0.0209217
1804	0.0209217	0.0209208
1805	0.0209209	0.02092
1806	0.02092	0.0209192
1807	0.0209192	0.0209183
1808	0.0209183	0.0209175
1809	0.0209175	0.0209166
1810	0.0209166	0.0209158
1811	0.0209158	0.0209149
1812	0.0209149	0.020914
1813	0.0209141	0.0209132
1814	0.0209132	0.0209123
1815	0.0209124	0.0209115
1816	0.0209115	0.0209107
1817	0.0209107	0.0209098
1818	0.0209098	0.0209089
1819	0.020909	0.0209081
1820	0.0209081	0.0209073
1821	0.0209073	0.0209064
1822	0.0209064	0.0209056
1823	0.0209056	0.0209047
1824	0.0209047	0.0209039
1825	0.0209039	0.0209031
1826	0.0209031	0.0209022
1827	0.0209022	0.0209014
1828	0.0209014	0.0209005
1829	0.0209005	0.0208997
1830	0.0208997	0.0208989
1831	0.0208989	0.020898
1832	0.020898	0.0208972
1833	0.0208972	0.0208963
1834	0.0208964	0.0208955
1835	0.0208955	0.0208947
1836	0.0208947	0.0208938
1837	0.0208939	0.020893
1838	0.020893	0.0208922
1839	0.0208922	0.0208913
1840	0.0208914	0.0208905
1841	0.0208905	0.0208897
1842	0.0208897	0.0208888
1843	0.0208889	0.020888
1844	0.020888	0.0208872
1845	0.0208872	0.0208864
1846	0.0208863	0.0208855
1847	0.0208855	0.0208847
1848	0.0208847	0.0208838
1849	0.0208838	0.020883
1850	0.020883	0.0208822
1851	0.0208822	0.0208814
1852	0.0208814	0.0208805
1853	0.0208806	0.0208797
1854	0.0208797	0.0208789
1855	0.0208789	0.0208781
1856	0.0208781	0.0208773
1857	0.0208773	0.0208764
1858	0.0208764	0.0208756
1859	0.0208756	0.0208747
1860	0.0208747	0.0208739
1861	0.020874	0.0208732
1862	0.0208732	0.0208723
1863	0.0208723	0.0208715
1864	0.0208715	0.0208707
1865	0.0208707	0.0208699
1866	0.0208699	0.020869
1867	0.020869	0.0208682
1868	0.0208682	0.0208673
1869	0.0208674	0.0208665
1870	0.0208666	0.0208657
1871	0.0208657	0.020865
1872	0.0208649	0.0208641
1873	0.0208641	0.0208633
1874	0.0208633	0.0208625
1875	0.0208625	0.0208617
1876	0.0208617	0.0208609
1877	0.0208609	0.0208601
1878	0.0208601	0.0208593
1879	0.0208593	0.0208585
1880	0.0208585	0.0208577
1881	0.0208577	0.0208569
1882	0.0208569	0.0208561
1883	0.0208561	0.0208552
1884	0.0208552	0.0208544
1885	0.0208544	0.0208536
1886	0.0208536	0.0208528
1887	0.0208528	0.020852
1888	0.020852	0.0208512
1889	0.0208512	0.0208504
1890	0.0208504	0.0208496
1891	0.0208496	0.0208488
1892	0.0208488	0.020848
1893	0.020848	0.0208472
1894	0.0208472	0.0208464
1895	0.0208464	0.0208456
1896	0.0208456	0.0208448
1897	0.0208447	0.020844
1898	0.020844	0.0208432
1899	0.0208432	0.0208424
1900	0.0208424	0.0208416
1901	0.0208416	0.0208408
1902	0.0208407	0.0208399
1903	0.02084	0.0208392
1904	0.0208392	0.0208384
1905	0.0208384	0.0208376
1906	0.0208376	0.0208368
1907	0.0208368	0.020836
1908	0.020836	0.0208352
1909	0.0208352	0.0208344
1910	0.0208344	0.0208336
1911	0.0208336	0.0208328
1912	0.0208328	0.020832
1913	0.020832	0.0208312
1914	0.0208312	0.0208304
1915	0.0208304	0.0208297
1916	0.0208296	0.0208289
1917	0.0208289	0.0208281
1918	0.0208281	0.0208273
1919	0.0208273	0.0208265
1920	0.0208265	0.0208257
1921	0.0208257	0.020825
1922	0.0208249	0.0208241
1923	0.0208241	0.0208233
1924	0.0208233	0.0208226
1925	0.0208225	0.0208218
1926	0.0208218	0.020821
1927	0.020821	0.0208202
1928	0.0208202	0.0208194
1929	0.0208194	0.0208186
1930	0.0208186	0.0208179
1931	0.0208179	0.0208171
1932	0.0208171	0.0208163
1933	0.0208163	0.0208155
1934	0.0208155	0.0208147
1935	0.0208148	0.0208139
1936	0.0208139	0.0208132
1937	0.0208132	0.0208124
1938	0.0208124	0.0208117
1939	0.0208116	0.0208109
1940	0.0208108	0.0208101
1941	0.0208101	0.0208093
1942	0.0208093	0.0208085
1943	0.0208085	0.0208078
1944	0.0208078	0.020807
1945	0.0208069	0.0208062
1946	0.0208062	0.0208054
1947	0.0208054	0.0208046
1948	0.0208046	0.0208038
1949	0.0208038	0.0208031
1950	0.0208031	0.0208023
1951	0.0208023	0.0208015
1952	0.0208015	0.0208008
1953	0.0208008	0.0208
1954	0.0208	0.0207993
1955	0.0207993	0.0207985
1956	0.0207985	0.0207977
1957	0.0207977	0.020797
1958	0.0207969	0.0207962
1959	0.0207962	0.0207954
1960	0.0207954	0.0207946
1961	0.0207946	0.0207939
1962	0.0207938	0.0207931
1963	0.0207931	0.0207923
1964	0.0207924	0.0207916
1965	0.0207916	0.0207908
1966	0.0207908	0.02079
1967	0.02079	0.0207893
1968	0.0207893	0.0207885
1969	0.0207885	0.0207878
1970	0.0207878	0.020787
1971	0.020787	0.0207862
1972	0.0207862	0.0207855
1973	0.0207855	0.0207847
1974	0.0207847	0.020784
1975	0.020784	0.0207832
1976	0.0207832	0.0207825
1977	0.0207825	0.0207817
1978	0.0207817	0.020781
1979	0.020781	0.0207802
1980	0.0207802	0.0207795
1981	0.0207794	0.0207787
1982	0.0207787	0.0207779
1983	0.0207779	0.0207772
1984	0.0207772	0.0207765
1985	0.0207765	0.0207757
1986	0.0207757	0.0207749
1987	0.020775	0.0207742
1988	0.0207742	0.0207734
1989	0.0207734	0.0207727
1990	0.0207727	0.0207719
1991	0.0207719	0.0207712
1992	0.0207712	0.0207704
1993	0.0207704	0.0207697
1994	0.0207697	0.0207689
1995	0.0207689	0.0207682
1996	0.0207682	0.0207674
1997	0.0207675	0.0207667
1998	0.0207667	0.0207659
1999	0.020766	0.0207652
2000	0.0207652	0.0207645
2001	0.0207645	0.0207637
2002	0.0207638	0.020763
2003	0.020763	0.0207623
2004	0.0207622	0.0207615
2005	0.0207615	0.0207608
2006	0.0207607	0.02076
2007	0.02076	0.0207593
2008	0.0207593	0.0207585
2009	0.0207585	0.0207578
2010	0.0207578	0.0207571
2011	0.0207571	0.0207563
2012	0.0207564	0.0207556
2013	0.0207556	0.0207548
2014	0.0207548	0.0207541
2015	0.0207541	0.0207534
2016	0.0207534	0.0207527
2017	0.0207526	0.0207519
2018	0.0207519	0.0207512
2019	0.0207512	0.0207504
2020	0.0207504	0.0207497
2021	0.0207497	0.020749
2022	0.0207489	0.0207483
2023	0.0207482	0.0207475
2024	0.0207475	0.0207468
2025	0.0207467	0.0207461
2026	0.020746	0.0207453
2027	0.0207453	0.0207446
2028	0.0207445	0.0207439
2029	0.0207438	0.0207431
2030	0.0207431	0.0207424
2031	0.0207424	0.0207417
2032	0.0207417	0.0207409
2033	0.0207409	0.0207402
2034	0.0207402	0.0207395
2035	0.0207395	0.0207388
2036	0.0207388	0.0207381
2037	0.020738	0.0207374
2038	0.0207373	0.0207366
2039	0.0207366	0.0207359
2040	0.0207359	0.0207352
2041	0.0207352	0.0207345
2042	0.0207345	0.0207337
2043	0.0207337	0.020733
2044	0.020733	0.0207322
2045	0.0207323	0.0207315
2046	0.0207315	0.0207308
2047	0.0207309	0.0207301
2048	0.0207301	0.0207294
2049	0.0207294	0.0207287
2050	0.0207287	0.020728
2051	0.020728	0.0207272
2052	0.0207272	0.0207266
2053	0.0207265	0.0207258
2054	0.0207259	0.0207251
2055	0.0207251	0.0207244
2056	0.0207244	0.0207237
2057	0.0207237	0.020723
2058	0.020723	0.0207223
2059	0.0207223	0.0207216
2060	0.0207215	0.0207208
2061	0.0207208	0.0207201
2062	0.0207201	0.0207194
2063	0.0207194	0.0207187
2064	0.0207187	0.020718
2065	0.020718	0.0207173
2066	0.0207173	0.0207165
2067	0.0207165	0.0207158
2068	0.0207158	0.0207151
2069	0.0207151	0.0207144
2070	0.0207144	0.0207137
2071	0.0207137	0.020713
2072	0.020713	0.0207123
2073	0.0207123	0.0207116
2074	0.0207116	0.0207109
2075	0.0207109	0.0207102
2076	0.0207101	0.0207095
2077	0.0207095	0.0207088
2078	0.0207088	0.0207081
2079	0.0207081	0.0207073
2080	0.0207074	0.0207066
2081	0.0207066	0.020706
2082	0.0207059	0.0207053
2083	0.0207052	0.0207046
2084	0.0207046	0.0207039
2085	0.0207039	0.0207032
2086	0.0207032	0.0207025
2087	0.0207025	0.0207018
2088	0.0207018	0.0207011
2089	0.0207011	0.0207004
2090	0.0207004	0.0206997
2091	0.0206997	0.020699
2092	0.020699	0.0206983
2093	0.0206983	0.0206976
2094	0.0206976	0.0206969
2095	0.0206969	0.0206962
2096	0.0206962	0.0206955
2097	0.0206955	0.0206948
2098	0.0206948	0.0206941
2099	0.0206941	0.0206934
2100	0.0206934	0.0206927
2101	0.0206927	0.020692
2102	0.020692	0.0206913
2103	0.0206913	0.0206907
2104	0.0206907	0.02069
2105	0.02069	0.0206893
2106	0.0206893	0.0206885
2107	0.0206886	0.0206879
2108	0.020688	0.0206872
2109	0.0206872	0.0206865
2110	0.0206865	0.0206859
2111	0.0206858	0.0206852
2112	0.0206851	0.0206845
2113	0.0206845	0.0206838
2114	0.0206838	0.0206831
2115	0.0206831	0.0206824
2116	0.0206825	0.0206818
2117	0.0206818	0.0206811
2118	0.0206811	0.0206804
2119	0.0206804	0.0206797
2120	0.0206797	0.020679
2121	0.020679	0.0206783
2122	0.0206783	0.0206776
2123	0.0206776	0.020677
2124	0.020677	0.0206763
2125	0.0206763	0.0206756
2126	0.0206756	0.0206749
2127	0.0206749	0.0206743
2128	0.0206742	0.0206736
2129	0.0206736	0.0206729
2130	0.0206729	0.0206722
2131	0.0206722	0.0206715
2132	0.0206715	0.0206709
2133	0.0206709	0.0206701
2134	0.0206702	0.0206695
2135	0.0206695	0.0206688
2136	0.0206688	0.0206681
2137	0.0206682	0.0206675
2138	0.0206674	0.0206668
2139	0.0206668	0.0206661
2140	0.0206661	0.0206655
2141	0.0206654	0.0206648
2142	0.0206647	0.0206641
2143	0.0206641	0.0206635
2144	0.0206635	0.0206628
2145	0.0206628	0.0206621
2146	0.0206621	0.0206614
2147	0.0206614	0.0206608
2148	0.0206607	0.0206601
2149	0.0206601	0.0206594
2150	0.0206594	0.0206587
2151	0.0206588	0.0206581
2152	0.0206581	0.0206574
2153	0.0206574	0.0206567
2154	0.0206568	0.0206561
2155	0.0206561	0.0206554
2156	0.0206554	0.0206548
2157	0.0206548	0.0206541
2158	0.0206541	0.0206534
2159	0.0206535	0.0206528
2160	0.0206528	0.0206521
2161	0.0206521	0.0206515
2162	0.0206514	0.0206507
2163	0.0206507	0.0206501
2164	0.0206501	0.0206494
2165	0.0206494	0.0206488
2166	0.0206488	0.0206481
2167	0.0206481	0.0206475
2168	0.0206475	0.0206469
2169	0.0206468	0.0206462
2170	0.0206461	0.0206456
2171	0.0206455	0.0206448
2172	0.0206448	0.0206442
2173	0.0206442	0.0206435
2174	0.0206435	0.0206429
2175	0.0206429	0.0206422
2176	0.0206422	0.0206416
2177	0.0206416	0.0206409
2178	0.0206409	0.0206403
2179	0.0206403	0.0206396
2180	0.0206396	0.020639
2181	0.020639	0.0206383
2182	0.0206383	0.0206376
2183	0.0206376	0.020637
2184	0.020637	0.0206363
2185	0.0206363	0.0206357
2186	0.0206357	0.0206351
2187	0.020635	0.0206344
2188	0.0206344	0.0206337
2189	0.0206338	0.0206331
2190	0.0206331	0.0206325
2191	0.0206325	0.0206318
2192	0.0206318	0.0206312
2193	0.0206312	0.0206305
2194	0.0206305	0.0206299
2195	0.0206299	0.0206292
2196	0.0206292	0.0206286
2197	0.0206285	0.0206279
2198	0.0206279	0.0206273
2199	0.0206273	0.0206266
2200	0.0206266	0.020626
2201	0.020626	0.0206253
2202	0.0206253	0.0206247
2203	0.0206248	0.0206241
2204	0.0206241	0.0206234
2205	0.0206234	0.0206228
2206	0.0206228	0.0206222
2207	0.0206222	0.0206215
2208	0.0206215	0.0206209
2209	0.0206208	0.0206203
2210	0.0206202	0.0206196
2211	0.0206195	0.020619
2212	0.0206189	0.0206183
2213	0.0206183	0.0206177
2214	0.0206176	0.020617
2215	0.0206171	0.0206164
2216	0.0206164	0.0206157
2217	0.0206157	0.0206151
2218	0.0206151	0.0206145
2219	0.0206145	0.0206139
2220	0.0206139	0.0206132
2221	0.0206132	0.0206126
2222	0.0206126	0.0206119
2223	0.020612	0.0206113
2224	0.0206113	0.0206107
2225	0.0206107	0.0206101
2226	0.02061	0.0206094
2227	0.0206094	0.0206087
2228	0.0206088	0.0206081
2229	0.0206082	0.0206075
2230	0.0206075	0.0206069
2231	0.0206069	0.0206062
2232	0.0206063	0.0206057
2233	0.0206057	0.020605
2234	0.020605	0.0206044
2235	0.0206043	0.0206038
2236	0.0206037	0.0206032
2237	0.0206031	0.0206025
2238	0.0206025	0.0206019
2239	0.0206019	0.0206013
2240	0.0206012	0.0206006
2241	0.0206007	0.0206
2242	0.0206	0.0205994
2243	0.0205994	0.0205987
2244	0.0205988	0.0205981
2245	0.0205981	0.0205975
2246	0.0205975	0.0205969
2247	0.0205969	0.0205963
2248	0.0205963	0.0205956
2249	0.0205956	0.020595
2250	0.020595	0.0205944
2251	0.0205944	0.0205938
2252	0.0205938	0.0205931
2253	0.0205931	0.0205925
2254	0.0205925	0.0205919
2255	0.0205919	0.0205913
2256	0.0205912	0.0205907
2257	0.0205907	0.02059
2258	0.0205901	0.0205894
2259	0.0205894	0.0205888
2260	0.0205888	0.0205882
2261	0.0205882	0.0205876
2262	0.0205876	0.020587
2263	0.020587	0.0205864
2264	0.0205864	0.0205857
2265	0.0205857	0.0205852
2266	0.0205852	0.0205845
2267	0.0205845	0.0205839
2268	0.020584	0.0205833
2269	0.0205833	0.0205827
2270	0.0205827	0.0205821
2271	0.0205821	0.0205814
2272	0.0205815	0.0205809
2273	0.0205808	0.0205802
2274	0.0205802	0.0205796
2275	0.0205796	0.020579
2276	0.020579	0.0205784
2277	0.0205784	0.0205778
2278	0.0205778	0.0205772
2279	0.0205772	0.0205766
2280	0.0205766	0.020576
2281	0.020576	0.0205753
2282	0.0205753	0.0205748
2283	0.0205747	0.0205741
2284	0.0205741	0.0205735
2285	0.0205735	0.0205729
2286	0.0205729	0.0205723
2287	0.0205723	0.0205717
2288	0.0205717	0.0205711
2289	0.0205711	0.0205705
2290	0.0205705	0.0205699
2291	0.0205699	0.0205693
2292	0.0205693	0.0205687
2293	0.0205687	0.0205681
2294	0.0205681	0.0205675
2295	0.0205675	0.0205669
2296	0.0205669	0.0205663
2297	0.0205663	0.0205657
2298	0.0205657	0.020565
2299	0.020565	0.0205644
2300	0.0205645	0.0205639
2301	0.0205639	0.0205633
2302	0.0205633	0.0205627
2303	0.0205627	0.0205621
2304	0.0205621	0.0205615
2305	0.0205615	0.0205609
2306	0.0205609	0.0205603
2307	0.0205603	0.0205597
2308	0.0205597	0.0205591
2309	0.0205591	0.0205585
2310	0.0205585	0.0205579
2311	0.020558	0.0205573
2312	0.0205573	0.0205567
2313	0.0205568	0.0205561
2314	0.0205561	0.0205555
2315	0.0205556	0.0205549
2316	0.0205549	0.0205543
2317	0.0205544	0.0205538
2318	0.0205537	0.0205532
2319	0.0205532	0.0205526
2320	0.0205526	0.020552
2321	0.020552	0.0205514
2322	0.0205514	0.0205508
2323	0.0205508	0.0205502
2324	0.0205502	0.0205496
2325	0.0205496	0.020549
2326	0.020549	0.0205484
2327	0.0205484	0.0205479
2328	0.0205479	0.0205473
2329	0.0205473	0.0205467
2330	0.0205467	0.0205461
2331	0.0205461	0.0205455
2332	0.0205455	0.0205449
2333	0.0205449	0.0205443
2334	0.0205443	0.0205437
2335	0.0205437	0.0205431
2336	0.0205431	0.0205425
2337	0.0205426	0.020542
2338	0.020542	0.0205414
2339	0.0205414	0.0205408
2340	0.0205409	0.0205402
2341	0.0205402	0.0205397
2342	0.0205396	0.0205391
2343	0.0205391	0.0205385
2344	0.0205385	0.020538
2345	0.0205379	0.0205373
2346	0.0205373	0.0205368
2347	0.0205368	0.0205362
2348	0.0205362	0.0205356
2349	0.0205356	0.020535
2350	0.020535	0.0205344
2351	0.0205344	0.0205338
2352	0.0205338	0.0205333
2353	0.0205333	0.0205327
2354	0.0205327	0.0205321
2355	0.0205321	0.0205315
2356	0.0205316	0.020531
2357	0.020531	0.0205304
2358	0.0205304	0.0205299
2359	0.0205298	0.0205292
2360	0.0205292	0.0205287
2361	0.0205287	0.0205281
2362	0.0205281	0.0205275
2363	0.0205275	0.020527
2364	0.0205269	0.0205264
2365	0.0205264	0.0205258
2366	0.0205258	0.0205252
2367	0.0205252	0.0205246
2368	0.0205246	0.0205241
2369	0.0205241	0.0205235
2370	0.0205235	0.020523
2371	0.020523	0.0205224
2372	0.0205224	0.0205218
2373	0.0205218	0.0205212
2374	0.0205212	0.0205207
2375	0.0205207	0.0205201
2376	0.0205201	0.0205196
2377	0.0205195	0.020519
2378	0.020519	0.0205184
2379	0.0205184	0.0205178
2380	0.0205178	0.0205173
2381	0.0205173	0.0205167
2382	0.0205167	0.0205161
2383	0.0205161	0.0205155
2384	0.0205155	0.020515
2385	0.020515	0.0205144
2386	0.0205144	0.0205138
2387	0.0205139	0.0205133
2388	0.0205133	0.0205127
2389	0.0205127	0.0205121
2390	0.0205122	0.0205116
2391	0.0205116	0.020511
2392	0.020511	0.0205105
2393	0.0205105	0.0205099
2394	0.0205099	0.0205093
2395	0.0205094	0.0205088
2396	0.0205088	0.0205082
2397	0.0205082	0.0205077
2398	0.0205077	0.0205071
2399	0.0205071	0.0205066
2400	0.0205066	0.020506
2401	0.020506	0.0205054
2402	0.0205054	0.0205049
2403	0.0205049	0.0205043
2404	0.0205044	0.0205037
2405	0.0205038	0.0205032
2406	0.0205032	0.0205026
2407	0.0205026	0.0205021
2408	0.0205021	0.0205015
2409	0.0205015	0.020501
2410	0.020501	0.0205004
2411	0.0205004	0.0204999
2412	0.0204999	0.0204993
2413	0.0204993	0.0204987
2414	0.0204987	0.0204982
2415	0.0204982	0.0204977
2416	0.0204977	0.0204971
2417	0.0204971	0.0204965
2418	0.0204966	0.020496
2419	0.020496	0.0204955
2420	0.0204955	0.0204949
2421	0.0204949	0.0204943
2422	0.0204944	0.0204938
2423	0.0204938	0.0204933
2424	0.0204933	0.0204927
2425	0.0204927	0.0204922
2426	0.0204922	0.0204916
2427	0.0204916	0.020491
2428	0.020491	0.0204905
2429	0.0204905	0.0204899
2430	0.02049	0.0204894
2431	0.0204894	0.0204889
2432	0.0204888	0.0204883
2433	0.0204883	0.0204878
2434	0.0204878	0.0204872
2435	0.0204872	0.0204867
2436	0.0204867	0.0204862
2437	0.0204862	0.0204856
2438	0.0204856	0.0204851
2439	0.020485	0.0204845
2440	0.0204845	0.020484
2441	0.0204839	0.0204834
2442	0.0204834	0.0204828
2443	0.0204828	0.0204823
2444	0.0204823	0.0204818
2445	0.0204818	0.0204812
2446	0.0204812	0.0204807
2447	0.0204807	0.0204802
2448	0.0204802	0.0204796
2449	0.0204796	0.0204791
2450	0.0204791	0.0204785
2451	0.0204785	0.020478
2452	0.020478	0.0204775
2453	0.0204775	0.0204769
2454	0.0204769	0.0204764
2455	0.0204764	0.0204759
2456	0.0204758	0.0204753
2457	0.0204753	0.0204748
2458	0.0204748	0.0204743
2459	0.0204742	0.0204737
2460	0.0204737	0.0204731
2461	0.0204731	0.0204726
2462	0.0204726	0.0204721
2463	0.0204721	0.0204715
2464	0.0204716	0.020471
2465	0.020471	0.0204705
2466	0.0204705	0.0204699
2467	0.0204699	0.0204694
2468	0.0204694	0.0204689
2469	0.0204689	0.0204683
2470	0.0204683	0.0204678
2471	0.0204678	0.0204672
2472	0.0204673	0.0204667
2473	0.0204667	0.0204662
2474	0.0204662	0.0204657
2475	0.0204657	0.0204651
2476	0.0204651	0.0204646
2477	0.0204646	0.020464
2478	0.0204641	0.0204635
2479	0.0204635	0.020463
2480	0.020463	0.0204625
2481	0.0204625	0.020462
2482	0.020462	0.0204614
2483	0.0204614	0.0204609
2484	0.0204609	0.0204603
2485	0.0204604	0.0204598
2486	0.0204598	0.0204593
2487	0.0204593	0.0204588
2488	0.0204588	0.0204583
2489	0.0204583	0.0204577
2490	0.0204577	0.0204572
2491	0.0204572	0.0204567
2492	0.0204567	0.0204561
2493	0.0204561	0.0204556
2494	0.0204556	0.0204551
2495	0.0204551	0.0204546
2496	0.0204546	0.020454
2497	0.020454	0.0204535
2498	0.0204535	0.020453
2499	0.020453	0.0204525
2500	0.0204525	0.0204519
2501	0.0204519	0.0204514
2502	0.0204514	0.0204509
2503	0.020451	0.0204504
2504	0.0204504	0.0204499
2505	0.0204499	0.0204494
2506	0.0204494	0.0204489
2507	0.0204489	0.0204483
2508	0.0204484	0.0204478
2509	0.0204478	0.0204473
2510	0.0204473	0.0204468
2511	0.0204468	0.0204462
2512	0.0204463	0.0204457
2513	0.0204457	0.0204452
2514	0.0204452	0.0204447
2515	0.0204447	0.0204442
2516	0.0204442	0.0204437
2517	0.0204437	0.0204432
2518	0.0204432	0.0204426
2519	0.0204426	0.0204421
2520	0.0204421	0.0204416
2521	0.0204415	0.0204411
2522	0.0204411	0.0204406
2523	0.0204405	0.02044
2524	0.02044	0.0204395
2525	0.0204395	0.020439
2526	0.020439	0.0204385
2527	0.0204385	0.020438
2528	0.020438	0.0204375
2529	0.0204375	0.020437
2530	0.0204369	0.0204364
2531	0.0204364	0.020436
2532	0.0204359	0.0204354
2533	0.0204354	0.0204349
2534	0.0204349	0.0204344
2535	0.0204344	0.0204339
2536	0.0204339	0.0204333
2537	0.0204333	0.0204329
2538	0.0204328	0.0204324
2539	0.0204323	0.0204319
2540	0.0204318	0.0204314
2541	0.0204313	0.0204308
2542	0.0204308	0.0204304
2543	0.0204303	0.0204298
2544	0.0204299	0.0204293
2545	0.0204293	0.0204288
2546	0.0204288	0.0204283
2547	0.0204283	0.0204278
2548	0.0204278	0.0204272
2549	0.0204272	0.0204268
2550	0.0204268	0.0204262
2551	0.0204262	0.0204258
2552	0.0204258	0.0204253
2553	0.0204252	0.0204248
2554	0.0204247	0.0204242
2555	0.0204242	0.0204237
2556	0.0204237	0.0204232
2557	0.0204232	0.0204227
2558	0.0204228	0.0204223
2559	0.0204223	0.0204218
2560	0.0204217	0.0204212
2561	0.0204212	0.0204207
2562	0.0204207	0.0204202
2563	0.0204202	0.0204198
2564	0.0204198	0.0204192
2565	0.0204192	0.0204187
2566	0.0204187	0.0204182
2567	0.0204182	0.0204177
2568	0.0204177	0.0204172
2569	0.0204172	0.0204167
2570	0.0204167	0.0204162
2571	0.0204162	0.0204157
2572	0.0204158	0.0204152
2573	0.0204152	0.0204147
2574	0.0204147	0.0204142
2575	0.0204143	0.0204137
2576	0.0204138	0.0204132
2577	0.0204132	0.0204128
2578	0.0204128	0.0204123
2579	0.0204123	0.0204118
2580	0.0204118	0.0204112
2581	0.0204113	0.0204108
2582	0.0204107	0.0204103
2583	0.0204102	0.0204098
2584	0.0204097	0.0204093
2585	0.0204092	0.0204088
2586	0.0204088	0.0204083
2587	0.0204083	0.0204078
2588	0.0204078	0.0204073
2589	0.0204073	0.0204068
2590	0.0204068	0.0204063
2591	0.0204063	0.0204058
2592	0.0204058	0.0204053
2593	0.0204053	0.0204048
2594	0.0204048	0.0204043
2595	0.0204043	0.0204038
2596	0.0204038	0.0204033
2597	0.0204033	0.0204029
2598	0.0204029	0.0204024
2599	0.0204024	0.0204019
2600	0.0204019	0.0204014
2601	0.0204014	0.0204009
2602	0.0204009	0.0204005
2603	0.0204004	0.0204
2604	0.0203999	0.0203994
2605	0.0203995	0.020399
2606	0.020399	0.0203984
2607	0.0203984	0.020398
2608	0.020398	0.0203975
2609	0.0203975	0.020397
2610	0.020397	0.0203965
2611	0.0203965	0.0203961
2612	0.020396	0.0203955
2613	0.0203955	0.0203951
2614	0.0203951	0.0203946
2615	0.0203946	0.0203941
2616	0.0203941	0.0203936
2617	0.0203936	0.0203931
2618	0.0203931	0.0203926
2619	0.0203926	0.0203921
2620	0.0203922	0.0203916
2621	0.0203917	0.0203911
2622	0.0203912	0.0203907
2623	0.0203907	0.0203902
2624	0.0203902	0.0203898
2625	0.0203897	0.0203893
2626	0.0203892	0.0203887
2627	0.0203887	0.0203883
2628	0.0203883	0.0203878
2629	0.0203878	0.0203873
2630	0.0203873	0.0203868
2631	0.0203868	0.0203864
2632	0.0203864	0.0203859
2633	0.0203859	0.0203854
2634	0.0203854	0.0203849
2635	0.0203849	0.0203845
2636	0.0203844	0.020384
2637	0.020384	0.0203835
2638	0.0203835	0.020383
2639	0.020383	0.0203825
2640	0.0203825	0.0203821
2641	0.0203821	0.0203816
2642	0.0203816	0.0203811
2643	0.0203811	0.0203806
2644	0.0203806	0.0203802
2645	0.0203802	0.0203797
2646	0.0203796	0.0203792
2647	0.0203792	0.0203787
2648	0.0203787	0.0203783
2649	0.0203783	0.0203778
2650	0.0203777	0.0203773
2651	0.0203773	0.0203769
2652	0.0203768	0.0203764
2653	0.0203764	0.0203759
2654	0.0203758	0.0203754
2655	0.0203754	0.0203749
2656	0.0203749	0.0203744
2657	0.0203745	0.0203739
2658	0.0203739	0.0203735
2659	0.0203735	0.0203731
2660	0.020373	0.0203725
2661	0.0203725	0.0203721
2662	0.0203721	0.0203716
2663	0.0203716	0.0203711
2664	0.0203712	0.0203707
2665	0.0203707	0.0203702
2666	0.0203702	0.0203697
2667	0.0203698	0.0203693
2668	0.0203693	0.0203688
2669	0.0203688	0.0203684
2670	0.0203683	0.0203679
2671	0.0203679	0.0203674
2672	0.0203674	0.020367
2673	0.0203669	0.0203665
2674	0.0203665	0.020366
2675	0.020366	0.0203656
2676	0.0203655	0.0203651
2677	0.0203651	0.0203646
2678	0.0203646	0.0203641
2679	0.0203642	0.0203637
2680	0.0203637	0.0203632
2681	0.0203632	0.0203627
2682	0.0203627	0.0203623
2683	0.0203623	0.0203618
2684	0.0203618	0.0203614
2685	0.0203614	0.0203609
2686	0.0203609	0.0203604
2687	0.0203604	0.0203599
2688	0.0203599	0.0203594
2689	0.0203594	0.020359
2690	0.020359	0.0203586
2691	0.0203586	0.0203581
2692	0.0203581	0.0203577
2693	0.0203577	0.0203572
2694	0.0203572	0.0203567
2695	0.0203568	0.0203563
2696	0.0203563	0.0203558
2697	0.0203558	0.0203553
2698	0.0203553	0.0203549
2699	0.0203548	0.0203544
2700	0.0203544	0.020354
2701	0.0203539	0.0203535
2702	0.0203535	0.020353
2703	0.020353	0.0203526
2704	0.0203526	0.0203521
2705	0.0203521	0.0203516
2706	0.0203517	0.0203512
2707	0.0203512	0.0203507
2708	0.0203507	0.0203503
2709	0.0203503	0.0203498
2710	0.0203498	0.0203494
2711	0.0203493	0.0203489
2712	0.0203489	0.0203485
2713	0.0203485	0.020348
2714	0.020348	0.0203475
2715	0.0203475	0.0203471
2716	0.0203471	0.0203466
2717	0.0203466	0.0203462
2718	0.0203462	0.0203457
2719	0.0203457	0.0203453
2720	0.0203452	0.0203448
2721	0.0203448	0.0203444
2722	0.0203443	0.0203439
2723	0.0203439	0.0203434
2724	0.0203434	0.020343
2725	0.020343	0.0203425
2726	0.0203426	0.0203421
2727	0.0203421	0.0203416
2728	0.0203416	0.0203412
2729	0.0203412	0.0203407
2730	0.0203408	0.0203403
2731	0.0203402	0.0203398
2732	0.0203398	0.0203394
2733	0.0203394	0.0203389
2734	0.0203389	0.0203385
2735	0.0203385	0.020338
2736	0.020338	0.0203376
2737	0.0203376	0.0203371
2738	0.0203371	0.0203366
2739	0.0203367	0.0203362
2740	0.0203362	0.0203358
2741	0.0203357	0.0203353
2742	0.0203353	0.0203349
2743	0.0203349	0.0203344
2744	0.0203344	0.020334
2745	0.0203339	0.0203335
2746	0.0203335	0.0203331
2747	0.020333	0.0203326
2748	0.0203326	0.0203322
2749	0.0203322	0.0203317
2750	0.0203317	0.0203312
2751	0.0203313	0.0203308
2752	0.0203308	0.0203304
2753	0.0203304	0.0203299
2754	0.0203299	0.0203295
2755	0.0203295	0.020329
2756	0.020329	0.0203286
2757	0.0203286	0.0203282
2758	0.0203282	0.0203277
2759	0.0203277	0.0203273
2760	0.0203273	0.0203268
2761	0.0203268	0.0203264
2762	0.0203264	0.020326
2763	0.020326	0.0203255
2764	0.0203255	0.0203251
2765	0.0203251	0.0203246
2766	0.0203247	0.0203242
2767	0.0203242	0.0203237
2768	0.0203237	0.0203233
2769	0.0203233	0.0203229
2770	0.0203229	0.0203224
2771	0.0203224	0.020322
2772	0.020322	0.0203215
2773	0.0203216	0.0203211
2774	0.0203211	0.0203207
2775	0.0203207	0.0203202
2776	0.0203202	0.0203198
2777	0.0203198	0.0203193
2778	0.0203193	0.0203189
2779	0.0203189	0.0203184
2780	0.0203185	0.020318
2781	0.020318	0.0203176
2782	0.0203176	0.0203172
2783	0.0203172	0.0203167
2784	0.0203167	0.0203163
2785	0.0203162	0.0203158
2786	0.0203158	0.0203154
2787	0.0203154	0.0203149
2788	0.020315	0.0203145
2789	0.0203145	0.0203141
2790	0.0203141	0.0203136
2791	0.0203136	0.0203132
2792	0.0203132	0.0203128
2793	0.0203128	0.0203123
2794	0.0203123	0.0203119
2795	0.0203119	0.0203115
2796	0.0203115	0.020311
2797	0.020311	0.0203106
2798	0.0203106	0.0203102
2799	0.0203101	0.0203097
2800	0.0203097	0.0203093
2801	0.0203093	0.0203088
2802	0.0203088	0.0203084
2803	0.0203084	0.020308
2804	0.020308	0.0203076
2805	0.0203076	0.0203071
2806	0.0203071	0.0203067
2807	0.0203067	0.0203063
2808	0.0203063	0.0203058
2809	0.0203058	0.0203054
2810	0.0203054	0.0203049
2811	0.020305	0.0203045
2812	0.0203046	0.0203041
2813	0.0203041	0.0203036
2814	0.0203037	0.0203032
2815	0.0203032	0.0203028
2816	0.0203028	0.0203024
2817	0.0203024	0.020302
2818	0.020302	0.0203015
2819	0.0203015	0.0203011
2820	0.0203011	0.0203007
2821	0.0203007	0.0203002
2822	0.0203002	0.0202998
2823	0.0202998	0.0202994
2824	0.0202994	0.0202989
2825	0.020299	0.0202985
2826	0.0202986	0.0202981
2827	0.0202981	0.0202977
2828	0.0202977	0.0202973
2829	0.0202973	0.0202968
2830	0.0202968	0.0202964
2831	0.0202964	0.020296
2832	0.0202959	0.0202956
2833	0.0202955	0.0202951
2834	0.0202951	0.0202947
2835	0.0202947	0.0202942
2836	0.0202943	0.0202938
2837	0.0202938	0.0202934
2838	0.0202934	0.020293
2839	0.020293	0.0202926
2840	0.0202926	0.0202921
2841	0.0202921	0.0202917
2842	0.0202917	0.0202913
2843	0.0202913	0.0202908
2844	0.0202909	0.0202904
2845	0.0202904	0.02029
2846	0.02029	0.0202896
2847	0.0202896	0.0202892
2848	0.0202892	0.0202887
2849	0.0202888	0.0202884
2850	0.0202884	0.0202879
2851	0.0202879	0.0202875
2852	0.0202875	0.0202871
2853	0.0202871	0.0202867
2854	0.0202867	0.0202862
2855	0.0202862	0.0202858
2856	0.0202858	0.0202854
2857	0.0202854	0.020285
2858	0.020285	0.0202846
2859	0.0202846	0.0202842
2860	0.0202841	0.0202837
2861	0.0202837	0.0202833
2862	0.0202833	0.0202829
2863	0.0202829	0.0202825
2864	0.0202825	0.020282
2865	0.020282	0.0202816
2866	0.0202816	0.0202813
2867	0.0202812	0.0202808
2868	0.0202808	0.0202804
2869	0.0202804	0.0202799
2870	0.0202799	0.0202795
2871	0.0202795	0.0202791
2872	0.0202791	0.0202787
2873	0.0202787	0.0202782
2874	0.0202783	0.0202778
2875	0.0202779	0.0202775
2876	0.0202775	0.0202771
2877	0.0202771	0.0202766
2878	0.0202766	0.0202762
2879	0.0202762	0.0202758
2880	0.0202758	0.0202754
2881	0.0202754	0.020275
2882	0.020275	0.0202746
2883	0.0202746	0.0202742
2884	0.0202742	0.0202737
2885	0.0202738	0.0202733
2886	0.0202733	0.0202729
2887	0.0202729	0.0202725
2888	0.0202725	0.0202721
2889	0.0202721	0.0202716
2890	0.0202717	0.0202712
2891	0.0202712	0.0202708
2892	0.0202709	0.0202704
2893	0.0202704	0.02027
2894	0.02027	0.0202696
2895	0.0202696	0.0202692
2896	0.0202692	0.0202688
2897	0.0202688	0.0202684
2898	0.0202683	0.020268
2899	0.020268	0.0202676
2900	0.0202675	0.0202672
2901	0.0202671	0.0202668
2902	0.0202667	0.0202664
2903	0.0202663	0.0202659
2904	0.0202659	0.0202655
2905	0.0202655	0.0202651
2906	0.0202651	0.0202648
2907	0.0202647	0.0202643
2908	0.0202643	0.0202639
2909	0.0202639	0.0202635
2910	0.0202635	0.0202631
2911	0.0202631	0.0202626
2912	0.0202626	0.0202622
2913	0.0202622	0.0202618
2914	0.0202618	0.0202614
2915	0.0202614	0.020261
2916	0.020261	0.0202606
2917	0.0202606	0.0202602
2918	0.0202602	0.0202598
2919	0.0202598	0.0202594
2920	0.0202594	0.020259
2921	0.020259	0.0202586
2922	0.0202586	0.0202582
2923	0.0202582	0.0202578
2924	0.0202578	0.0202574
2925	0.0202574	0.0202569
2926	0.020257	0.0202566
2927	0.0202566	0.0202561
2928	0.0202562	0.0202557
2929	0.0202557	0.0202553
2930	0.0202554	0.0202549
2931	0.020255	0.0202545
2932	0.0202546	0.0202541
2933	0.0202541	0.0202537
2934	0.0202538	0.0202533
2935	0.0202533	0.0202529
2936	0.0202529	0.0202526
2937	0.0202526	0.0202522
2938	0.0202521	0.0202517
2939	0.0202517	0.0202513
2940	0.0202513	0.0202509
2941	0.0202509	0.0202505
2942	0.0202506	0.0202501
2943	0.0202501	0.0202497
2944	0.0202497	0.0202493
2945	0.0202493	0.0202489
2946	0.0202489	0.0202485
2947	0.0202485	0.0202481
2948	0.0202482	0.0202477
2949	0.0202477	0.0202473
2950	0.0202473	0.0202469
2951	0.0202469	0.0202465
2952	0.0202465	0.0202461
2953	0.0202461	0.0202457
2954	0.0202457	0.0202453
2955	0.0202454	0.0202449
2956	0.0202449	0.0202445
2957	0.0202445	0.0202442
2958	0.0202442	0.0202438
2959	0.0202438	0.0202434
2960	0.0202434	0.020243
2961	0.020243	0.0202426
2962	0.0202425	0.0202422
2963	0.0202422	0.0202418
2964	0.0202418	0.0202413
2965	0.0202413	0.0202409
2966	0.0202409	0.0202405
2967	0.0202406	0.0202401
2968	0.0202402	0.0202397
2969	0.0202398	0.0202394
2970	0.0202394	0.020239
2971	0.020239	0.0202386
2972	0.0202386	0.0202382
2973	0.0202382	0.0202378
2974	0.0202378	0.0202374
2975	0.0202374	0.020237
2976	0.020237	0.0202366
2977	0.0202366	0.0202362
2978	0.0202362	0.0202358
2979	0.0202358	0.0202354
2980	0.0202354	0.0202351
2981	0.0202351	0.0202347
2982	0.0202346	0.0202343
2983	0.0202343	0.0202339
2984	0.0202339	0.0202335
2985	0.0202335	0.0202331
2986	0.0202331	0.0202327
2987	0.0202327	0.0202323
2988	0.0202323	0.020232
2989	0.020232	0.0202315
2990	0.0202315	0.0202311
2991	0.0202311	0.0202308
2992	0.0202308	0.0202303
2993	0.0202304	0.02023
2994	0.02023	0.0202296
2995	0.0202296	0.0202292
2996	0.0202292	0.0202288
2997	0.0202288	0.0202284
2998	0.0202284	0.020228
2999	0.020228	0.0202277
3000	0.0202277	0.0202272
3001	0.0202273	0.0202269
3002	0.0202269	0.0202265
3003	0.0202265	0.0202261
3004	0.0202261	0.0202257
3005	0.0202256	0.0202253
3006	0.0202253	0.0202249
3007	0.0202249	0.0202245
3008	0.0202245	0.0202241
3009	0.0202242	0.0202238
3010	0.0202237	0.0202234
3011	0.0202234	0.020223
3012	0.0202229	0.0202226
3013	0.0202226	0.0202222
3014	0.0202222	0.0202218
3015	0.0202218	0.0202214
3016	0.0202214	0.020221
3017	0.0202211	0.0202207
3018	0.0202207	0.0202203
3019	0.0202203	0.0202199
3020	0.0202199	0.0202195
3021	0.0202195	0.0202191
3022	0.0202191	0.0202187
3023	0.0202187	0.0202183
3024	0.0202184	0.0202179
3025	0.020218	0.0202176
3026	0.0202176	0.0202172
3027	0.0202172	0.0202168
3028	0.0202168	0.0202164
3029	0.0202164	0.0202161
3030	0.0202161	0.0202157
3031	0.0202157	0.0202153
3032	0.0202153	0.0202149
3033	0.0202149	0.0202145
3034	0.0202145	0.0202142
3035	0.0202142	0.0202138
3036	0.0202138	0.0202134
3037	0.0202134	0.020213
3038	0.020213	0.0202126
3039	0.0202126	0.0202123
3040	0.0202122	0.0202119
3041	0.0202119	0.0202115
3042	0.0202115	0.0202111
3043	0.0202111	0.0202107
3044	0.0202107	0.0202103
3045	0.0202103	0.02021
3046	0.02021	0.0202096
3047	0.0202096	0.0202092
3048	0.0202092	0.0202088
3049	0.0202088	0.0202084
3050	0.0202085	0.0202081
3051	0.0202081	0.0202076
3052	0.0202077	0.0202073
3053	0.0202073	0.0202069
3054	0.020207	0.0202066
3055	0.0202066	0.0202062
3056	0.0202062	0.0202058
3057	0.0202058	0.0202054
3058	0.0202054	0.0202051
3059	0.0202051	0.0202047
3060	0.0202047	0.0202044
3061	0.0202043	0.0202039
3062	0.0202039	0.0202035
3063	0.0202035	0.0202032
3064	0.0202032	0.0202028
3065	0.0202028	0.0202024
3066	0.0202024	0.020202
3067	0.0202021	0.0202016
3068	0.0202017	0.0202013
3069	0.0202013	0.0202009
3070	0.0202009	0.0202005
3071	0.0202005	0.0202001
3072	0.0202001	0.0201998
3073	0.0201998	0.0201994
3074	0.0201994	0.0201991
3075	0.0201991	0.0201987
3076	0.0201987	0.0201983
3077	0.0201983	0.0201979
3078	0.020198	0.0201976
3079	0.0201976	0.0201972
3080	0.0201972	0.0201968
3081	0.0201968	0.0201964
3082	0.0201964	0.0201961
3083	0.0201961	0.0201957
3084	0.0201957	0.0201953
3085	0.0201953	0.020195
3086	0.020195	0.0201946
3087	0.0201946	0.0201942
3088	0.0201942	0.0201939
3089	0.0201938	0.0201935
3090	0.0201934	0.0201931
3091	0.0201931	0.0201927
3092	0.0201927	0.0201924
3093	0.0201924	0.020192
3094	0.020192	0.0201916
3095	0.0201916	0.0201912
3096	0.0201912	0.0201909
3097	0.0201908	0.0201905
3098	0.0201905	0.0201901
3099	0.0201901	0.0201898
3100	0.0201897	0.0201894
3101	0.0201894	0.020189
3102	0.020189	0.0201886
3103	0.0201886	0.0201883
3104	0.0201882	0.0201879
3105	0.0201879	0.0201875
3106	0.0201875	0.0201872
3107	0.0201872	0.0201868
3108	0.0201867	0.0201864
3109	0.0201864	0.020186
3110	0.020186	0.0201857
3111	0.0201857	0.0201853
3112	0.0201853	0.0201849
3113	0.0201849	0.0201845
3114	0.0201845	0.0201842
3115	0.0201842	0.0201838
3116	0.0201838	0.0201835
3117	0.0201835	0.0201831
3118	0.0201831	0.0201827
3119	0.0201827	0.0201824
3120	0.0201824	0.020182
3121	0.020182	0.0201816
3122	0.0201816	0.0201813
3123	0.0201813	0.0201809
3124	0.0201809	0.0201806
3125	0.0201805	0.0201802
3126	0.0201802	0.0201798
3127	0.0201799	0.0201795
3128	0.0201795	0.0201791
3129	0.0201791	0.0201787
3130	0.0201787	0.0201783
3131	0.0201784	0.020178
3132	0.020178	0.0201776
3133	0.0201776	0.0201772
3134	0.0201773	0.0201769
3135	0.0201769	0.0201766
3136	0.0201765	0.0201762
3137	0.0201762	0.0201758
3138	0.0201758	0.0201755
3139	0.0201755	0.0201751
3140	0.0201751	0.0201748
3141	0.0201748	0.0201744
3142	0.0201744	0.0201741
3143	0.020174	0.0201737
3144	0.0201737	0.0201733
3145	0.0201733	0.0201729
3146	0.020173	0.0201725
3147	0.0201725	0.0201722
3148	0.0201722	0.0201718
3149	0.0201718	0.0201715
3150	0.0201715	0.0201711
3151	0.0201711	0.0201707
3152	0.0201708	0.0201703
3153	0.0201704	0.02017
3154	0.02017	0.0201697
3155	0.0201697	0.0201693
3156	0.0201693	0.0201689
3157	0.020169	0.0201686
3158	0.0201686	0.0201682
3159	0.0201682	0.0201678
3160	0.0201679	0.0201675
3161	0.0201675	0.0201672
3162	0.0201672	0.0201668
3163	0.0201668	0.0201664
3164	0.0201664	0.0201661
3165	0.0201661	0.0201657
3166	0.0201657	0.0201653
3167	0.0201653	0.020165
3168	0.020165	0.0201646
3169	0.0201646	0.0201643
3170	0.0201643	0.0201639
3171	0.0201639	0.0201635
3172	0.0201636	0.0201632
3173	0.0201632	0.0201628
3174	0.0201629	0.0201625
3175	0.0201625	0.0201621
3176	0.0201622	0.0201618
3177	0.0201617	0.0201614
3178	0.0201614	0.0201611
3179	0.020161	0.0201607
3180	0.0201607	0.0201603
3181	0.0201603	0.02016
3182	0.02016	0.0201597
3183	0.0201597	0.0201593
3184	0.0201593	0.020159
3185	0.0201589	0.0201586
3186	0.0201586	0.0201582
3187	0.0201582	0.0201579
3188	0.0201579	0.0201575
3189	0.0201575	0.0201572
3190	0.0201572	0.0201568
3191	0.0201568	0.0201564
3192	0.0201565	0.0201561
3193	0.0201561	0.0201558
3194	0.0201558	0.0201554
3195	0.0201554	0.0201551
3196	0.020155	0.0201547
3197	0.0201547	0.0201543
3198	0.0201543	0.020154
3199	0.020154	0.0201536
3200	0.0201537	0.0201533
3201	0.0201533	0.0201529
3202	0.020153	0.0201526
3203	0.0201526	0.0201522
3204	0.0201522	0.0201518
3205	0.0201519	0.0201515
3206	0.0201515	0.0201512
3207	0.0201512	0.0201508
3208	0.0201508	0.0201505
3209	0.0201505	0.0201501
3210	0.0201501	0.0201498
3211	0.0201498	0.0201494
3212	0.0201495	0.0201491
3213	0.0201491	0.0201487
3214	0.0201487	0.0201484
3215	0.0201484	0.020148
3216	0.020148	0.0201477
3217	0.0201477	0.0201473
3218	0.0201473	0.020147
3219	0.020147	0.0201466
3220	0.0201466	0.0201463
3221	0.0201463	0.0201459
3222	0.0201459	0.0201456
3223	0.0201455	0.0201452
3224	0.0201452	0.0201449
3225	0.0201449	0.0201445
3226	0.0201445	0.0201442
3227	0.0201442	0.0201438
3228	0.0201438	0.0201435
3229	0.0201435	0.0201431
3230	0.0201432	0.0201428
3231	0.0201428	0.0201424
3232	0.0201425	0.0201421
3233	0.0201421	0.0201417
3234	0.0201417	0.0201414
3235	0.0201414	0.020141
3236	0.020141	0.0201407
3237	0.0201407	0.0201404
3238	0.0201403	0.02014
3239	0.02014	0.0201397
3240	0.0201397	0.0201393
3241	0.0201393	0.020139
3242	0.020139	0.0201386
3243	0.0201387	0.0201383
3244	0.0201383	0.0201379
3245	0.020138	0.0201376
3246	0.0201376	0.0201372
3247	0.0201373	0.0201369
3248	0.0201369	0.0201366
3249	0.0201366	0.0201362
3250	0.0201362	0.0201359
3251	0.0201359	0.0201356
3252	0.0201356	0.0201352
3253	0.0201352	0.0201348
3254	0.0201349	0.0201345
3255	0.0201345	0.0201342
3256	0.0201341	0.0201338
3257	0.0201338	0.0201335
3258	0.0201335	0.0201331
3259	0.0201332	0.0201328
3260	0.0201328	0.0201324
3261	0.0201324	0.0201321
3262	0.0201321	0.0201317
3263	0.0201317	0.0201314
3264	0.0201314	0.0201311
3265	0.0201311	0.0201307
3266	0.0201307	0.0201304
3267	0.0201304	0.0201301
3268	0.0201301	0.0201297
3269	0.0201297	0.0201294
3270	0.0201293	0.020129
3271	0.020129	0.0201287
3272	0.0201287	0.0201284
3273	0.0201283	0.020128
3274	0.020128	0.0201277
3275	0.0201277	0.0201273
3276	0.0201273	0.020127
3277	0.020127	0.0201266
3278	0.0201266	0.0201263
3279	0.0201263	0.0201259
3280	0.020126	0.0201255
3281	0.0201256	0.0201252
3282	0.0201252	0.0201249
3283	0.0201249	0.0201245
3284	0.0201245	0.0201242
3285	0.0201243	0.0201239
3286	0.0201239	0.0201236
3287	0.0201235	0.0201232
3288	0.0201232	0.0201229
3289	0.0201229	0.0201225
3290	0.0201226	0.0201222
3291	0.0201222	0.0201219
3292	0.0201219	0.0201215
3293	0.0201216	0.0201212
3294	0.0201212	0.0201209
3295	0.0201209	0.0201205
3296	0.0201205	0.0201202
3297	0.0201202	0.0201199
3298	0.0201198	0.0201195
3299	0.0201195	0.0201192
3300	0.0201192	0.0201188
3301	0.0201188	0.0201185
3302	0.0201185	0.0201182
3303	0.0201182	0.0201179
3304	0.0201178	0.0201175
3305	0.0201175	0.0201172
3306	0.0201172	0.0201168
3307	0.0201168	0.0201165
3308	0.0201165	0.0201161
3309	0.0201161	0.0201158
3310	0.0201158	0.0201155
3311	0.0201155	0.0201151
3312	0.0201152	0.0201148
3313	0.0201148	0.0201145
3314	0.0201145	0.0201141
3315	0.0201141	0.0201138
3316	0.0201138	0.0201135
3317	0.0201135	0.0201131
3318	0.0201131	0.0201128
3319	0.0201128	0.0201125
3320	0.0201125	0.0201121
3321	0.0201121	0.0201118
3322	0.0201118	0.0201115
3323	0.0201115	0.0201111
3324	0.0201111	0.0201108
3325	0.0201108	0.0201104
3326	0.0201105	0.0201101
3327	0.0201101	0.0201098
3328	0.0201098	0.0201095
3329	0.0201095	0.0201091
3330	0.0201091	0.0201088
3331	0.0201088	0.0201085
3332	0.0201085	0.0201082
3333	0.0201081	0.0201078
3334	0.0201078	0.0201075
3335	0.0201075	0.0201072
3336	0.0201071	0.0201068
3337	0.0201068	0.0201065
3338	0.0201065	0.0201062
3339	0.0201061	0.0201058
3340	0.0201058	0.0201055
3341	0.0201055	0.0201052
3342	0.0201052	0.0201048
3343	0.0201048	0.0201045
3344	0.0201045	0.0201042
3345	0.0201041	0.0201038
3346	0.0201038	0.0201035
3347	0.0201035	0.0201031
3348	0.0201032	0.0201028
3349	0.0201029	0.0201025
3350	0.0201025	0.0201022
3351	0.0201022	0.0201019
3352	0.0201019	0.0201015
3353	0.0201015	0.0201012
3354	0.0201012	0.0201009
3355	0.0201009	0.0201005
3356	0.0201006	0.0201002
3357	0.0201002	0.0200999
3358	0.0200999	0.0200996
3359	0.0200995	0.0200992
3360	0.0200992	0.0200989
3361	0.0200989	0.0200986
3362	0.0200986	0.0200982
3363	0.0200983	0.0200979
3364	0.0200979	0.0200976
3365	0.0200976	0.0200973
3366	0.0200972	0.0200969
3367	0.0200969	0.0200966
3368	0.0200966	0.0200963
3369	0.0200963	0.020096
3370	0.0200959	0.0200957
3371	0.0200956	0.0200953
3372	0.0200953	0.020095
3373	0.020095	0.0200946
3374	0.0200946	0.0200944
3375	0.0200943	0.020094
3376	0.020094	0.0200937
3377	0.0200937	0.0200934
3378	0.0200934	0.020093
3379	0.020093	0.0200927
3380	0.0200927	0.0200924
3381	0.0200924	0.0200921
3382	0.020092	0.0200918
3383	0.0200917	0.0200914
3384	0.0200914	0.0200911
3385	0.0200911	0.0200907
3386	0.0200907	0.0200904
3387	0.0200904	0.0200901
3388	0.0200901	0.0200898
3389	0.0200898	0.0200895
3390	0.0200894	0.0200891
3391	0.0200891	0.0200888
3392	0.0200888	0.0200885
3393	0.0200885	0.0200881
3394	0.0200881	0.0200878
3395	0.0200878	0.0200875
3396	0.0200875	0.0200872
3397	0.0200872	0.0200868
3398	0.0200868	0.0200865
3399	0.0200865	0.0200862
3400	0.0200862	0.0200859
3401	0.0200859	0.0200856
3402	0.0200855	0.0200852
3403	0.0200852	0.0200849
3404	0.0200849	0.0200845
3405	0.0200846	0.0200843
3406	0.0200843	0.020084
3407	0.0200839	0.0200836
3408	0.0200836	0.0200833
3409	0.0200833	0.020083
3410	0.020083	0.0200826
3411	0.0200826	0.0200823
3412	0.0200823	0.020082
3413	0.020082	0.0200817
3414	0.0200817	0.0200813
3415	0.0200814	0.020081
3416	0.020081	0.0200807
3417	0.0200807	0.0200804
3418	0.0200804	0.0200801
3419	0.0200801	0.0200797
3420	0.0200797	0.0200794
3421	0.0200795	0.0200791
3422	0.0200791	0.0200788
3423	0.0200788	0.0200785
3424	0.0200785	0.0200781
3425	0.0200782	0.0200778
3426	0.0200778	0.0200775
3427	0.0200775	0.0200772
3428	0.0200772	0.0200769
3429	0.0200769	0.0200765
3430	0.0200765	0.0200762
3431	0.0200762	0.0200759
3432	0.0200759	0.0200756
3433	0.0200756	0.0200753
3434	0.0200753	0.020075
3435	0.020075	0.0200747
3436	0.0200747	0.0200743
3437	0.0200743	0.020074
3438	0.020074	0.0200736
3439	0.0200736	0.0200733
3440	0.0200734	0.020073
3441	0.0200731	0.0200727
3442	0.0200727	0.0200724
3443	0.0200724	0.0200721
3444	0.0200721	0.0200718
3445	0.0200718	0.0200715
3446	0.0200715	0.0200712
3447	0.0200711	0.0200708
3448	0.0200708	0.0200705
3449	0.0200705	0.0200702
3450	0.0200702	0.0200699
3451	0.0200699	0.0200696
3452	0.0200696	0.0200693
3453	0.0200692	0.0200689
3454	0.0200689	0.0200686
3455	0.0200686	0.0200683
3456	0.0200683	0.020068
3457	0.020068	0.0200677
3458	0.0200677	0.0200674
3459	0.0200674	0.020067
3460	0.020067	0.0200667
3461	0.0200667	0.0200664
3462	0.0200664	0.0200661
3463	0.020066	0.0200658
3464	0.0200657	0.0200655
3465	0.0200655	0.0200651
3466	0.0200651	0.0200648
3467	0.0200648	0.0200645
3468	0.0200645	0.0200642
3469	0.0200642	0.0200639
3470	0.0200639	0.0200636
3471	0.0200636	0.0200633
3472	0.0200633	0.0200629
3473	0.0200629	0.0200626
3474	0.0200626	0.0200623
3475	0.0200623	0.020062
3476	0.020062	0.0200617
3477	0.0200617	0.0200614
3478	0.0200614	0.0200611
3479	0.0200611	0.0200607
3480	0.0200608	0.0200605
3481	0.0200605	0.0200601
3482	0.0200601	0.0200598
3483	0.0200598	0.0200595
3484	0.0200595	0.0200592
3485	0.0200592	0.0200589
3486	0.0200589	0.0200586
3487	0.0200586	0.0200583
3488	0.0200583	0.020058
3489	0.020058	0.0200576
3490	0.0200576	0.0200573
3491	0.0200573	0.020057
3492	0.020057	0.0200567
3493	0.0200567	0.0200564
3494	0.0200564	0.0200561
3495	0.020056	0.0200558
3496	0.0200558	0.0200555
3497	0.0200554	0.0200552
3498	0.0200551	0.0200548
3499	0.0200548	0.0200546
3500	0.0200545	0.0200543
3501	0.0200542	0.0200539
3502	0.0200539	0.0200536
3503	0.0200536	0.0200533
3504	0.0200533	0.020053
3505	0.020053	0.0200527
3506	0.0200526	0.0200524
3507	0.0200524	0.0200521
3508	0.0200521	0.0200517
3509	0.0200517	0.0200514
3510	0.0200514	0.0200511
3511	0.0200511	0.0200508
3512	0.0200508	0.0200505
3513	0.0200505	0.0200502
3514	0.0200502	0.0200499
3515	0.0200499	0.0200496
3516	0.0200496	0.0200493
3517	0.0200493	0.020049
3518	0.020049	0.0200487
3519	0.0200487	0.0200484
3520	0.0200484	0.0200481
3521	0.020048	0.0200478
3522	0.0200477	0.0200474
3523	0.0200474	0.0200472
3524	0.0200472	0.0200468
3525	0.0200468	0.0200466
3526	0.0200465	0.0200462
3527	0.0200462	0.0200459
3528	0.0200459	0.0200456
3529	0.0200456	0.0200453
3530	0.0200453	0.020045
3531	0.020045	0.0200447
3532	0.0200446	0.0200444
3533	0.0200444	0.0200441
3534	0.0200441	0.0200437
3535	0.0200437	0.0200434
3536	0.0200434	0.0200431
3537	0.0200431	0.0200428
3538	0.0200429	0.0200425
3539	0.0200425	0.0200422
3540	0.0200422	0.0200419
3541	0.0200419	0.0200416
3542	0.0200416	0.0200413
3543	0.0200413	0.020041
3544	0.020041	0.0200407
3545	0.0200407	0.0200404
3546	0.0200404	0.0200401
3547	0.0200401	0.0200398
3548	0.0200398	0.0200395
3549	0.0200395	0.0200392
3550	0.0200392	0.0200389
3551	0.0200389	0.0200386
3552	0.0200386	0.0200383
3553	0.0200383	0.020038
3554	0.0200379	0.0200377
3555	0.0200377	0.0200373
3556	0.0200374	0.020037
3557	0.020037	0.0200367
3558	0.0200367	0.0200364
3559	0.0200364	0.0200361
3560	0.0200361	0.0200358
3561	0.0200358	0.0200355
3562	0.0200355	0.0200352
3563	0.0200352	0.0200349
3564	0.0200349	0.0200346
3565	0.0200346	0.0200343
3566	0.0200343	0.020034
3567	0.020034	0.0200337
3568	0.0200337	0.0200334
3569	0.0200334	0.0200331
3570	0.0200331	0.0200328
3571	0.0200328	0.0200325
3572	0.0200325	0.0200322
3573	0.0200322	0.0200319
3574	0.0200319	0.0200316
3575	0.0200316	0.0200313
3576	0.0200313	0.020031
3577	0.020031	0.0200307
3578	0.0200307	0.0200304
3579	0.0200304	0.02003
3580	0.0200301	0.0200298
3581	0.0200298	0.0200294
3582	0.0200295	0.0200291
3583	0.0200292	0.0200289
3584	0.0200289	0.0200286
3585	0.0200285	0.0200282
3586	0.0200282	0.020028
3587	0.0200279	0.0200277
3588	0.0200277	0.0200274
3589	0.0200273	0.0200271
3590	0.0200271	0.0200268
3591	0.0200268	0.0200265
3592	0.0200264	0.0200262
3593	0.0200262	0.0200259
3594	0.0200259	0.0200255
3595	0.0200256	0.0200253
3596	0.0200252	0.020025
3597	0.020025	0.0200247
3598	0.0200247	0.0200244
3599	0.0200244	0.0200241
3600	0.0200241	0.0200238
3601	0.0200238	0.0200235
3602	0.0200235	0.0200232
3603	0.0200232	0.0200229
3604	0.0200229	0.0200226
3605	0.0200226	0.0200223
3606	0.0200223	0.020022
3607	0.020022	0.0200217
3608	0.0200217	0.0200214
3609	0.0200214	0.0200211
3610	0.0200211	0.0200208
3611	0.0200208	0.0200205
3612	0.0200205	0.0200202
3613	0.0200202	0.0200199
3614	0.0200199	0.0200196
3615	0.0200196	0.0200193
3616	0.0200193	0.020019
3617	0.020019	0.0200187
3618	0.0200187	0.0200184
3619	0.0200184	0.0200181
3620	0.0200181	0.0200178
3621	0.0200178	0.0200175
3622	0.0200175	0.0200172
3623	0.0200172	0.020017
3624	0.020017	0.0200167
3625	0.0200167	0.0200164
3626	0.0200164	0.0200161
3627	0.0200161	0.0200158
3628	0.0200158	0.0200155
3629	0.0200155	0.0200152
3630	0.0200152	0.0200149
3631	0.0200149	0.0200146
3632	0.0200146	0.0200143
3633	0.0200143	0.020014
3634	0.020014	0.0200137
3635	0.0200137	0.0200134
3636	0.0200134	0.0200131
3637	0.0200131	0.0200128
3638	0.0200128	0.0200125
3639	0.0200125	0.0200122
3640	0.0200123	0.0200119
3641	0.0200119	0.0200116
3642	0.0200116	0.0200113
3643	0.0200113	0.020011
3644	0.0200111	0.0200107
3645	0.0200108	0.0200105
3646	0.0200104	0.0200101
3647	0.0200101	0.0200098
3648	0.0200098	0.0200095
3649	0.0200095	0.0200092
3650	0.0200093	0.0200089
3651	0.0200089	0.0200087
3652	0.0200087	0.0200084
3653	0.0200084	0.0200081
3654	0.0200081	0.0200078
3655	0.0200078	0.0200075
3656	0.0200075	0.0200072
3657	0.0200072	0.0200069
3658	0.0200069	0.0200066
3659	0.0200066	0.0200064
3660	0.0200064	0.020006
3661	0.020006	0.0200057
3662	0.0200058	0.0200054
3663	0.0200055	0.0200052
3664	0.0200052	0.0200049
3665	0.0200049	0.0200046
3666	0.0200046	0.0200043
3667	0.0200043	0.020004
3668	0.020004	0.0200037
3669	0.0200037	0.0200035
3670	0.0200034	0.0200032
3671	0.0200032	0.0200029
3672	0.0200028	0.0200026
3673	0.0200025	0.0200023
3674	0.0200023	0.020002
3675	0.020002	0.0200017
3676	0.0200016	0.0200014
3677	0.0200014	0.0200011
3678	0.0200011	0.0200008
3679	0.0200008	0.0200005
3680	0.0200005	0.0200002
3681	0.0200002	0.0199999
3682	0.0199999	0.0199996
