1	0.28545	0.260812
2	0.260812	0.239511
3	0.239511	0.220909
4	0.220909	0.204579
5	0.204579	0.190771
6	0.190771	0.179097
7	0.179097	0.16867
8	0.168671	0.159612
9	0.159612	0.151596
10	0.151595	0.144294
11	0.144294	0.137778
12	0.137778	0.131776
13	0.131776	0.126227
14	0.126227	0.121086
15	0.121086	0.116313
16	0.116313	0.111874
17	0.111874	0.107739
18	0.107739	0.103881
19	0.103881	0.100275
20	0.100275	0.0968994
21	0.0968995	0.0937354
22	0.0937352	0.0907644
23	0.0907645	0.0879715
24	0.0879717	0.0853423
25	0.0853424	0.0828639
26	0.082864	0.0805248
27	0.0805247	0.0783142
28	0.0783141	0.0762233
29	0.0762231	0.0742425
30	0.0742426	0.072365
31	0.072365	0.0705827
32	0.0705826	0.0688897
33	0.0688896	0.0672796
34	0.0672796	0.0657474
35	0.0657474	0.0642876
36	0.0642876	0.0628957
37	0.0628957	0.0615677
38	0.0615675	0.0602993
39	0.0602994	0.0590872
40	0.0590872	0.057928
41	0.0579279	0.0568186
42	0.0568185	0.055756
43	0.055756	0.0547376
44	0.0547376	0.053761
45	0.053761	0.052824
46	0.0528239	0.0519242
47	0.0519242	0.0510598
48	0.0510598	0.0502289
49	0.0502289	0.0494299
50	0.0494299	0.0486609
51	0.0486609	0.0479206
52	0.0479207	0.0472075
53	0.0472075	0.0465203
54	0.0465203	0.0458575
55	0.0458576	0.0452184
56	0.0452185	0.0446015
57	0.0446016	0.044006
58	0.0440061	0.0434308
59	0.0434308	0.042875
60	0.042875	0.0423378
61	0.0423377	0.0418182
62	0.0418182	0.0413155
63	0.0413155	0.0408292
64	0.0408292	0.0403582
65	0.0403583	0.0399022
66	0.0399023	0.0394605
67	0.0394604	0.0390323
68	0.0390322	0.0386172
69	0.0386172	0.0382146
70	0.0382146	0.0378242
71	0.0378242	0.0374453
72	0.0374453	0.0370776
73	0.0370776	0.0367205
74	0.0367206	0.0363739
75	0.0363739	0.0360369
76	0.0360369	0.0357097
77	0.0357096	0.0353914
78	0.0353915	0.0350821
79	0.035082	0.0347813
80	0.0347813	0.0344887
81	0.0344888	0.0342039
82	0.0342039	0.0339268
83	0.0339268	0.0336572
84	0.0336571	0.0333945
85	0.0333945	0.0331388
86	0.0331388	0.0328896
87	0.0328896	0.0326469
88	0.0326468	0.0324103
89	0.0324102	0.0321796
90	0.0321796	0.0319548
91	0.0319548	0.0317356
92	0.0317355	0.0315217
93	0.0315217	0.031313
94	0.031313	0.0311094
95	0.0311095	0.0309109
96	0.0309108	0.030717
97	0.030717	0.0305277
98	0.0305277	0.0303428
99	0.0303428	0.0301623
100	0.0301623	0.0299859
101	0.029986	0.0298136
102	0.0298137	0.0296453
103	0.0296453	0.0294809
104	0.0294808	0.02932
105	0.02932	0.0291628
106	0.0291628	0.0290091
107	0.0290091	0.0288587
108	0.0288587	0.0287117
109	0.0287117	0.0285679
110	0.0285679	0.0284271
111	0.0284272	0.0282895
112	0.0282895	0.0281547
113	0.0281547	0.0280228
114	0.0280228	0.0278937
115	0.0278937	0.0277672
116	0.0277672	0.0276435
117	0.0276435	0.0275223
118	0.0275222	0.0274035
119	0.0274034	0.0272871
120	0.0272871	0.0271732
121	0.0271732	0.0270615
122	0.0270615	0.0269521
123	0.0269521	0.0268447
124	0.0268448	0.0267397
125	0.0267396	0.0266366
126	0.0266365	0.0265355
127	0.0265355	0.0264363
128	0.0264364	0.0263392
129	0.0263392	0.0262438
130	0.0262438	0.0261504
131	0.0261504	0.0260586
132	0.0260586	0.0259687
133	0.0259687	0.0258803
134	0.0258803	0.0257936
135	0.0257936	0.0257086
136	0.0257086	0.0256251
137	0.0256251	0.0255431
138	0.0255432	0.0254627
139	0.0254627	0.0253837
140	0.0253837	0.0253061
141	0.0253061	0.0252299
142	0.0252299	0.0251551
143	0.0251551	0.0250815
144	0.0250816	0.0250094
145	0.0250094	0.0249384
146	0.0249384	0.0248687
147	0.0248687	0.0248002
148	0.0248002	0.0247329
149	0.0247329	0.0246668
150	0.0246668	0.0246018
151	0.0246018	0.0245379
152	0.0245379	0.024475
153	0.024475	0.0244132
154	0.0244133	0.0243526
155	0.0243526	0.0242928
156	0.0242928	0.0242341
157	0.0242341	0.0241763
158	0.0241763	0.0241195
159	0.0241196	0.0240637
160	0.0240637	0.0240087
161	0.0240087	0.0239546
162	0.0239546	0.0239015
163	0.0239014	0.0238491
164	0.0238491	0.0237975
165	0.0237976	0.0237469
166	0.0237469	0.0236969
167	0.023697	0.0236478
168	0.0236479	0.0235995
169	0.0235996	0.023552
170	0.023552	0.0235051
171	0.0235051	0.023459
172	0.023459	0.0234136
173	0.0234136	0.0233689
174	0.0233689	0.0233249
175	0.0233249	0.0232815
176	0.0232815	0.0232388
177	0.0232388	0.0231968
178	0.0231967	0.0231553
179	0.0231554	0.0231146
180	0.0231145	0.0230744
181	0.0230744	0.0230347
182	0.0230347	0.0229957
183	0.0229957	0.0229573
184	0.0229573	0.0229194
185	0.0229194	0.022882
186	0.022882	0.0228453
187	0.0228453	0.022809
188	0.022809	0.0227733
189	0.0227733	0.022738
190	0.022738	0.0227034
191	0.0227033	0.0226691
192	0.022669	0.0226353
193	0.0226353	0.0226021
194	0.0226021	0.0225692
195	0.0225692	0.0225369
196	0.022537	0.022505
197	0.022505	0.0224736
198	0.0224736	0.0224425
199	0.0224425	0.0224119
200	0.0224119	0.0223818
201	0.0223818	0.0223521
202	0.022352	0.0223227
203	0.0223227	0.0222937
204	0.0222937	0.0222651
205	0.0222652	0.022237
206	0.022237	0.0222092
207	0.0222092	0.0221818
208	0.0221818	0.0221547
209	0.0221547	0.022128
210	0.022128	0.0221017
211	0.0221016	0.0220756
212	0.0220756	0.02205
213	0.02205	0.0220247
214	0.0220246	0.0219996
215	0.0219996	0.021975
216	0.021975	0.0219506
217	0.0219506	0.0219266
218	0.0219266	0.0219029
219	0.0219028	0.0218794
220	0.0218794	0.0218563
221	0.0218563	0.0218334
222	0.0218334	0.0218109
223	0.0218109	0.0217886
224	0.0217886	0.0217666
225	0.0217666	0.0217449
226	0.0217449	0.0217235
227	0.0217235	0.0217023
228	0.0217023	0.0216814
229	0.0216814	0.0216607
230	0.0216607	0.0216404
231	0.0216403	0.0216202
232	0.0216202	0.0216003
233	0.0216003	0.0215806
234	0.0215807	0.0215612
235	0.0215613	0.0215421
236	0.0215421	0.0215231
237	0.0215231	0.0215044
238	0.0215044	0.0214859
239	0.0214859	0.0214677
240	0.0214676	0.0214495
241	0.0214495	0.0214317
242	0.0214317	0.0214141
243	0.0214141	0.0213966
244	0.0213966	0.0213794
245	0.0213794	0.0213624
246	0.0213624	0.0213456
247	0.0213456	0.0213289
248	0.0213289	0.0213126
249	0.0213125	0.0212963
250	0.0212963	0.0212802
251	0.0212802	0.0212644
252	0.0212644	0.0212486
253	0.0212487	0.0212332
254	0.0212332	0.0212178
255	0.0212178	0.0212027
256	0.0212027	0.0211877
257	0.0211877	0.0211729
258	0.0211729	0.0211582
259	0.0211582	0.0211437
260	0.0211438	0.0211294
261	0.0211294	0.0211153
262	0.0211153	0.0211013
263	0.0211012	0.0210875
264	0.0210875	0.0210737
265	0.0210737	0.0210602
266	0.0210602	0.0210468
267	0.0210468	0.0210336
268	0.0210336	0.0210204
269	0.0210204	0.0210075
270	0.0210075	0.0209947
271	0.0209947	0.020982
272	0.020982	0.0209694
273	0.0209695	0.0209571
274	0.020957	0.0209448
275	0.0209448	0.0209327
276	0.0209326	0.0209206
277	0.0209206	0.0209088
278	0.0209087	0.020897
279	0.020897	0.0208853
280	0.0208853	0.0208739
281	0.0208738	0.0208625
282	0.0208625	0.0208512
283	0.0208512	0.0208401
284	0.02084	0.020829
285	0.020829	0.0208181
286	0.0208181	0.0208073
287	0.0208073	0.0207966
288	0.0207966	0.020786
289	0.020786	0.0207755
290	0.0207755	0.0207652
291	0.0207651	0.0207549
292	0.0207549	0.0207447
293	0.0207447	0.0207346
294	0.0207347	0.0207247
295	0.0207247	0.0207149
296	0.0207149	0.0207052
297	0.0207051	0.0206955
298	0.0206955	0.0206859
299	0.0206859	0.0206765
300	0.0206765	0.0206671
301	0.0206671	0.0206579
302	0.0206578	0.0206487
303	0.0206486	0.0206396
304	0.0206396	0.0206306
305	0.0206306	0.0206217
306	0.0206216	0.0206128
307	0.0206128	0.0206041
308	0.0206041	0.0205955
309	0.0205954	0.0205869
310	0.0205869	0.0205784
311	0.0205784	0.02057
312	0.02057	0.0205617
313	0.0205617	0.0205535
314	0.0205535	0.0205453
315	0.0205453	0.0205372
316	0.0205372	0.0205292
317	0.0205292	0.0205213
318	0.0205213	0.0205134
319	0.0205134	0.0205057
320	0.0205057	0.020498
321	0.020498	0.0204903
322	0.0204903	0.0204828
323	0.0204828	0.0204753
324	0.0204753	0.0204679
325	0.0204679	0.0204605
326	0.0204605	0.0204533
327	0.0204533	0.020446
328	0.020446	0.0204389
329	0.0204389	0.0204318
330	0.0204318	0.0204248
331	0.0204248	0.0204179
332	0.0204179	0.020411
333	0.020411	0.0204042
334	0.0204042	0.0203974
335	0.0203974	0.0203907
336	0.0203907	0.020384
337	0.0203841	0.0203775
338	0.0203775	0.020371
339	0.020371	0.0203645
340	0.0203645	0.0203581
341	0.0203581	0.0203518
342	0.0203518	0.0203455
343	0.0203455	0.0203393
344	0.0203392	0.020333
345	0.0203331	0.020327
346	0.020327	0.0203209
347	0.0203209	0.0203149
348	0.0203149	0.020309
349	0.0203089	0.020303
350	0.020303	0.0202972
351	0.0202972	0.0202913
352	0.0202914	0.0202856
353	0.0202856	0.0202799
354	0.0202799	0.0202743
355	0.0202743	0.0202687
356	0.0202687	0.0202631
357	0.0202632	0.0202576
358	0.0202576	0.0202521
359	0.0202521	0.0202467
360	0.0202467	0.0202414
361	0.0202413	0.020236
362	0.0202361	0.0202308
363	0.0202307	0.0202255
364	0.0202255	0.0202203
365	0.0202203	0.0202152
366	0.0202152	0.0202101
367	0.0202101	0.0202051
368	0.020205	0.0202
369	0.0202001	0.0201951
370	0.0201951	0.0201902
371	0.0201902	0.0201852
372	0.0201853	0.0201804
373	0.0201804	0.0201756
374	0.0201756	0.0201708
375	0.0201708	0.0201661
376	0.0201661	0.0201614
377	0.0201614	0.0201567
378	0.0201567	0.0201521
379	0.0201521	0.0201475
380	0.0201475	0.020143
381	0.020143	0.0201385
382	0.0201385	0.0201341
383	0.020134	0.0201296
384	0.0201296	0.0201252
385	0.0201252	0.0201208
386	0.0201208	0.0201165
387	0.0201165	0.0201122
388	0.0201122	0.020108
389	0.0201079	0.0201037
390	0.0201037	0.0200995
391	0.0200995	0.0200954
392	0.0200954	0.0200912
393	0.0200913	0.0200872
394	0.0200872	0.0200831
395	0.0200831	0.0200791
396	0.0200791	0.0200751
397	0.0200751	0.0200711
398	0.0200711	0.0200672
399	0.0200671	0.0200633
400	0.0200633	0.0200594
401	0.0200594	0.0200555
402	0.0200555	0.0200517
403	0.0200517	0.0200479
404	0.0200479	0.0200442
405	0.0200442	0.0200404
406	0.0200404	0.0200368
407	0.0200368	0.0200331
408	0.020033	0.0200295
409	0.0200295	0.0200258
410	0.0200258	0.0200222
411	0.0200222	0.0200187
412	0.0200186	0.0200151
413	0.0200151	0.0200117
414	0.0200116	0.0200081
415	0.0200081	0.0200046
416	0.0200047	0.0200012
417	0.0200013	0.0199978
418	0.0199978	0.0199944
