1	0.285809	0.273864
2	0.270423	0.257742
3	0.254517	0.241681
4	0.238677	0.226167
5	0.223386	0.211854
6	0.209279	0.198861
7	0.196466	0.187391
8	0.18515	0.177261
9	0.175145	0.168297
10	0.166278	0.160326
11	0.158384	0.153074
12	0.151191	0.146453
13	0.144613	0.140357
14	0.13855	0.13471
15	0.132927	0.129475
16	0.12771	0.124589
17	0.122837	0.120012
18	0.118269	0.115724
19	0.113987	0.111698
20	0.109964	0.107913
21	0.106182	0.104355
22	0.102623	0.101003
23	0.0992683	0.097843
24	0.0961065	0.0948598
25	0.0931205	0.0920389
26	0.0902961	0.0893732
27	0.0876265	0.0868534
28	0.0851024	0.0844646
29	0.0827093	0.0821991
30	0.0804397	0.080048
31	0.0782845	0.078005
32	0.0762372	0.0760624
33	0.0742908	0.0742127
34	0.0724382	0.0724513
35	0.0706743	0.0707732
36	0.0689943	0.0691743
37	0.0673932	0.0676524
38	0.0658696	0.0661996
39	0.064415	0.0648118
40	0.0630263	0.0634853
41	0.0616992	0.0622178
42	0.060431	0.0610045
43	0.0592177	0.0598439
44	0.0580577	0.0587328
45	0.0569473	0.0576683
46	0.0558845	0.0566493
47	0.0548661	0.0556723
48	0.0538908	0.0547363
49	0.0529564	0.0538382
50	0.0520607	0.0529765
51	0.0512012	0.0521493
52	0.0503762	0.0513555
53	0.0495853	0.0505936
54	0.0488261	0.0498617
55	0.0480969	0.0491584
56	0.0473964	0.0484816
57	0.0467234	0.0478313
58	0.0460762	0.0472059
59	0.0454539	0.0466038
60	0.0448555	0.0460242
61	0.0442796	0.045466
62	0.0437248	0.0449279
63	0.0431907	0.0444097
64	0.042676	0.0439099
65	0.0421804	0.043428
66	0.0417025	0.042963
67	0.0412416	0.0425144
68	0.040797	0.0420815
69	0.0403682	0.0416635
70	0.0399544	0.0412597
71	0.0395548	0.04087
72	0.0391691	0.040493
73	0.0387966	0.040129
74	0.0384367	0.0397769
75	0.0380887	0.0394365
76	0.0377526	0.0391074
77	0.0374275	0.0387886
78	0.0371132	0.0384805
79	0.0368092	0.0381823
80	0.0365153	0.0378935
81	0.0362306	0.0376138
82	0.0359551	0.0373428
83	0.0356882	0.0370803
84	0.0354297	0.0368256
85	0.0351793	0.036579
86	0.0349368	0.0363397
87	0.0347014	0.0361076
88	0.0344735	0.0358824
89	0.0342522	0.0356638
90	0.0340377	0.0354516
91	0.0338294	0.0352457
92	0.0336274	0.0350456
93	0.0334314	0.0348513
94	0.0332409	0.0346626
95	0.033056	0.0344791
96	0.032876	0.0343008
97	0.0327016	0.0341274
98	0.032532	0.033959
99	0.0323673	0.033795
100	0.032207	0.0336356
101	0.0320512	0.0334805
102	0.0318996	0.0333294
103	0.0317522	0.0331825
104	0.0316086	0.0330392
105	0.0314689	0.0328999
106	0.031333	0.032764
107	0.0312008	0.0326318
108	0.0310716	0.0325027
109	0.0309461	0.0323772
110	0.0308236	0.0322543
111	0.0307044	0.0321351
112	0.0305882	0.0320185
113	0.030475	0.0319051
114	0.0303647	0.031794
115	0.0302569	0.031686
116	0.0301518	0.0315806
117	0.0300492	0.0314773
118	0.0299493	0.0313768
119	0.0298517	0.0312785
120	0.0297565	0.0311825
121	0.0296633	0.0310889
122	0.0295725	0.0309972
123	0.0294838	0.0309077
124	0.0293972	0.0308204
125	0.0293124	0.0307349
126	0.0292298	0.0306512
127	0.0291489	0.0305694
128	0.0290697	0.0304895
129	0.0289926	0.0304113
130	0.0289171	0.0303348
131	0.0288432	0.0302598
132	0.0287708	0.0301867
133	0.0287001	0.0301149
134	0.028631	0.0300447
135	0.0285633	0.0299759
136	0.0284969	0.0299087
137	0.0284321	0.0298428
138	0.0283686	0.0297783
139	0.0283064	0.029715
140	0.0282456	0.029653
141	0.028186	0.0295924
142	0.0281275	0.0295329
143	0.0280705	0.0294746
144	0.0280144	0.0294175
145	0.0279595	0.0293615
146	0.0279057	0.0293065
147	0.027853	0.0292526
148	0.0278014	0.0292
149	0.0277507	0.0291482
150	0.027701	0.0290975
151	0.0276523	0.0290476
152	0.0276046	0.0289986
153	0.0275576	0.0289507
154	0.0275116	0.0289036
155	0.0274666	0.0288574
156	0.0274223	0.028812
157	0.0273787	0.0287673
158	0.0273361	0.0287235
159	0.0272942	0.0286805
160	0.0272532	0.0286383
161	0.0272127	0.0285968
162	0.0271732	0.0285561
163	0.027134	0.0285161
164	0.0270959	0.0284766
165	0.0270583	0.028438
166	0.0270213	0.0283999
167	0.0269851	0.0283625
168	0.0269494	0.0283259
169	0.0269144	0.0282897
170	0.0268799	0.0282542
171	0.026846	0.0282193
172	0.0268129	0.028185
173	0.0267802	0.0281511
174	0.0267479	0.028118
175	0.0267163	0.0280852
176	0.0266851	0.028053
177	0.0266544	0.0280213
178	0.0266245	0.0279902
179	0.0265949	0.0279595
180	0.0265655	0.0279294
181	0.0265369	0.0278996
182	0.0265087	0.0278704
183	0.0264809	0.0278415
184	0.0264535	0.0278133
185	0.0264267	0.0277853
186	0.0264001	0.0277578
187	0.0263741	0.0277308
188	0.0263485	0.0277042
189	0.0263233	0.0276778
190	0.0262982	0.027652
191	0.0262738	0.0276265
192	0.0262497	0.0276015
193	0.0262258	0.0275767
194	0.0262024	0.0275524
195	0.0261794	0.0275284
196	0.0261566	0.0275047
197	0.0261342	0.0274814
198	0.0261121	0.0274585
199	0.0260904	0.0274357
200	0.0260691	0.0274132
201	0.0260478	0.0273912
202	0.0260269	0.0273695
203	0.0260066	0.0273481
204	0.0259863	0.0273271
205	0.0259663	0.0273063
206	0.0259466	0.0272857
207	0.0259274	0.0272656
208	0.0259082	0.0272455
209	0.0258892	0.0272258
210	0.0258707	0.0272063
211	0.0258524	0.0271872
212	0.0258343	0.0271682
213	0.0258164	0.0271496
214	0.0257989	0.0271312
215	0.0257814	0.0271131
216	0.0257643	0.0270951
217	0.0257475	0.0270774
218	0.0257309	0.02706
219	0.0257143	0.0270427
220	0.0256982	0.0270257
221	0.0256822	0.027009
222	0.0256664	0.0269923
223	0.0256508	0.0269759
224	0.0256354	0.0269598
225	0.0256202	0.0269439
226	0.0256051	0.0269282
227	0.0255905	0.0269127
228	0.0255757	0.0268973
229	0.0255613	0.0268821
230	0.0255473	0.0268671
231	0.0255331	0.0268523
232	0.0255191	0.0268376
233	0.0255054	0.0268232
234	0.0254918	0.026809
235	0.0254785	0.0267949
236	0.0254652	0.026781
237	0.0254523	0.0267673
238	0.0254395	0.0267537
239	0.0254266	0.0267402
240	0.0254141	0.0267271
241	0.0254017	0.026714
242	0.0253892	0.026701
243	0.0253773	0.0266883
244	0.0253652	0.0266755
245	0.0253534	0.0266631
246	0.0253417	0.0266507
247	0.0253302	0.0266385
248	0.0253188	0.0266264
249	0.0253075	0.0266144
250	0.0252962	0.0266026
251	0.0252852	0.0265909
252	0.0252743	0.0265793
253	0.0252634	0.026568
254	0.0252528	0.0265567
255	0.0252424	0.0265456
256	0.0252318	0.0265346
257	0.0252217	0.0265236
258	0.0252113	0.026513
259	0.0252013	0.0265022
260	0.0251913	0.0264916
261	0.0251814	0.0264813
262	0.0251717	0.0264709
263	0.025162	0.0264606
264	0.0251525	0.0264506
265	0.0251431	0.0264405
266	0.0251337	0.0264308
267	0.0251246	0.0264209
268	0.0251155	0.0264112
269	0.0251064	0.0264016
270	0.0250975	0.0263922
271	0.0250886	0.0263826
272	0.02508	0.0263736
273	0.0250711	0.0263642
274	0.0250627	0.0263553
275	0.0250542	0.0263461
276	0.0250459	0.0263373
277	0.0250375	0.0263286
278	0.0250294	0.0263198
279	0.0250213	0.0263111
280	0.0250132	0.0263027
281	0.0250052	0.0262942
282	0.0249974	0.0262857
