1	0.233161	0.212159
2	0.215468	0.197055
3	0.200024	0.183996
4	0.186671	0.172713
5	0.175143	0.162862
6	0.165091	0.154066
7	0.156125	0.146212
8	0.148128	0.139088
9	0.140884	0.132604
10	0.134295	0.126684
11	0.128286	0.121268
12	0.122795	0.116286
13	0.117748	0.111685
14	0.113091	0.107444
15	0.108799	0.103533
16	0.104845	0.0998871
17	0.101161	0.0964755
18	0.0977127	0.0932849
19	0.0944896	0.0902877
20	0.0914628	0.0874825
21	0.0886296	0.0848486
22	0.0859705	0.0823762
23	0.083474	0.0800438
24	0.0811195	0.0778468
25	0.0789015	0.0757709
26	0.0768058	0.0738094
27	0.0748259	0.0719526
28	0.0729511	0.0701914
29	0.0711737	0.0685207
30	0.0694871	0.0669344
31	0.0678855	0.0654286
32	0.0663653	0.0639963
33	0.0649194	0.0626332
34	0.0635432	0.0613368
35	0.0622344	0.0601013
36	0.060987	0.0589221
37	0.0597962	0.0577963
38	0.0586595	0.0567207
39	0.0575731	0.0556928
40	0.0565349	0.0547089
41	0.055541	0.0537671
42	0.05459	0.0528652
43	0.053679	0.0520007
44	0.0528054	0.0511716
45	0.051968	0.050376
46	0.051164	0.0496121
47	0.0503921	0.048879
48	0.0496509	0.0481735
49	0.0489382	0.0474954
50	0.0482529	0.0468431
51	0.0475938	0.0462155
52	0.046959	0.0456109
53	0.0463477	0.0450285
54	0.045759	0.0444672
55	0.045191	0.0439256
56	0.0446437	0.0434035
57	0.0441155	0.0428996
58	0.0436058	0.042413
59	0.0431136	0.0419431
60	0.0426381	0.041489
61	0.0421787	0.0410501
62	0.0417345	0.0406257
63	0.0413051	0.0402153
64	0.0408897	0.0398183
65	0.0404877	0.0394336
66	0.0400984	0.0390615
67	0.0397215	0.0387009
68	0.0393563	0.0383516
69	0.0390027	0.0380131
70	0.0386597	0.0376848
71	0.0383272	0.0373664
72	0.0380047	0.0370576
73	0.0376918	0.0367579
74	0.0373881	0.0364672
75	0.0370935	0.0361847
76	0.0368072	0.0359105
77	0.0365293	0.0356441
78	0.0362592	0.0353853
79	0.0359968	0.0351336
80	0.0357418	0.0348891
81	0.0354938	0.0346514
82	0.0352526	0.03442
83	0.0350181	0.0341949
84	0.0347897	0.0339762
85	0.0345675	0.033763
86	0.0343513	0.0335557
87	0.0341409	0.0333534
88	0.0339359	0.0331568
89	0.0337361	0.0329651
90	0.0335416	0.0327784
91	0.0333521	0.0325965
92	0.0331673	0.0324193
93	0.0329871	0.0322461
94	0.0328115	0.0320774
95	0.0326403	0.031913
96	0.0324732	0.0317526
97	0.0323103	0.0315963
98	0.0321513	0.0314434
99	0.031996	0.0312944
100	0.0318445	0.0311488
101	0.0316969	0.0310067
102	0.0315523	0.030868
103	0.0314114	0.0307326
104	0.0312734	0.0306002
105	0.0311388	0.0304709
106	0.0310073	0.0303445
107	0.0308788	0.0302211
108	0.0307533	0.0301003
109	0.0306306	0.0299824
110	0.0305104	0.029867
111	0.030393	0.0297542
112	0.0302782	0.0296439
113	0.0301658	0.0295359
114	0.0300559	0.0294302
115	0.0299485	0.0293268
116	0.0298434	0.0292257
117	0.0297402	0.0291266
118	0.0296395	0.02903
119	0.0295408	0.028935
120	0.0294443	0.028842
121	0.0293495	0.0287512
122	0.0292569	0.028662
123	0.0291661	0.0285748
124	0.0290772	0.0284892
125	0.0289899	0.0284054
126	0.0289047	0.0283233
127	0.028821	0.0282431
128	0.028739	0.0281641
129	0.0286586	0.0280868
130	0.0285797	0.0280111
131	0.0285026	0.0279366
132	0.0284268	0.0278639
133	0.0283524	0.0277923
134	0.0282795	0.0277223
135	0.028208	0.0276534
136	0.0281377	0.0275861
137	0.0280689	0.0275198
138	0.0280014	0.0274548
139	0.027935	0.027391
140	0.02787	0.0273285
141	0.0278062	0.0272672
142	0.0277434	0.0272068
143	0.0276819	0.0271476
144	0.0276214	0.0270893
145	0.0275619	0.0270323
146	0.0275037	0.0269764
147	0.0274463	0.0269212
148	0.0273901	0.026867
149	0.0273348	0.0268139
150	0.0272805	0.0267616
151	0.0272271	0.0267102
152	0.0271745	0.0266597
153	0.0271231	0.0266102
154	0.0270724	0.0265615
155	0.0270227	0.0265136
156	0.0269737	0.0264664
157	0.0269253	0.02642
158	0.026878	0.0263745
159	0.0268314	0.0263297
160	0.0267857	0.0262857
161	0.0267406	0.0262423
162	0.0266963	0.0261996
163	0.0266526	0.0261578
164	0.0266098	0.0261166
165	0.0265675	0.026076
166	0.0265259	0.026036
167	0.0264851	0.0259966
168	0.0264448	0.025958
169	0.0264052	0.0259199
170	0.0263662	0.0258824
171	0.0263278	0.0258454
172	0.02629	0.025809
173	0.0262527	0.0257733
174	0.026216	0.025738
175	0.02618	0.0257032
176	0.0261445	0.0256691
177	0.0261094	0.0256353
178	0.0260749	0.0256022
179	0.0260409	0.0255696
180	0.0260074	0.0255373
181	0.0259743	0.0255056
182	0.025942	0.0254744
183	0.0259098	0.0254434
184	0.0258783	0.025413
185	0.0258472	0.0253833
186	0.0258164	0.0253537
187	0.0257862	0.0253247
188	0.0257565	0.025296
189	0.025727	0.0252678
190	0.0256979	0.0252398
191	0.0256695	0.0252123
192	0.0256414	0.0251853
193	0.0256135	0.0251586
194	0.0255859	0.0251321
195	0.025559	0.0251062
196	0.0255322	0.0250804
197	0.025506	0.0250551
198	0.02548	0.0250302
199	0.0254544	0.0250055
200	0.0254289	0.0249812
201	0.0254041	0.0249571
202	0.0253795	0.0249335
203	0.0253551	0.0249101
204	0.0253311	0.024887
205	0.0253075	0.0248643
206	0.0252841	0.0248418
207	0.025261	0.0248195
208	0.0252382	0.0247976
209	0.0252156	0.024776
210	0.0251934	0.0247546
211	0.0251715	0.0247334
212	0.0251498	0.0247126
213	0.0251283	0.024692
214	0.0251073	0.0246717
215	0.0250863	0.0246516
216	0.0250657	0.0246318
217	0.0250453	0.0246121
218	0.0250251	0.0245928
219	0.0250054	0.0245737
220	0.0249856	0.0245548
