1	0.279868	0.260067
2	0.265468	0.246597
3	0.251593	0.233745
4	0.238368	0.221614
5	0.225893	0.210356
6	0.214319	0.200048
7	0.20372	0.190682
8	0.194091	0.18232
9	0.185493	0.174763
10	0.177724	0.167924
11	0.17069	0.161774
12	0.164369	0.156167
13	0.158607	0.15102
14	0.153322	0.146263
15	0.148437	0.141839
16	0.1439	0.13768
17	0.139636	0.133733
18	0.135592	0.129988
19	0.131758	0.126421
20	0.128109	0.123025
21	0.124638	0.119782
22	0.121325	0.116681
23	0.118159	0.113714
24	0.115133	0.110882
25	0.112246	0.108169
26	0.109484	0.105566
27	0.106835	0.103068
28	0.104295	0.100668
29	0.101855	0.0983608
30	0.0995119	0.0961422
31	0.0972596	0.0940071
32	0.0950941	0.0919515
33	0.0930099	0.0899719
34	0.0910041	0.0880645
35	0.0890723	0.0862258
36	0.0872113	0.0844532
37	0.085418	0.0827436
38	0.0836891	0.081094
39	0.082022	0.0795025
40	0.0804141	0.0779658
41	0.0788622	0.0764824
42	0.0773646	0.0750499
43	0.0759191	0.0736661
44	0.0745227	0.0723289
45	0.073175	0.0710371
46	0.0718722	0.0697882
47	0.0706139	0.0685808
48	0.0693977	0.0674136
49	0.0682219	0.0662847
50	0.0670853	0.065193
51	0.0659859	0.0641363
52	0.0649227	0.0631139
53	0.063894	0.0621244
54	0.062899	0.0611668
55	0.0619355	0.0602395
56	0.0610028	0.0593413
57	0.0600998	0.0584717
58	0.0592257	0.057629
59	0.0583788	0.0568127
60	0.057558	0.0560217
61	0.0567631	0.055255
62	0.0559925	0.0545115
63	0.0552455	0.0537905
64	0.0545216	0.0530915
65	0.0538191	0.0524133
66	0.0531376	0.0517556
67	0.052477	0.0511168
68	0.0518358	0.0504972
69	0.0512134	0.0498959
70	0.0506094	0.0493118
71	0.0500227	0.0487447
72	0.0494534	0.0481937
73	0.0489	0.0476584
74	0.0483625	0.0471385
75	0.0478404	0.0466332
76	0.047333	0.046142
77	0.0468395	0.0456642
78	0.04636	0.0451997
79	0.0458937	0.0447482
80	0.0454401	0.0443087
81	0.0449988	0.0438812
82	0.0445696	0.0434653
83	0.044152	0.0430603
84	0.0437452	0.0426662
85	0.0433495	0.0422825
86	0.0429643	0.0419089
87	0.0425889	0.0415449
88	0.0422234	0.0411902
89	0.0418673	0.0408448
90	0.0415205	0.0405081
91	0.0411821	0.0401801
92	0.0408528	0.0398601
93	0.0405316	0.0395484
94	0.0402182	0.0392443
95	0.0399127	0.0389478
96	0.039615	0.0386585
97	0.0393244	0.0383762
98	0.0390408	0.0381009
99	0.0387641	0.0378322
100	0.0384942	0.03757
101	0.0382308	0.0373138
102	0.0379734	0.0370638
103	0.0377224	0.0368198
104	0.037477	0.0365812
105	0.0372374	0.0363482
106	0.0370033	0.0361208
107	0.0367746	0.0358984
108	0.0365514	0.0356813
109	0.0363329	0.0354691
110	0.0361196	0.0352612
111	0.0359109	0.0350586
112	0.0357071	0.0348601
113	0.0355076	0.0346661
114	0.0353125	0.0344765
115	0.035122	0.0342909
116	0.0349351	0.0341094
117	0.0347527	0.0339318
118	0.0345741	0.0337581
119	0.0343994	0.0335879
120	0.0342283	0.0334215
121	0.0340609	0.0332586
122	0.033897	0.0330992
123	0.0337365	0.032943
124	0.0335794	0.0327899
125	0.0334255	0.03264
126	0.033275	0.0324934
127	0.0331273	0.0323498
128	0.032983	0.0322088
129	0.0328413	0.0320709
130	0.0327024	0.031936
131	0.0325665	0.0318033
132	0.0324331	0.0316736
133	0.0323024	0.0315464
134	0.0321744	0.0314217
135	0.0320489	0.0312993
136	0.0319259	0.0311795
137	0.0318051	0.0310619
138	0.0316868	0.0309466
139	0.0315706	0.0308336
140	0.0314568	0.0307226
141	0.0313452	0.0306139
142	0.0312356	0.0305071
143	0.0311281	0.0304022
144	0.0310226	0.0302996
145	0.0309191	0.0301987
146	0.0308177	0.0300995
147	0.0307178	0.0300026
148	0.03062	0.0299071
149	0.0305239	0.0298135
150	0.0304296	0.0297214
151	0.030337	0.0296313
152	0.030246	0.0295427
153	0.0301567	0.0294558
154	0.0300689	0.0293702
155	0.0299828	0.0292861
156	0.029898	0.0292037
157	0.029815	0.0291227
158	0.0297335	0.0290431
159	0.0296531	0.0289649
160	0.0295743	0.0288881
161	0.0294969	0.0288126
162	0.0294208	0.0287383
163	0.029346	0.0286654
164	0.0292724	0.0285937
165	0.0292001	0.0285233
166	0.029129	0.0284539
167	0.0290592	0.0283859
168	0.0289906	0.0283189
169	0.0289231	0.0282531
170	0.0288566	0.0281883
171	0.0287912	0.0281247
172	0.0287271	0.0280622
173	0.0286639	0.0280006
174	0.0286016	0.0279402
175	0.0285406	0.0278804
176	0.0284804	0.0278218
177	0.0284213	0.0277642
178	0.0283631	0.0277075
179	0.0283059	0.0276515
180	0.0282495	0.0275967
181	0.028194	0.0275427
182	0.0281396	0.0274895
183	0.0280857	0.0274371
184	0.0280329	0.0273857
185	0.0279808	0.0273349
186	0.0279297	0.0272851
187	0.0278793	0.0272359
188	0.0278297	0.0271875
189	0.0277807	0.0271399
190	0.0277326	0.0270931
191	0.0276852	0.0270469
192	0.0276386	0.0270014
193	0.0275926	0.0269566
194	0.0275474	0.0269125
195	0.0275029	0.0268692
196	0.027459	0.0268264
197	0.0274158	0.0267843
198	0.0273731	0.0267428
199	0.0273311	0.0267019
200	0.0272899	0.0266617
201	0.0272492	0.0266221
202	0.027209	0.0265828
203	0.0271695	0.0265444
204	0.0271305	0.0265064
205	0.0270922	0.0264691
206	0.0270544	0.0264322
207	0.027017	0.0263961
208	0.0269803	0.0263601
209	0.026944	0.0263248
210	0.0269082	0.0262902
211	0.026873	0.0262558
212	0.0268385	0.026222
213	0.0268042	0.0261887
214	0.0267706	0.0261559
215	0.0267373	0.0261235
216	0.0267046	0.0260916
217	0.0266722	0.0260601
218	0.0266404	0.0260292
219	0.0266088	0.0259986
220	0.0265779	0.0259684
221	0.0265473	0.0259388
222	0.0265173	0.0259094
223	0.0264875	0.0258803
224	0.0264583	0.0258518
225	0.0264293	0.0258238
226	0.0264007	0.0257961
227	0.0263728	0.0257686
228	0.0263449	0.0257417
229	0.0263174	0.0257149
230	0.0262903	0.0256887
231	0.0262636	0.0256628
232	0.0262376	0.0256372
233	0.0262115	0.0256119
234	0.026186	0.025587
235	0.0261606	0.0255624
236	0.0261356	0.0255382
237	0.026111	0.0255142
238	0.0260867	0.0254905
239	0.0260627	0.0254673
240	0.0260391	0.0254442
241	0.0260157	0.0254216
242	0.0259925	0.0253991
243	0.0259699	0.0253771
244	0.0259475	0.0253552
245	0.0259252	0.0253337
246	0.0259033	0.0253122
247	0.0258817	0.0252913
248	0.0258603	0.0252706
249	0.0258393	0.0252502
250	0.0258185	0.02523
251	0.025798	0.0252098
252	0.0257776	0.0251902
253	0.0257575	0.0251708
254	0.0257378	0.0251515
255	0.0257183	0.0251326
256	0.0256991	0.0251138
257	0.0256799	0.0250954
258	0.025661	0.025077
259	0.0256425	0.0250589
260	0.025624	0.0250412
261	0.0256059	0.0250235
262	0.025588	0.0250062
263	0.0255703	0.024989
264	0.0255527	0.024972
265	0.0255355	0.0249552
266	0.0255184	0.0249385
267	0.0255014	0.0249222
268	0.0254848	0.0249062
269	0.0254684	0.0248901
270	0.0254522	0.0248743
271	0.025436	0.0248588
272	0.0254201	0.0248434
273	0.0254044	0.0248281
274	0.0253889	0.0248131
275	0.0253734	0.0247982
276	0.0253583	0.0247835
277	0.0253434	0.0247689
278	0.0253286	0.0247546
279	0.0253139	0.0247404
280	0.0252994	0.0247264
281	0.0252852	0.0247125
282	0.025271	0.0246988
283	0.025257	0.0246852
284	0.0252432	0.0246719
285	0.0252296	0.0246587
286	0.025216	0.0246455
287	0.0252028	0.0246326
288	0.0251896	0.0246199
289	0.0251764	0.0246073
290	0.0251636	0.0245948
291	0.0251509	0.0245824
292	0.0251382	0.0245702
293	0.0251256	0.0245582
294	0.0251134	0.0245461
295	0.0251012	0.0245343
296	0.0250892	0.0245226
297	0.0250772	0.0245112
298	0.0250654	0.0244998
299	0.0250538	0.0244885
300	0.0250422	0.0244774
301	0.0250308	0.0244662
302	0.0250194	0.0244554
303	0.0250083	0.0244447
304	0.0249972	0.0244338
