1	0.261889	0.255691
2	0.250513	0.245085
3	0.240165	0.235667
4	0.23099	0.227203
5	0.22275	0.219503
6	0.215251	0.212546
7	0.208478	0.206149
8	0.202246	0.200221
9	0.196467	0.194722
10	0.191105	0.189608
11	0.186113	0.184832
12	0.181448	0.180348
13	0.177063	0.176103
14	0.172909	0.172095
15	0.168985	0.168288
16	0.165254	0.164658
17	0.161697	0.161202
18	0.158307	0.157922
19	0.155086	0.154778
20	0.151998	0.151772
21	0.149043	0.148882
22	0.146202	0.146098
23	0.143465	0.143417
24	0.140826	0.140831
25	0.138281	0.13834
26	0.135827	0.13593
27	0.133452	0.133596
28	0.131153	0.131333
29	0.128922	0.12914
30	0.12676	0.127011
31	0.124661	0.124943
32	0.122621	0.122932
33	0.120638	0.120977
34	0.118708	0.119077
35	0.116833	0.117232
36	0.115011	0.115435
37	0.113237	0.113685
38	0.111508	0.111979
39	0.109822	0.110314
40	0.108177	0.108691
41	0.106573	0.107111
42	0.105011	0.105569
43	0.103486	0.104062
44	0.101996	0.102591
45	0.10054	0.101153
46	0.0991176	0.0997469
47	0.0977262	0.0983726
48	0.0963657	0.0970283
49	0.0950346	0.0957129
50	0.0937321	0.0944261
51	0.0924571	0.0931661
52	0.0912096	0.0919336
53	0.0899873	0.0907264
54	0.0887913	0.0895442
55	0.0876191	0.0883864
56	0.0864712	0.0872524
57	0.0853462	0.0861413
58	0.0842441	0.0850525
59	0.0831639	0.0839858
60	0.082105	0.0829404
61	0.0810671	0.0819158
62	0.0800497	0.080911
63	0.0790523	0.0799265
64	0.0780737	0.078961
65	0.0771149	0.0780145
66	0.076174	0.0770864
67	0.0752516	0.0761767
68	0.0743465	0.0752841
69	0.073459	0.074409
70	0.0725888	0.073551
71	0.0717348	0.0727095
72	0.0708972	0.0718839
73	0.0700756	0.0710746
74	0.0692695	0.0702806
75	0.0684787	0.069502
76	0.0677031	0.0687383
77	0.0669422	0.0679895
78	0.0661958	0.0672549
79	0.0654636	0.0665344
80	0.0647452	0.065828
81	0.0640407	0.0651352
82	0.0633496	0.0644555
83	0.0626716	0.0637889
84	0.0620067	0.0631354
85	0.0613543	0.0624946
86	0.0607143	0.0618659
87	0.0600868	0.0612496
88	0.0594712	0.0606453
89	0.0588674	0.0600525
90	0.0582753	0.0594713
91	0.0576947	0.0589014
92	0.0571251	0.058343
93	0.0565666	0.0577951
94	0.0560189	0.057258
95	0.0554818	0.0567314
96	0.0549551	0.056215
97	0.0544386	0.0557088
98	0.0539322	0.0552125
99	0.0534356	0.0547261
100	0.0529486	0.0542492
101	0.0524713	0.0537815
102	0.0520032	0.0533232
103	0.0515442	0.0528739
104	0.0510943	0.0524334
105	0.0506531	0.0520017
106	0.0502206	0.0515784
107	0.0497965	0.0511634
108	0.0493809	0.0507567
109	0.0489733	0.0503579
110	0.0485737	0.0499671
111	0.0481819	0.049584
112	0.047798	0.0492084
113	0.0474217	0.0488404
114	0.0470525	0.0484793
115	0.0466908	0.0481256
116	0.046336	0.0477789
117	0.0459882	0.0474387
118	0.0456472	0.0471055
119	0.0453131	0.0467789
120	0.0449853	0.0464586
121	0.0446641	0.0461445
122	0.0443491	0.0458367
123	0.0440402	0.0455348
124	0.0437374	0.0452388
125	0.0434406	0.0449486
126	0.0431495	0.0446643
127	0.042864	0.0443854
128	0.0425842	0.0441118
129	0.0423097	0.0438435
130	0.0420405	0.0435805
131	0.0417767	0.0433226
132	0.0415178	0.0430695
133	0.041264	0.0428214
134	0.0410151	0.0425781
135	0.0407709	0.0423395
136	0.0405314	0.0421053
137	0.0402967	0.0418758
138	0.0400661	0.0416504
139	0.03984	0.0414295
140	0.0396183	0.0412126
141	0.0394009	0.041
142	0.0391874	0.0407913
143	0.038978	0.0405866
144	0.0387726	0.0403855
145	0.038571	0.0401883
146	0.0383732	0.0399947
147	0.0381789	0.0398049
148	0.0379885	0.0396183
149	0.0378015	0.0394353
150	0.0376181	0.0392558
151	0.0374379	0.0390793
152	0.0372609	0.0389062
153	0.0370875	0.0387363
154	0.0369169	0.0385693
155	0.0367496	0.0384055
156	0.0365854	0.0382446
157	0.0364239	0.0380864
158	0.0362655	0.0379312
159	0.03611	0.0377787
160	0.0359571	0.037629
161	0.0358071	0.0374819
162	0.0356596	0.0373373
163	0.0355146	0.0371953
164	0.0353725	0.0370557
165	0.0352328	0.0369187
166	0.0350954	0.0367839
167	0.0349605	0.0366516
168	0.0348279	0.0365214
169	0.0346976	0.0363934
170	0.0345694	0.0362676
171	0.0344436	0.0361441
172	0.0343198	0.0360225
173	0.0341982	0.0359031
174	0.0340785	0.0357858
175	0.033961	0.0356701
176	0.0338455	0.0355565
177	0.0337318	0.0354447
178	0.03362	0.0353348
179	0.0335101	0.0352267
180	0.033402	0.0351204
181	0.0332957	0.0350157
182	0.0331911	0.0349128
183	0.033088	0.0348116
184	0.0329869	0.0347118
185	0.0328873	0.0346138
186	0.0327893	0.0345173
187	0.0326928	0.0344222
188	0.0325979	0.0343287
189	0.0325045	0.0342367
190	0.0324126	0.034146
191	0.032322	0.0340568
192	0.032233	0.0339689
193	0.0321453	0.0338825
194	0.0320589	0.0337973
195	0.0319739	0.0337134
196	0.0318902	0.0336307
197	0.0318078	0.0335493
198	0.0317266	0.0334692
199	0.0316466	0.0333903
200	0.0315678	0.0333126
201	0.0314902	0.0332357
202	0.0314138	0.0331602
203	0.0313385	0.0330858
204	0.0312643	0.0330125
205	0.0311912	0.0329401
206	0.0311192	0.032869
207	0.0310482	0.0327987
208	0.0309783	0.0327295
209	0.0309093	0.0326612
210	0.0308413	0.0325938
211	0.0307744	0.0325275
212	0.0307083	0.0324622
213	0.0306432	0.0323976
214	0.0305791	0.032334
215	0.0305157	0.0322712
216	0.0304532	0.0322094
217	0.0303918	0.0321483
218	0.0303311	0.0320881
219	0.0302712	0.0320287
220	0.0302121	0.0319701
221	0.0301539	0.0319123
222	0.0300964	0.0318553
223	0.0300397	0.0317989
224	0.0299838	0.0317434
