1	0.235044	0.228618
2	0.229147	0.223036
3	0.223572	0.217738
4	0.218276	0.212751
5	0.213291	0.20808
6	0.20862	0.203708
7	0.204246	0.199571
8	0.200104	0.195676
9	0.196205	0.192029
10	0.192552	0.188573
11	0.189091	0.185302
12	0.185813	0.182167
13	0.182674	0.179157
14	0.179658	0.176269
15	0.176763	0.17348
16	0.173967	0.170806
17	0.171287	0.168216
18	0.168691	0.165716
19	0.166183	0.163293
20	0.163753	0.160939
21	0.161394	0.158657
22	0.159105	0.156437
23	0.156878	0.15428
24	0.154716	0.15218
25	0.152609	0.150139
26	0.15056	0.148151
27	0.148565	0.146209
28	0.146618	0.144314
29	0.144717	0.14246
30	0.142856	0.140644
31	0.141035	0.138867
32	0.139253	0.137124
33	0.137505	0.135416
34	0.135791	0.133739
35	0.134109	0.132093
36	0.13246	0.130478
37	0.130839	0.128891
38	0.129248	0.127331
39	0.127684	0.125797
40	0.126146	0.124289
41	0.124634	0.122804
42	0.123146	0.121343
43	0.121682	0.119905
44	0.120241	0.118489
45	0.118821	0.117094
46	0.117424	0.115719
47	0.116046	0.114364
48	0.114689	0.113028
49	0.11335	0.111711
50	0.112031	0.110412
51	0.11073	0.109131
52	0.109446	0.107866
53	0.10818	0.106618
54	0.106931	0.105388
55	0.105697	0.104171
56	0.10448	0.102972
57	0.103279	0.101788
58	0.102093	0.100619
59	0.100922	0.0994645
60	0.0997666	0.0983238
61	0.0986251	0.0971978
62	0.097498	0.0960869
63	0.0963855	0.0949892
64	0.0952864	0.0939046
65	0.0942015	0.0928345
66	0.0931293	0.091777
67	0.0920717	0.0907329
68	0.0910269	0.0897022
69	0.0899952	0.0886848
70	0.0889767	0.0876796
71	0.0879713	0.0866871
72	0.086978	0.0857086
73	0.0859988	0.0847422
74	0.0850313	0.0837885
75	0.0840768	0.0828472
76	0.0831356	0.0819185
77	0.0822058	0.0810026
78	0.0812898	0.0800985
79	0.0803859	0.0792078
80	0.0794947	0.0783289
81	0.0786148	0.0774631
82	0.0777487	0.0766087
83	0.076894	0.0757667
84	0.0760517	0.0749373
85	0.0752221	0.07412
86	0.0744048	0.0733147
87	0.0735997	0.0725221
88	0.0728063	0.0717413
89	0.072025	0.0709724
90	0.0712569	0.0702154
91	0.0704999	0.069471
92	0.0697551	0.0687384
93	0.0690221	0.0680174
94	0.0683013	0.0673082
95	0.067592	0.066611
96	0.0668948	0.0659249
97	0.0662086	0.0652507
98	0.0655347	0.064588
99	0.0648722	0.0639368
100	0.0642207	0.0632972
101	0.0635811	0.0626684
102	0.0629523	0.0620505
103	0.0623351	0.0614439
104	0.0617288	0.0608484
105	0.061133	0.0602637
106	0.0605481	0.0596896
107	0.0599744	0.0591261
108	0.0594109	0.0585732
109	0.058858	0.0580301
110	0.0583155	0.0574977
111	0.0577832	0.0569754
112	0.0572607	0.0564626
113	0.0567483	0.0559599
114	0.0562458	0.0554668
115	0.0557528	0.0549832
116	0.0552692	0.0545089
117	0.0547953	0.0540441
118	0.0543305	0.0535884
119	0.0538748	0.0531412
120	0.0534283	0.0527032
121	0.0529901	0.0522737
122	0.0525607	0.0518528
123	0.0521398	0.0514401
124	0.0517273	0.0510354
125	0.0513229	0.0506391
126	0.0509265	0.0502505
127	0.0505385	0.0498701
128	0.0501577	0.0494969
129	0.0497849	0.0491311
130	0.0494193	0.0487728
131	0.0490608	0.0484217
132	0.0487097	0.0480778
133	0.0483657	0.0477407
134	0.0480288	0.0474099
135	0.0476983	0.0470861
136	0.0473744	0.046769
137	0.0470569	0.0464581
138	0.0467463	0.0461531
139	0.0464414	0.0458544
140	0.0461428	0.0455616
141	0.0458501	0.0452747
142	0.045563	0.0449935
143	0.0452818	0.0447178
144	0.0450061	0.0444478
145	0.0447357	0.0441827
146	0.0444709	0.043923
147	0.0442112	0.0436685
148	0.0439566	0.0434189
149	0.043707	0.0431741
150	0.0434622	0.0429344
151	0.0432222	0.0426992
152	0.0429868	0.0424682
153	0.042756	0.0422421
154	0.0425296	0.04202
155	0.0423077	0.0418024
156	0.0420899	0.0415888
157	0.0418764	0.0413794
158	0.0416666	0.0411741
159	0.0414611	0.040972
160	0.0412595	0.0407744
161	0.0410613	0.0405801
162	0.0408669	0.0403895
163	0.0406764	0.0402026
164	0.0404892	0.040019
165	0.0403055	0.0398388
166	0.0401253	0.039662
167	0.039948	0.0394883
168	0.0397742	0.0393175
169	0.0396035	0.03915
170	0.039436	0.0389858
171	0.0392713	0.0388243
172	0.0391094	0.0386653
173	0.0389508	0.0385095
174	0.0387946	0.0383564
175	0.0386416	0.0382058
176	0.0384908	0.0380578
177	0.0383429	0.0379126
178	0.0381973	0.0377697
179	0.0380541	0.0376295
180	0.0379138	0.0374915
181	0.0377753	0.0373556
182	0.0376395	0.0372222
183	0.0375059	0.037091
184	0.0373746	0.036962
185	0.0372454	0.0368351
186	0.0371183	0.0367105
187	0.0369934	0.0365875
188	0.0368703	0.0364667
189	0.0367494	0.0363479
190	0.0366304	0.0362307
191	0.0365133	0.0361157
192	0.036398	0.0360024
193	0.0362847	0.0358909
194	0.036173	0.035781
195	0.0360629	0.0356731
196	0.0359548	0.0355666
197	0.0358483	0.0354617
198	0.035743	0.0353587
199	0.0356398	0.0352571
200	0.035538	0.0351568
201	0.0354377	0.0350582
202	0.0353388	0.0349611
203	0.0352416	0.0348653
204	0.0351458	0.0347709
205	0.0350512	0.0346779
206	0.0349581	0.0345863
207	0.0348664	0.034496
208	0.0347759	0.0344069
209	0.0346867	0.0343191
210	0.0345987	0.0342326
211	0.0345122	0.0341472
212	0.0344266	0.034063
213	0.0343423	0.03398
214	0.0342591	0.0338982
215	0.0341772	0.0338175
216	0.0340962	0.0337378
217	0.0340164	0.033659
218	0.0339377	0.0335815
219	0.0338599	0.0335051
220	0.0337832	0.0334295
221	0.0337076	0.0333549
222	0.0336328	0.0332812
223	0.0335593	0.0332088
224	0.0334865	0.0331369
225	0.0334146	0.0330661
226	0.0333438	0.0329962
227	0.0332738	0.0329271
228	0.0332046	0.0328589
229	0.0331365	0.0327918
230	0.0330689	0.0327252
231	0.0330023	0.0326593
232	0.0329365	0.0325946
233	0.0328714	0.0325305
234	0.0328072	0.0324668
235	0.0327437	0.0324042
236	0.032681	0.0323424
237	0.0326191	0.0322812
238	0.0325579	0.0322208
239	0.0324972	0.0321611
240	0.0324375	0.0321018
241	0.0323783	0.0320435
242	0.0323197	0.0319859
243	0.0322619	0.0319287
244	0.0322048	0.0318721
245	0.032148	0.0318165
246	0.0320923	0.0317611
247	0.0320371	0.0317065
248	0.0319824	0.0316524
249	0.0319283	0.0315991
250	0.0318747	0.031546
251	0.0318219	0.0314938
252	0.0317694	0.0314419
253	0.0317176	0.0313907
254	0.0316665	0.0313401
255	0.0316157	0.0312899
256	0.0315654	0.0312401
257	0.0315157	0.031191
258	0.0314664	0.0311424
259	0.0314177	0.031094
260	0.0313696	0.0310464
261	0.0313217	0.0309993
262	0.0312744	0.0309524
263	0.0312277	0.0309062
264	0.0311814	0.0308604
265	0.0311354	0.0308151
266	0.03109	0.03077
267	0.031045	0.0307254
268	0.0310005	0.0306813
269	0.0309563	0.0306376
270	0.0309126	0.0305943
271	0.0308692	0.0305513
272	0.0308262	0.0305087
273	0.0307836	0.0304667
274	0.0307415	0.030425
275	0.0306998	0.0303835
276	0.0306584	0.0303424
277	0.0306175	0.0303019
278	0.0305767	0.0302616
279	0.0305365	0.0302216
280	0.0304966	0.0301821
281	0.0304568	0.0301428
282	0.0304178	0.0301039
283	0.0303787	0.0300654
284	0.0303402	0.0300271
285	0.0303017	0.0299892
286	0.0302639	0.0299515
287	0.0302263	0.0299142
288	0.0301892	0.0298773
289	0.0301521	0.0298406
290	0.0301153	0.029804
291	0.0300789	0.029768
292	0.0300428	0.0297323
293	0.030007	0.0296966
294	0.0299715	0.0296614
295	0.0299363	0.0296264
296	0.0299012	0.0295918
297	0.0298665	0.0295574
298	0.0298323	0.0295231
299	0.0297981	0.0294892
300	0.0297642	0.0294554
301	0.0297306	0.0294223
302	0.0296972	0.029389
303	0.0296641	0.029356
304	0.0296311	0.0293235
305	0.0295984	0.0292909
306	0.029566	0.0292589
307	0.029534	0.0292269
308	0.0295019	0.029195
309	0.0294701	0.0291638
310	0.0294388	0.0291324
311	0.0294076	0.0291013
312	0.0293765	0.0290705
313	0.0293456	0.0290398
314	0.0293151	0.0290095
315	0.0292846	0.0289793
316	0.0292543	0.0289492
317	0.0292245	0.0289194
318	0.0291947	0.0288898
319	0.0291651	0.0288604
320	0.0291358	0.0288311
321	0.0291067	0.028802
322	0.0290775	0.0287734
323	0.0290487	0.0287447
324	0.0290202	0.0287161
325	0.0289916	0.0286879
326	0.0289634	0.0286598
327	0.0289352	0.0286319
328	0.0289073	0.0286042
329	0.0288797	0.0285765
330	0.0288521	0.028549
331	0.0288247	0.0285218
332	0.0287976	0.0284947
333	0.0287704	0.0284677
334	0.0287436	0.0284411
335	0.0287169	0.0284144
336	0.0286902	0.0283879
337	0.0286638	0.0283617
338	0.0286374	0.0283355
339	0.0286115	0.0283096
340	0.0285855	0.0282837
341	0.0285596	0.0282581
342	0.0285341	0.0282326
343	0.0285085	0.0282071
344	0.0284832	0.0281818
345	0.028458	0.0281569
346	0.0284328	0.0281317
347	0.028408	0.0281068
348	0.0283831	0.0280821
349	0.0283585	0.0280575
350	0.0283339	0.028033
351	0.0283095	0.0280087
352	0.0282852	0.0279846
353	0.0282611	0.0279604
354	0.028237	0.0279366
355	0.0282132	0.0279129
356	0.0281893	0.027889
357	0.0281657	0.0278653
358	0.0281422	0.027842
359	0.0281188	0.0278186
360	0.0280954	0.0277953
361	0.0280722	0.0277722
362	0.0280491	0.0277492
363	0.028026	0.0277262
364	0.0280033	0.0277036
365	0.0279807	0.0276809
366	0.0279579	0.0276582
367	0.0279353	0.0276357
368	0.027913	0.0276135
369	0.0278907	0.0275912
370	0.0278685	0.0275691
371	0.0278464	0.027547
372	0.0278243	0.0275249
373	0.0278025	0.0275032
374	0.0277806	0.0274814
375	0.027759	0.0274598
376	0.0277374	0.0274381
377	0.0277157	0.0274168
378	0.0276945	0.0273953
379	0.0276731	0.0273742
380	0.0276518	0.027353
381	0.0276306	0.0273319
382	0.0276097	0.0273108
383	0.0275887	0.02729
384	0.0275678	0.0272691
385	0.027547	0.0272483
386	0.0275262	0.0272276
387	0.0275058	0.027207
388	0.0274852	0.0271867
389	0.0274647	0.027166
390	0.0274444	0.0271459
391	0.0274242	0.0271256
392	0.0274039	0.0271055
393	0.0273837	0.0270853
394	0.0273636	0.0270653
395	0.0273437	0.0270452
396	0.0273237	0.0270256
397	0.0273039	0.0270058
398	0.0272842	0.026986
399	0.0272646	0.0269663
400	0.027245	0.0269469
401	0.0272255	0.0269274
402	0.0272062	0.0269077
403	0.0271866	0.0268884
404	0.0271674	0.0268692
405	0.0271481	0.0268497
406	0.0271289	0.0268307
407	0.0271098	0.0268117
408	0.0270907	0.0267927
409	0.0270718	0.0267737
410	0.0270529	0.0267548
411	0.0270341	0.026736
412	0.0270152	0.0267173
413	0.0269965	0.0266986
414	0.026978	0.0266798
415	0.0269594	0.0266613
416	0.0269407	0.0266428
417	0.0269224	0.0266244
418	0.026904	0.026606
419	0.0268856	0.0265877
420	0.0268673	0.0265694
421	0.0268491	0.0265511
422	0.0268309	0.026533
423	0.0268128	0.0265148
424	0.0267948	0.0264968
425	0.0267767	0.0264788
426	0.0267588	0.0264609
427	0.0267409	0.026443
428	0.0267232	0.0264252
429	0.0267055	0.0264073
430	0.0266877	0.0263896
431	0.0266699	0.0263721
432	0.0266524	0.0263545
433	0.0266347	0.0263369
434	0.0266172	0.0263194
435	0.0265998	0.026302
436	0.0265825	0.0262845
437	0.026565	0.0262672
438	0.0265476	0.0262498
439	0.0265304	0.0262326
440	0.0265132	0.0262154
441	0.0264961	0.0261982
442	0.0264789	0.026181
443	0.0264619	0.026164
444	0.0264448	0.026147
445	0.0264279	0.02613
446	0.0264109	0.0261131
447	0.026394	0.0260962
448	0.0263772	0.0260793
449	0.0263604	0.0260626
450	0.0263437	0.0260458
451	0.0263268	0.0260291
452	0.0263102	0.0260125
453	0.0262936	0.0259958
454	0.0262771	0.0259792
455	0.0262605	0.0259627
456	0.0262441	0.0259461
457	0.0262277	0.0259296
458	0.0262112	0.025913
459	0.0261948	0.0258967
460	0.0261785	0.0258804
461	0.0261621	0.0258643
462	0.0261459	0.0258478
463	0.0261296	0.0258316
464	0.0261135	0.0258155
465	0.0260974	0.0257995
466	0.0260813	0.0257833
467	0.0260652	0.0257671
468	0.0260493	0.0257511
469	0.0260334	0.0257351
470	0.0260173	0.0257192
471	0.0260013	0.0257033
472	0.0259856	0.0256875
473	0.0259696	0.0256716
474	0.0259539	0.0256558
475	0.0259382	0.0256399
476	0.0259223	0.0256242
477	0.0259069	0.0256086
478	0.025891	0.0255929
479	0.0258755	0.0255773
480	0.0258598	0.0255617
481	0.0258444	0.0255462
482	0.0258288	0.0255305
483	0.0258134	0.025515
484	0.0257978	0.0254996
485	0.0257823	0.0254842
486	0.0257672	0.0254688
487	0.0257517	0.0254534
488	0.0257364	0.025438
489	0.0257211	0.0254228
490	0.0257059	0.0254074
491	0.0256907	0.0253922
492	0.0256754	0.025377
493	0.0256603	0.025362
494	0.0256453	0.0253468
495	0.0256301	0.0253315
496	0.0256151	0.0253165
497	0.0256	0.0253015
498	0.0255851	0.0252865
499	0.02557	0.0252715
500	0.0255552	0.0252564
501	0.0255401	0.0252416
502	0.0255254	0.0252267
503	0.0255104	0.0252117
504	0.0254957	0.025197
505	0.0254809	0.025182
506	0.0254661	0.0251673
507	0.0254514	0.0251526
508	0.0254367	0.0251378
509	0.0254221	0.0251231
510	0.0254074	0.0251085
511	0.0253927	0.0250938
512	0.0253782	0.0250792
513	0.0253636	0.0250647
514	0.0253491	0.0250501
515	0.0253346	0.0250356
516	0.0253201	0.025021
517	0.0253057	0.0250066
518	0.0252912	0.0249922
519	0.0252769	0.0249777
520	0.0252625	0.0249634
521	0.0252481	0.024949
522	0.0252339	0.0249347
523	0.0252196	0.0249203
524	0.0252053	0.024906
525	0.025191	0.0248919
526	0.0251768	0.0248775
527	0.0251628	0.0248633
528	0.0251486	0.0248493
529	0.0251345	0.0248351
530	0.0251204	0.0248209
531	0.0251062	0.0248068
532	0.0250922	0.0247927
533	0.0250782	0.0247788
534	0.0250642	0.0247648
535	0.0250503	0.0247507
536	0.0250364	0.0247368
537	0.0250225	0.0247228
538	0.0250086	0.0247091
539	0.0249948	0.0246951
540	0.024981	0.0246812
541	0.024967	0.0246674
542	0.0249535	0.0246536
543	0.0249396	0.0246398
544	0.0249259	0.0246259
545	0.0249121	0.0246124
546	0.0248985	0.0245986
547	0.0248848	0.0245849
548	0.0248713	0.0245713
549	0.0248576	0.0245575
550	0.0248439	0.024544
551	0.0248304	0.0245303
552	0.0248169	0.0245168
553	0.0248035	0.0245032
554	0.0247899	0.0244898
555	0.0247765	0.0244764
556	0.024763	0.0244628
557	0.0247496	0.0244493
558	0.0247361	0.0244359
559	0.0247229	0.0244225
560	0.0247095	0.0244093
561	0.0246962	0.0243959
562	0.024683	0.0243826
563	0.0246697	0.0243693
564	0.0246564	0.0243561
565	0.0246432	0.0243428
566	0.0246301	0.0243296
567	0.024617	0.0243164
568	0.0246039	0.0243033
569	0.0245908	0.0242901
570	0.0245776	0.0242769
571	0.0245646	0.0242639
572	0.0245515	0.0242508
573	0.0245385	0.0242378
574	0.0245255	0.0242248
575	0.0245126	0.0242117
576	0.0244996	0.0241988
577	0.0244868	0.0241858
578	0.0244738	0.0241729
579	0.024461	0.02416
580	0.0244482	0.0241472
581	0.0244353	0.0241343
582	0.0244225	0.0241216
583	0.0244097	0.0241086
584	0.0243971	0.0240958
585	0.0243842	0.0240831
586	0.0243716	0.0240704
587	0.0243589	0.0240577
588	0.0243462	0.024045
589	0.0243336	0.0240322
590	0.0243211	0.0240196
591	0.0243084	0.024007
592	0.0242958	0.0239944
593	0.0242833	0.0239819
594	0.0242708	0.0239693
595	0.0242583	0.0239569
596	0.024246	0.0239443
597	0.0242335	0.0239319
598	0.024221	0.0239194
599	0.0242087	0.0239069
600	0.0241964	0.0238946
601	0.0241841	0.0238822
602	0.0241717	0.0238698
603	0.0241594	0.0238576
604	0.0241471	0.0238453
605	0.0241349	0.0238329
606	0.0241227	0.0238207
607	0.0241105	0.0238086
608	0.0240984	0.0237963
609	0.0240862	0.0237841
610	0.0240742	0.0237718
611	0.024062	0.0237598
612	0.0240499	0.0237477
613	0.0240378	0.0237356
614	0.0240258	0.0237237
615	0.0240139	0.0237115
616	0.0240019	0.0236996
617	0.02399	0.0236875
618	0.023978	0.0236756
619	0.023966	0.0236636
620	0.0239542	0.0236517
621	0.0239424	0.0236398
622	0.0239306	0.023628
623	0.0239187	0.0236161
624	0.023907	0.0236042
625	0.0238953	0.0235925
626	0.0238835	0.0235808
627	0.0238718	0.023569
628	0.0238601	0.0235574
629	0.0238485	0.0235456
630	0.0238368	0.0235339
631	0.0238253	0.0235222
632	0.0238137	0.0235106
633	0.0238022	0.0234991
634	0.0237906	0.0234875
635	0.0237791	0.0234759
636	0.0237677	0.0234645
637	0.0237562	0.0234528
638	0.0237448	0.0234414
639	0.0237333	0.0234301
640	0.0237219	0.0234186
641	0.0237106	0.0234071
642	0.0236993	0.0233957
643	0.023688	0.0233846
644	0.0236767	0.0233732
645	0.0236655	0.0233619
646	0.0236543	0.0233506
647	0.0236431	0.0233393
648	0.0236318	0.0233282
649	0.0236208	0.023317
650	0.0236095	0.0233057
651	0.0235985	0.0232946
652	0.0235873	0.0232835
653	0.0235764	0.0232725
654	0.0235653	0.0232612
655	0.0235543	0.0232502
656	0.0235433	0.0232392
657	0.0235324	0.0232283
658	0.0235214	0.0232172
659	0.0235106	0.0232062
660	0.0234996	0.0231954
661	0.0234887	0.0231845
662	0.0234779	0.0231736
663	0.0234671	0.0231627
664	0.0234564	0.0231518
665	0.0234456	0.0231412
666	0.0234349	0.0231303
667	0.0234243	0.0231196
668	0.0234134	0.0231088
669	0.0234028	0.023098
670	0.0233922	0.0230874
671	0.0233817	0.0230768
672	0.023371	0.0230663
673	0.0233606	0.0230556
674	0.02335	0.0230451
675	0.0233396	0.0230345
676	0.0233291	0.023024
677	0.0233187	0.0230135
678	0.0233081	0.023003
679	0.0232978	0.0229926
680	0.0232874	0.0229821
681	0.0232771	0.0229718
682	0.0232667	0.0229615
683	0.0232563	0.0229511
684	0.0232462	0.0229408
685	0.0232359	0.0229305
686	0.0232256	0.0229202
687	0.0232154	0.02291
688	0.0232053	0.0228998
689	0.0231952	0.0228897
690	0.0231852	0.0228795
691	0.0231751	0.0228693
692	0.023165	0.0228592
693	0.0231549	0.0228492
694	0.0231449	0.022839
695	0.0231348	0.022829
696	0.023125	0.022819
697	0.023115	0.0228091
698	0.0231051	0.022799
699	0.0230952	0.0227891
700	0.0230854	0.0227793
701	0.0230755	0.0227694
702	0.0230659	0.0227595
703	0.0230559	0.0227497
704	0.0230463	0.0227399
705	0.0230364	0.0227302
706	0.0230268	0.0227203
707	0.0230172	0.0227106
708	0.0230076	0.022701
709	0.0229979	0.0226913
710	0.0229883	0.0226816
711	0.0229787	0.022672
712	0.0229691	0.0226624
713	0.0229597	0.0226528
714	0.0229502	0.0226433
715	0.0229408	0.0226337
716	0.0229312	0.0226243
717	0.0229217	0.0226147
718	0.0229124	0.0226053
719	0.022903	0.0225958
720	0.0228936	0.0225866
721	0.0228844	0.0225771
722	0.0228753	0.0225678
723	0.0228659	0.0225585
724	0.0228566	0.0225493
725	0.0228474	0.0225399
726	0.0228382	0.0225308
727	0.022829	0.0225216
728	0.02282	0.0225124
729	0.0228107	0.0225032
730	0.0228017	0.0224941
731	0.0227927	0.0224849
732	0.0227836	0.0224758
733	0.0227746	0.0224669
734	0.0227656	0.0224578
735	0.0227566	0.0224488
736	0.0227477	0.0224399
737	0.0227389	0.022431
738	0.02273	0.022422
739	0.0227211	0.022413
740	0.0227123	0.0224041
741	0.0227035	0.0223954
742	0.0226948	0.0223865
743	0.022686	0.0223777
744	0.0226772	0.0223689
745	0.0226687	0.0223601
746	0.0226599	0.0223514
747	0.0226512	0.0223428
748	0.0226426	0.022334
749	0.022634	0.0223254
750	0.0226255	0.0223168
751	0.0226168	0.0223082
752	0.0226084	0.0222997
753	0.0225999	0.0222911
754	0.0225914	0.0222826
755	0.022583	0.0222741
756	0.0225746	0.0222656
757	0.0225662	0.0222571
758	0.0225579	0.0222489
759	0.0225495	0.0222404
760	0.0225412	0.022232
761	0.0225328	0.0222237
762	0.0225247	0.0222154
763	0.0225164	0.022207
764	0.0225082	0.0221988
765	0.0225	0.0221906
766	0.0224918	0.0221824
767	0.0224837	0.0221741
768	0.0224756	0.0221658
769	0.0224675	0.0221578
770	0.0224595	0.0221498
771	0.0224513	0.0221416
772	0.0224434	0.0221336
773	0.0224354	0.0221255
774	0.0224274	0.0221176
775	0.0224194	0.0221095
776	0.0224115	0.0221015
777	0.0224037	0.0220936
778	0.0223958	0.0220856
779	0.0223878	0.0220777
780	0.0223801	0.0220699
781	0.0223723	0.022062
782	0.0223646	0.0220542
783	0.0223568	0.0220464
784	0.0223492	0.0220387
785	0.0223415	0.0220309
786	0.0223337	0.0220231
787	0.022326	0.0220154
788	0.0223185	0.0220077
789	0.0223108	0.022
790	0.0223033	0.0219924
791	0.0222957	0.0219848
792	0.0222882	0.0219773
793	0.0222807	0.0219697
794	0.0222733	0.0219621
795	0.0222657	0.0219547
796	0.0222583	0.0219472
797	0.022251	0.0219397
798	0.0222435	0.0219323
799	0.0222361	0.0219248
800	0.0222288	0.0219176
801	0.0222215	0.0219101
802	0.0222143	0.0219028
803	0.0222069	0.0218955
804	0.0221995	0.0218882
805	0.0221924	0.0218808
806	0.0221854	0.0218737
807	0.0221781	0.0218664
808	0.0221709	0.0218592
809	0.0221639	0.0218521
810	0.0221567	0.021845
811	0.0221497	0.0218379
812	0.0221427	0.0218307
813	0.0221356	0.0218236
814	0.0221285	0.0218165
815	0.0221215	0.0218095
816	0.0221146	0.0218025
817	0.0221076	0.0217954
818	0.0221007	0.0217885
819	0.0220938	0.0217816
820	0.022087	0.0217747
821	0.0220801	0.0217678
822	0.0220733	0.0217609
823	0.0220666	0.0217541
824	0.0220597	0.0217473
825	0.022053	0.0217404
826	0.0220462	0.0217336
827	0.0220395	0.0217268
828	0.0220329	0.02172
829	0.0220262	0.0217134
830	0.0220195	0.0217066
831	0.0220129	0.0216999
832	0.0220063	0.0216933
833	0.0219997	0.0216865
834	0.021993	0.02168
835	0.0219866	0.0216735
836	0.0219802	0.0216669
837	0.0219735	0.0216605
838	0.0219672	0.0216538
839	0.0219607	0.0216473
840	0.0219542	0.0216409
841	0.0219479	0.0216344
842	0.0219415	0.0216279
843	0.0219351	0.0216215
844	0.0219287	0.0216151
845	0.0219224	0.0216088
846	0.0219162	0.0216025
847	0.0219099	0.0215961
848	0.0219036	0.0215898
849	0.0218974	0.0215836
850	0.0218912	0.0215772
851	0.021885	0.0215709
852	0.0218787	0.0215646
853	0.0218726	0.0215584
854	0.0218664	0.0215523
855	0.0218603	0.0215462
856	0.0218543	0.02154
857	0.0218482	0.0215339
858	0.0218422	0.0215278
859	0.0218362	0.0215217
860	0.0218302	0.0215157
861	0.021824	0.0215097
862	0.0218182	0.0215037
863	0.0218122	0.0214975
864	0.0218063	0.0214915
865	0.0218004	0.0214856
866	0.0217946	0.0214797
867	0.0217887	0.0214738
868	0.0217828	0.0214678
869	0.0217769	0.0214619
870	0.0217711	0.0214561
871	0.0217652	0.0214503
872	0.0217596	0.0214444
873	0.0217538	0.0214387
874	0.0217481	0.0214328
875	0.0217423	0.0214271
876	0.0217367	0.0214214
877	0.021731	0.0214158
878	0.0217254	0.02141
879	0.0217198	0.0214043
880	0.0217141	0.0213986
881	0.0217086	0.021393
882	0.021703	0.0213873
883	0.0216974	0.0213817
884	0.0216919	0.0213761
885	0.0216862	0.0213704
886	0.0216807	0.021365
887	0.0216754	0.0213595
888	0.0216698	0.0213539
889	0.0216645	0.0213485
890	0.021659	0.021343
891	0.0216537	0.0213375
892	0.0216481	0.0213321
893	0.0216428	0.0213266
894	0.0216375	0.0213212
895	0.0216321	0.0213158
896	0.0216269	0.0213106
897	0.0216215	0.0213051
898	0.0216163	0.0212998
899	0.0216109	0.0212945
900	0.0216058	0.0212892
901	0.0216004	0.0212839
902	0.0215951	0.0212787
903	0.0215901	0.0212735
904	0.0215849	0.0212682
905	0.0215798	0.0212631
906	0.0215746	0.0212579
907	0.0215693	0.0212527
908	0.0215643	0.0212475
909	0.0215592	0.0212423
910	0.0215542	0.0212372
911	0.0215492	0.0212321
912	0.0215441	0.021227
913	0.021539	0.0212219
914	0.0215341	0.0212168
915	0.0215291	0.0212118
916	0.0215241	0.0212069
917	0.0215192	0.0212018
918	0.0215142	0.0211969
919	0.0215093	0.0211918
920	0.0215044	0.021187
921	0.0214994	0.0211821
922	0.0214946	0.021177
923	0.0214898	0.0211722
924	0.0214849	0.0211673
925	0.0214802	0.0211624
926	0.0214754	0.0211575
927	0.0214705	0.0211527
928	0.0214658	0.0211478
929	0.021461	0.021143
930	0.0214561	0.0211383
931	0.0214515	0.0211335
932	0.0214468	0.0211286
933	0.0214421	0.0211239
934	0.0214373	0.0211192
935	0.0214328	0.0211146
936	0.0214281	0.0211098
937	0.0214235	0.0211051
938	0.0214189	0.0211005
939	0.0214143	0.0210958
940	0.0214098	0.0210912
941	0.0214051	0.0210866
942	0.0214005	0.0210819
943	0.021396	0.0210774
944	0.0213914	0.0210727
945	0.021387	0.0210682
946	0.0213825	0.0210637
947	0.0213779	0.0210591
948	0.0213735	0.0210546
949	0.0213689	0.0210502
950	0.0213645	0.0210457
951	0.0213601	0.0210411
952	0.0213557	0.0210368
953	0.0213514	0.0210323
954	0.0213469	0.0210279
955	0.0213425	0.0210234
956	0.0213383	0.021019
957	0.0213339	0.0210146
958	0.0213295	0.0210102
959	0.0213252	0.0210059
960	0.0213211	0.0210016
961	0.0213167	0.0209972
962	0.0213124	0.020993
963	0.0213082	0.0209886
964	0.021304	0.0209844
965	0.0212997	0.0209801
966	0.0212955	0.0209758
967	0.0212913	0.0209715
968	0.0212871	0.0209673
969	0.0212828	0.020963
970	0.0212787	0.0209588
971	0.0212747	0.0209545
972	0.0212705	0.0209504
973	0.0212663	0.0209463
974	0.0212623	0.0209422
975	0.0212582	0.020938
976	0.0212542	0.0209338
977	0.0212501	0.0209297
978	0.0212459	0.0209257
979	0.021242	0.0209216
980	0.0212378	0.0209175
981	0.0212339	0.0209134
982	0.0212298	0.0209094
983	0.021226	0.0209053
984	0.0212218	0.0209013
985	0.0212179	0.0208974
986	0.0212139	0.0208933
987	0.02121	0.0208894
988	0.0212061	0.0208855
989	0.0212022	0.0208814
990	0.0211982	0.0208776
991	0.0211943	0.0208737
992	0.0211905	0.0208696
993	0.0211868	0.0208657
994	0.0211827	0.0208619
995	0.0211788	0.0208579
996	0.0211751	0.0208541
997	0.0211712	0.0208501
998	0.0211675	0.0208463
999	0.0211635	0.0208425
1000	0.0211598	0.0208386
1001	0.0211561	0.0208348
1002	0.0211524	0.0208309
1003	0.0211487	0.0208272
1004	0.0211448	0.0208234
1005	0.0211411	0.0208196
1006	0.0211374	0.0208158
1007	0.0211337	0.0208122
1008	0.02113	0.0208085
1009	0.0211264	0.0208047
1010	0.0211226	0.0208011
1011	0.021119	0.0207973
1012	0.0211153	0.0207937
1013	0.0211117	0.02079
1014	0.0211081	0.0207863
1015	0.0211043	0.0207826
1016	0.0211008	0.0207789
1017	0.0210971	0.0207752
1018	0.0210936	0.0207716
1019	0.0210901	0.020768
1020	0.0210866	0.0207644
1021	0.0210829	0.0207608
1022	0.0210795	0.0207572
1023	0.0210759	0.0207537
1024	0.0210724	0.0207501
1025	0.0210689	0.0207466
1026	0.0210653	0.0207431
1027	0.0210619	0.0207395
1028	0.0210585	0.020736
1029	0.0210549	0.0207326
1030	0.0210515	0.0207289
1031	0.021048	0.0207255
1032	0.0210446	0.0207221
1033	0.0210411	0.0207186
1034	0.0210377	0.0207152
1035	0.0210343	0.0207116
1036	0.0210309	0.0207082
1037	0.0210275	0.0207048
1038	0.0210242	0.0207015
1039	0.0210208	0.020698
1040	0.0210173	0.0206946
1041	0.0210141	0.0206912
1042	0.0210107	0.0206878
1043	0.0210074	0.0206844
1044	0.0210041	0.0206811
1045	0.0210008	0.0206777
1046	0.0209975	0.0206745
1047	0.0209942	0.0206711
1048	0.0209908	0.0206678
1049	0.0209877	0.0206645
1050	0.0209844	0.0206612
1051	0.0209811	0.0206579
1052	0.0209779	0.0206546
1053	0.0209747	0.0206513
1054	0.0209715	0.020648
1055	0.0209682	0.0206447
1056	0.0209649	0.0206415
1057	0.0209618	0.0206382
1058	0.0209586	0.020635
1059	0.0209554	0.0206318
1060	0.0209522	0.0206286
1061	0.020949	0.0206254
1062	0.020946	0.0206222
1063	0.0209428	0.020619
1064	0.0209395	0.0206158
1065	0.0209365	0.0206126
1066	0.0209334	0.0206095
1067	0.0209302	0.0206064
1068	0.0209272	0.0206033
1069	0.020924	0.0206002
1070	0.0209209	0.0205969
1071	0.0209179	0.0205939
1072	0.0209148	0.0205908
1073	0.0209118	0.0205876
1074	0.0209087	0.0205845
1075	0.0209056	0.0205815
1076	0.0209026	0.0205784
1077	0.0208995	0.0205753
1078	0.0208966	0.0205723
1079	0.0208935	0.0205692
1080	0.0208905	0.0205661
1081	0.0208875	0.0205631
1082	0.0208846	0.0205601
1083	0.0208816	0.020557
1084	0.0208786	0.020554
1085	0.0208756	0.020551
1086	0.0208728	0.020548
1087	0.0208698	0.0205451
1088	0.0208667	0.0205421
1089	0.0208638	0.0205392
1090	0.020861	0.0205362
1091	0.020858	0.0205333
1092	0.020855	0.0205304
1093	0.0208521	0.0205274
1094	0.0208493	0.0205244
1095	0.0208464	0.0205215
1096	0.0208435	0.0205186
1097	0.0208407	0.0205157
1098	0.0208378	0.0205127
1099	0.020835	0.0205098
1100	0.020832	0.0205069
1101	0.0208292	0.0205042
1102	0.0208264	0.0205013
1103	0.0208236	0.0204983
1104	0.0208208	0.0204955
1105	0.0208179	0.0204927
1106	0.0208152	0.0204898
1107	0.0208123	0.0204869
1108	0.0208095	0.0204842
1109	0.0208067	0.0204814
1110	0.020804	0.0204786
1111	0.0208013	0.0204757
1112	0.0207984	0.0204729
1113	0.0207957	0.0204702
1114	0.0207928	0.0204674
1115	0.0207902	0.0204646
1116	0.0207875	0.0204618
1117	0.0207847	0.020459
1118	0.020782	0.0204563
1119	0.0207793	0.0204535
1120	0.0207765	0.0204508
1121	0.020774	0.020448
1122	0.0207711	0.0204453
1123	0.0207685	0.0204427
1124	0.0207658	0.02044
1125	0.0207631	0.0204373
1126	0.0207603	0.0204346
1127	0.0207578	0.0204318
1128	0.020755	0.0204291
1129	0.0207526	0.0204264
1130	0.0207497	0.0204237
1131	0.0207472	0.020421
1132	0.0207444	0.0204184
1133	0.020742	0.0204158
1134	0.0207394	0.0204131
1135	0.0207365	0.0204104
1136	0.020734	0.0204077
1137	0.0207314	0.0204052
1138	0.0207288	0.0204026
1139	0.0207263	0.0203999
1140	0.0207236	0.0203972
1141	0.0207212	0.0203946
1142	0.0207185	0.020392
1143	0.020716	0.0203894
1144	0.0207135	0.0203869
1145	0.0207109	0.0203843
1146	0.0207083	0.0203817
1147	0.0207057	0.0203791
1148	0.0207032	0.0203765
1149	0.0207007	0.020374
1150	0.0206982	0.0203715
1151	0.0206957	0.0203689
1152	0.0206932	0.0203664
1153	0.0206907	0.020364
1154	0.0206882	0.0203614
1155	0.0206857	0.0203589
1156	0.0206832	0.0203563
1157	0.0206807	0.0203538
1158	0.0206781	0.0203513
1159	0.0206758	0.0203489
1160	0.0206733	0.0203463
1161	0.0206708	0.0203439
1162	0.0206684	0.0203414
1163	0.020666	0.020339
1164	0.0206635	0.0203365
1165	0.0206611	0.020334
1166	0.0206585	0.0203316
1167	0.0206562	0.020329
1168	0.0206539	0.0203266
1169	0.0206513	0.0203241
1170	0.0206489	0.0203217
1171	0.0206466	0.0203192
1172	0.0206441	0.0203169
1173	0.0206417	0.0203144
1174	0.0206393	0.020312
1175	0.0206369	0.0203096
1176	0.0206345	0.0203071
1177	0.0206322	0.0203047
1178	0.0206299	0.0203023
1179	0.0206275	0.0203
1180	0.0206251	0.0202976
1181	0.0206228	0.0202952
1182	0.0206204	0.0202928
1183	0.0206181	0.0202905
1184	0.0206157	0.0202882
1185	0.0206135	0.0202857
1186	0.0206111	0.0202833
1187	0.0206087	0.020281
1188	0.0206064	0.0202786
1189	0.0206041	0.0202764
1190	0.0206017	0.020274
1191	0.0205994	0.0202716
1192	0.0205972	0.0202694
1193	0.0205948	0.0202671
1194	0.0205927	0.0202648
1195	0.0205903	0.0202625
1196	0.020588	0.0202601
1197	0.0205857	0.0202578
1198	0.0205835	0.0202555
1199	0.0205812	0.0202531
1200	0.0205789	0.0202509
1201	0.0205767	0.0202486
1202	0.0205744	0.0202464
1203	0.0205722	0.020244
1204	0.0205699	0.0202417
1205	0.0205677	0.0202395
1206	0.0205655	0.0202373
1207	0.0205633	0.020235
1208	0.020561	0.0202328
1209	0.0205589	0.0202306
1210	0.0205566	0.0202283
1211	0.0205544	0.020226
1212	0.0205522	0.0202239
1213	0.0205499	0.0202216
1214	0.0205479	0.0202194
1215	0.0205456	0.0202173
1216	0.0205435	0.020215
1217	0.0205413	0.0202127
1218	0.020539	0.0202105
1219	0.0205369	0.0202083
1220	0.0205347	0.0202062
1221	0.0205326	0.0202041
1222	0.0205303	0.0202018
1223	0.0205282	0.0201996
1224	0.0205261	0.0201975
1225	0.0205239	0.0201953
1226	0.0205218	0.0201931
1227	0.0205196	0.020191
1228	0.0205175	0.0201888
1229	0.0205154	0.0201867
1230	0.0205133	0.0201845
1231	0.0205111	0.0201823
1232	0.020509	0.0201802
1233	0.0205068	0.0201781
1234	0.0205048	0.0201759
1235	0.0205026	0.0201737
1236	0.0205006	0.0201716
1237	0.0204985	0.0201694
1238	0.0204964	0.0201673
1239	0.0204941	0.0201653
1240	0.0204921	0.0201632
1241	0.0204902	0.0201611
1242	0.020488	0.020159
1243	0.0204859	0.0201569
1244	0.0204838	0.0201548
1245	0.0204817	0.0201527
1246	0.0204797	0.0201506
1247	0.0204777	0.0201485
1248	0.0204756	0.0201464
1249	0.0204737	0.0201444
1250	0.0204715	0.0201423
1251	0.0204695	0.0201402
1252	0.0204674	0.0201382
1253	0.0204654	0.0201361
1254	0.0204634	0.020134
1255	0.0204613	0.020132
1256	0.0204594	0.02013
1257	0.0204573	0.0201279
1258	0.0204553	0.0201259
1259	0.0204533	0.0201239
1260	0.0204513	0.0201218
1261	0.0204492	0.0201198
1262	0.0204472	0.0201178
1263	0.0204453	0.0201157
1264	0.0204433	0.0201137
1265	0.0204413	0.0201117
1266	0.0204392	0.0201097
1267	0.0204373	0.0201076
1268	0.0204353	0.0201056
1269	0.0204333	0.0201036
1270	0.0204314	0.0201017
1271	0.0204294	0.0200997
1272	0.0204274	0.0200976
1273	0.0204255	0.0200956
1274	0.0204234	0.0200937
1275	0.0204215	0.0200916
1276	0.0204196	0.0200897
1277	0.0204176	0.0200877
1278	0.0204156	0.0200859
1279	0.0204138	0.0200839
1280	0.0204117	0.0200819
1281	0.0204098	0.0200799
1282	0.0204079	0.0200778
1283	0.0204061	0.0200759
1284	0.020404	0.020074
1285	0.0204021	0.0200721
1286	0.0204001	0.0200702
1287	0.0203983	0.0200683
1288	0.0203964	0.0200663
1289	0.0203946	0.0200644
1290	0.0203926	0.0200625
1291	0.0203906	0.0200605
1292	0.0203888	0.0200587
1293	0.0203869	0.0200568
1294	0.0203849	0.0200548
1295	0.0203831	0.0200529
1296	0.0203812	0.0200511
1297	0.0203792	0.0200492
1298	0.0203775	0.0200472
1299	0.0203756	0.0200453
1300	0.0203736	0.0200434
1301	0.0203718	0.0200415
1302	0.0203698	0.0200396
1303	0.0203681	0.0200377
1304	0.0203661	0.0200359
1305	0.0203643	0.0200339
1306	0.0203625	0.0200321
1307	0.0203606	0.0200302
1308	0.0203588	0.0200283
1309	0.0203569	0.0200265
1310	0.0203551	0.0200246
1311	0.0203532	0.0200227
1312	0.0203515	0.0200209
1313	0.0203496	0.0200191
1314	0.0203478	0.0200173
1315	0.0203459	0.0200154
1316	0.0203441	0.0200135
1317	0.0203421	0.0200117
1318	0.0203403	0.0200099
1319	0.0203385	0.020008
1320	0.0203368	0.0200062
1321	0.020335	0.0200043
1322	0.0203332	0.0200025
1323	0.0203314	0.0200008
1324	0.0203295	0.0199989
1325	0.0203278	0.0199971
1326	0.0203261	0.0199952
1327	0.0203243	0.0199934
1328	0.0203225	0.0199917
1329	0.0203206	0.0199899
1330	0.0203188	0.0199881
1331	0.020317	0.0199863
1332	0.0203153	0.0199845
1333	0.0203135	0.0199826
1334	0.0203118	0.0199808
1335	0.02031	0.0199791
1336	0.0203082	0.0199773
1337	0.0203063	0.0199756
1338	0.0203047	0.0199738
1339	0.0203029	0.019972
1340	0.0203011	0.0199702
1341	0.0202994	0.0199683
1342	0.0202976	0.0199666
1343	0.020296	0.0199649
1344	0.0202942	0.0199632
1345	0.0202924	0.0199614
1346	0.0202907	0.0199596
1347	0.020289	0.0199579
1348	0.0202872	0.0199561
1349	0.0202855	0.0199543
1350	0.0202837	0.0199526
1351	0.020282	0.0199509
1352	0.0202802	0.0199492
1353	0.0202786	0.0199474
1354	0.0202768	0.0199457
1355	0.0202751	0.0199439
1356	0.0202734	0.0199422
1357	0.0202717	0.0199405
1358	0.02027	0.0199388
1359	0.0202684	0.019937
1360	0.0202666	0.0199352
1361	0.0202649	0.0199336
1362	0.0202631	0.0199319
1363	0.0202614	0.0199301
1364	0.0202597	0.0199284
1365	0.0202581	0.0199267
1366	0.0202565	0.019925
1367	0.0202548	0.0199234
1368	0.020253	0.0199216
1369	0.0202513	0.01992
1370	0.0202498	0.0199182
1371	0.0202479	0.0199164
1372	0.0202463	0.0199149
1373	0.0202446	0.0199131
1374	0.0202428	0.0199114
1375	0.0202413	0.0199098
1376	0.0202398	0.0199081
1377	0.020238	0.0199064
1378	0.0202363	0.0199048
1379	0.0202348	0.019903
1380	0.020233	0.0199014
1381	0.0202313	0.0198997
1382	0.0202297	0.019898
1383	0.0202281	0.0198964
1384	0.0202264	0.0198947
1385	0.0202248	0.0198931
1386	0.0202231	0.0198915
1387	0.0202215	0.0198898
1388	0.0202199	0.0198881
1389	0.0202181	0.0198865
1390	0.0202165	0.0198849
1391	0.020215	0.0198832
1392	0.0202134	0.0198815
1393	0.0202117	0.0198799
1394	0.0202101	0.0198784
1395	0.0202085	0.0198767
1396	0.0202068	0.0198751
1397	0.0202053	0.0198735
1398	0.0202036	0.0198719
1399	0.0202022	0.0198702
1400	0.0202005	0.0198687
1401	0.0201988	0.0198671
1402	0.0201973	0.0198654
1403	0.0201957	0.0198637
1404	0.020194	0.0198621
1405	0.0201924	0.0198606
1406	0.0201908	0.0198589
1407	0.0201892	0.0198573
1408	0.0201876	0.0198557
1409	0.0201861	0.0198541
1410	0.0201845	0.0198525
1411	0.020183	0.0198508
1412	0.0201814	0.0198493
1413	0.0201797	0.0198477
1414	0.0201781	0.0198461
1415	0.0201766	0.0198445
1416	0.020175	0.0198428
1417	0.0201735	0.0198413
1418	0.0201719	0.0198398
1419	0.0201704	0.0198382
1420	0.0201688	0.0198367
1421	0.0201672	0.0198351
1422	0.0201657	0.0198335
1423	0.020164	0.0198319
1424	0.0201626	0.0198304
1425	0.020161	0.0198288
1426	0.0201593	0.0198272
1427	0.0201578	0.0198256
1428	0.0201563	0.0198241
1429	0.0201547	0.0198226
1430	0.0201532	0.019821
1431	0.0201517	0.0198194
1432	0.0201501	0.0198178
1433	0.0201486	0.0198163
1434	0.0201471	0.0198148
1435	0.0201455	0.0198132
1436	0.020144	0.0198117
1437	0.0201426	0.0198101
1438	0.0201409	0.0198085
1439	0.0201394	0.0198071
1440	0.0201379	0.0198055
1441	0.0201364	0.019804
1442	0.0201349	0.0198025
1443	0.0201333	0.0198009
1444	0.0201318	0.0197994
1445	0.0201304	0.019798
1446	0.0201288	0.0197963
1447	0.0201274	0.0197948
1448	0.0201258	0.0197932
1449	0.0201243	0.0197918
1450	0.0201229	0.0197903
1451	0.0201213	0.0197888
1452	0.0201199	0.0197872
1453	0.0201183	0.0197857
1454	0.0201169	0.0197843
1455	0.0201153	0.0197827
1456	0.0201139	0.0197813
1457	0.0201123	0.0197797
1458	0.0201108	0.0197781
1459	0.0201094	0.0197767
1460	0.0201078	0.0197751
1461	0.0201064	0.0197737
1462	0.0201049	0.0197722
1463	0.0201035	0.0197707
1464	0.020102	0.0197693
1465	0.0201004	0.0197678
1466	0.0200989	0.0197664
1467	0.0200976	0.0197648
1468	0.0200961	0.0197633
1469	0.0200946	0.0197618
1470	0.0200932	0.0197603
1471	0.0200917	0.0197588
1472	0.0200903	0.0197573
1473	0.0200887	0.0197558
1474	0.0200873	0.0197544
1475	0.0200859	0.019753
1476	0.0200844	0.0197515
1477	0.0200829	0.0197501
1478	0.0200814	0.0197486
1479	0.0200801	0.0197471
1480	0.0200786	0.0197457
1481	0.0200772	0.0197443
1482	0.0200757	0.0197428
1483	0.0200744	0.0197413
1484	0.0200729	0.0197398
1485	0.0200714	0.0197384
1486	0.0200699	0.019737
1487	0.0200685	0.0197355
1488	0.0200672	0.019734
1489	0.0200657	0.0197326
1490	0.0200642	0.0197312
1491	0.0200629	0.0197297
1492	0.0200613	0.0197283
1493	0.02006	0.0197269
1494	0.0200585	0.0197255
1495	0.0200572	0.0197241
1496	0.0200557	0.0197226
1497	0.0200542	0.0197212
1498	0.0200528	0.0197197
1499	0.0200515	0.0197183
1500	0.0200501	0.0197169
1501	0.0200486	0.0197155
1502	0.0200471	0.0197141
1503	0.0200458	0.0197127
1504	0.0200443	0.0197113
1505	0.020043	0.0197098
1506	0.0200416	0.0197084
1507	0.0200402	0.019707
1508	0.0200387	0.0197057
1509	0.0200374	0.0197043
1510	0.0200361	0.0197029
1511	0.0200346	0.0197015
1512	0.0200333	0.0197
1513	0.0200318	0.0196986
1514	0.0200305	0.0196973
1515	0.0200291	0.0196959
1516	0.0200276	0.0196945
1517	0.0200263	0.019693
1518	0.0200249	0.0196916
1519	0.0200236	0.0196902
1520	0.0200221	0.0196888
1521	0.0200209	0.0196874
1522	0.0200194	0.019686
1523	0.020018	0.0196846
1524	0.0200167	0.0196832
1525	0.0200153	0.0196819
1526	0.020014	0.0196805
1527	0.0200125	0.0196791
1528	0.0200112	0.0196777
1529	0.0200099	0.0196764
1530	0.0200084	0.019675
1531	0.0200071	0.0196737
1532	0.0200058	0.0196723
1533	0.0200044	0.0196709
1534	0.0200031	0.0196696
1535	0.0200016	0.0196682
1536	0.0200002	0.0196669
1537	0.019999	0.0196655
