1	0.225742	0.215896
2	0.218085	0.208756
3	0.210876	0.202121
4	0.204167	0.195982
5	0.197957	0.190264
6	0.192167	0.184959
7	0.186794	0.180005
8	0.181772	0.175382
9	0.177087	0.171068
10	0.172712	0.167035
11	0.168624	0.163222
12	0.164756	0.159605
13	0.161089	0.15616
14	0.157594	0.15286
15	0.154246	0.149675
16	0.151015	0.146595
17	0.147889	0.143607
18	0.144858	0.140702
19	0.141911	0.137874
20	0.139041	0.135124
21	0.136251	0.132458
22	0.133546	0.129855
23	0.130907	0.127317
24	0.128331	0.124834
25	0.125812	0.122405
26	0.123348	0.12003
27	0.120939	0.117719
28	0.118592	0.115457
29	0.116297	0.113245
30	0.114052	0.111084
31	0.111858	0.108971
32	0.109714	0.106904
33	0.107615	0.104886
34	0.105567	0.102916
35	0.103567	0.100993
36	0.101615	0.0991168
37	0.0997089	0.0972911
38	0.0978548	0.095511
39	0.0960465	0.0937774
40	0.0942867	0.0920877
41	0.0925702	0.0904425
42	0.0908993	0.0888443
43	0.0892761	0.0872878
44	0.0876954	0.085773
45	0.0861558	0.0842999
46	0.0846593	0.0828669
47	0.0832044	0.0814763
48	0.0817918	0.0801261
49	0.0804201	0.0788131
50	0.0790863	0.0775374
51	0.0777899	0.0762985
52	0.0765315	0.0750954
53	0.0753094	0.073928
54	0.0741225	0.0727948
55	0.0729715	0.0716944
56	0.0718541	0.0706252
57	0.070768	0.0695867
58	0.0697125	0.0685799
59	0.0686895	0.0676019
60	0.0676958	0.0666518
61	0.0667304	0.0657284
62	0.0657926	0.0648318
63	0.0648813	0.063961
64	0.0639964	0.0631147
65	0.0631367	0.0622927
66	0.0623013	0.0614939
67	0.0614896	0.0607179
68	0.0607012	0.0599641
69	0.0599351	0.0592314
70	0.0591903	0.0585195
71	0.0584673	0.057828
72	0.0577641	0.0571554
73	0.0570807	0.056502
74	0.0564169	0.0558668
75	0.0557709	0.0552494
76	0.0551435	0.0546497
77	0.0545338	0.0540665
78	0.0539412	0.0534991
79	0.0533645	0.0529472
80	0.0528039	0.0524111
81	0.0522588	0.0518897
82	0.0517292	0.0513828
83	0.0512136	0.0508892
84	0.0507116	0.050409
85	0.0502237	0.0499412
86	0.0497483	0.0494859
87	0.0492856	0.0490427
88	0.0488348	0.0486111
89	0.0483962	0.0481908
90	0.0479688	0.0477811
91	0.0475522	0.0473822
92	0.0471464	0.0469935
93	0.0467515	0.0466143
94	0.0463659	0.0462449
95	0.0459902	0.0458848
96	0.0456242	0.0455338
97	0.0452668	0.0451913
98	0.044919	0.0448576
99	0.0445796	0.044532
100	0.0442484	0.0442142
101	0.0439254	0.0439043
102	0.04361	0.0436017
103	0.0433023	0.0433066
104	0.0430025	0.0430184
105	0.0427092	0.0427372
106	0.042423	0.0424625
107	0.0421434	0.0421939
108	0.0418707	0.0419317
109	0.0416039	0.0416756
110	0.0413436	0.0414255
111	0.0410886	0.0411808
112	0.04084	0.0409416
113	0.0405969	0.0407081
114	0.0403591	0.0404796
115	0.0401269	0.0402564
116	0.0398996	0.040038
117	0.0396773	0.0398243
118	0.0394598	0.0396154
119	0.0392474	0.0394109
120	0.0390395	0.0392108
121	0.0388358	0.0390148
122	0.0386365	0.0388233
123	0.0384414	0.0386358
124	0.0382508	0.0384519
125	0.0380636	0.0382718
126	0.0378803	0.0380956
127	0.0377011	0.0379229
128	0.0375255	0.037754
129	0.0373533	0.0375882
130	0.0371848	0.037426
131	0.0370195	0.0372671
132	0.0368576	0.0371111
133	0.0366991	0.0369584
134	0.0365435	0.0368084
135	0.036391	0.0366615
136	0.0362414	0.0365176
137	0.0360948	0.0363764
138	0.035951	0.0362376
139	0.03581	0.0361017
140	0.0356716	0.0359683
141	0.0355358	0.0358373
142	0.0354022	0.0357089
143	0.0352715	0.035583
144	0.0351431	0.0354591
145	0.0350172	0.0353377
146	0.0348935	0.0352184
147	0.0347721	0.0351013
148	0.0346528	0.034986
149	0.0345356	0.0348731
150	0.0344207	0.0347623
151	0.0343076	0.0346532
152	0.0341967	0.0345461
153	0.0340875	0.0344408
154	0.0339805	0.0343374
155	0.033875	0.0342359
156	0.0337715	0.0341361
157	0.0336698	0.0340379
158	0.0335698	0.0339413
159	0.0334715	0.0338466
160	0.0333749	0.0337531
161	0.0332798	0.0336614
162	0.0331863	0.0335712
163	0.0330945	0.0334824
164	0.033004	0.033395
165	0.032915	0.0333091
166	0.0328276	0.0332246
167	0.0327416	0.0331415
168	0.0326567	0.0330596
169	0.0325735	0.0329791
170	0.0324913	0.0328999
171	0.0324108	0.032822
172	0.0323311	0.0327452
173	0.032253	0.0326695
174	0.0321759	0.032595
175	0.0321	0.0325217
176	0.0320256	0.0324495
177	0.0319519	0.0323786
178	0.0318794	0.0323084
179	0.031808	0.0322396
180	0.0317379	0.0321715
181	0.0316685	0.0321047
182	0.0316004	0.0320387
183	0.0315332	0.0319738
184	0.031467	0.0319097
185	0.0314018	0.0318466
186	0.0313373	0.0317845
187	0.0312741	0.0317232
188	0.0312116	0.0316626
189	0.0311499	0.0316031
190	0.0310891	0.0315444
191	0.0310294	0.0314864
192	0.0309705	0.0314292
193	0.0309122	0.0313729
194	0.030855	0.0313173
195	0.0307982	0.0312627
196	0.0307426	0.0312087
197	0.0306873	0.0311553
198	0.0306331	0.0311028
199	0.0305794	0.0310508
200	0.0305266	0.0309998
201	0.0304744	0.0309491
202	0.0304229	0.0308993
203	0.030372	0.0308501
204	0.030322	0.0308017
205	0.0302723	0.0307535
206	0.0302236	0.0307063
207	0.0301753	0.0306596
208	0.0301278	0.0306137
209	0.0300807	0.030568
210	0.0300343	0.0305229
211	0.0299885	0.0304787
