1	0.184165	0.179183
2	0.179559	0.175051
3	0.175401	0.171272
4	0.171599	0.167761
5	0.168067	0.164478
6	0.164765	0.161384
7	0.161654	0.15844
8	0.158695	0.155621
9	0.155861	0.152924
10	0.153149	0.150319
11	0.150532	0.147797
12	0.147997	0.145346
13	0.145535	0.142967
14	0.143145	0.140649
15	0.140815	0.13839
16	0.138545	0.136184
17	0.136329	0.134029
18	0.134164	0.131925
19	0.132052	0.129871
20	0.129987	0.127864
21	0.127971	0.125899
22	0.125998	0.123978
23	0.124069	0.122101
24	0.122184	0.120262
25	0.120339	0.118464
26	0.118533	0.116705
27	0.116766	0.114984
28	0.115039	0.113299
29	0.113349	0.111651
30	0.111694	0.110037
31	0.110074	0.108457
32	0.108487	0.106908
33	0.106934	0.105393
34	0.105412	0.103908
35	0.103922	0.102454
36	0.102464	0.10103
37	0.101035	0.0996346
38	0.0996347	0.0982678
39	0.0982633	0.0969289
40	0.0969205	0.0956159
41	0.0956032	0.0943291
42	0.0943129	0.0930662
43	0.0930463	0.091828
44	0.0918043	0.0906127
45	0.0905855	0.0894199
46	0.089389	0.0882493
47	0.088214	0.0870988
48	0.0870605	0.0859696
49	0.0859284	0.0848611
50	0.0848163	0.0837731
51	0.083725	0.0827042
52	0.0826522	0.0816544
53	0.0815993	0.0806227
54	0.0805648	0.0796098
55	0.0795491	0.0786152
56	0.0785509	0.0776375
57	0.0775703	0.0766774
58	0.0766071	0.0757342
59	0.075661	0.0748075
60	0.0747309	0.0738971
61	0.0738176	0.0730033
62	0.0729209	0.0721254
63	0.0720398	0.0712631
64	0.0711751	0.0704169
65	0.0703255	0.0695854
66	0.0694915	0.0687703
67	0.0686733	0.0679698
68	0.0678703	0.0671849
69	0.0670824	0.0664141
70	0.0663089	0.0656584
71	0.06555	0.0649162
72	0.0648053	0.0641889
73	0.0640746	0.0634761
74	0.0633596	0.0627776
75	0.0626578	0.0620927
76	0.0619701	0.0614215
77	0.0612965	0.0607639
78	0.0606357	0.0601196
79	0.0599883	0.0594882
80	0.0593543	0.0588699
81	0.0587334	0.0582644
82	0.0581254	0.0576722
83	0.0575304	0.0570921
84	0.0569475	0.0565244
85	0.0563772	0.0559688
86	0.0558191	0.0554248
87	0.0552727	0.0548933
88	0.0547382	0.0543728
89	0.0542148	0.0538641
90	0.0537036	0.0533667
91	0.0532035	0.0528805
92	0.0527152	0.0524051
93	0.0522372	0.0519401
94	0.0517695	0.051486
95	0.0513127	0.0510419
96	0.0508663	0.0506079
97	0.0504298	0.0501838
98	0.0500031	0.0497695
99	0.0495861	0.0493645
100	0.0491789	0.0489688
101	0.0487809	0.0485827
102	0.0483925	0.0482057
103	0.0480128	0.0478373
104	0.0476421	0.0474774
105	0.0472798	0.0471261
106	0.0469261	0.0467827
107	0.0465803	0.0464469
108	0.0462427	0.0461196
109	0.0459126	0.0457993
110	0.0455904	0.0454871
111	0.0452756	0.0451817
112	0.0449682	0.0448837
113	0.0446678	0.0445922
114	0.0443742	0.0443079
115	0.0440878	0.04403
116	0.0438077	0.0437585
117	0.0435343	0.0434934
118	0.0432672	0.0432345
119	0.043006	0.0429814
120	0.042751	0.0427343
121	0.0425018	0.0424927
122	0.042258	0.042257
123	0.0420202	0.0420262
124	0.0417878	0.041801
125	0.0415604	0.0415809
126	0.0413383	0.0413656
127	0.0411211	0.0411553
128	0.0409089	0.0409496
129	0.0407015	0.0407488
130	0.0404984	0.0405519
131	0.0403001	0.04036
132	0.0401061	0.0401719
133	0.0399163	0.039988
134	0.0397307	0.0398084
135	0.0395491	0.0396324
136	0.0393716	0.0394603
137	0.0391977	0.0392921
138	0.0390276	0.0391271
139	0.0388612	0.0389661
140	0.0386984	0.0388083
141	0.0385388	0.0386539
142	0.0383827	0.0385026
143	0.0382301	0.0383546
144	0.0380804	0.0382097
145	0.037934	0.0380678
146	0.0377904	0.0379289
147	0.0376499	0.0377927
148	0.0375124	0.0376593
149	0.0373774	0.0375286
150	0.0372454	0.0374004
151	0.0371157	0.0372752
152	0.0369891	0.037152
153	0.0368646	0.0370317
154	0.0367427	0.0369134
155	0.036623	0.0367977
156	0.0365059	0.036684
157	0.0363911	0.0365726
158	0.0362783	0.0364633
159	0.0361678	0.0363565
160	0.0360593	0.0362513
161	0.035953	0.036148
162	0.0358485	0.0360467
163	0.0357461	0.0359474
164	0.0356454	0.0358498
165	0.0355466	0.0357542
166	0.0354497	0.0356601
167	0.0353546	0.0355679
168	0.0352611	0.0354772
169	0.0351694	0.0353883
170	0.0350792	0.0353008
171	0.0349906	0.0352149
172	0.0349037	0.0351304
173	0.034818	0.0350475
174	0.0347341	0.0349661
175	0.0346515	0.0348861
176	0.0345704	0.0348072
177	0.0344907	0.0347297
178	0.0344122	0.0346537
179	0.0343352	0.0345788
180	0.0342592	0.0345052
181	0.0341846	0.0344328
182	0.0341113	0.0343615
183	0.0340391	0.0342917
184	0.0339681	0.0342226
185	0.0338981	0.0341549
186	0.0338296	0.0340881
187	0.0337619	0.0340224
188	0.0336955	0.0339578
189	0.0336298	0.0338941
190	0.0335654	0.0338314
191	0.0335019	0.0337698
192	0.0334393	0.033709
193	0.0333778	0.0336493
194	0.0333171	0.0335903
195	0.0332575	0.0335322
196	0.0331986	0.0334751
197	0.0331406	0.0334188
198	0.0330835	0.0333634
199	0.0330274	0.0333086
200	0.0329718	0.0332548
201	0.0329173	0.0332018
202	0.0328634	0.0331494
203	0.0328105	0.0330977
204	0.0327581	0.033047
205	0.0327065	0.0329968
206	0.032656	0.0329472
207	0.0326056	0.0328987
208	0.0325563	0.0328506
209	0.0325076	0.0328032
210	0.0324596	0.0327564
211	0.0324121	0.0327104
212	0.0323654	0.0326648
213	0.0323193	0.0326199
214	0.0322738	0.0325757
215	0.0322289	0.0325319
216	0.0321846	0.0324889
217	0.032141	0.0324464
218	0.0320978	0.0324045
219	0.0320553	0.0323631
220	0.0320133	0.032322
221	0.0319717	0.0322816
222	0.0319309	0.0322418
223	0.0318904	0.0322024
224	0.0318505	0.0321636
225	0.0318111	0.0321253
226	0.0317723	0.0320874
227	0.0317338	0.0320498
228	0.0316959	0.0320129
229	0.0316585	0.0319765
230	0.0316215	0.0319405
231	0.031585	0.0319049
232	0.0315488	0.0318698
233	0.0315133	0.031835
234	0.0314781	0.0318008
235	0.0314433	0.0317666
236	0.031409	0.0317331
237	0.0313749	0.0317001
238	0.0313414	0.0316672
239	0.0313083	0.031635
240	0.0312755	0.031603
241	0.0312431	0.0315717
242	0.031211	0.0315404
243	0.0311793	0.0315093
244	0.0311482	0.0314787
245	0.0311173	0.0314486
246	0.0310866	0.0314188
247	0.0310563	0.0313893
248	0.0310264	0.0313601
249	0.030997	0.0313313
250	0.0309677	0.0313028
251	0.0309387	0.0312746
252	0.0309104	0.0312469
253	0.030882	0.0312191
254	0.0308541	0.0311918
255	0.0308264	0.0311647
256	0.0307989	0.0311381
257	0.0307717	0.0311118
258	0.0307451	0.0310855
259	0.0307187	0.0310595
260	0.0306923	0.0310341
261	0.0306665	0.0310088
262	0.0306408	0.0309837
263	0.0306154	0.0309588
264	0.0305904	0.0309344
265	0.0305655	0.0309099
266	0.0305408	0.030886
267	0.0305165	0.0308622
268	0.0304924	0.0308387
269	0.0304685	0.0308155
270	0.030445	0.0307922
271	0.0304216	0.0307694
272	0.0303985	0.0307469
273	0.0303755	0.0307244
274	0.0303529	0.0307023
275	0.0303304	0.0306803
276	0.0303082	0.0306585
277	0.0302862	0.0306372
278	0.0302643	0.0306159
279	0.0302429	0.0305946
280	0.0302214	0.0305738
281	0.0302004	0.0305531
282	0.0301794	0.0305327
283	0.0301588	0.0305124
284	0.0301382	0.0304924
285	0.0301178	0.0304724
286	0.0300977	0.0304527
287	0.0300778	0.0304332
288	0.0300579	0.0304139
289	0.0300383	0.0303946
290	0.030019	0.0303757
291	0.0299998	0.0303568
