1	0.251611	0.24088
2	0.24088	0.23171
3	0.23171	0.222498
4	0.222499	0.213269
5	0.213269	0.205938
6	0.205938	0.198894
7	0.198894	0.192125
8	0.192125	0.185639
9	0.185639	0.180217
10	0.180217	0.175057
11	0.175057	0.170141
12	0.170141	0.165458
13	0.165458	0.161001
14	0.161001	0.156758
15	0.156758	0.152721
16	0.152721	0.148879
17	0.148879	0.145223
18	0.145223	0.141742
19	0.141742	0.138426
20	0.138426	0.135265
21	0.135265	0.132249
22	0.132249	0.129369
23	0.129368	0.126616
24	0.126616	0.123981
25	0.123981	0.121458
26	0.121458	0.119038
27	0.119038	0.116714
28	0.116714	0.114481
29	0.114481	0.112332
30	0.112332	0.110261
31	0.110261	0.108264
32	0.108264	0.106336
33	0.106336	0.104472
34	0.104472	0.102669
35	0.102669	0.100923
36	0.100923	0.0992294
37	0.0992294	0.0975865
38	0.0975865	0.095991
39	0.095991	0.0944403
40	0.0944403	0.0929317
41	0.0929317	0.0914631
42	0.0914631	0.0900325
43	0.0900325	0.0886378
44	0.0886378	0.0872774
45	0.0872774	0.0859496
46	0.0859496	0.0846528
47	0.0846529	0.0833858
48	0.0833858	0.0821472
49	0.0821472	0.0809358
50	0.0809358	0.0797505
51	0.0797505	0.0785904
52	0.0785904	0.0774544
53	0.0774544	0.0763417
54	0.0763417	0.0752516
55	0.0752516	0.0741831
56	0.0741832	0.0731358
57	0.0731358	0.0721089
58	0.0721089	0.0711018
59	0.0711018	0.0701139
60	0.0701139	0.0691448
61	0.0691449	0.068194
62	0.068194	0.0672611
63	0.0672611	0.0663454
64	0.0663454	0.0654468
65	0.0654468	0.0645648
66	0.0645647	0.063699
67	0.063699	0.0628491
68	0.0628491	0.0620149
69	0.0620149	0.061196
70	0.0611959	0.060392
71	0.060392	0.0596029
72	0.0596029	0.0588282
73	0.0588282	0.0580677
74	0.0580677	0.0573213
75	0.0573213	0.0565886
76	0.0565886	0.0558694
77	0.0558694	0.0551635
78	0.0551635	0.0544707
79	0.0544707	0.0537907
80	0.0537907	0.0531235
81	0.0531235	0.0524687
82	0.0524687	0.0518261
83	0.0518261	0.0511957
84	0.0511957	0.050577
85	0.050577	0.0499701
86	0.0499701	0.0493746
87	0.0493747	0.0487905
88	0.0487905	0.0482175
89	0.0482175	0.0476554
90	0.0476553	0.047104
91	0.047104	0.0465632
92	0.0465632	0.0460327
93	0.0460327	0.0455125
94	0.0455125	0.0450023
95	0.0450023	0.0445019
96	0.0445019	0.0440112
97	0.0440112	0.04353
98	0.04353	0.0430581
99	0.0430581	0.0425953
100	0.0425953	0.0421416
101	0.0421416	0.0416966
102	0.0416966	0.0412603
103	0.0412603	0.0408325
104	0.0408325	0.040413
105	0.040413	0.0400016
106	0.0400016	0.0395982
107	0.0395982	0.0392027
108	0.0392027	0.0388149
109	0.0388149	0.0384346
110	0.0384346	0.0380616
111	0.0380616	0.0376959
112	0.0376959	0.0373373
113	0.0373373	0.0369856
114	0.0369856	0.0366407
115	0.0366407	0.0363025
116	0.0363025	0.0359708
117	0.0359708	0.0356454
118	0.0356454	0.0353263
119	0.0353263	0.0350133
120	0.0350133	0.0347063
121	0.0347063	0.0344052
122	0.0344052	0.0341098
123	0.0341097	0.0338199
124	0.0338199	0.0335356
125	0.0335356	0.0332567
126	0.0332567	0.032983
127	0.032983	0.0327144
128	0.0327144	0.0324509
129	0.0324509	0.0321923
130	0.0321923	0.0319385
131	0.0319385	0.0316895
132	0.0316895	0.031445
133	0.031445	0.0312051
134	0.0312051	0.0309695
135	0.0309695	0.0307383
136	0.0307383	0.0305113
137	0.0305113	0.0302885
138	0.0302885	0.0300696
139	0.0300696	0.0298548
140	0.0298548	0.0296438
141	0.0296438	0.0294366
142	0.0294366	0.0292331
143	0.0292331	0.0290332
144	0.0290332	0.0288369
145	0.0288369	0.028644
146	0.028644	0.0284545
147	0.0284546	0.0282684
148	0.0282684	0.0280855
149	0.0280855	0.0279058
150	0.0279058	0.0277292
151	0.0277292	0.0275557
152	0.0275557	0.0273851
153	0.0273851	0.0272175
154	0.0272175	0.0270527
155	0.0270527	0.0268907
156	0.0268907	0.0267314
157	0.0267314	0.0265749
158	0.0265748	0.0264209
159	0.0264209	0.0262695
160	0.0262695	0.0261207
161	0.0261206	0.0259743
162	0.0259743	0.0258302
163	0.0258303	0.0256886
164	0.0256886	0.0255493
165	0.0255493	0.0254123
166	0.0254123	0.0252774
167	0.0252774	0.0251448
168	0.0251448	0.0250142
169	0.0250142	0.0248858
170	0.0248858	0.0247594
171	0.0247594	0.024635
172	0.024635	0.0245125
173	0.0245125	0.024392
174	0.024392	0.0242734
175	0.0242734	0.0241566
176	0.0241566	0.0240416
177	0.0240416	0.0239284
178	0.0239284	0.0238169
179	0.0238169	0.0237072
180	0.0237072	0.0235991
181	0.0235991	0.0234926
182	0.0234926	0.0233878
183	0.0233878	0.0232845
184	0.0232845	0.0231828
185	0.0231828	0.0230825
186	0.0230825	0.0229838
187	0.0229838	0.0228865
188	0.0228865	0.0227907
189	0.0227907	0.0226962
190	0.0226962	0.0226032
191	0.0226032	0.0225114
192	0.0225114	0.022421
193	0.022421	0.0223319
194	0.0223319	0.0222441
195	0.0222441	0.0221575
196	0.0221575	0.0220722
197	0.0220722	0.021988
198	0.021988	0.021905
199	0.021905	0.0218232
200	0.0218232	0.0217426
201	0.0217426	0.021663
202	0.021663	0.0215846
203	0.0215846	0.0215072
204	0.0215072	0.0214309
205	0.0214309	0.0213556
206	0.0213556	0.0212814
207	0.0212814	0.0212081
208	0.0212081	0.0211358
209	0.0211358	0.0210645
210	0.0210645	0.0209942
211	0.0209942	0.0209248
212	0.0209248	0.0208563
213	0.0208563	0.0207887
214	0.0207887	0.020722
215	0.020722	0.0206561
216	0.0206561	0.0205911
217	0.0205911	0.020527
218	0.020527	0.0204637
219	0.0204637	0.0204012
220	0.0204012	0.0203395
221	0.0203395	0.0202785
222	0.0202785	0.0202184
223	0.0202184	0.020159
224	0.020159	0.0201003
225	0.0201003	0.0200424
226	0.0200424	0.0199852
227	0.0199852	0.0199288
