1	0.224304	0.217099
2	0.217099	0.210284
3	0.210283	0.203938
4	0.203939	0.198003
5	0.198003	0.192385
6	0.192385	0.186991
7	0.18699	0.181817
8	0.181817	0.176816
9	0.176816	0.171973
10	0.171974	0.167276
11	0.167275	0.162735
12	0.162734	0.158331
13	0.158331	0.154063
14	0.154063	0.149925
15	0.149925	0.145924
16	0.145924	0.14205
17	0.14205	0.1383
18	0.1383	0.134678
19	0.134678	0.131174
20	0.131174	0.127785
21	0.127785	0.124509
22	0.124508	0.121342
23	0.121341	0.11828
24	0.118281	0.115324
25	0.115324	0.112468
26	0.112467	0.109709
27	0.109709	0.107046
28	0.107046	0.104474
29	0.104475	0.101993
30	0.101993	0.0995977
31	0.0995975	0.0972864
32	0.0972863	0.0950563
33	0.0950562	0.0929048
34	0.0929048	0.090829
35	0.0908291	0.0888267
36	0.0888266	0.086895
37	0.086895	0.0850321
38	0.085032	0.0832346
39	0.0832344	0.0815012
40	0.0815012	0.0798289
41	0.079829	0.078216
42	0.0782158	0.0766602
43	0.0766601	0.0751589
44	0.0751589	0.0737111
45	0.0737107	0.0723135
46	0.0723135	0.0709654
47	0.0709652	0.0696644
48	0.0696645	0.0684086
49	0.0684084	0.0671963
50	0.0671964	0.0660264
51	0.0660265	0.0648965
52	0.0648965	0.0638054
53	0.0638054	0.0627515
54	0.0627517	0.0617335
55	0.0617335	0.0607498
56	0.0607499	0.0597996
57	0.0597996	0.0588805
58	0.0588807	0.0579923
59	0.0579924	0.0571335
60	0.0571333	0.0563027
61	0.0563026	0.0554991
62	0.055499	0.0547214
63	0.0547213	0.0539687
64	0.0539686	0.0532399
65	0.05324	0.0525346
66	0.0525345	0.0518511
67	0.0518512	0.0511893
68	0.0511893	0.0505478
69	0.0505478	0.0499261
70	0.0499261	0.0493233
71	0.0493232	0.0487387
72	0.0487387	0.0481717
73	0.0481718	0.0476215
74	0.0476216	0.0470877
75	0.0470878	0.0465695
76	0.0465696	0.0460663
77	0.0460664	0.0455776
78	0.0455776	0.045103
79	0.0451029	0.0446418
80	0.0446419	0.0441933
81	0.0441932	0.0437573
82	0.0437574	0.0433335
83	0.0433335	0.0429213
84	0.0429213	0.0425202
85	0.0425201	0.04213
86	0.04213	0.04175
87	0.04175	0.04138
88	0.0413801	0.0410199
89	0.0410199	0.040669
90	0.040669	0.0403272
91	0.0403272	0.0399939
92	0.039994	0.0396692
93	0.0396693	0.0393527
94	0.0393526	0.0390438
95	0.0390439	0.0387428
96	0.0387427	0.0384488
97	0.0384489	0.0381621
98	0.0381621	0.0378822
99	0.0378823	0.037609
100	0.0376089	0.0373421
101	0.0373422	0.0370817
102	0.0370817	0.0368271
103	0.036827	0.0365783
104	0.0365782	0.0363352
105	0.0363352	0.0360976
106	0.0360976	0.0358652
107	0.0358652	0.035638
108	0.035638	0.0354159
109	0.0354158	0.0351984
110	0.0351985	0.0349859
111	0.0349858	0.0347776
112	0.0347776	0.0345737
113	0.0345738	0.0343744
114	0.0343744	0.034179
115	0.0341791	0.0339877
116	0.0339877	0.0338005
117	0.0338004	0.0336168
118	0.0336168	0.0334369
119	0.033437	0.0332607
120	0.0332606	0.0330879
121	0.0330879	0.0329184
122	0.0329183	0.0327524
123	0.0327525	0.0325895
124	0.0325894	0.0324296
125	0.0324297	0.032273
126	0.032273	0.0321192
127	0.0321191	0.0319682
128	0.0319682	0.0318201
129	0.0318201	0.0316748
130	0.0316749	0.031532
131	0.031532	0.0313918
132	0.0313918	0.0312542
133	0.0312543	0.0311191
134	0.0311191	0.0309861
135	0.0309863	0.0308557
136	0.0308558	0.0307276
137	0.0307276	0.0306016
138	0.0306016	0.0304779
139	0.0304779	0.0303561
140	0.0303561	0.0302365
141	0.0302366	0.0301189
142	0.0301188	0.0300032
143	0.0300033	0.0298895
144	0.0298893	0.0297775
145	0.0297775	0.0296674
146	0.0296675	0.0295592
147	0.0295592	0.0294526
148	0.0294527	0.0293478
149	0.0293478	0.0292445
150	0.0292445	0.029143
151	0.029143	0.029043
152	0.029043	0.0289446
153	0.0289446	0.0288477
154	0.0288477	0.0287522
155	0.0287523	0.0286582
156	0.0286582	0.0285657
157	0.0285657	0.0284745
158	0.0284745	0.0283847
159	0.0283847	0.0282962
160	0.0282962	0.028209
161	0.0282089	0.028123
162	0.0281231	0.0280384
163	0.0280384	0.0279549
164	0.0279549	0.0278727
165	0.0278727	0.0277916
166	0.0277915	0.0277116
167	0.0277117	0.0276329
168	0.0276329	0.0275551
169	0.0275551	0.0274785
170	0.0274785	0.0274029
171	0.0274029	0.0273283
172	0.0273284	0.0272549
173	0.0272549	0.0271822
174	0.0271822	0.0271108
175	0.0271107	0.0270401
176	0.0270401	0.0269705
177	0.0269705	0.0269017
178	0.0269017	0.0268339
179	0.026834	0.026767
180	0.0267669	0.0267008
181	0.0267009	0.0266356
182	0.0266357	0.0265713
183	0.0265713	0.0265077
184	0.0265078	0.026445
185	0.0264451	0.026383
186	0.026383	0.0263219
187	0.0263219	0.0262615
188	0.0262614	0.0262018
189	0.0262018	0.0261429
190	0.0261429	0.0260847
191	0.0260848	0.0260273
192	0.0260273	0.0259705
193	0.0259705	0.0259144
194	0.0259144	0.025859
195	0.0258591	0.0258044
196	0.0258043	0.0257502
197	0.0257501	0.0256968
198	0.0256968	0.0256439
199	0.0256439	0.0255917
200	0.0255918	0.0255402
201	0.0255402	0.0254893
202	0.0254893	0.0254389
203	0.0254389	0.0253891
204	0.025389	0.0253399
205	0.0253398	0.0252913
206	0.0252912	0.0252431
207	0.0252431	0.0251956
208	0.0251956	0.0251486
209	0.0251486	0.0251021
210	0.025102	0.0250562
211	0.0250561	0.0250106
212	0.0250106	0.0249657
213	0.0249656	0.0249213
214	0.0249213	0.0248774
215	0.0248773	0.0248338
216	0.0248338	0.0247908
217	0.0247908	0.0247483
218	0.0247482	0.0247062
219	0.0247061	0.0246646
220	0.0246646	0.0246234
221	0.0246234	0.0245827
222	0.0245827	0.0245424
223	0.0245424	0.0245025
224	0.0245026	0.0244631
225	0.0244631	0.0244241
226	0.0244241	0.0243855
227	0.0243855	0.0243472
228	0.0243472	0.0243094
229	0.0243094	0.024272
230	0.024272	0.024235
231	0.024235	0.0241982
232	0.0241983	0.024162
233	0.0241621	0.0241262
234	0.0241261	0.0240906
235	0.0240906	0.0240555
236	0.0240554	0.0240206
237	0.0240205	0.0239861
238	0.0239861	0.023952
239	0.023952	0.0239182
240	0.0239181	0.0238847
241	0.0238847	0.0238516
242	0.0238516	0.0238188
243	0.0238189	0.0237864
244	0.0237864	0.0237543
245	0.0237543	0.0237224
246	0.0237224	0.0236909
247	0.0236909	0.0236597
248	0.0236598	0.0236288
249	0.0236288	0.0235982
250	0.0235982	0.0235679
251	0.0235679	0.0235379
252	0.0235379	0.0235082
253	0.0235082	0.0234788
254	0.0234788	0.0234496
255	0.0234495	0.0234207
256	0.0234207	0.0233921
257	0.0233921	0.0233637
258	0.0233638	0.0233357
259	0.0233357	0.0233079
260	0.0233079	0.0232804
261	0.0232804	0.023253
262	0.023253	0.0232261
263	0.023226	0.0231993
264	0.0231992	0.0231727
265	0.0231727	0.0231464
266	0.0231465	0.0231204
267	0.0231204	0.0230946
268	0.0230945	0.023069
269	0.023069	0.0230437
270	0.0230437	0.0230186
271	0.0230186	0.0229937
272	0.0229937	0.0229691
273	0.0229691	0.0229447
274	0.0229446	0.0229204
275	0.0229204	0.0228965
276	0.0228964	0.0228727
277	0.0228727	0.0228491
278	0.0228492	0.0228258
279	0.0228257	0.0228026
280	0.0228026	0.0227797
281	0.0227796	0.022757
282	0.0227569	0.0227344
283	0.0227345	0.0227121
284	0.0227121	0.0226899
285	0.0226899	0.0226681
286	0.0226681	0.0226463
287	0.0226463	0.0226247
288	0.0226247	0.0226033
289	0.0226033	0.0225821
290	0.0225822	0.0225611
291	0.0225612	0.0225403
292	0.0225403	0.0225197
293	0.0225197	0.0224993
294	0.0224992	0.022479
295	0.0224789	0.0224588
296	0.0224589	0.0224389
297	0.0224388	0.0224191
298	0.0224192	0.0223995
299	0.0223995	0.02238
300	0.02238	0.0223608
301	0.0223608	0.0223416
302	0.0223417	0.0223228
303	0.0223227	0.022304
304	0.0223039	0.0222853
305	0.0222853	0.0222668
306	0.0222668	0.0222485
307	0.0222485	0.0222304
308	0.0222303	0.0222124
309	0.0222123	0.0221945
310	0.0221945	0.0221767
311	0.0221767	0.0221592
312	0.0221591	0.0221417
313	0.0221417	0.0221244
314	0.0221244	0.0221072
315	0.0221073	0.0220903
316	0.0220903	0.0220734
317	0.0220734	0.0220567
318	0.0220567	0.0220401
319	0.0220401	0.0220236
320	0.0220237	0.0220073
321	0.0220073	0.0219911
322	0.0219911	0.021975
323	0.021975	0.0219592
324	0.0219591	0.0219433
325	0.0219433	0.0219276
326	0.0219276	0.0219121
327	0.0219121	0.0218966
328	0.0218966	0.0218814
329	0.0218813	0.0218662
330	0.0218662	0.0218511
331	0.0218511	0.0218362
332	0.0218362	0.0218213
333	0.0218213	0.0218067
334	0.0218066	0.021792
335	0.021792	0.0217775
336	0.0217776	0.0217632
337	0.0217632	0.0217489
338	0.0217489	0.0217348
339	0.0217348	0.0217208
340	0.0217207	0.0217069
341	0.0217069	0.021693
342	0.021693	0.0216793
343	0.0216793	0.0216657
344	0.0216657	0.0216523
345	0.0216522	0.0216389
346	0.0216388	0.0216256
347	0.0216255	0.0216124
348	0.0216124	0.0215993
349	0.0215993	0.0215863
350	0.0215863	0.0215734
351	0.0215734	0.0215606
352	0.0215606	0.0215479
353	0.0215479	0.0215354
354	0.0215353	0.0215228
355	0.0215228	0.0215104
356	0.0215104	0.0214981
357	0.0214981	0.0214859
358	0.0214859	0.0214738
359	0.0214737	0.0214617
360	0.0214617	0.0214497
361	0.0214497	0.0214379
362	0.0214379	0.0214261
363	0.0214261	0.0214144
364	0.0214144	0.0214029
365	0.0214029	0.0213913
366	0.0213913	0.0213799
367	0.0213799	0.0213685
368	0.0213686	0.0213573
369	0.0213574	0.0213462
370	0.0213462	0.0213351
371	0.0213351	0.021324
372	0.021324	0.0213131
373	0.0213131	0.0213023
374	0.0213022	0.0212915
375	0.0212915	0.0212808
376	0.0212808	0.0212701
377	0.0212702	0.0212596
378	0.0212596	0.0212492
379	0.0212492	0.0212387
380	0.0212388	0.0212284
381	0.0212284	0.0212182
382	0.0212182	0.021208
383	0.021208	0.0211979
384	0.0211979	0.0211879
385	0.0211879	0.021178
386	0.0211779	0.0211681
387	0.0211681	0.0211583
388	0.0211582	0.0211485
389	0.0211485	0.0211389
390	0.0211388	0.0211293
391	0.0211293	0.0211197
392	0.0211197	0.0211103
393	0.0211103	0.0211008
394	0.0211008	0.0210915
395	0.0210916	0.0210822
396	0.0210822	0.0210731
397	0.0210731	0.0210639
398	0.0210639	0.0210548
399	0.0210548	0.0210458
400	0.0210458	0.0210368
401	0.0210369	0.0210279
402	0.0210279	0.0210191
403	0.0210191	0.0210104
404	0.0210104	0.0210016
405	0.0210016	0.020993
406	0.020993	0.0209844
407	0.0209844	0.0209759
408	0.0209759	0.0209674
409	0.0209673	0.0209589
410	0.020959	0.0209506
411	0.0209506	0.0209423
412	0.0209423	0.0209341
413	0.020934	0.0209258
414	0.0209259	0.0209177
415	0.0209177	0.0209097
416	0.0209097	0.0209017
417	0.0209016	0.0208936
418	0.0208937	0.0208857
419	0.0208857	0.0208778
420	0.0208778	0.02087
421	0.02087	0.0208623
422	0.0208623	0.0208546
423	0.0208546	0.020847
424	0.0208469	0.0208393
425	0.0208393	0.0208318
426	0.0208317	0.0208242
427	0.0208243	0.0208167
428	0.0208168	0.0208094
429	0.0208094	0.020802
430	0.020802	0.0207947
431	0.0207948	0.0207875
432	0.0207875	0.0207802
433	0.0207802	0.0207731
434	0.020773	0.0207659
435	0.0207659	0.0207589
436	0.0207589	0.0207518
437	0.0207518	0.0207448
438	0.0207448	0.0207378
439	0.0207378	0.020731
440	0.020731	0.0207241
441	0.0207241	0.0207173
442	0.0207173	0.0207105
443	0.0207105	0.0207039
444	0.0207038	0.0206971
445	0.0206971	0.0206905
446	0.0206905	0.0206839
447	0.0206839	0.0206774
448	0.0206774	0.0206708
449	0.0206709	0.0206644
450	0.0206644	0.0206579
451	0.0206579	0.0206515
452	0.0206516	0.0206452
453	0.0206452	0.0206388
454	0.0206388	0.0206326
455	0.0206326	0.0206264
456	0.0206265	0.0206202
457	0.0206202	0.020614
458	0.020614	0.0206079
459	0.0206079	0.0206018
460	0.0206019	0.0205958
461	0.0205958	0.0205898
462	0.0205897	0.0205838
463	0.0205838	0.0205779
464	0.0205779	0.020572
465	0.0205719	0.0205661
466	0.0205661	0.0205603
467	0.0205603	0.0205545
468	0.0205545	0.0205488
469	0.0205488	0.0205431
470	0.020543	0.0205374
471	0.0205374	0.0205317
472	0.0205317	0.0205261
473	0.0205261	0.0205205
474	0.0205205	0.0205149
475	0.020515	0.0205095
476	0.0205095	0.0205039
477	0.0205039	0.0204985
478	0.0204985	0.0204931
479	0.0204931	0.0204877
480	0.0204877	0.0204823
481	0.0204823	0.020477
482	0.0204771	0.0204717
483	0.0204717	0.0204665
484	0.0204665	0.0204613
485	0.0204612	0.020456
486	0.0204561	0.0204509
487	0.0204509	0.0204458
488	0.0204458	0.0204406
489	0.0204407	0.0204355
490	0.0204355	0.0204305
491	0.0204305	0.0204255
492	0.0204255	0.0204206
493	0.0204205	0.0204156
494	0.0204156	0.0204107
495	0.0204106	0.0204057
496	0.0204057	0.0204008
497	0.0204008	0.020396
498	0.020396	0.0203912
499	0.0203912	0.0203864
500	0.0203864	0.0203817
501	0.0203816	0.0203769
502	0.0203769	0.0203722
503	0.0203722	0.0203675
504	0.0203675	0.0203628
505	0.0203629	0.0203582
506	0.0203583	0.0203536
507	0.0203536	0.0203491
508	0.020349	0.0203444
509	0.0203445	0.0203399
510	0.0203399	0.0203355
511	0.0203354	0.020331
512	0.020331	0.0203265
513	0.0203265	0.0203221
514	0.0203221	0.0203176
515	0.0203176	0.0203133
516	0.0203133	0.0203089
517	0.0203089	0.0203046
518	0.0203046	0.0203003
519	0.0203003	0.020296
520	0.020296	0.0202918
521	0.0202917	0.0202875
522	0.0202875	0.0202833
523	0.0202833	0.0202791
524	0.0202791	0.0202749
525	0.0202749	0.0202708
526	0.0202708	0.0202667
527	0.0202667	0.0202626
528	0.0202626	0.0202585
529	0.0202585	0.0202544
530	0.0202545	0.0202504
531	0.0202504	0.0202464
532	0.0202464	0.0202424
533	0.0202424	0.0202384
534	0.0202384	0.0202345
535	0.0202345	0.0202305
536	0.0202305	0.0202266
537	0.0202266	0.0202227
538	0.0202228	0.0202189
539	0.0202189	0.0202149
540	0.0202149	0.0202112
541	0.0202111	0.0202074
542	0.0202074	0.0202036
543	0.0202035	0.0201998
544	0.0201998	0.020196
545	0.0201961	0.0201923
546	0.0201923	0.0201886
547	0.0201886	0.020185
548	0.0201849	0.0201812
549	0.0201812	0.0201777
550	0.0201776	0.020174
551	0.020174	0.0201703
552	0.0201704	0.0201668
553	0.0201667	0.0201631
554	0.0201632	0.0201596
555	0.0201596	0.0201561
556	0.0201561	0.0201525
557	0.0201526	0.0201491
558	0.0201491	0.0201455
559	0.0201456	0.0201421
560	0.0201421	0.0201386
561	0.0201386	0.0201352
562	0.0201352	0.0201317
563	0.0201317	0.0201284
564	0.0201283	0.020125
565	0.020125	0.0201216
566	0.0201216	0.0201182
567	0.0201183	0.0201149
568	0.0201149	0.0201115
569	0.0201115	0.0201083
570	0.0201083	0.020105
571	0.020105	0.0201017
572	0.0201017	0.0200985
573	0.0200985	0.0200952
574	0.0200952	0.020092
575	0.020092	0.0200888
576	0.0200888	0.0200856
577	0.0200856	0.0200824
578	0.0200824	0.0200792
579	0.0200792	0.0200761
580	0.0200761	0.020073
581	0.020073	0.0200698
582	0.0200698	0.0200668
583	0.0200668	0.0200637
584	0.0200637	0.0200606
585	0.0200605	0.0200575
586	0.0200575	0.0200545
587	0.0200545	0.0200514
588	0.0200514	0.0200485
589	0.0200485	0.0200455
590	0.0200455	0.0200424
591	0.0200424	0.0200395
592	0.0200395	0.0200365
593	0.0200365	0.0200335
594	0.0200336	0.0200306
595	0.0200306	0.0200277
596	0.0200277	0.0200248
597	0.0200248	0.0200219
598	0.0200219	0.020019
599	0.020019	0.0200162
600	0.0200162	0.0200133
601	0.0200133	0.0200105
602	0.0200105	0.0200077
603	0.0200077	0.0200048
604	0.0200049	0.020002
605	0.020002	0.0199993
606	0.0199993	0.0199965
