1	0.244288	0.229393
2	0.229393	0.220539
3	0.220538	0.211746
4	0.211746	0.202966
5	0.202966	0.194495
6	0.194495	0.186577
7	0.186577	0.179415
8	0.179415	0.173044
9	0.173044	0.167008
10	0.167008	0.161621
11	0.161621	0.156997
12	0.156998	0.152623
13	0.152623	0.148458
14	0.148458	0.144484
15	0.144484	0.140687
16	0.140687	0.137152
17	0.137152	0.133768
18	0.133768	0.130523
19	0.130523	0.127407
20	0.127408	0.124414
21	0.124414	0.121615
22	0.121615	0.118923
23	0.118922	0.116329
24	0.116329	0.113829
25	0.113829	0.11142
26	0.11142	0.109097
27	0.109097	0.106856
28	0.106856	0.104694
29	0.104694	0.102608
30	0.102608	0.100596
31	0.100596	0.0986529
32	0.098653	0.0967776
33	0.0967776	0.094967
34	0.0949672	0.0932187
35	0.0932186	0.09153
36	0.0915299	0.0898986
37	0.0898987	0.0883224
38	0.0883224	0.086799
39	0.086799	0.0853265
40	0.0853266	0.0839029
41	0.0839028	0.0825259
42	0.0825259	0.081194
43	0.0811939	0.0799052
44	0.0799052	0.0786578
45	0.0786579	0.0774503
46	0.0774503	0.0762808
47	0.0762808	0.075148
48	0.075148	0.0740505
49	0.0740504	0.0729866
50	0.0729866	0.071955
51	0.071955	0.0709546
52	0.0709546	0.069984
53	0.0699839	0.0690421
54	0.0690421	0.0681279
55	0.0681278	0.0672399
56	0.0672399	0.0663774
57	0.0663774	0.0655393
58	0.0655394	0.0647248
59	0.0647249	0.0639327
60	0.0639328	0.0631624
61	0.0631623	0.0624131
62	0.0624131	0.0616836
63	0.0616836	0.0609737
64	0.0609737	0.0602822
65	0.0602822	0.0596087
66	0.0596087	0.0589525
67	0.0589524	0.0583129
68	0.0583129	0.0576894
69	0.0576893	0.0570813
70	0.0570813	0.0564881
71	0.0564881	0.0559094
72	0.0559094	0.0553446
73	0.0553446	0.0547933
74	0.0547932	0.0542549
75	0.0542549	0.0537291
76	0.0537291	0.0532154
77	0.0532154	0.0527135
78	0.0527135	0.052223
79	0.052223	0.0517435
80	0.0517435	0.0512746
81	0.0512747	0.0508161
82	0.0508161	0.0503676
83	0.0503677	0.0499288
84	0.0499289	0.0494995
85	0.0494995	0.0490794
86	0.0490793	0.0486681
87	0.0486682	0.0482655
88	0.0482655	0.0478714
89	0.0478713	0.0474852
90	0.0474852	0.0471071
91	0.047107	0.0467367
92	0.0467368	0.0463739
93	0.0463739	0.0460183
94	0.0460184	0.0456699
95	0.0456699	0.0453284
96	0.0453284	0.0449937
97	0.0449936	0.0446656
98	0.0446656	0.0443438
99	0.0443439	0.0440285
100	0.0440285	0.0437192
101	0.0437191	0.0434158
102	0.0434157	0.0431182
103	0.0431183	0.0428264
104	0.0428264	0.0425401
105	0.0425402	0.0422593
106	0.0422593	0.0419837
107	0.0419837	0.0417133
108	0.0417133	0.0414479
109	0.0414479	0.0411875
110	0.0411875	0.0409319
111	0.0409319	0.0406811
112	0.0406811	0.0404347
113	0.0404348	0.0401929
114	0.040193	0.0399556
115	0.0399556	0.0397226
116	0.0397225	0.0394937
117	0.0394937	0.0392691
118	0.0392691	0.0390483
119	0.0390484	0.0388316
120	0.0388316	0.0386188
121	0.0386187	0.0384097
122	0.0384097	0.0382042
123	0.0382042	0.0380024
124	0.0380023	0.0378042
125	0.0378042	0.0376094
126	0.0376094	0.037418
127	0.037418	0.0372299
128	0.0372299	0.0370451
129	0.0370451	0.0368635
130	0.0368634	0.0366849
131	0.0366849	0.0365094
132	0.0365095	0.0363369
133	0.0363369	0.0361674
134	0.0361674	0.0360006
135	0.0360006	0.0358367
136	0.0358366	0.0356755
137	0.0356755	0.035517
138	0.035517	0.0353611
139	0.0353612	0.0352079
140	0.0352079	0.0350572
141	0.0350571	0.0349088
142	0.0349089	0.034763
143	0.034763	0.0346195
144	0.0346195	0.0344783
145	0.0344783	0.0343395
146	0.0343395	0.0342028
147	0.0342028	0.0340683
148	0.0340683	0.033936
149	0.033936	0.0338058
150	0.0338057	0.0336776
151	0.0336777	0.0335514
152	0.0335514	0.0334273
153	0.0334273	0.033305
154	0.033305	0.0331847
155	0.0331847	0.0330662
156	0.0330662	0.0329495
157	0.0329495	0.0328346
158	0.0328347	0.0327215
159	0.0327215	0.0326101
160	0.0326101	0.0325003
161	0.0325003	0.0323923
162	0.0323923	0.0322857
163	0.0322858	0.0321809
164	0.0321809	0.0320775
165	0.0320776	0.0319758
166	0.0319757	0.0318755
167	0.0318755	0.0317766
168	0.0317766	0.0316792
169	0.0316793	0.0315833
170	0.0315832	0.0314887
171	0.0314887	0.0313955
172	0.0313955	0.0313035
173	0.0313036	0.031213
174	0.031213	0.0311237
175	0.0311237	0.0310356
176	0.0310356	0.0309488
177	0.0309488	0.0308633
178	0.0308632	0.0307788
179	0.0307788	0.0306956
180	0.0306956	0.0306135
181	0.0306135	0.0305325
182	0.0305325	0.0304527
183	0.0304527	0.0303739
184	0.030374	0.0302962
185	0.0302962	0.0302196
186	0.0302196	0.0301439
187	0.030144	0.0300693
188	0.0300693	0.0299958
189	0.0299958	0.0299231
190	0.0299231	0.0298514
191	0.0298514	0.0297806
192	0.0297806	0.0297109
193	0.0297109	0.0296419
194	0.0296419	0.0295739
195	0.0295739	0.0295068
196	0.0295068	0.0294405
197	0.0294405	0.029375
198	0.029375	0.0293104
199	0.0293104	0.0292466
200	0.0292466	0.0291837
201	0.0291837	0.0291215
202	0.0291215	0.0290601
203	0.0290601	0.0289994
204	0.0289994	0.0289395
205	0.0289395	0.0288804
206	0.0288804	0.028822
207	0.0288219	0.0287642
208	0.0287643	0.0287072
209	0.0287072	0.0286509
210	0.0286509	0.0285952
211	0.0285952	0.0285403
212	0.0285402	0.028486
213	0.028486	0.0284323
214	0.0284323	0.0283793
215	0.0283793	0.0283269
216	0.0283269	0.0282751
217	0.0282751	0.0282239
218	0.0282239	0.0281733
219	0.0281733	0.0281233
220	0.0281233	0.0280739
221	0.0280739	0.0280251
222	0.0280251	0.0279768
223	0.0279768	0.0279291
224	0.0279291	0.0278819
225	0.0278819	0.0278352
226	0.0278352	0.0277891
227	0.0277891	0.0277434
228	0.0277434	0.0276984
229	0.0276984	0.0276538
230	0.0276538	0.0276097
231	0.0276097	0.0275661
232	0.0275661	0.0275229
233	0.0275229	0.0274803
234	0.0274803	0.0274381
235	0.0274381	0.0273963
236	0.0273963	0.0273551
237	0.0273551	0.0273142
238	0.0273142	0.0272738
239	0.0272738	0.0272339
240	0.0272339	0.0271944
241	0.0271944	0.0271553
242	0.0271552	0.0271165
243	0.0271165	0.0270783
244	0.0270782	0.0270404
245	0.0270404	0.0270029
246	0.0270029	0.0269658
247	0.0269658	0.0269291
248	0.0269291	0.0268927
249	0.0268927	0.0268568
250	0.0268568	0.0268212
251	0.0268212	0.026786
252	0.026786	0.0267512
253	0.0267511	0.0267166
254	0.0267166	0.0266825
255	0.0266825	0.0266487
256	0.0266487	0.0266152
257	0.0266152	0.026582
258	0.026582	0.0265493
259	0.0265493	0.0265168
260	0.0265168	0.0264846
261	0.0264847	0.0264528
262	0.0264528	0.0264213
263	0.0264213	0.02639
264	0.02639	0.0263591
265	0.0263591	0.0263286
266	0.0263285	0.0262982
267	0.0262982	0.0262682
268	0.0262682	0.0262385
269	0.0262385	0.0262091
270	0.0262091	0.0261799
271	0.0261799	0.026151
272	0.026151	0.0261224
273	0.0261224	0.0260941
274	0.0260941	0.026066
275	0.026066	0.0260382
276	0.0260382	0.0260107
277	0.0260106	0.0259834
278	0.0259834	0.0259564
279	0.0259563	0.0259296
280	0.0259296	0.025903
281	0.025903	0.0258768
282	0.0258767	0.0258507
283	0.0258507	0.0258249
284	0.0258249	0.0257993
285	0.0257993	0.025774
286	0.025774	0.0257489
287	0.0257489	0.025724
288	0.025724	0.0256994
289	0.0256994	0.0256749
290	0.025675	0.0256507
291	0.0256507	0.0256267
292	0.0256267	0.025603
293	0.025603	0.0255794
294	0.0255793	0.025556
295	0.025556	0.0255329
296	0.0255329	0.0255099
297	0.0255099	0.0254872
298	0.0254871	0.0254646
299	0.0254646	0.0254423
300	0.0254423	0.0254201
301	0.0254201	0.0253981
302	0.0253982	0.0253763
303	0.0253763	0.0253547
304	0.0253547	0.0253333
305	0.0253334	0.0253121
306	0.0253121	0.0252911
307	0.0252911	0.0252702
308	0.0252702	0.0252496
309	0.0252495	0.025229
310	0.025229	0.0252087
311	0.0252087	0.0251885
312	0.0251885	0.0251685
313	0.0251685	0.0251487
314	0.0251487	0.025129
315	0.025129	0.0251095
316	0.0251095	0.0250901
317	0.0250901	0.0250709
318	0.025071	0.025052
319	0.025052	0.0250331
320	0.0250331	0.0250143
321	0.0250143	0.0249958
322	0.0249958	0.0249774
323	0.0249774	0.0249591
324	0.0249591	0.024941
325	0.024941	0.024923
326	0.024923	0.0249052
327	0.0249052	0.0248875
328	0.0248875	0.02487
329	0.02487	0.0248526
330	0.0248526	0.0248353
331	0.0248353	0.0248182
332	0.0248182	0.0248012
333	0.0248012	0.0247843
334	0.0247843	0.0247676
335	0.0247676	0.024751
336	0.024751	0.0247345
337	0.0247345	0.0247182
338	0.0247182	0.024702
339	0.024702	0.0246859
340	0.0246859	0.0246699
341	0.02467	0.0246541
342	0.0246541	0.0246384
343	0.0246384	0.0246228
344	0.0246228	0.0246073
345	0.0246073	0.0245919
346	0.024592	0.0245767
347	0.0245767	0.0245616
348	0.0245615	0.0245465
349	0.0245465	0.0245316
350	0.0245316	0.0245169
351	0.0245169	0.0245022
352	0.0245022	0.0244876
353	0.0244876	0.0244731
354	0.0244731	0.0244588
355	0.0244588	0.0244445
356	0.0244445	0.0244304
357	0.0244304	0.0244164
358	0.0244164	0.0244024
359	0.0244024	0.0243886
360	0.0243886	0.0243748
361	0.0243748	0.0243612
362	0.0243612	0.0243477
363	0.0243476	0.0243343
364	0.0243343	0.0243209
365	0.0243209	0.0243076
366	0.0243077	0.0242945
367	0.0242945	0.0242815
368	0.0242814	0.0242685
369	0.0242685	0.0242556
370	0.0242556	0.0242428
371	0.0242429	0.0242301
372	0.0242301	0.0242176
373	0.0242175	0.024205
374	0.024205	0.0241926
375	0.0241926	0.0241802
376	0.0241802	0.024168
377	0.024168	0.0241558
378	0.0241559	0.0241437
379	0.0241437	0.0241317
380	0.0241317	0.0241198
381	0.0241198	0.024108
382	0.024108	0.0240962
383	0.0240962	0.0240846
384	0.0240845	0.024073
385	0.024073	0.0240615
386	0.0240615	0.02405
387	0.02405	0.0240387
388	0.0240386	0.0240274
389	0.0240273	0.0240162
390	0.0240162	0.024005
391	0.024005	0.023994
392	0.023994	0.023983
393	0.023983	0.0239721
394	0.0239721	0.0239612
395	0.0239613	0.0239505
396	0.0239505	0.0239398
397	0.0239398	0.0239292
398	0.0239292	0.0239186
399	0.0239186	0.0239081
400	0.0239081	0.0238977
401	0.0238977	0.0238874
402	0.0238874	0.0238771
403	0.0238771	0.0238669
404	0.0238668	0.0238567
405	0.0238567	0.0238466
406	0.0238466	0.0238366
407	0.0238366	0.0238266
408	0.0238266	0.0238167
409	0.0238167	0.0238069
410	0.023807	0.0237971
411	0.0237971	0.0237875
412	0.0237874	0.0237778
413	0.0237778	0.0237682
414	0.0237682	0.0237587
415	0.0237587	0.0237492
416	0.0237492	0.0237398
417	0.0237399	0.0237305
418	0.0237305	0.0237212
419	0.0237212	0.023712
420	0.023712	0.0237028
421	0.0237028	0.0236937
422	0.0236937	0.0236846
423	0.0236846	0.0236756
424	0.0236756	0.0236667
425	0.0236667	0.0236578
426	0.0236578	0.023649
427	0.0236489	0.0236402
428	0.0236402	0.0236314
429	0.0236314	0.0236228
430	0.0236228	0.0236141
431	0.0236141	0.0236055
432	0.0236055	0.023597
433	0.023597	0.0235885
434	0.0235886	0.0235801
435	0.0235801	0.0235718
436	0.0235718	0.0235635
437	0.0235634	0.0235551
438	0.0235552	0.0235469
439	0.0235469	0.0235387
440	0.0235387	0.0235306
441	0.0235306	0.0235225
442	0.0235225	0.0235145
443	0.0235145	0.0235065
444	0.0235065	0.0234986
445	0.0234986	0.0234907
446	0.0234906	0.0234828
447	0.0234828	0.023475
448	0.023475	0.0234673
449	0.0234673	0.0234596
450	0.0234595	0.0234519
451	0.0234519	0.0234443
452	0.0234442	0.0234367
453	0.0234367	0.0234291
454	0.0234291	0.0234216
455	0.0234216	0.0234142
456	0.0234142	0.0234067
457	0.0234067	0.0233994
458	0.0233994	0.023392
459	0.0233921	0.0233848
460	0.0233848	0.0233775
461	0.0233775	0.0233703
462	0.0233703	0.0233631
463	0.0233632	0.023356
464	0.023356	0.0233489
465	0.0233489	0.0233418
466	0.0233418	0.0233349
467	0.0233348	0.0233279
468	0.0233279	0.0233209
469	0.0233209	0.023314
470	0.023314	0.0233072
471	0.0233072	0.0233004
472	0.0233004	0.0232935
473	0.0232935	0.0232868
474	0.0232868	0.0232801
475	0.0232801	0.0232734
476	0.0232734	0.0232668
477	0.0232668	0.0232602
478	0.0232602	0.0232536
479	0.0232536	0.023247
480	0.0232471	0.0232406
481	0.0232405	0.0232341
482	0.0232341	0.0232276
483	0.0232276	0.0232212
484	0.0232212	0.0232149
485	0.0232149	0.0232086
486	0.0232085	0.0232023
487	0.0232022	0.0231959
488	0.023196	0.0231897
489	0.0231897	0.0231835
490	0.0231835	0.0231773
491	0.0231773	0.0231712
492	0.0231712	0.0231651
493	0.0231651	0.023159
494	0.023159	0.023153
495	0.023153	0.0231469
496	0.023147	0.023141
497	0.0231409	0.023135
498	0.023135	0.0231291
499	0.0231291	0.0231232
500	0.0231232	0.0231173
501	0.0231173	0.0231115
502	0.0231115	0.0231057
503	0.0231057	0.0230999
504	0.0230998	0.0230941
505	0.0230941	0.0230884
506	0.0230884	0.0230827
507	0.0230827	0.0230771
508	0.0230771	0.0230714
509	0.0230714	0.0230658
510	0.0230658	0.0230602
511	0.0230602	0.0230547
512	0.0230547	0.0230491
513	0.0230491	0.0230436
514	0.0230436	0.0230382
515	0.0230381	0.0230327
516	0.0230327	0.0230273
517	0.0230272	0.0230219
518	0.0230218	0.0230165
519	0.0230165	0.0230112
520	0.0230112	0.0230058
521	0.0230058	0.0230005
522	0.0230005	0.0229953
523	0.0229953	0.02299
524	0.02299	0.0229848
525	0.0229848	0.0229796
526	0.0229796	0.0229745
527	0.0229745	0.0229693
528	0.0229693	0.0229642
529	0.0229641	0.0229591
530	0.022959	0.022954
531	0.022954	0.0229489
532	0.0229489	0.0229439
533	0.0229439	0.0229389
534	0.0229389	0.0229339
535	0.0229339	0.0229289
536	0.0229289	0.022924
537	0.022924	0.0229191
538	0.0229191	0.0229142
539	0.0229142	0.0229093
540	0.0229093	0.0229045
541	0.0229045	0.0228996
542	0.0228996	0.0228949
543	0.0228949	0.0228901
544	0.0228901	0.0228853
545	0.0228853	0.0228805
546	0.0228806	0.0228758
547	0.0228758	0.0228711
548	0.0228711	0.0228664
549	0.0228664	0.0228618
550	0.0228618	0.0228571
551	0.0228572	0.0228525
552	0.0228525	0.022848
553	0.0228479	0.0228434
554	0.0228433	0.0228388
555	0.0228388	0.0228342
556	0.0228343	0.0228297
557	0.0228298	0.0228252
558	0.0228253	0.0228208
559	0.0228207	0.0228163
560	0.0228163	0.0228118
561	0.0228119	0.0228074
562	0.0228074	0.022803
563	0.022803	0.0227987
564	0.0227987	0.0227943
565	0.0227943	0.02279
566	0.0227899	0.0227856
567	0.0227856	0.0227813
568	0.0227813	0.022777
569	0.022777	0.0227727
570	0.0227728	0.0227685
571	0.0227685	0.0227642
572	0.0227642	0.02276
573	0.02276	0.0227558
574	0.0227558	0.0227516
575	0.0227516	0.0227475
576	0.0227474	0.0227433
577	0.0227433	0.0227392
578	0.0227391	0.022735
579	0.0227351	0.022731
580	0.022731	0.0227269
581	0.0227269	0.0227228
582	0.0227228	0.0227188
583	0.0227188	0.0227147
584	0.0227147	0.0227107
585	0.0227107	0.0227067
586	0.0227067	0.0227027
587	0.0227027	0.0226987
588	0.0226987	0.0226948
589	0.0226947	0.0226908
590	0.0226908	0.0226869
591	0.0226869	0.022683
592	0.022683	0.0226791
593	0.0226791	0.0226752
594	0.0226752	0.0226714
595	0.0226713	0.0226675
596	0.0226676	0.0226637
597	0.0226636	0.0226598
598	0.0226599	0.0226561
599	0.0226561	0.0226523
600	0.0226523	0.0226485
601	0.0226484	0.0226447
602	0.0226448	0.022641
603	0.022641	0.0226373
604	0.0226373	0.0226336
605	0.0226335	0.0226299
606	0.0226298	0.0226262
607	0.0226262	0.0226225
608	0.0226225	0.0226188
609	0.0226189	0.0226152
610	0.0226152	0.0226116
611	0.0226116	0.0226079
612	0.0226079	0.0226043
613	0.0226043	0.0226007
614	0.0226007	0.0225971
615	0.0225972	0.0225936
616	0.0225936	0.0225901
617	0.0225901	0.0225865
618	0.0225865	0.022583
619	0.022583	0.0225795
620	0.0225795	0.022576
621	0.022576	0.0225725
622	0.0225725	0.022569
623	0.022569	0.0225656
624	0.0225656	0.0225621
625	0.0225621	0.0225587
626	0.0225587	0.0225552
627	0.0225552	0.0225518
628	0.0225518	0.0225484
629	0.0225484	0.0225451
630	0.0225451	0.0225417
631	0.0225417	0.0225383
632	0.0225383	0.022535
633	0.022535	0.0225316
634	0.0225316	0.0225283
635	0.0225283	0.0225249
636	0.0225249	0.0225217
637	0.0225217	0.0225184
638	0.0225184	0.0225151
639	0.0225151	0.0225118
640	0.0225118	0.0225086
641	0.0225086	0.0225053
642	0.0225053	0.0225021
643	0.0225021	0.0224989
644	0.0224989	0.0224957
645	0.0224957	0.0224924
646	0.0224925	0.0224892
647	0.0224893	0.0224861
648	0.022486	0.0224829
649	0.0224829	0.0224797
650	0.0224797	0.0224766
651	0.0224766	0.0224734
652	0.0224735	0.0224703
653	0.0224703	0.0224672
654	0.0224672	0.0224641
655	0.0224641	0.022461
656	0.022461	0.0224579
657	0.022458	0.0224549
658	0.0224548	0.0224518
659	0.0224518	0.0224488
660	0.0224487	0.0224457
661	0.0224457	0.0224426
662	0.0224426	0.0224396
663	0.0224396	0.0224366
664	0.0224366	0.0224336
665	0.0224337	0.0224306
666	0.0224306	0.0224276
667	0.0224277	0.0224247
668	0.0224247	0.0224217
669	0.0224217	0.0224187
670	0.0224187	0.0224158
671	0.0224158	0.0224129
672	0.0224129	0.0224099
673	0.0224099	0.022407
674	0.022407	0.0224041
675	0.0224041	0.0224012
676	0.0224012	0.0223983
677	0.0223983	0.0223954
678	0.0223954	0.0223925
679	0.0223926	0.0223897
680	0.0223897	0.0223869
681	0.0223868	0.022384
682	0.022384	0.0223812
683	0.0223812	0.0223783
684	0.0223783	0.0223755
685	0.0223755	0.0223727
686	0.0223727	0.0223699
687	0.0223699	0.0223671
688	0.0223671	0.0223643
689	0.0223643	0.0223616
690	0.0223616	0.0223588
691	0.0223588	0.022356
692	0.022356	0.0223532
693	0.0223533	0.0223506
694	0.0223505	0.0223478
695	0.0223478	0.0223451
696	0.0223451	0.0223423
697	0.0223423	0.0223397
698	0.0223397	0.0223369
699	0.022337	0.0223342
700	0.0223343	0.0223315
701	0.0223316	0.0223289
702	0.0223289	0.0223262
703	0.0223262	0.0223236
704	0.0223236	0.0223209
705	0.0223209	0.0223183
706	0.0223183	0.0223156
707	0.0223156	0.022313
708	0.022313	0.0223104
709	0.0223104	0.0223077
710	0.0223077	0.0223051
711	0.0223051	0.0223025
712	0.0223025	0.0223
713	0.0222999	0.0222974
714	0.0222974	0.0222948
715	0.0222948	0.0222922
716	0.0222922	0.0222897
717	0.0222896	0.0222871
718	0.0222871	0.0222846
719	0.0222845	0.022282
720	0.022282	0.0222795
721	0.0222795	0.0222769
722	0.022277	0.0222744
723	0.0222745	0.0222719
724	0.0222719	0.0222695
725	0.0222695	0.0222669
726	0.0222669	0.0222644
727	0.0222644	0.022262
728	0.022262	0.0222595
729	0.0222595	0.022257
730	0.022257	0.0222546
731	0.0222546	0.0222521
732	0.0222521	0.0222496
733	0.0222497	0.0222472
734	0.0222472	0.0222448
735	0.0222448	0.0222423
736	0.0222423	0.0222399
737	0.0222399	0.0222375
738	0.0222374	0.0222351
739	0.022235	0.0222327
740	0.0222327	0.0222303
741	0.0222303	0.0222279
742	0.0222279	0.0222255
743	0.0222255	0.0222231
744	0.0222231	0.0222207
745	0.0222207	0.0222184
746	0.0222184	0.022216
747	0.022216	0.0222137
748	0.0222137	0.0222113
749	0.0222113	0.022209
750	0.022209	0.0222066
751	0.0222066	0.0222043
752	0.0222043	0.022202
753	0.022202	0.0221997
754	0.0221997	0.0221974
755	0.0221974	0.0221951
756	0.0221951	0.0221928
757	0.0221927	0.0221905
758	0.0221905	0.0221882
759	0.0221882	0.0221859
760	0.0221859	0.0221836
761	0.0221836	0.0221814
762	0.0221814	0.0221791
763	0.0221791	0.0221768
764	0.0221768	0.0221746
765	0.0221746	0.0221724
766	0.0221724	0.0221701
767	0.0221701	0.0221679
768	0.0221679	0.0221657
769	0.0221657	0.0221634
770	0.0221634	0.0221612
771	0.0221612	0.022159
772	0.022159	0.0221568
773	0.0221568	0.0221546
774	0.0221546	0.0221524
775	0.0221524	0.0221502
776	0.0221502	0.022148
777	0.022148	0.0221458
778	0.0221458	0.0221436
779	0.0221436	0.0221415
780	0.0221415	0.0221393
781	0.0221393	0.0221372
782	0.0221372	0.022135
783	0.022135	0.0221329
784	0.0221329	0.0221307
785	0.0221307	0.0221286
786	0.0221286	0.0221264
787	0.0221264	0.0221243
788	0.0221243	0.0221222
789	0.0221222	0.0221201
790	0.02212	0.0221179
791	0.0221179	0.0221158
792	0.0221158	0.0221138
793	0.0221138	0.0221116
794	0.0221117	0.0221096
795	0.0221096	0.0221075
796	0.0221075	0.0221054
797	0.0221054	0.0221033
798	0.0221033	0.0221012
799	0.0221012	0.0220992
800	0.0220992	0.0220971
801	0.0220971	0.0220951
802	0.0220951	0.022093
803	0.022093	0.0220909
804	0.0220909	0.0220889
805	0.0220889	0.0220868
806	0.0220868	0.0220848
807	0.0220848	0.0220828
808	0.0220828	0.0220808
809	0.0220807	0.0220787
810	0.0220787	0.0220767
811	0.0220767	0.0220747
812	0.0220747	0.0220727
813	0.0220727	0.0220707
814	0.0220707	0.0220687
815	0.0220687	0.0220667
816	0.0220667	0.0220647
817	0.0220647	0.0220627
818	0.0220627	0.0220607
819	0.0220607	0.0220588
820	0.0220588	0.0220568
821	0.0220568	0.0220548
822	0.0220548	0.0220529
823	0.0220529	0.0220509
824	0.0220509	0.022049
825	0.022049	0.022047
826	0.022047	0.022045
827	0.0220451	0.0220431
828	0.0220431	0.0220412
829	0.0220412	0.0220392
830	0.0220392	0.0220373
831	0.0220373	0.0220354
832	0.0220354	0.0220335
833	0.0220335	0.0220316
834	0.0220315	0.0220296
835	0.0220296	0.0220277
836	0.0220277	0.0220258
837	0.0220258	0.0220239
838	0.0220239	0.022022
839	0.022022	0.0220201
840	0.0220201	0.0220182
841	0.0220182	0.0220163
842	0.0220163	0.0220145
843	0.0220144	0.0220126
844	0.0220125	0.0220107
845	0.0220107	0.0220088
846	0.0220088	0.022007
847	0.0220069	0.0220051
848	0.0220051	0.0220032
849	0.0220032	0.0220014
850	0.0220014	0.0219995
851	0.0219995	0.0219977
852	0.0219977	0.0219958
853	0.0219958	0.021994
854	0.021994	0.0219921
855	0.0219922	0.0219903
856	0.0219903	0.0219885
857	0.0219885	0.0219867
858	0.0219867	0.0219848
859	0.0219848	0.021983
860	0.021983	0.0219812
861	0.0219812	0.0219794
862	0.0219794	0.0219776
863	0.0219776	0.0219758
864	0.0219758	0.021974
865	0.021974	0.0219722
866	0.0219722	0.0219704
867	0.0219704	0.0219686
868	0.0219686	0.0219668
869	0.0219669	0.021965
870	0.0219651	0.0219632
871	0.0219632	0.0219615
872	0.0219615	0.0219597
873	0.0219597	0.0219579
874	0.021958	0.0219562
875	0.0219562	0.0219544
876	0.0219544	0.0219527
877	0.0219526	0.0219509
878	0.0219509	0.0219491
879	0.0219491	0.0219474
880	0.0219474	0.0219457
881	0.0219457	0.0219439
882	0.0219439	0.0219422
883	0.0219422	0.0219404
884	0.0219404	0.0219387
885	0.0219387	0.021937
886	0.021937	0.0219353
887	0.0219352	0.0219335
888	0.0219335	0.0219318
889	0.0219318	0.0219301
890	0.0219301	0.0219284
891	0.0219284	0.0219267
892	0.0219267	0.021925
893	0.021925	0.0219233
894	0.0219233	0.0219215
895	0.0219216	0.0219199
896	0.0219199	0.0219182
897	0.0219182	0.0219165
898	0.0219165	0.0219148
899	0.0219148	0.0219131
900	0.0219131	0.0219114
901	0.0219114	0.0219097
902	0.0219097	0.0219081
903	0.0219081	0.0219064
904	0.0219064	0.0219048
905	0.0219047	0.0219031
906	0.0219031	0.0219014
907	0.0219014	0.0218997
908	0.0218997	0.0218981
909	0.0218981	0.0218964
910	0.0218964	0.0218948
911	0.0218947	0.0218931
912	0.0218931	0.0218914
913	0.0218915	0.0218898
914	0.0218898	0.0218882
915	0.0218882	0.0218866
916	0.0218865	0.0218849
917	0.0218849	0.0218833
918	0.0218833	0.0218816
919	0.0218817	0.02188
920	0.02188	0.0218784
921	0.0218784	0.0218768
922	0.0218768	0.0218752
923	0.0218752	0.0218735
924	0.0218735	0.0218719
925	0.0218719	0.0218703
926	0.0218703	0.0218687
927	0.0218687	0.0218671
928	0.0218671	0.0218655
929	0.0218655	0.0218639
930	0.0218639	0.0218623
931	0.0218623	0.0218607
932	0.0218607	0.0218591
933	0.0218591	0.0218576
934	0.0218576	0.021856
935	0.021856	0.0218544
936	0.0218543	0.0218528
937	0.0218528	0.0218512
938	0.0218512	0.0218496
939	0.0218497	0.0218481
940	0.0218481	0.0218465
941	0.0218465	0.0218449
942	0.0218449	0.0218434
943	0.0218433	0.0218418
944	0.0218418	0.0218403
945	0.0218403	0.0218387
946	0.0218387	0.0218371
947	0.0218371	0.0218356
948	0.0218356	0.021834
949	0.021834	0.0218325
950	0.0218325	0.021831
951	0.021831	0.0218294
952	0.0218294	0.0218279
953	0.0218279	0.0218263
954	0.0218263	0.0218248
955	0.0218248	0.0218233
956	0.0218233	0.0218217
957	0.0218217	0.0218202
958	0.0218202	0.0218187
959	0.0218187	0.0218171
960	0.0218172	0.0218157
961	0.0218156	0.0218141
962	0.0218141	0.0218126
963	0.0218126	0.0218111
964	0.0218111	0.0218095
965	0.0218096	0.0218081
966	0.0218081	0.0218065
967	0.0218066	0.0218051
968	0.0218051	0.0218036
969	0.0218036	0.0218021
970	0.0218021	0.0218006
971	0.0218006	0.0217991
972	0.0217991	0.0217976
973	0.0217976	0.0217961
974	0.0217961	0.0217946
975	0.0217946	0.0217931
976	0.0217931	0.0217916
977	0.0217916	0.0217902
978	0.0217902	0.0217887
979	0.0217887	0.0217872
980	0.0217872	0.0217857
981	0.0217857	0.0217843
982	0.0217843	0.0217828
983	0.0217828	0.0217813
984	0.0217813	0.0217799
985	0.0217799	0.0217784
986	0.0217784	0.021777
987	0.021777	0.0217755
988	0.0217755	0.021774
989	0.021774	0.0217726
990	0.0217726	0.0217712
991	0.0217712	0.0217697
992	0.0217697	0.0217682
993	0.0217682	0.0217668
994	0.0217668	0.0217653
995	0.0217653	0.0217639
996	0.0217639	0.0217625
997	0.0217624	0.021761
998	0.021761	0.0217596
999	0.0217595	0.0217581
1000	0.0217581	0.0217568
1001	0.0217567	0.0217553
1002	0.0217553	0.0217539
1003	0.0217539	0.0217524
1004	0.0217524	0.021751
1005	0.021751	0.0217496
1006	0.0217496	0.0217482
1007	0.0217482	0.0217468
1008	0.0217468	0.0217453
1009	0.0217454	0.0217439
1010	0.0217439	0.0217425
1011	0.0217425	0.0217411
1012	0.0217411	0.0217397
1013	0.0217397	0.0217383
1014	0.0217383	0.0217369
1015	0.0217369	0.0217355
1016	0.0217355	0.0217341
1017	0.0217341	0.0217327
1018	0.0217327	0.0217313
1019	0.0217313	0.0217299
1020	0.0217299	0.0217285
1021	0.0217285	0.0217272
1022	0.0217272	0.0217258
1023	0.0217258	0.0217244
1024	0.0217244	0.021723
1025	0.021723	0.0217216
1026	0.0217216	0.0217202
1027	0.0217202	0.0217189
1028	0.0217188	0.0217175
1029	0.0217175	0.0217161
1030	0.0217161	0.0217147
1031	0.0217147	0.0217133
1032	0.0217133	0.021712
1033	0.021712	0.0217107
1034	0.0217106	0.0217092
1035	0.0217092	0.0217079
1036	0.0217079	0.0217065
1037	0.0217065	0.0217052
1038	0.0217052	0.0217039
1039	0.0217038	0.0217024
1040	0.0217024	0.0217011
1041	0.0217011	0.0216998
1042	0.0216998	0.0216984
1043	0.0216984	0.0216971
1044	0.021697	0.0216957
1045	0.0216957	0.0216944
1046	0.0216944	0.021693
1047	0.0216931	0.0216917
1048	0.0216917	0.0216904
1049	0.0216904	0.021689
1050	0.021689	0.0216877
1051	0.0216877	0.0216864
1052	0.0216863	0.021685
1053	0.021685	0.0216837
1054	0.0216837	0.0216823
1055	0.0216824	0.021681
1056	0.021681	0.0216797
1057	0.0216797	0.0216784
1058	0.0216784	0.0216771
1059	0.021677	0.0216757
1060	0.0216757	0.0216744
1061	0.0216744	0.0216731
1062	0.0216731	0.0216718
1063	0.0216718	0.0216705
1064	0.0216704	0.0216692
1065	0.0216692	0.0216678
1066	0.0216678	0.0216665
1067	0.0216665	0.0216652
1068	0.0216652	0.0216639
1069	0.0216639	0.0216626
1070	0.0216626	0.0216613
1071	0.0216613	0.0216601
1072	0.02166	0.0216587
1073	0.0216587	0.0216574
1074	0.0216575	0.0216561
1075	0.0216562	0.0216548
1076	0.0216549	0.0216535
1077	0.0216536	0.0216523
1078	0.0216523	0.021651
1079	0.0216509	0.0216497
1080	0.0216497	0.0216484
1081	0.0216484	0.0216471
1082	0.0216471	0.0216458
1083	0.0216459	0.0216446
1084	0.0216445	0.0216433
1085	0.0216433	0.021642
1086	0.021642	0.0216407
1087	0.0216407	0.0216394
1088	0.0216395	0.0216382
1089	0.0216382	0.0216369
1090	0.0216369	0.0216356
1091	0.0216357	0.0216343
1092	0.0216343	0.0216331
1093	0.0216331	0.0216318
1094	0.0216318	0.0216306
1095	0.0216306	0.0216293
1096	0.0216293	0.021628
1097	0.021628	0.0216268
1098	0.0216268	0.0216255
1099	0.0216255	0.0216242
1100	0.0216243	0.021623
1101	0.021623	0.0216218
1102	0.0216218	0.0216205
1103	0.0216205	0.0216193
1104	0.0216192	0.021618
1105	0.021618	0.0216168
1106	0.0216168	0.0216155
1107	0.0216155	0.0216143
1108	0.0216143	0.021613
1109	0.021613	0.0216118
1110	0.0216118	0.0216106
1111	0.0216105	0.0216093
1112	0.0216094	0.0216081
1113	0.0216081	0.0216068
1114	0.0216069	0.0216056
1115	0.0216056	0.0216044
1116	0.0216044	0.0216032
1117	0.0216032	0.0216019
1118	0.0216019	0.0216007
1119	0.0216007	0.0215995
1120	0.0215994	0.0215982
1121	0.0215982	0.021597
1122	0.021597	0.0215958
1123	0.0215958	0.0215945
1124	0.0215945	0.0215933
1125	0.0215934	0.0215921
1126	0.0215921	0.0215909
1127	0.0215909	0.0215897
1128	0.0215897	0.0215885
1129	0.0215885	0.0215873
1130	0.0215873	0.021586
1131	0.021586	0.0215849
1132	0.0215849	0.0215836
1133	0.0215836	0.0215824
1134	0.0215824	0.0215812
1135	0.0215812	0.02158
1136	0.02158	0.0215788
1137	0.0215788	0.0215776
1138	0.0215776	0.0215764
1139	0.0215764	0.0215752
1140	0.0215752	0.021574
1141	0.021574	0.0215728
1142	0.0215728	0.0215716
1143	0.0215716	0.0215704
1144	0.0215704	0.0215692
1145	0.0215692	0.021568
1146	0.0215681	0.0215668
1147	0.0215668	0.0215657
1148	0.0215657	0.0215645
1149	0.0215645	0.0215633
1150	0.0215633	0.0215621
1151	0.0215621	0.0215609
1152	0.0215609	0.0215597
1153	0.0215597	0.0215585
1154	0.0215585	0.0215574
1155	0.0215574	0.0215562
1156	0.0215562	0.021555
1157	0.021555	0.0215538
1158	0.0215538	0.0215527
1159	0.0215527	0.0215515
1160	0.0215515	0.0215503
1161	0.0215503	0.0215492
1162	0.0215492	0.021548
1163	0.021548	0.0215468
1164	0.0215468	0.0215457
1165	0.0215456	0.0215445
1166	0.0215445	0.0215433
1167	0.0215433	0.0215421
1168	0.0215421	0.021541
1169	0.021541	0.0215398
1170	0.0215398	0.0215386
1171	0.0215387	0.0215375
1172	0.0215375	0.0215363
1173	0.0215363	0.0215352
1174	0.0215352	0.0215341
1175	0.021534	0.0215329
1176	0.0215329	0.0215317
1177	0.0215317	0.0215306
1178	0.0215306	0.0215294
1179	0.0215294	0.0215283
1180	0.0215283	0.0215271
1181	0.0215271	0.021526
1182	0.021526	0.0215248
1183	0.0215248	0.0215237
1184	0.0215237	0.0215226
1185	0.0215225	0.0215214
1186	0.0215214	0.0215202
1187	0.0215202	0.0215191
1188	0.0215191	0.021518
1189	0.021518	0.0215168
1190	0.0215168	0.0215157
1191	0.0215157	0.0215146
1192	0.0215146	0.0215134
1193	0.0215134	0.0215123
1194	0.0215123	0.0215112
1195	0.0215112	0.02151
1196	0.02151	0.0215089
1197	0.0215089	0.0215078
1198	0.0215078	0.0215066
1199	0.0215066	0.0215055
1200	0.0215055	0.0215044
1201	0.0215044	0.0215033
1202	0.0215033	0.0215022
1203	0.0215021	0.021501
1204	0.021501	0.0214999
1205	0.0214999	0.0214988
1206	0.0214988	0.0214977
1207	0.0214977	0.0214966
1208	0.0214965	0.0214955
1209	0.0214955	0.0214943
1210	0.0214943	0.0214932
1211	0.0214932	0.0214921
1212	0.0214921	0.021491
1213	0.021491	0.0214899
1214	0.0214899	0.0214888
1215	0.0214888	0.0214877
1216	0.0214877	0.0214865
1217	0.0214866	0.0214854
1218	0.0214854	0.0214844
1219	0.0214844	0.0214833
1220	0.0214833	0.0214821
1221	0.0214822	0.021481
1222	0.021481	0.0214799
1223	0.0214799	0.0214788
1224	0.0214788	0.0214778
1225	0.0214777	0.0214766
1226	0.0214766	0.0214755
1227	0.0214755	0.0214745
1228	0.0214745	0.0214734
1229	0.0214733	0.0214723
1230	0.0214723	0.0214712
1231	0.0214712	0.0214701
1232	0.0214701	0.021469
1233	0.021469	0.0214679
1234	0.0214679	0.0214668
1235	0.0214668	0.0214657
1236	0.0214657	0.0214647
1237	0.0214647	0.0214636
1238	0.0214636	0.0214625
1239	0.0214625	0.0214614
1240	0.0214614	0.0214603
1241	0.0214603	0.0214592
1242	0.0214592	0.0214581
1243	0.0214581	0.0214571
1244	0.0214571	0.021456
1245	0.021456	0.0214549
1246	0.021455	0.0214538
1247	0.0214538	0.0214528
1248	0.0214528	0.0214517
1249	0.0214517	0.0214506
1250	0.0214507	0.0214495
1251	0.0214495	0.0214485
1252	0.0214485	0.0214474
1253	0.0214474	0.0214463
1254	0.0214464	0.0214453
1255	0.0214453	0.0214443
1256	0.0214442	0.0214431
1257	0.0214431	0.0214421
1258	0.0214421	0.021441
1259	0.021441	0.02144
1260	0.02144	0.0214389
1261	0.0214389	0.0214379
1262	0.0214379	0.0214368
1263	0.0214368	0.0214357
1264	0.0214357	0.0214347
1265	0.0214347	0.0214336
1266	0.0214336	0.0214325
1267	0.0214325	0.0214315
1268	0.0214315	0.0214305
1269	0.0214304	0.0214294
1270	0.0214294	0.0214283
1271	0.0214284	0.0214273
1272	0.0214273	0.0214263
1273	0.0214263	0.0214252
1274	0.0214252	0.0214242
1275	0.0214242	0.0214231
1276	0.0214231	0.0214221
1277	0.0214221	0.021421
1278	0.021421	0.02142
1279	0.02142	0.0214189
1280	0.0214189	0.0214179
1281	0.0214179	0.0214169
1282	0.0214169	0.0214158
1283	0.0214158	0.0214148
1284	0.0214148	0.0214137
1285	0.0214137	0.0214127
1286	0.0214127	0.0214116
1287	0.0214116	0.0214106
1288	0.0214106	0.0214096
1289	0.0214096	0.0214085
1290	0.0214086	0.0214075
1291	0.0214076	0.0214064
1292	0.0214064	0.0214055
1293	0.0214055	0.0214044
1294	0.0214044	0.0214034
1295	0.0214034	0.0214024
1296	0.0214023	0.0214013
1297	0.0214014	0.0214003
1298	0.0214003	0.0213993
1299	0.0213993	0.0213983
1300	0.0213983	0.0213972
1301	0.0213972	0.0213962
1302	0.0213962	0.0213952
1303	0.0213952	0.0213942
1304	0.0213942	0.0213931
1305	0.0213932	0.0213921
1306	0.0213921	0.0213911
1307	0.0213911	0.0213901
1308	0.0213901	0.0213891
1309	0.0213891	0.021388
1310	0.021388	0.0213871
1311	0.0213871	0.021386
1312	0.021386	0.021385
1313	0.021385	0.021384
1314	0.021384	0.021383
1315	0.021383	0.021382
1316	0.021382	0.021381
1317	0.021381	0.02138
1318	0.02138	0.021379
1319	0.021379	0.0213779
1320	0.021378	0.0213769
1321	0.0213769	0.021376
1322	0.021376	0.0213749
1323	0.0213749	0.0213739
1324	0.0213739	0.0213729
1325	0.0213729	0.0213719
1326	0.0213719	0.0213709
1327	0.0213709	0.0213699
1328	0.0213699	0.0213689
1329	0.0213689	0.0213679
1330	0.0213679	0.0213669
1331	0.021367	0.021366
1332	0.0213659	0.0213649
1333	0.0213649	0.0213639
1334	0.0213639	0.0213629
1335	0.021363	0.0213619
1336	0.0213619	0.021361
1337	0.021361	0.02136
1338	0.02136	0.021359
1339	0.0213589	0.021358
1340	0.021358	0.021357
1341	0.021357	0.021356
1342	0.021356	0.021355
1343	0.021355	0.0213541
1344	0.021354	0.0213531
1345	0.0213531	0.0213521
1346	0.0213521	0.0213511
1347	0.0213511	0.0213501
1348	0.0213501	0.0213491
1349	0.0213491	0.0213481
1350	0.0213481	0.0213472
1351	0.0213472	0.0213462
1352	0.0213462	0.0213452
1353	0.0213452	0.0213442
1354	0.0213442	0.0213433
1355	0.0213433	0.0213423
1356	0.0213423	0.0213413
1357	0.0213413	0.0213403
1358	0.0213403	0.0213393
1359	0.0213393	0.0213384
1360	0.0213383	0.0213374
1361	0.0213374	0.0213364
1362	0.0213364	0.0213354
1363	0.0213354	0.0213345
1364	0.0213345	0.0213335
1365	0.0213335	0.0213325
1366	0.0213326	0.0213316
1367	0.0213316	0.0213306
1368	0.0213306	0.0213296
1369	0.0213296	0.0213287
1370	0.0213287	0.0213277
1371	0.0213277	0.0213268
1372	0.0213268	0.0213258
1373	0.0213258	0.0213248
1374	0.0213248	0.0213239
1375	0.0213239	0.0213229
1376	0.0213229	0.0213219
1377	0.0213219	0.021321
1378	0.021321	0.02132
1379	0.02132	0.0213191
1380	0.0213191	0.0213181
1381	0.0213181	0.0213172
1382	0.0213171	0.0213162
1383	0.0213162	0.0213152
1384	0.0213152	0.0213143
1385	0.0213143	0.0213133
1386	0.0213133	0.0213124
1387	0.0213124	0.0213114
1388	0.0213114	0.0213105
1389	0.0213105	0.0213095
1390	0.0213095	0.0213086
1391	0.0213086	0.0213076
1392	0.0213076	0.0213067
1393	0.0213067	0.0213057
1394	0.0213057	0.0213048
1395	0.0213048	0.0213039
1396	0.0213039	0.0213029
1397	0.0213029	0.021302
1398	0.021302	0.021301
1399	0.021301	0.0213001
1400	0.0213	0.0212991
1401	0.0212992	0.0212982
1402	0.0212982	0.0212972
1403	0.0212972	0.0212963
1404	0.0212963	0.0212954
1405	0.0212954	0.0212944
1406	0.0212944	0.0212935
1407	0.0212935	0.0212926
1408	0.0212926	0.0212916
1409	0.0212916	0.0212907
1410	0.0212907	0.0212898
1411	0.0212898	0.0212888
1412	0.0212888	0.0212879
1413	0.0212879	0.021287
1414	0.0212869	0.0212861
1415	0.021286	0.0212851
1416	0.0212851	0.0212842
1417	0.0212842	0.0212832
1418	0.0212832	0.0212823
1419	0.0212823	0.0212814
1420	0.0212814	0.0212804
1421	0.0212805	0.0212795
1422	0.0212795	0.0212786
1423	0.0212786	0.0212777
1424	0.0212777	0.0212768
1425	0.0212767	0.0212758
1426	0.0212758	0.0212749
1427	0.0212749	0.021274
1428	0.021274	0.0212731
1429	0.0212731	0.0212722
1430	0.0212722	0.0212712
1431	0.0212712	0.0212703
1432	0.0212703	0.0212694
1433	0.0212694	0.0212685
1434	0.0212684	0.0212676
1435	0.0212675	0.0212666
1436	0.0212666	0.0212657
1437	0.0212657	0.0212648
1438	0.0212648	0.0212639
1439	0.0212639	0.021263
1440	0.021263	0.0212621
1441	0.0212621	0.0212612
1442	0.0212611	0.0212602
1443	0.0212602	0.0212593
1444	0.0212593	0.0212584
1445	0.0212584	0.0212575
1446	0.0212575	0.0212566
1447	0.0212566	0.0212557
1448	0.0212557	0.0212548
1449	0.0212548	0.0212539
1450	0.0212539	0.021253
1451	0.021253	0.0212521
1452	0.0212521	0.0212511
1453	0.0212512	0.0212502
1454	0.0212502	0.0212493
1455	0.0212494	0.0212484
1456	0.0212484	0.0212475
1457	0.0212476	0.0212466
1458	0.0212467	0.0212457
1459	0.0212457	0.0212449
1460	0.0212448	0.0212439
1461	0.0212439	0.0212431
1462	0.0212431	0.0212422
1463	0.0212421	0.0212413
1464	0.0212412	0.0212404
1465	0.0212404	0.0212395
1466	0.0212395	0.0212386
1467	0.0212386	0.0212377
1468	0.0212377	0.0212368
1469	0.0212368	0.0212359
1470	0.0212359	0.021235
1471	0.021235	0.0212341
1472	0.0212342	0.0212332
1473	0.0212332	0.0212323
1474	0.0212323	0.0212314
1475	0.0212315	0.0212305
1476	0.0212305	0.0212296
1477	0.0212296	0.0212288
1478	0.0212288	0.0212279
1479	0.0212278	0.021227
1480	0.021227	0.0212261
1481	0.0212261	0.0212252
1482	0.0212252	0.0212244
1483	0.0212243	0.0212234
1484	0.0212234	0.0212226
1485	0.0212226	0.0212217
1486	0.0212217	0.0212208
1487	0.0212208	0.0212199
1488	0.0212199	0.021219
1489	0.021219	0.0212182
1490	0.0212182	0.0212173
1491	0.0212173	0.0212164
1492	0.0212164	0.0212155
1493	0.0212155	0.0212147
1494	0.0212146	0.0212138
1495	0.0212137	0.0212129
1496	0.0212129	0.021212
1497	0.021212	0.0212111
1498	0.0212112	0.0212103
1499	0.0212103	0.0212094
1500	0.0212094	0.0212085
1501	0.0212085	0.0212076
1502	0.0212076	0.0212068
1503	0.0212068	0.0212059
1504	0.0212059	0.021205
1505	0.021205	0.0212042
1506	0.0212042	0.0212033
1507	0.0212033	0.0212024
1508	0.0212024	0.0212016
1509	0.0212016	0.0212007
1510	0.0212007	0.0211998
1511	0.0211998	0.021199
1512	0.021199	0.0211981
1513	0.0211981	0.0211972
1514	0.0211972	0.0211964
1515	0.0211963	0.0211955
1516	0.0211955	0.0211946
1517	0.0211946	0.0211938
1518	0.0211938	0.0211929
1519	0.0211929	0.0211921
1520	0.0211921	0.0211912
1521	0.0211912	0.0211903
1522	0.0211903	0.0211895
1523	0.0211894	0.0211886
1524	0.0211886	0.0211878
1525	0.0211878	0.0211869
1526	0.0211869	0.0211861
1527	0.0211861	0.0211852
1528	0.0211852	0.0211843
1529	0.0211843	0.0211835
1530	0.0211835	0.0211826
1531	0.0211826	0.0211817
1532	0.0211817	0.0211809
1533	0.0211809	0.02118
1534	0.02118	0.0211792
1535	0.0211792	0.0211783
1536	0.0211783	0.0211775
1537	0.0211775	0.0211767
1538	0.0211767	0.0211758
1539	0.0211758	0.021175
1540	0.021175	0.0211741
1541	0.0211741	0.0211733
1542	0.0211732	0.0211724
1543	0.0211724	0.0211716
1544	0.0211716	0.0211707
1545	0.0211707	0.0211699
1546	0.0211699	0.021169
1547	0.021169	0.0211682
1548	0.0211682	0.0211673
1549	0.0211673	0.0211665
1550	0.0211665	0.0211656
1551	0.0211656	0.0211648
1552	0.0211648	0.0211639
1553	0.0211639	0.0211631
1554	0.0211631	0.0211623
1555	0.0211623	0.0211614
1556	0.0211614	0.0211606
1557	0.0211606	0.0211598
1558	0.0211598	0.0211589
1559	0.0211589	0.0211581
1560	0.0211581	0.0211573
1561	0.0211573	0.0211564
1562	0.0211564	0.0211556
1563	0.0211556	0.0211547
1564	0.0211547	0.0211539
1565	0.0211539	0.0211531
1566	0.0211531	0.0211522
1567	0.0211523	0.0211514
1568	0.0211514	0.0211506
1569	0.0211506	0.0211498
1570	0.0211497	0.0211489
1571	0.0211489	0.0211481
1572	0.0211481	0.0211473
1573	0.0211473	0.0211464
1574	0.0211464	0.0211456
1575	0.0211456	0.0211448
1576	0.0211447	0.0211439
1577	0.0211439	0.0211431
1578	0.0211431	0.0211423
1579	0.0211423	0.0211415
1580	0.0211415	0.0211406
1581	0.0211407	0.0211398
1582	0.0211398	0.021139
1583	0.021139	0.0211382
1584	0.0211382	0.0211373
1585	0.0211373	0.0211365
1586	0.0211365	0.0211357
1587	0.0211357	0.0211349
1588	0.0211349	0.0211341
1589	0.0211341	0.0211333
1590	0.0211332	0.0211324
1591	0.0211324	0.0211316
1592	0.0211316	0.0211308
1593	0.0211308	0.0211299
1594	0.02113	0.0211291
1595	0.0211292	0.0211283
1596	0.0211283	0.0211275
1597	0.0211275	0.0211267
1598	0.0211267	0.0211259
1599	0.0211259	0.021125
1600	0.0211251	0.0211243
1601	0.0211243	0.0211234
1602	0.0211234	0.0211226
1603	0.0211226	0.0211218
1604	0.0211218	0.021121
1605	0.021121	0.0211202
1606	0.0211202	0.0211194
1607	0.0211194	0.0211186
1608	0.0211185	0.0211177
1609	0.0211178	0.0211169
1610	0.021117	0.0211162
1611	0.0211161	0.0211153
1612	0.0211153	0.0211145
1613	0.0211146	0.0211137
1614	0.0211137	0.0211129
1615	0.0211129	0.0211121
1616	0.0211121	0.0211113
1617	0.0211113	0.0211105
1618	0.0211105	0.0211097
1619	0.0211097	0.0211089
1620	0.0211089	0.0211081
1621	0.0211081	0.0211073
1622	0.0211073	0.0211065
1623	0.0211065	0.0211057
1624	0.0211057	0.0211049
1625	0.0211049	0.0211041
1626	0.0211041	0.0211033
1627	0.0211033	0.0211025
1628	0.0211025	0.0211017
1629	0.0211017	0.0211009
1630	0.0211009	0.0211001
1631	0.0211001	0.0210993
1632	0.0210993	0.0210985
1633	0.0210985	0.0210977
1634	0.0210977	0.0210969
1635	0.0210969	0.0210961
1636	0.0210961	0.0210953
1637	0.0210953	0.0210945
1638	0.0210945	0.0210937
1639	0.0210937	0.021093
1640	0.021093	0.0210921
1641	0.0210921	0.0210913
1642	0.0210914	0.0210905
1643	0.0210906	0.0210898
1644	0.0210898	0.021089
1645	0.0210889	0.0210882
1646	0.0210882	0.0210874
1647	0.0210874	0.0210866
1648	0.0210866	0.0210858
1649	0.0210858	0.021085
1650	0.021085	0.0210843
1651	0.0210842	0.0210835
1652	0.0210835	0.0210827
1653	0.0210827	0.0210819
1654	0.0210819	0.0210811
1655	0.0210811	0.0210803
1656	0.0210803	0.0210795
1657	0.0210795	0.0210787
1658	0.0210788	0.021078
1659	0.021078	0.0210772
1660	0.0210772	0.0210764
1661	0.0210764	0.0210756
1662	0.0210757	0.0210748
1663	0.0210748	0.021074
1664	0.021074	0.0210733
1665	0.0210733	0.0210725
1666	0.0210725	0.0210717
1667	0.0210717	0.0210709
1668	0.0210709	0.0210701
1669	0.0210701	0.0210694
1670	0.0210694	0.0210686
1671	0.0210686	0.0210678
1672	0.0210678	0.021067
1673	0.021067	0.0210663
1674	0.0210663	0.0210655
1675	0.0210655	0.0210647
1676	0.0210647	0.021064
1677	0.0210639	0.0210632
1678	0.0210632	0.0210624
1679	0.0210624	0.0210616
1680	0.0210616	0.0210609
1681	0.0210608	0.0210601
1682	0.0210601	0.0210593
1683	0.0210593	0.0210585
1684	0.0210586	0.0210578
1685	0.0210578	0.021057
1686	0.021057	0.0210562
1687	0.0210562	0.0210555
1688	0.0210555	0.0210547
1689	0.0210547	0.0210539
1690	0.0210539	0.0210532
1691	0.0210531	0.0210524
1692	0.0210524	0.0210516
1693	0.0210516	0.0210509
1694	0.0210509	0.0210501
1695	0.0210501	0.0210493
1696	0.0210493	0.0210485
1697	0.0210485	0.0210478
1698	0.0210478	0.021047
1699	0.021047	0.0210462
1700	0.0210462	0.0210455
1701	0.0210455	0.0210447
1702	0.0210447	0.021044
1703	0.021044	0.0210432
1704	0.0210432	0.0210424
1705	0.0210425	0.0210417
1706	0.0210417	0.0210409
1707	0.0210409	0.0210402
1708	0.0210402	0.0210394
1709	0.0210394	0.0210386
1710	0.0210386	0.0210379
1711	0.0210379	0.0210371
1712	0.0210371	0.0210364
1713	0.0210364	0.0210356
1714	0.0210356	0.0210349
1715	0.0210349	0.0210341
1716	0.0210341	0.0210333
1717	0.0210333	0.0210326
1718	0.0210326	0.0210318
1719	0.0210318	0.0210311
1720	0.0210311	0.0210303
1721	0.0210303	0.0210296
1722	0.0210296	0.0210288
1723	0.0210288	0.0210281
1724	0.0210281	0.0210273
1725	0.0210274	0.0210266
1726	0.0210266	0.0210259
1727	0.0210259	0.0210251
1728	0.0210251	0.0210243
1729	0.0210243	0.0210236
1730	0.0210236	0.0210228
1731	0.0210228	0.0210221
1732	0.0210221	0.0210214
1733	0.0210213	0.0210206
1734	0.0210206	0.0210198
1735	0.0210198	0.0210191
1736	0.0210191	0.0210183
1737	0.0210183	0.0210176
1738	0.0210176	0.0210169
1739	0.0210169	0.0210161
1740	0.0210161	0.0210154
1741	0.0210154	0.0210146
1742	0.0210146	0.0210139
1743	0.0210139	0.0210131
1744	0.0210131	0.0210124
1745	0.0210124	0.0210116
1746	0.0210117	0.0210109
1747	0.0210109	0.0210102
1748	0.0210102	0.0210094
1749	0.0210094	0.0210087
1750	0.0210087	0.021008
1751	0.021008	0.0210072
1752	0.0210072	0.0210065
1753	0.0210064	0.0210057
1754	0.0210057	0.021005
1755	0.021005	0.0210042
1756	0.0210043	0.0210035
1757	0.0210036	0.0210028
1758	0.0210027	0.021002
1759	0.0210021	0.0210013
1760	0.0210013	0.0210006
1761	0.0210006	0.0209998
1762	0.0209999	0.0209991
1763	0.0209991	0.0209984
1764	0.0209984	0.0209976
1765	0.0209976	0.0209969
1766	0.0209969	0.0209962
1767	0.0209961	0.0209954
1768	0.0209955	0.0209947
1769	0.0209947	0.020994
1770	0.0209939	0.0209932
1771	0.0209932	0.0209925
1772	0.0209925	0.0209918
1773	0.0209918	0.0209911
1774	0.020991	0.0209903
1775	0.0209903	0.0209896
1776	0.0209896	0.0209889
1777	0.0209889	0.0209881
1778	0.0209881	0.0209874
1779	0.0209874	0.0209867
1780	0.0209867	0.020986
1781	0.020986	0.0209852
1782	0.0209853	0.0209845
1783	0.0209845	0.0209837
1784	0.0209838	0.020983
1785	0.020983	0.0209823
1786	0.0209823	0.0209816
1787	0.0209816	0.0209809
1788	0.0209809	0.0209802
1789	0.0209801	0.0209794
1790	0.0209794	0.0209787
1791	0.0209787	0.020978
1792	0.020978	0.0209773
1793	0.0209773	0.0209765
1794	0.0209765	0.0209758
1795	0.0209758	0.0209751
1796	0.0209751	0.0209744
1797	0.0209744	0.0209737
1798	0.0209737	0.0209729
1799	0.0209729	0.0209722
1800	0.0209722	0.0209715
1801	0.0209715	0.0209708
1802	0.0209708	0.0209701
1803	0.0209701	0.0209694
1804	0.0209694	0.0209686
1805	0.0209686	0.0209679
1806	0.0209679	0.0209672
1807	0.0209672	0.0209665
1808	0.0209665	0.0209658
1809	0.0209658	0.020965
1810	0.0209651	0.0209644
1811	0.0209644	0.0209636
1812	0.0209636	0.0209629
1813	0.0209629	0.0209622
1814	0.0209622	0.0209615
1815	0.0209615	0.0209608
1816	0.0209608	0.0209601
1817	0.0209601	0.0209594
1818	0.0209594	0.0209586
1819	0.0209587	0.0209579
1820	0.020958	0.0209572
1821	0.0209573	0.0209565
1822	0.0209565	0.0209558
1823	0.0209558	0.0209551
1824	0.0209551	0.0209544
1825	0.0209544	0.0209537
1826	0.0209537	0.020953
1827	0.020953	0.0209523
1828	0.0209523	0.0209516
1829	0.0209516	0.0209509
1830	0.0209509	0.0209502
1831	0.0209502	0.0209494
1832	0.0209495	0.0209487
1833	0.0209487	0.0209481
1834	0.0209481	0.0209473
1835	0.0209473	0.0209466
1836	0.0209467	0.020946
1837	0.020946	0.0209452
1838	0.0209452	0.0209445
1839	0.0209445	0.0209438
1840	0.0209438	0.0209431
1841	0.0209431	0.0209425
1842	0.0209425	0.0209417
1843	0.0209417	0.020941
1844	0.020941	0.0209403
1845	0.0209404	0.0209396
1846	0.0209396	0.0209389
1847	0.020939	0.0209382
1848	0.0209382	0.0209375
1849	0.0209375	0.0209368
1850	0.0209369	0.0209361
1851	0.0209361	0.0209354
1852	0.0209355	0.0209347
1853	0.0209347	0.0209341
1854	0.0209341	0.0209334
1855	0.0209334	0.0209327
1856	0.0209327	0.020932
1857	0.020932	0.0209313
1858	0.0209313	0.0209306
1859	0.0209306	0.0209299
1860	0.0209299	0.0209292
1861	0.0209292	0.0209285
1862	0.0209285	0.0209278
1863	0.0209278	0.0209271
1864	0.0209271	0.0209264
1865	0.0209264	0.0209257
1866	0.0209258	0.0209251
1867	0.0209251	0.0209244
1868	0.0209244	0.0209236
1869	0.0209236	0.020923
1870	0.020923	0.0209223
1871	0.0209223	0.0209216
1872	0.0209216	0.0209209
1873	0.0209209	0.0209202
1874	0.0209202	0.0209195
1875	0.0209196	0.0209188
1876	0.0209189	0.0209182
1877	0.0209182	0.0209175
1878	0.0209175	0.0209168
1879	0.0209168	0.0209161
1880	0.0209161	0.0209154
1881	0.0209154	0.0209147
1882	0.0209148	0.0209141
1883	0.0209141	0.0209133
1884	0.0209134	0.0209127
1885	0.0209127	0.020912
1886	0.020912	0.0209113
1887	0.0209113	0.0209106
1888	0.0209106	0.02091
1889	0.02091	0.0209093
1890	0.0209093	0.0209086
1891	0.0209086	0.0209079
1892	0.0209079	0.0209072
1893	0.0209072	0.0209065
1894	0.0209066	0.0209059
1895	0.0209058	0.0209052
1896	0.0209052	0.0209045
1897	0.0209045	0.0209038
1898	0.0209038	0.0209032
1899	0.0209032	0.0209025
1900	0.0209025	0.0209018
1901	0.0209018	0.0209011
1902	0.0209011	0.0209005
1903	0.0209005	0.0208998
1904	0.0208998	0.0208991
1905	0.0208991	0.0208984
1906	0.0208985	0.0208977
1907	0.0208977	0.0208971
1908	0.0208971	0.0208964
1909	0.0208964	0.0208957
1910	0.0208957	0.0208951
1911	0.020895	0.0208944
1912	0.0208944	0.0208937
1913	0.0208937	0.020893
1914	0.020893	0.0208923
1915	0.0208924	0.0208917
1916	0.0208917	0.020891
1917	0.020891	0.0208904
1918	0.0208904	0.0208897
1919	0.0208897	0.020889
1920	0.020889	0.0208883
1921	0.0208883	0.0208877
1922	0.0208876	0.020887
1923	0.020887	0.0208863
1924	0.0208864	0.0208857
1925	0.0208857	0.020885
1926	0.020885	0.0208843
1927	0.0208843	0.0208837
1928	0.0208837	0.020883
1929	0.020883	0.0208823
1930	0.0208823	0.0208817
1931	0.0208817	0.020881
1932	0.020881	0.0208804
1933	0.0208803	0.0208797
1934	0.0208797	0.020879
1935	0.020879	0.0208784
1936	0.0208784	0.0208777
1937	0.0208777	0.020877
1938	0.020877	0.0208763
1939	0.0208763	0.0208757
1940	0.0208757	0.020875
1941	0.020875	0.0208744
1942	0.0208744	0.0208737
1943	0.0208737	0.0208731
1944	0.0208731	0.0208724
1945	0.0208724	0.0208717
1946	0.0208717	0.0208711
1947	0.0208711	0.0208704
1948	0.0208704	0.0208697
1949	0.0208698	0.0208691
1950	0.0208691	0.0208685
1951	0.0208684	0.0208678
1952	0.0208678	0.0208671
1953	0.0208671	0.0208665
1954	0.0208664	0.0208658
1955	0.0208658	0.0208651
1956	0.0208652	0.0208645
1957	0.0208645	0.0208639
1958	0.0208638	0.0208632
1959	0.0208632	0.0208625
1960	0.0208626	0.0208619
1961	0.0208619	0.0208612
1962	0.0208613	0.0208606
1963	0.0208606	0.0208599
1964	0.0208599	0.0208593
1965	0.0208593	0.0208586
1966	0.0208586	0.020858
1967	0.020858	0.0208573
1968	0.0208573	0.0208567
1969	0.0208567	0.020856
1970	0.020856	0.0208554
1971	0.0208554	0.0208547
1972	0.0208547	0.0208541
1973	0.020854	0.0208534
1974	0.0208534	0.0208528
1975	0.0208528	0.0208521
1976	0.0208521	0.0208515
1977	0.0208515	0.0208508
1978	0.0208508	0.0208502
1979	0.0208502	0.0208495
1980	0.0208495	0.0208489
1981	0.0208489	0.0208482
1982	0.0208482	0.0208476
1983	0.0208476	0.0208469
1984	0.0208469	0.0208463
1985	0.0208463	0.0208457
1986	0.0208457	0.020845
1987	0.020845	0.0208444
1988	0.0208444	0.0208437
1989	0.0208437	0.0208431
1990	0.0208431	0.0208424
1991	0.0208424	0.0208418
1992	0.0208418	0.0208411
1993	0.0208411	0.0208405
1994	0.0208405	0.0208398
1995	0.0208398	0.0208392
1996	0.0208392	0.0208386
1997	0.0208386	0.0208379
1998	0.020838	0.0208373
1999	0.0208373	0.0208367
2000	0.0208367	0.020836
2001	0.020836	0.0208354
2002	0.0208353	0.0208347
2003	0.0208348	0.0208341
2004	0.0208341	0.0208335
2005	0.0208335	0.0208328
2006	0.0208328	0.0208322
2007	0.0208322	0.0208315
2008	0.0208315	0.0208309
2009	0.0208309	0.0208303
2010	0.0208303	0.0208297
2011	0.0208297	0.020829
2012	0.020829	0.0208284
2013	0.0208283	0.0208277
2014	0.0208277	0.0208271
2015	0.0208271	0.0208265
2016	0.0208265	0.0208258
2017	0.0208258	0.0208252
2018	0.0208252	0.0208246
2019	0.0208245	0.0208239
2020	0.0208239	0.0208233
2021	0.0208233	0.0208226
2022	0.0208227	0.020822
2023	0.0208221	0.0208214
2024	0.0208214	0.0208208
2025	0.0208208	0.0208201
2026	0.0208201	0.0208195
2027	0.0208195	0.0208189
2028	0.0208189	0.0208182
2029	0.0208183	0.0208176
2030	0.0208176	0.020817
2031	0.020817	0.0208163
2032	0.0208164	0.0208158
2033	0.0208158	0.0208151
2034	0.0208151	0.0208145
2035	0.0208145	0.0208138
2036	0.0208139	0.0208132
2037	0.0208132	0.0208126
2038	0.0208126	0.020812
2039	0.020812	0.0208113
2040	0.0208114	0.0208107
2041	0.0208107	0.0208101
2042	0.0208101	0.0208095
2043	0.0208095	0.0208088
2044	0.0208088	0.0208082
2045	0.0208082	0.0208076
2046	0.0208076	0.020807
2047	0.020807	0.0208064
2048	0.0208064	0.0208057
2049	0.0208058	0.0208051
2050	0.0208051	0.0208045
2051	0.0208045	0.0208038
2052	0.0208038	0.0208032
2053	0.0208032	0.0208026
2054	0.0208026	0.020802
2055	0.020802	0.0208014
2056	0.0208014	0.0208008
2057	0.0208008	0.0208001
2058	0.0208001	0.0207995
2059	0.0207995	0.0207989
2060	0.0207989	0.0207983
2061	0.0207983	0.0207977
2062	0.0207977	0.020797
2063	0.020797	0.0207964
2064	0.0207964	0.0207958
2065	0.0207958	0.0207952
2066	0.0207952	0.0207946
2067	0.0207946	0.0207939
2068	0.0207939	0.0207933
2069	0.0207933	0.0207927
2070	0.0207927	0.0207921
2071	0.0207921	0.0207915
2072	0.0207915	0.0207909
2073	0.0207909	0.0207902
2074	0.0207902	0.0207897
2075	0.0207897	0.020789
2076	0.020789	0.0207884
2077	0.0207884	0.0207878
2078	0.0207878	0.0207872
2079	0.0207872	0.0207866
2080	0.0207866	0.020786
2081	0.020786	0.0207854
2082	0.0207854	0.0207847
2083	0.0207847	0.0207842
2084	0.0207842	0.0207835
2085	0.0207835	0.0207829
2086	0.0207829	0.0207823
2087	0.0207823	0.0207817
2088	0.0207817	0.0207811
2089	0.0207811	0.0207805
2090	0.0207805	0.0207799
2091	0.0207799	0.0207793
2092	0.0207792	0.0207787
2093	0.0207787	0.0207781
2094	0.0207781	0.0207774
2095	0.0207775	0.0207768
2096	0.0207768	0.0207762
2097	0.0207762	0.0207756
2098	0.0207756	0.020775
2099	0.020775	0.0207744
2100	0.0207744	0.0207738
2101	0.0207738	0.0207732
2102	0.0207733	0.0207726
2103	0.0207726	0.020772
2104	0.020772	0.0207714
2105	0.0207714	0.0207708
2106	0.0207708	0.0207702
2107	0.0207702	0.0207696
2108	0.0207696	0.020769
2109	0.020769	0.0207684
2110	0.0207684	0.0207678
2111	0.0207678	0.0207672
2112	0.0207672	0.0207666
2113	0.0207666	0.0207659
2114	0.0207659	0.0207653
2115	0.0207654	0.0207648
2116	0.0207648	0.0207642
2117	0.0207642	0.0207636
2118	0.0207636	0.020763
2119	0.020763	0.0207624
2120	0.0207624	0.0207618
2121	0.0207618	0.0207612
2122	0.0207611	0.0207606
2123	0.0207606	0.02076
2124	0.02076	0.0207594
2125	0.0207594	0.0207588
2126	0.0207588	0.0207582
2127	0.0207582	0.0207576
2128	0.0207576	0.020757
2129	0.020757	0.0207564
2130	0.0207564	0.0207558
2131	0.0207558	0.0207552
2132	0.0207552	0.0207546
2133	0.0207546	0.020754
2134	0.020754	0.0207534
2135	0.0207534	0.0207528
2136	0.0207528	0.0207522
2137	0.0207522	0.0207516
2138	0.0207516	0.020751
2139	0.020751	0.0207504
2140	0.0207505	0.0207499
2141	0.0207499	0.0207493
2142	0.0207493	0.0207487
2143	0.0207487	0.0207481
2144	0.0207481	0.0207475
2145	0.0207475	0.0207469
2146	0.0207469	0.0207463
2147	0.0207463	0.0207457
2148	0.0207457	0.0207451
2149	0.0207452	0.0207446
2150	0.0207446	0.020744
2151	0.020744	0.0207434
2152	0.0207434	0.0207428
2153	0.0207428	0.0207422
2154	0.0207422	0.0207416
2155	0.0207416	0.020741
2156	0.020741	0.0207405
2157	0.0207404	0.0207398
2158	0.0207398	0.0207393
2159	0.0207393	0.0207386
2160	0.0207386	0.0207381
2161	0.0207381	0.0207375
2162	0.0207375	0.0207369
2163	0.0207369	0.0207363
2164	0.0207363	0.0207357
2165	0.0207358	0.0207351
2166	0.0207351	0.0207346
2167	0.0207346	0.020734
2168	0.020734	0.0207334
2169	0.0207334	0.0207328
2170	0.0207328	0.0207322
2171	0.0207322	0.0207317
2172	0.0207316	0.0207311
2173	0.0207311	0.0207305
2174	0.0207305	0.0207299
2175	0.0207299	0.0207293
2176	0.0207293	0.0207287
2177	0.0207287	0.0207282
2178	0.0207282	0.0207276
2179	0.0207276	0.020727
2180	0.020727	0.0207264
2181	0.0207264	0.0207259
2182	0.0207259	0.0207253
2183	0.0207253	0.0207247
2184	0.0207247	0.0207241
2185	0.0207241	0.0207235
2186	0.0207235	0.020723
2187	0.020723	0.0207224
2188	0.0207224	0.0207218
2189	0.0207218	0.0207212
2190	0.0207212	0.0207207
2191	0.0207207	0.0207201
2192	0.0207201	0.0207195
2193	0.0207195	0.0207189
2194	0.0207189	0.0207183
2195	0.0207184	0.0207178
2196	0.0207178	0.0207172
2197	0.0207172	0.0207166
2198	0.0207166	0.0207161
2199	0.0207161	0.0207155
2200	0.0207155	0.0207149
2201	0.0207149	0.0207143
2202	0.0207143	0.0207137
2203	0.0207137	0.0207132
2204	0.0207132	0.0207126
2205	0.0207126	0.020712
2206	0.020712	0.0207115
2207	0.0207115	0.0207109
2208	0.0207109	0.0207103
2209	0.0207103	0.0207098
2210	0.0207098	0.0207092
2211	0.0207092	0.0207086
2212	0.0207086	0.020708
2213	0.0207081	0.0207075
2214	0.0207075	0.0207069
2215	0.0207069	0.0207063
2216	0.0207063	0.0207057
2217	0.0207057	0.0207052
2218	0.0207052	0.0207046
2219	0.0207046	0.0207041
2220	0.0207041	0.0207035
2221	0.0207035	0.0207029
2222	0.0207029	0.0207024
2223	0.0207024	0.0207018
2224	0.0207018	0.0207012
2225	0.0207012	0.0207006
2226	0.0207006	0.0207001
2227	0.0207001	0.0206995
2228	0.0206995	0.020699
2229	0.0206989	0.0206984
2230	0.0206984	0.0206978
2231	0.0206978	0.0206973
2232	0.0206973	0.0206967
2233	0.0206967	0.0206961
2234	0.0206962	0.0206956
2235	0.0206955	0.020695
2236	0.020695	0.0206945
2237	0.0206945	0.0206939
2238	0.0206939	0.0206933
2239	0.0206933	0.0206928
2240	0.0206928	0.0206922
2241	0.0206922	0.0206917
2242	0.0206917	0.0206911
2243	0.0206911	0.0206905
2244	0.0206905	0.02069
2245	0.02069	0.0206894
2246	0.0206894	0.0206889
2247	0.0206888	0.0206883
2248	0.0206883	0.0206877
2249	0.0206877	0.0206872
2250	0.0206872	0.0206866
2251	0.0206866	0.0206861
2252	0.0206861	0.0206855
2253	0.0206855	0.020685
2254	0.0206849	0.0206844
2255	0.0206844	0.0206838
2256	0.0206838	0.0206833
2257	0.0206832	0.0206827
2258	0.0206827	0.0206822
2259	0.0206821	0.0206816
2260	0.0206816	0.020681
2261	0.020681	0.0206805
2262	0.0206805	0.0206799
2263	0.0206799	0.0206794
2264	0.0206794	0.0206788
2265	0.0206788	0.0206783
2266	0.0206783	0.0206777
2267	0.0206777	0.0206771
2268	0.0206772	0.0206766
2269	0.0206766	0.020676
2270	0.0206761	0.0206755
2271	0.0206755	0.0206749
2272	0.0206749	0.0206744
2273	0.0206744	0.0206738
2274	0.0206738	0.0206733
2275	0.0206733	0.0206727
2276	0.0206727	0.0206722
2277	0.0206722	0.0206716
2278	0.0206717	0.0206711
2279	0.020671	0.0206706
2280	0.0206706	0.02067
2281	0.0206699	0.0206694
2282	0.0206694	0.0206689
2283	0.0206689	0.0206684
2284	0.0206683	0.0206678
2285	0.0206678	0.0206672
2286	0.0206672	0.0206667
2287	0.0206667	0.0206662
2288	0.0206662	0.0206656
2289	0.0206656	0.0206651
2290	0.0206651	0.0206645
2291	0.0206645	0.0206639
2292	0.0206639	0.0206634
2293	0.0206634	0.0206628
2294	0.0206629	0.0206623
2295	0.0206623	0.0206618
2296	0.0206618	0.0206612
2297	0.0206612	0.0206607
2298	0.0206606	0.0206601
2299	0.0206601	0.0206596
2300	0.0206596	0.0206591
2301	0.020659	0.0206585
2302	0.0206585	0.020658
2303	0.020658	0.0206574
2304	0.0206574	0.0206569
2305	0.0206569	0.0206563
2306	0.0206563	0.0206558
2307	0.0206558	0.0206553
2308	0.0206552	0.0206547
2309	0.0206547	0.0206542
2310	0.0206541	0.0206536
2311	0.0206536	0.0206531
2312	0.0206531	0.0206526
2313	0.0206526	0.020652
2314	0.020652	0.0206515
2315	0.0206515	0.0206509
2316	0.0206509	0.0206504
2317	0.0206504	0.0206498
2318	0.0206498	0.0206493
2319	0.0206493	0.0206487
2320	0.0206488	0.0206482
2321	0.0206483	0.0206477
2322	0.0206477	0.0206471
2323	0.0206471	0.0206466
2324	0.0206466	0.0206461
2325	0.0206461	0.0206455
2326	0.0206455	0.020645
2327	0.020645	0.0206444
2328	0.0206444	0.0206439
2329	0.0206439	0.0206434
2330	0.0206434	0.0206429
2331	0.0206428	0.0206423
2332	0.0206423	0.0206418
2333	0.0206418	0.0206412
2334	0.0206412	0.0206407
2335	0.0206407	0.0206402
2336	0.0206402	0.0206396
2337	0.0206396	0.0206391
2338	0.0206391	0.0206386
2339	0.0206385	0.020638
2340	0.020638	0.0206375
2341	0.0206375	0.0206369
2342	0.0206369	0.0206364
2343	0.0206364	0.0206359
2344	0.0206359	0.0206354
2345	0.0206354	0.0206349
2346	0.0206349	0.0206343
2347	0.0206343	0.0206338
2348	0.0206338	0.0206333
2349	0.0206333	0.0206327
2350	0.0206327	0.0206322
2351	0.0206322	0.0206317
2352	0.0206317	0.0206311
2353	0.0206311	0.0206306
2354	0.0206306	0.0206301
2355	0.0206301	0.0206295
2356	0.0206295	0.020629
2357	0.020629	0.0206285
2358	0.0206284	0.020628
2359	0.020628	0.0206274
2360	0.0206274	0.0206269
2361	0.0206269	0.0206263
2362	0.0206263	0.0206258
2363	0.0206258	0.0206253
2364	0.0206253	0.0206248
2365	0.0206248	0.0206243
2366	0.0206243	0.0206238
2367	0.0206237	0.0206232
2368	0.0206232	0.0206227
2369	0.0206227	0.0206222
2370	0.0206222	0.0206216
2371	0.0206216	0.0206211
2372	0.0206211	0.0206206
2373	0.0206206	0.0206201
2374	0.0206201	0.0206195
2375	0.0206195	0.020619
2376	0.020619	0.0206185
2377	0.0206185	0.020618
2378	0.0206179	0.0206174
2379	0.0206174	0.0206169
2380	0.0206169	0.0206164
2381	0.0206164	0.0206159
2382	0.0206159	0.0206153
2383	0.0206154	0.0206148
2384	0.0206148	0.0206143
2385	0.0206143	0.0206138
2386	0.0206138	0.0206133
2387	0.0206133	0.0206128
2388	0.0206128	0.0206122
2389	0.0206122	0.0206117
2390	0.0206117	0.0206112
2391	0.0206112	0.0206106
2392	0.0206106	0.0206101
2393	0.0206101	0.0206096
2394	0.0206096	0.0206091
2395	0.0206091	0.0206086
2396	0.0206086	0.0206081
2397	0.0206081	0.0206075
2398	0.0206075	0.020607
2399	0.020607	0.0206065
2400	0.0206065	0.020606
2401	0.020606	0.0206055
2402	0.0206055	0.020605
2403	0.020605	0.0206044
2404	0.0206044	0.0206039
2405	0.0206039	0.0206034
2406	0.0206034	0.0206029
2407	0.0206029	0.0206024
2408	0.0206024	0.0206019
2409	0.0206019	0.0206013
2410	0.0206013	0.0206008
2411	0.0206009	0.0206003
2412	0.0206003	0.0205998
2413	0.0205998	0.0205993
2414	0.0205993	0.0205988
2415	0.0205988	0.0205983
2416	0.0205983	0.0205978
2417	0.0205978	0.0205972
2418	0.0205972	0.0205967
2419	0.0205967	0.0205962
2420	0.0205962	0.0205957
2421	0.0205957	0.0205952
2422	0.0205952	0.0205947
2423	0.0205947	0.0205941
2424	0.0205941	0.0205937
2425	0.0205937	0.0205932
2426	0.0205931	0.0205926
2427	0.0205927	0.0205921
2428	0.0205921	0.0205916
2429	0.0205916	0.0205911
2430	0.0205911	0.0205906
2431	0.0205906	0.0205901
2432	0.0205901	0.0205896
2433	0.0205896	0.020589
2434	0.0205891	0.0205885
2435	0.0205885	0.0205881
2436	0.0205881	0.0205875
2437	0.0205876	0.020587
2438	0.0205871	0.0205865
2439	0.0205865	0.020586
2440	0.0205861	0.0205855
2441	0.0205855	0.020585
2442	0.020585	0.0205845
2443	0.0205845	0.020584
2444	0.020584	0.0205835
2445	0.0205835	0.020583
2446	0.020583	0.0205825
2447	0.0205825	0.0205819
2448	0.020582	0.0205815
2449	0.0205814	0.020581
2450	0.0205809	0.0205805
2451	0.0205805	0.02058
2452	0.02058	0.0205795
2453	0.0205795	0.020579
2454	0.0205789	0.0205785
2455	0.0205784	0.0205779
2456	0.0205779	0.0205774
2457	0.0205774	0.020577
2458	0.0205769	0.0205764
2459	0.0205764	0.0205759
2460	0.0205759	0.0205754
2461	0.0205754	0.0205749
2462	0.0205749	0.0205744
2463	0.0205744	0.0205739
2464	0.0205739	0.0205734
2465	0.0205734	0.0205729
2466	0.0205729	0.0205724
2467	0.0205724	0.0205719
2468	0.0205719	0.0205714
2469	0.0205714	0.0205709
2470	0.0205709	0.0205704
2471	0.0205704	0.0205699
2472	0.0205699	0.0205694
2473	0.0205694	0.0205689
2474	0.0205689	0.0205684
2475	0.0205684	0.0205679
2476	0.0205679	0.0205674
2477	0.0205674	0.0205669
2478	0.0205669	0.0205664
2479	0.0205664	0.0205659
2480	0.0205659	0.0205655
2481	0.0205654	0.020565
2482	0.0205649	0.0205644
2483	0.0205644	0.020564
2484	0.0205639	0.0205635
2485	0.0205634	0.0205629
2486	0.020563	0.0205624
2487	0.0205624	0.020562
2488	0.020562	0.0205615
2489	0.0205615	0.020561
2490	0.020561	0.0205605
2491	0.0205605	0.0205599
2492	0.02056	0.0205595
2493	0.0205595	0.020559
2494	0.020559	0.0205585
2495	0.0205585	0.020558
2496	0.020558	0.0205575
2497	0.0205575	0.020557
2498	0.0205571	0.0205565
2499	0.0205565	0.020556
2500	0.020556	0.0205555
2501	0.0205555	0.0205551
2502	0.020555	0.0205546
2503	0.0205546	0.0205541
2504	0.0205541	0.0205536
2505	0.0205536	0.0205531
2506	0.0205531	0.0205526
2507	0.0205526	0.0205521
2508	0.0205521	0.0205516
2509	0.0205516	0.0205511
2510	0.0205511	0.0205506
2511	0.0205506	0.0205501
2512	0.0205502	0.0205496
2513	0.0205497	0.0205491
2514	0.0205492	0.0205487
2515	0.0205487	0.0205482
2516	0.0205482	0.0205477
2517	0.0205477	0.0205472
2518	0.0205473	0.0205467
2519	0.0205467	0.0205462
2520	0.0205462	0.0205457
2521	0.0205458	0.0205453
2522	0.0205453	0.0205448
2523	0.0205448	0.0205443
2524	0.0205443	0.0205438
2525	0.0205438	0.0205433
2526	0.0205433	0.0205428
2527	0.0205428	0.0205423
2528	0.0205423	0.0205419
2529	0.0205419	0.0205414
2530	0.0205414	0.0205409
2531	0.0205409	0.0205404
2532	0.0205404	0.0205399
2533	0.0205399	0.0205394
2534	0.0205394	0.0205389
2535	0.0205389	0.0205385
2536	0.0205384	0.020538
2537	0.020538	0.0205375
2538	0.0205375	0.020537
2539	0.020537	0.0205366
2540	0.0205365	0.0205361
2541	0.020536	0.0205356
2542	0.0205355	0.0205351
2543	0.0205351	0.0205346
2544	0.0205346	0.0205342
2545	0.0205341	0.0205336
2546	0.0205337	0.0205332
2547	0.0205332	0.0205327
2548	0.0205327	0.0205322
2549	0.0205322	0.0205317
2550	0.0205317	0.0205312
2551	0.0205312	0.0205308
2552	0.0205308	0.0205303
2553	0.0205303	0.0205298
2554	0.0205298	0.0205293
2555	0.0205293	0.0205288
2556	0.0205288	0.0205284
2557	0.0205284	0.0205279
2558	0.0205279	0.0205274
2559	0.0205274	0.0205269
2560	0.0205269	0.0205265
2561	0.0205264	0.020526
2562	0.020526	0.0205255
2563	0.0205255	0.020525
2564	0.020525	0.0205245
2565	0.0205245	0.0205241
2566	0.0205241	0.0205236
2567	0.0205236	0.0205231
2568	0.0205231	0.0205226
2569	0.0205226	0.0205222
2570	0.0205222	0.0205217
2571	0.0205217	0.0205212
2572	0.0205212	0.0205207
2573	0.0205207	0.0205202
2574	0.0205203	0.0205198
2575	0.0205198	0.0205193
2576	0.0205193	0.0205188
2577	0.0205189	0.0205184
2578	0.0205183	0.0205179
2579	0.0205179	0.0205174
2580	0.0205174	0.0205169
2581	0.0205169	0.0205165
2582	0.0205165	0.020516
2583	0.020516	0.0205155
2584	0.0205155	0.020515
2585	0.020515	0.0205146
2586	0.0205146	0.0205141
2587	0.0205141	0.0205136
2588	0.0205136	0.0205131
2589	0.0205131	0.0205127
2590	0.0205127	0.0205122
2591	0.0205122	0.0205117
2592	0.0205117	0.0205113
2593	0.0205113	0.0205108
2594	0.0205108	0.0205103
2595	0.0205103	0.0205098
2596	0.0205099	0.0205094
2597	0.0205094	0.0205089
2598	0.0205089	0.0205085
2599	0.0205084	0.020508
2600	0.020508	0.0205075
2601	0.0205075	0.020507
2602	0.020507	0.0205066
2603	0.0205066	0.0205061
2604	0.0205061	0.0205056
2605	0.0205056	0.0205052
2606	0.0205052	0.0205047
2607	0.0205047	0.0205043
2608	0.0205042	0.0205038
2609	0.0205038	0.0205033
2610	0.0205033	0.0205028
2611	0.0205028	0.0205024
2612	0.0205024	0.0205019
2613	0.0205019	0.0205015
2614	0.0205014	0.020501
2615	0.020501	0.0205005
2616	0.0205005	0.0205
2617	0.0205	0.0204996
2618	0.0204996	0.0204991
2619	0.0204991	0.0204986
2620	0.0204986	0.0204982
2621	0.0204982	0.0204977
2622	0.0204977	0.0204972
2623	0.0204972	0.0204968
2624	0.0204968	0.0204963
2625	0.0204963	0.0204958
2626	0.0204959	0.0204954
2627	0.0204954	0.0204949
2628	0.020495	0.0204945
2629	0.0204945	0.020494
2630	0.020494	0.0204935
2631	0.0204935	0.0204931
2632	0.0204931	0.0204926
2633	0.0204926	0.0204921
2634	0.0204921	0.0204917
2635	0.0204917	0.0204912
2636	0.0204913	0.0204908
2637	0.0204908	0.0204903
2638	0.0204903	0.0204898
2639	0.0204899	0.0204894
2640	0.0204894	0.0204889
2641	0.0204889	0.0204885
2642	0.0204885	0.020488
2643	0.020488	0.0204875
2644	0.0204875	0.0204871
2645	0.0204871	0.0204866
2646	0.0204866	0.0204861
2647	0.0204862	0.0204857
2648	0.0204857	0.0204853
2649	0.0204852	0.0204848
2650	0.0204848	0.0204843
2651	0.0204843	0.0204839
2652	0.0204839	0.0204834
2653	0.0204834	0.020483
2654	0.020483	0.0204825
2655	0.0204825	0.0204821
2656	0.0204821	0.0204816
2657	0.0204816	0.0204811
2658	0.0204811	0.0204807
2659	0.0204807	0.0204802
2660	0.0204802	0.0204798
2661	0.0204797	0.0204793
2662	0.0204793	0.0204789
2663	0.0204789	0.0204784
2664	0.0204784	0.0204779
2665	0.0204779	0.0204775
2666	0.0204775	0.0204771
2667	0.020477	0.0204766
2668	0.0204766	0.0204761
2669	0.0204761	0.0204757
2670	0.0204757	0.0204752
2671	0.0204752	0.0204748
2672	0.0204748	0.0204743
2673	0.0204743	0.0204739
2674	0.0204739	0.0204734
2675	0.0204734	0.020473
2676	0.020473	0.0204725
2677	0.0204725	0.020472
2678	0.0204721	0.0204716
2679	0.0204716	0.0204712
2680	0.0204711	0.0204707
2681	0.0204707	0.0204702
2682	0.0204702	0.0204698
2683	0.0204698	0.0204694
2684	0.0204693	0.0204689
2685	0.0204689	0.0204684
2686	0.0204684	0.020468
2687	0.020468	0.0204675
2688	0.0204675	0.0204671
2689	0.0204671	0.0204666
2690	0.0204667	0.0204662
2691	0.0204662	0.0204657
2692	0.0204657	0.0204653
2693	0.0204653	0.0204649
2694	0.0204648	0.0204644
2695	0.0204644	0.0204639
2696	0.0204639	0.0204635
2697	0.0204635	0.020463
2698	0.020463	0.0204626
2699	0.0204626	0.0204621
2700	0.0204622	0.0204617
2701	0.0204617	0.0204613
2702	0.0204612	0.0204608
2703	0.0204608	0.0204604
2704	0.0204603	0.0204599
2705	0.0204599	0.0204595
2706	0.0204595	0.020459
2707	0.0204591	0.0204586
2708	0.0204586	0.0204581
2709	0.0204581	0.0204577
2710	0.0204577	0.0204573
2711	0.0204573	0.0204568
2712	0.0204568	0.0204564
2713	0.0204563	0.0204559
2714	0.0204559	0.0204555
2715	0.0204555	0.020455
2716	0.020455	0.0204546
2717	0.0204546	0.0204541
2718	0.0204541	0.0204536
2719	0.0204536	0.0204532
2720	0.0204532	0.0204528
2721	0.0204528	0.0204524
2722	0.0204523	0.0204519
2723	0.0204519	0.0204515
2724	0.0204515	0.020451
2725	0.020451	0.0204506
2726	0.0204506	0.0204501
2727	0.0204502	0.0204497
2728	0.0204497	0.0204493
2729	0.0204492	0.0204488
2730	0.0204488	0.0204484
2731	0.0204484	0.020448
2732	0.0204479	0.0204475
2733	0.0204475	0.020447
2734	0.020447	0.0204466
2735	0.0204466	0.0204462
2736	0.0204462	0.0204457
2737	0.0204458	0.0204453
2738	0.0204453	0.0204448
2739	0.0204449	0.0204444
2740	0.0204444	0.0204439
2741	0.0204439	0.0204435
2742	0.0204435	0.0204431
2743	0.0204431	0.0204426
2744	0.0204426	0.0204422
2745	0.0204422	0.0204418
2746	0.0204418	0.0204413
2747	0.0204413	0.0204409
2748	0.0204409	0.0204404
2749	0.0204405	0.02044
2750	0.02044	0.0204396
2751	0.0204396	0.0204392
2752	0.0204392	0.0204387
2753	0.0204387	0.0204383
2754	0.0204383	0.0204378
2755	0.0204379	0.0204374
2756	0.0204374	0.020437
2757	0.020437	0.0204365
2758	0.0204365	0.0204361
2759	0.0204361	0.0204357
2760	0.0204357	0.0204352
2761	0.0204352	0.0204348
2762	0.0204348	0.0204343
2763	0.0204343	0.0204339
2764	0.0204339	0.0204335
2765	0.0204334	0.020433
2766	0.020433	0.0204326
2767	0.0204326	0.0204322
2768	0.0204322	0.0204317
2769	0.0204317	0.0204313
2770	0.0204313	0.0204309
2771	0.0204309	0.0204304
2772	0.0204304	0.02043
2773	0.02043	0.0204296
2774	0.0204296	0.0204291
2775	0.0204291	0.0204287
2776	0.0204287	0.0204283
2777	0.0204282	0.0204278
2778	0.0204278	0.0204274
2779	0.0204274	0.020427
2780	0.020427	0.0204265
2781	0.0204265	0.0204261
2782	0.0204261	0.0204257
2783	0.0204257	0.0204253
2784	0.0204252	0.0204248
2785	0.0204248	0.0204244
2786	0.0204244	0.0204239
2787	0.0204239	0.0204235
2788	0.0204235	0.0204231
2789	0.0204231	0.0204227
2790	0.0204227	0.0204223
2791	0.0204223	0.0204218
2792	0.0204218	0.0204214
2793	0.0204214	0.020421
2794	0.020421	0.0204205
2795	0.0204205	0.0204201
2796	0.0204201	0.0204197
2797	0.0204197	0.0204192
2798	0.0204192	0.0204188
2799	0.0204188	0.0204184
2800	0.0204184	0.020418
2801	0.020418	0.0204175
2802	0.0204175	0.0204171
2803	0.0204171	0.0204167
2804	0.0204167	0.0204162
2805	0.0204162	0.0204158
2806	0.0204158	0.0204154
2807	0.0204154	0.020415
2808	0.0204149	0.0204145
2809	0.0204145	0.0204141
2810	0.0204141	0.0204137
2811	0.0204137	0.0204133
2812	0.0204133	0.0204129
2813	0.0204129	0.0204124
2814	0.0204124	0.0204119
2815	0.020412	0.0204116
2816	0.0204116	0.0204111
2817	0.0204112	0.0204107
2818	0.0204107	0.0204103
2819	0.0204103	0.0204099
2820	0.0204099	0.0204094
2821	0.0204094	0.020409
2822	0.020409	0.0204086
2823	0.0204086	0.0204082
2824	0.0204082	0.0204078
2825	0.0204078	0.0204073
2826	0.0204073	0.0204069
2827	0.0204069	0.0204065
2828	0.0204065	0.0204061
2829	0.0204061	0.0204056
2830	0.0204057	0.0204052
2831	0.0204052	0.0204048
2832	0.0204048	0.0204044
2833	0.0204044	0.020404
2834	0.0204039	0.0204035
2835	0.0204035	0.0204031
2836	0.0204031	0.0204027
2837	0.0204027	0.0204023
2838	0.0204023	0.0204018
2839	0.0204018	0.0204014
2840	0.0204014	0.020401
2841	0.020401	0.0204006
2842	0.0204006	0.0204001
2843	0.0204001	0.0203997
2844	0.0203997	0.0203993
2845	0.0203993	0.0203989
2846	0.0203989	0.0203985
2847	0.0203985	0.0203981
2848	0.0203981	0.0203976
2849	0.0203976	0.0203973
2850	0.0203973	0.0203968
2851	0.0203968	0.0203964
2852	0.0203964	0.0203959
2853	0.020396	0.0203956
2854	0.0203956	0.0203951
2855	0.0203951	0.0203947
2856	0.0203947	0.0203943
2857	0.0203943	0.0203939
2858	0.0203939	0.0203935
2859	0.0203935	0.0203931
2860	0.0203931	0.0203926
2861	0.0203927	0.0203922
2862	0.0203922	0.0203918
2863	0.0203918	0.0203914
2864	0.0203914	0.020391
2865	0.020391	0.0203906
2866	0.0203906	0.0203901
2867	0.0203901	0.0203897
2868	0.0203897	0.0203893
2869	0.0203893	0.0203889
2870	0.0203889	0.0203885
2871	0.0203885	0.0203881
2872	0.0203881	0.0203876
2873	0.0203876	0.0203873
2874	0.0203872	0.0203868
2875	0.0203868	0.0203864
2876	0.0203864	0.020386
2877	0.020386	0.0203856
2878	0.0203856	0.0203852
2879	0.0203852	0.0203848
2880	0.0203848	0.0203843
2881	0.0203843	0.0203839
2882	0.020384	0.0203835
2883	0.0203835	0.0203831
2884	0.0203831	0.0203827
2885	0.0203827	0.0203823
2886	0.0203823	0.0203819
2887	0.0203819	0.0203815
2888	0.0203815	0.0203811
2889	0.0203811	0.0203806
2890	0.0203806	0.0203802
2891	0.0203802	0.0203798
2892	0.0203798	0.0203794
2893	0.0203794	0.020379
2894	0.020379	0.0203786
2895	0.0203786	0.0203782
2896	0.0203782	0.0203777
2897	0.0203777	0.0203774
2898	0.0203773	0.0203769
2899	0.0203769	0.0203765
2900	0.0203765	0.0203761
2901	0.0203761	0.0203757
2902	0.0203757	0.0203753
2903	0.0203753	0.0203749
2904	0.0203749	0.0203745
2905	0.0203745	0.0203741
2906	0.0203741	0.0203737
2907	0.0203737	0.0203732
2908	0.0203733	0.0203729
2909	0.0203728	0.0203725
2910	0.0203725	0.020372
2911	0.020372	0.0203716
2912	0.0203716	0.0203712
2913	0.0203712	0.0203708
2914	0.0203708	0.0203704
2915	0.0203704	0.02037
2916	0.02037	0.0203696
2917	0.0203696	0.0203692
2918	0.0203693	0.0203688
2919	0.0203688	0.0203684
2920	0.0203684	0.020368
2921	0.020368	0.0203675
2922	0.0203675	0.0203672
2923	0.0203672	0.0203668
2924	0.0203668	0.0203664
2925	0.0203663	0.020366
2926	0.0203659	0.0203656
2927	0.0203656	0.0203652
2928	0.0203651	0.0203647
2929	0.0203647	0.0203643
2930	0.0203644	0.020364
2931	0.0203639	0.0203635
2932	0.0203635	0.0203631
2933	0.0203631	0.0203627
2934	0.0203627	0.0203623
2935	0.0203623	0.0203619
2936	0.0203619	0.0203615
2937	0.0203615	0.0203611
2938	0.0203611	0.0203607
2939	0.0203607	0.0203603
2940	0.0203603	0.0203599
2941	0.0203599	0.0203595
2942	0.0203595	0.0203591
2943	0.0203591	0.0203587
2944	0.0203587	0.0203583
2945	0.0203583	0.0203579
2946	0.0203579	0.0203575
2947	0.0203575	0.0203571
2948	0.0203571	0.0203567
2949	0.0203567	0.0203563
2950	0.0203563	0.0203559
2951	0.0203559	0.0203555
2952	0.0203555	0.0203551
2953	0.0203551	0.0203547
2954	0.0203547	0.0203543
2955	0.0203543	0.0203539
2956	0.0203539	0.0203535
2957	0.0203535	0.0203531
2958	0.0203531	0.0203527
2959	0.0203527	0.0203523
2960	0.0203523	0.0203519
2961	0.0203519	0.0203515
2962	0.0203515	0.0203511
2963	0.0203511	0.0203507
2964	0.0203507	0.0203503
2965	0.0203503	0.0203499
2966	0.0203499	0.0203495
2967	0.0203495	0.0203491
2968	0.0203491	0.0203487
2969	0.0203487	0.0203483
2970	0.0203483	0.0203479
2971	0.0203479	0.0203475
2972	0.0203475	0.0203471
2973	0.0203471	0.0203467
2974	0.0203467	0.0203463
2975	0.0203463	0.020346
2976	0.020346	0.0203455
2977	0.0203455	0.0203451
2978	0.0203451	0.0203447
2979	0.0203447	0.0203444
2980	0.0203443	0.0203439
2981	0.020344	0.0203436
2982	0.0203436	0.0203432
2983	0.0203431	0.0203428
2984	0.0203428	0.0203424
2985	0.0203424	0.020342
2986	0.020342	0.0203416
2987	0.0203416	0.0203412
2988	0.0203412	0.0203408
2989	0.0203408	0.0203404
2990	0.0203403	0.02034
2991	0.02034	0.0203396
2992	0.0203396	0.0203392
2993	0.0203392	0.0203388
2994	0.0203388	0.0203384
2995	0.0203385	0.020338
2996	0.020338	0.0203377
2997	0.0203377	0.0203373
2998	0.0203373	0.0203369
2999	0.0203368	0.0203365
3000	0.0203365	0.0203361
3001	0.0203361	0.0203357
3002	0.0203357	0.0203353
3003	0.0203353	0.0203349
3004	0.0203349	0.0203345
3005	0.0203345	0.0203341
3006	0.0203341	0.0203337
3007	0.0203337	0.0203333
3008	0.0203333	0.0203329
3009	0.0203329	0.0203325
3010	0.0203326	0.0203321
3011	0.0203322	0.0203317
3012	0.0203317	0.0203314
3013	0.0203314	0.020331
3014	0.020331	0.0203306
3015	0.0203306	0.0203302
3016	0.0203302	0.0203298
3017	0.0203298	0.0203294
3018	0.0203294	0.020329
3019	0.020329	0.0203286
3020	0.0203287	0.0203283
3021	0.0203282	0.0203279
3022	0.0203279	0.0203275
3023	0.0203275	0.0203271
3024	0.0203271	0.0203267
3025	0.0203267	0.0203263
3026	0.0203264	0.0203259
3027	0.0203259	0.0203255
3028	0.0203256	0.0203251
3029	0.0203251	0.0203247
3030	0.0203248	0.0203244
3031	0.0203244	0.020324
3032	0.020324	0.0203236
3033	0.0203236	0.0203232
3034	0.0203232	0.0203228
3035	0.0203228	0.0203224
3036	0.0203225	0.0203221
3037	0.0203221	0.0203217
3038	0.0203217	0.0203213
3039	0.0203213	0.0203209
3040	0.0203209	0.0203205
3041	0.0203205	0.0203201
3042	0.0203201	0.0203198
3043	0.0203197	0.0203194
3044	0.0203193	0.020319
3045	0.020319	0.0203186
3046	0.0203186	0.0203182
3047	0.0203182	0.0203178
3048	0.0203178	0.0203174
3049	0.0203174	0.0203171
3050	0.0203171	0.0203167
3051	0.0203166	0.0203163
3052	0.0203163	0.0203159
3053	0.0203159	0.0203155
3054	0.0203155	0.0203151
3055	0.0203151	0.0203148
3056	0.0203148	0.0203144
3057	0.0203144	0.020314
3058	0.020314	0.0203136
3059	0.0203136	0.0203132
3060	0.0203132	0.0203128
3061	0.0203128	0.0203125
3062	0.0203124	0.0203121
3063	0.0203121	0.0203117
3064	0.0203117	0.0203113
3065	0.0203113	0.0203109
3066	0.0203109	0.0203106
3067	0.0203105	0.0203102
3068	0.0203101	0.0203098
3069	0.0203098	0.0203094
3070	0.0203094	0.020309
3071	0.020309	0.0203086
3072	0.0203086	0.0203082
3073	0.0203083	0.0203079
3074	0.0203079	0.0203075
3075	0.0203075	0.0203071
3076	0.0203071	0.0203067
3077	0.0203067	0.0203063
3078	0.0203063	0.020306
3079	0.020306	0.0203056
3080	0.0203056	0.0203052
3081	0.0203052	0.0203048
3082	0.0203048	0.0203044
3083	0.0203045	0.0203041
3084	0.0203041	0.0203037
3085	0.0203037	0.0203033
3086	0.0203033	0.0203029
3087	0.0203029	0.0203026
3088	0.0203025	0.0203022
3089	0.0203022	0.0203018
3090	0.0203018	0.0203014
3091	0.0203014	0.0203011
3092	0.0203011	0.0203006
3093	0.0203006	0.0203003
3094	0.0203003	0.0202999
3095	0.0202999	0.0202995
3096	0.0202995	0.0202992
3097	0.0202992	0.0202988
3098	0.0202988	0.0202984
3099	0.0202984	0.020298
3100	0.0202981	0.0202977
3101	0.0202977	0.0202973
3102	0.0202973	0.0202969
3103	0.0202969	0.0202965
3104	0.0202965	0.0202961
3105	0.0202961	0.0202958
3106	0.0202958	0.0202954
3107	0.0202954	0.020295
3108	0.020295	0.0202946
3109	0.0202947	0.0202943
3110	0.0202943	0.0202939
3111	0.0202939	0.0202935
3112	0.0202935	0.0202932
3113	0.0202932	0.0202928
3114	0.0202928	0.0202924
3115	0.0202924	0.020292
3116	0.020292	0.0202916
3117	0.0202916	0.0202913
3118	0.0202913	0.0202909
3119	0.0202909	0.0202905
3120	0.0202906	0.0202901
3121	0.0202901	0.0202898
3122	0.0202898	0.0202894
3123	0.0202894	0.020289
3124	0.020289	0.0202887
3125	0.0202887	0.0202883
3126	0.0202883	0.0202879
3127	0.0202879	0.0202876
3128	0.0202876	0.0202872
3129	0.0202872	0.0202868
3130	0.0202868	0.0202864
3131	0.0202864	0.0202861
3132	0.020286	0.0202857
3133	0.0202857	0.0202853
3134	0.0202853	0.020285
3135	0.020285	0.0202846
3136	0.0202846	0.0202842
3137	0.0202842	0.0202838
3138	0.0202838	0.0202835
3139	0.0202835	0.0202831
3140	0.0202831	0.0202827
3141	0.0202827	0.0202824
3142	0.0202824	0.020282
3143	0.020282	0.0202816
3144	0.0202816	0.0202813
3145	0.0202813	0.0202809
3146	0.0202808	0.0202805
3147	0.0202805	0.0202801
3148	0.0202801	0.0202797
3149	0.0202798	0.0202794
3150	0.0202794	0.020279
3151	0.020279	0.0202787
3152	0.0202786	0.0202783
3153	0.0202783	0.0202779
3154	0.0202779	0.0202775
3155	0.0202775	0.0202772
3156	0.0202772	0.0202768
3157	0.0202768	0.0202764
3158	0.0202764	0.0202761
3159	0.0202761	0.0202757
3160	0.0202757	0.0202753
3161	0.0202753	0.020275
3162	0.020275	0.0202746
3163	0.0202746	0.0202742
3164	0.0202742	0.0202739
3165	0.0202738	0.0202735
3166	0.0202735	0.0202731
3167	0.0202731	0.0202728
3168	0.0202728	0.0202724
3169	0.0202724	0.020272
3170	0.020272	0.0202717
3171	0.0202717	0.0202713
3172	0.0202713	0.020271
3173	0.0202709	0.0202706
3174	0.0202706	0.0202702
3175	0.0202702	0.0202699
3176	0.0202699	0.0202695
3177	0.0202695	0.0202691
3178	0.0202691	0.0202688
3179	0.0202688	0.0202684
3180	0.0202683	0.020268
3181	0.020268	0.0202677
3182	0.0202677	0.0202673
3183	0.0202673	0.0202669
3184	0.0202669	0.0202665
3185	0.0202665	0.0202662
3186	0.0202662	0.0202658
3187	0.0202658	0.0202655
3188	0.0202655	0.0202651
3189	0.0202651	0.0202647
3190	0.0202647	0.0202644
3191	0.0202644	0.020264
3192	0.020264	0.0202636
3193	0.0202636	0.0202633
3194	0.0202633	0.0202629
3195	0.0202629	0.0202626
3196	0.0202626	0.0202622
3197	0.0202622	0.0202618
3198	0.0202618	0.0202615
3199	0.0202615	0.0202611
3200	0.0202611	0.0202607
3201	0.0202607	0.0202604
3202	0.0202604	0.02026
3203	0.02026	0.0202596
3204	0.0202597	0.0202593
3205	0.0202593	0.0202589
3206	0.0202589	0.0202586
3207	0.0202586	0.0202582
3208	0.0202582	0.0202578
3209	0.0202578	0.0202575
3210	0.0202575	0.0202572
3211	0.0202572	0.0202568
3212	0.0202568	0.0202564
3213	0.0202564	0.0202561
3214	0.0202561	0.0202557
3215	0.0202557	0.0202553
3216	0.0202553	0.020255
3217	0.020255	0.0202546
3218	0.0202546	0.0202543
3219	0.0202542	0.0202539
3220	0.0202539	0.0202535
3221	0.0202536	0.0202532
3222	0.0202532	0.0202528
3223	0.0202528	0.0202525
3224	0.0202525	0.0202521
3225	0.0202521	0.0202517
3226	0.0202517	0.0202514
3227	0.0202514	0.020251
3228	0.020251	0.0202507
3229	0.0202507	0.0202503
3230	0.0202503	0.0202499
3231	0.0202499	0.0202496
3232	0.0202496	0.0202493
3233	0.0202493	0.0202489
3234	0.0202489	0.0202485
3235	0.0202485	0.0202482
3236	0.0202482	0.0202478
3237	0.0202478	0.0202474
3238	0.0202474	0.0202471
3239	0.0202471	0.0202468
3240	0.0202468	0.0202464
3241	0.0202464	0.020246
3242	0.020246	0.0202457
3243	0.0202457	0.0202453
3244	0.0202453	0.020245
3245	0.020245	0.0202446
3246	0.0202446	0.0202442
3247	0.0202442	0.0202439
3248	0.0202439	0.0202436
3249	0.0202436	0.0202432
3250	0.0202432	0.0202428
3251	0.0202428	0.0202425
3252	0.0202425	0.0202421
3253	0.0202421	0.0202418
3254	0.0202418	0.0202414
3255	0.0202414	0.0202411
3256	0.0202411	0.0202407
3257	0.0202407	0.0202403
3258	0.0202404	0.02024
3259	0.02024	0.0202396
3260	0.0202396	0.0202393
3261	0.0202393	0.0202389
3262	0.0202389	0.0202386
3263	0.0202386	0.0202382
3264	0.0202382	0.0202379
3265	0.0202379	0.0202375
3266	0.0202375	0.0202371
3267	0.0202371	0.0202368
3268	0.0202368	0.0202365
3269	0.0202364	0.0202361
3270	0.0202361	0.0202358
3271	0.0202358	0.0202354
3272	0.0202354	0.0202351
3273	0.0202351	0.0202347
3274	0.0202347	0.0202344
3275	0.0202344	0.020234
3276	0.020234	0.0202336
3277	0.0202336	0.0202333
3278	0.0202333	0.0202329
3279	0.0202329	0.0202326
3280	0.0202326	0.0202322
3281	0.0202322	0.0202319
3282	0.0202319	0.0202315
3283	0.0202315	0.0202312
3284	0.0202312	0.0202308
3285	0.0202309	0.0202305
3286	0.0202305	0.0202301
3287	0.0202301	0.0202298
3288	0.0202298	0.0202294
3289	0.0202294	0.0202291
3290	0.0202291	0.0202287
3291	0.0202287	0.0202284
3292	0.0202284	0.020228
3293	0.020228	0.0202277
3294	0.0202277	0.0202273
3295	0.0202273	0.020227
3296	0.020227	0.0202266
3297	0.0202266	0.0202263
3298	0.0202263	0.0202259
3299	0.0202259	0.0202256
3300	0.0202256	0.0202252
3301	0.0202252	0.0202249
3302	0.0202249	0.0202246
3303	0.0202246	0.0202242
3304	0.0202242	0.0202238
3305	0.0202238	0.0202235
3306	0.0202235	0.0202231
3307	0.0202231	0.0202228
3308	0.0202228	0.0202225
3309	0.0202224	0.0202221
3310	0.0202221	0.0202218
3311	0.0202217	0.0202214
3312	0.0202214	0.0202211
3313	0.0202211	0.0202207
3314	0.0202207	0.0202204
3315	0.0202204	0.02022
3316	0.02022	0.0202197
3317	0.0202197	0.0202193
3318	0.0202193	0.020219
3319	0.020219	0.0202186
3320	0.0202186	0.0202183
3321	0.0202183	0.0202179
3322	0.0202179	0.0202176
3323	0.0202176	0.0202172
3324	0.0202173	0.0202169
3325	0.0202169	0.0202166
3326	0.0202166	0.0202162
3327	0.0202162	0.0202159
3328	0.0202158	0.0202155
3329	0.0202155	0.0202152
3330	0.0202152	0.0202148
3331	0.0202148	0.0202145
3332	0.0202145	0.0202141
3333	0.0202142	0.0202138
3334	0.0202138	0.0202134
3335	0.0202135	0.0202131
3336	0.0202131	0.0202127
3337	0.0202128	0.0202124
3338	0.0202125	0.0202121
3339	0.0202121	0.0202117
3340	0.0202117	0.0202114
3341	0.0202114	0.0202111
3342	0.020211	0.0202107
3343	0.0202107	0.0202104
3344	0.0202104	0.02021
3345	0.02021	0.0202097
3346	0.0202097	0.0202093
3347	0.0202094	0.020209
3348	0.020209	0.0202086
3349	0.0202086	0.0202083
3350	0.0202083	0.020208
3351	0.020208	0.0202076
3352	0.0202076	0.0202073
3353	0.0202073	0.0202069
3354	0.0202069	0.0202066
3355	0.0202066	0.0202063
3356	0.0202063	0.0202059
3357	0.0202059	0.0202055
3358	0.0202055	0.0202052
3359	0.0202052	0.0202049
3360	0.0202049	0.0202045
3361	0.0202045	0.0202042
3362	0.0202042	0.0202039
3363	0.0202039	0.0202035
3364	0.0202035	0.0202031
3365	0.0202031	0.0202028
3366	0.0202028	0.0202025
3367	0.0202025	0.0202022
3368	0.0202022	0.0202018
3369	0.0202018	0.0202015
3370	0.0202015	0.0202011
3371	0.0202012	0.0202008
3372	0.0202008	0.0202004
3373	0.0202004	0.0202001
3374	0.0202001	0.0201998
3375	0.0201998	0.0201995
3376	0.0201995	0.0201991
3377	0.0201991	0.0201988
3378	0.0201987	0.0201984
3379	0.0201984	0.020198
3380	0.020198	0.0201977
3381	0.0201978	0.0201974
3382	0.0201974	0.020197
3383	0.0201971	0.0201967
3384	0.0201967	0.0201964
3385	0.0201964	0.020196
3386	0.0201961	0.0201957
3387	0.0201957	0.0201954
3388	0.0201954	0.020195
3389	0.020195	0.0201947
3390	0.0201947	0.0201944
3391	0.0201944	0.020194
3392	0.020194	0.0201937
3393	0.0201937	0.0201934
3394	0.0201934	0.020193
3395	0.020193	0.0201927
3396	0.0201927	0.0201924
3397	0.0201924	0.020192
3398	0.020192	0.0201916
3399	0.0201916	0.0201913
3400	0.0201914	0.020191
3401	0.020191	0.0201906
3402	0.0201906	0.0201903
3403	0.0201903	0.02019
3404	0.02019	0.0201896
3405	0.0201896	0.0201893
3406	0.0201893	0.020189
3407	0.020189	0.0201886
3408	0.0201886	0.0201883
3409	0.0201883	0.020188
3410	0.020188	0.0201876
3411	0.0201876	0.0201873
3412	0.0201873	0.020187
3413	0.020187	0.0201866
3414	0.0201866	0.0201863
3415	0.0201863	0.0201859
3416	0.0201859	0.0201856
3417	0.0201856	0.0201853
3418	0.0201853	0.020185
3419	0.020185	0.0201846
3420	0.0201846	0.0201843
3421	0.0201843	0.020184
3422	0.020184	0.0201836
3423	0.0201836	0.0201833
3424	0.0201833	0.020183
3425	0.020183	0.0201826
3426	0.0201826	0.0201823
3427	0.0201823	0.020182
3428	0.020182	0.0201816
3429	0.0201816	0.0201813
3430	0.0201813	0.020181
3431	0.020181	0.0201806
3432	0.0201806	0.0201803
3433	0.0201803	0.02018
3434	0.02018	0.0201796
3435	0.0201796	0.0201793
3436	0.0201793	0.0201789
3437	0.020179	0.0201786
3438	0.0201786	0.0201783
3439	0.0201783	0.020178
3440	0.020178	0.0201776
3441	0.0201776	0.0201773
3442	0.0201773	0.020177
3443	0.020177	0.0201766
3444	0.0201766	0.0201763
3445	0.0201763	0.020176
3446	0.020176	0.0201756
3447	0.0201756	0.0201753
3448	0.0201753	0.020175
3449	0.020175	0.0201746
3450	0.0201746	0.0201743
3451	0.0201743	0.020174
3452	0.020174	0.0201737
3453	0.0201737	0.0201734
3454	0.0201734	0.020173
3455	0.020173	0.0201727
3456	0.0201727	0.0201723
3457	0.0201723	0.020172
3458	0.020172	0.0201717
3459	0.0201717	0.0201713
3460	0.0201714	0.020171
3461	0.020171	0.0201707
3462	0.0201707	0.0201704
3463	0.0201704	0.02017
3464	0.02017	0.0201697
3465	0.0201697	0.0201693
3466	0.0201694	0.020169
3467	0.020169	0.0201687
3468	0.0201687	0.0201684
3469	0.0201684	0.020168
3470	0.020168	0.0201677
3471	0.0201677	0.0201674
3472	0.0201674	0.0201671
3473	0.0201671	0.0201667
3474	0.0201667	0.0201664
3475	0.0201664	0.0201661
3476	0.0201661	0.0201657
3477	0.0201657	0.0201654
3478	0.0201654	0.0201651
3479	0.0201651	0.0201648
3480	0.0201648	0.0201644
3481	0.0201645	0.0201641
3482	0.0201641	0.0201638
3483	0.0201638	0.0201634
3484	0.0201635	0.0201631
3485	0.0201631	0.0201628
3486	0.0201628	0.0201625
3487	0.0201625	0.0201622
3488	0.0201622	0.0201618
3489	0.0201618	0.0201615
3490	0.0201615	0.0201612
3491	0.0201612	0.0201608
3492	0.0201608	0.0201605
3493	0.0201605	0.0201602
3494	0.0201602	0.0201599
3495	0.0201599	0.0201595
3496	0.0201595	0.0201592
3497	0.0201592	0.0201589
3498	0.0201589	0.0201586
3499	0.0201586	0.0201582
3500	0.0201582	0.0201579
3501	0.0201579	0.0201576
3502	0.0201576	0.0201573
3503	0.0201573	0.0201569
3504	0.0201569	0.0201566
3505	0.0201566	0.0201563
3506	0.0201563	0.020156
3507	0.020156	0.0201556
3508	0.0201556	0.0201553
3509	0.0201554	0.020155
3510	0.020155	0.0201547
3511	0.0201547	0.0201544
3512	0.0201544	0.020154
3513	0.020154	0.0201537
3514	0.0201537	0.0201534
3515	0.0201534	0.020153
3516	0.020153	0.0201527
3517	0.0201527	0.0201524
3518	0.0201524	0.0201521
3519	0.0201521	0.0201518
3520	0.0201518	0.0201514
3521	0.0201515	0.0201511
3522	0.0201511	0.0201508
3523	0.0201508	0.0201505
3524	0.0201505	0.0201502
3525	0.0201502	0.0201498
3526	0.0201498	0.0201495
3527	0.0201495	0.0201492
3528	0.0201492	0.0201489
3529	0.0201488	0.0201486
3530	0.0201486	0.0201482
3531	0.0201482	0.0201479
3532	0.0201479	0.0201476
3533	0.0201476	0.0201473
3534	0.0201473	0.020147
3535	0.0201469	0.0201466
3536	0.0201466	0.0201463
3537	0.0201463	0.0201459
3538	0.0201459	0.0201456
3539	0.0201456	0.0201453
3540	0.0201453	0.020145
3541	0.020145	0.0201447
3542	0.0201447	0.0201444
3543	0.0201444	0.0201441
3544	0.020144	0.0201437
3545	0.0201437	0.0201434
3546	0.0201434	0.0201431
3547	0.0201431	0.0201427
3548	0.0201427	0.0201424
3549	0.0201424	0.0201421
3550	0.0201421	0.0201418
3551	0.0201418	0.0201415
3552	0.0201415	0.0201412
3553	0.0201412	0.0201408
3554	0.0201408	0.0201405
3555	0.0201405	0.0201402
3556	0.0201402	0.0201399
3557	0.0201399	0.0201396
3558	0.0201396	0.0201392
3559	0.0201392	0.0201389
3560	0.0201389	0.0201386
3561	0.0201386	0.0201383
3562	0.0201383	0.020138
3563	0.020138	0.0201376
3564	0.0201377	0.0201373
3565	0.0201373	0.020137
3566	0.020137	0.0201367
3567	0.0201367	0.0201364
3568	0.0201364	0.020136
3569	0.020136	0.0201357
3570	0.0201358	0.0201354
3571	0.0201354	0.0201351
3572	0.0201351	0.0201348
3573	0.0201348	0.0201345
3574	0.0201345	0.0201342
3575	0.0201341	0.0201338
3576	0.0201338	0.0201335
3577	0.0201335	0.0201332
3578	0.0201332	0.0201329
3579	0.0201329	0.0201326
3580	0.0201326	0.0201323
3581	0.0201322	0.0201319
3582	0.0201319	0.0201316
3583	0.0201316	0.0201313
3584	0.0201313	0.020131
3585	0.020131	0.0201307
3586	0.0201307	0.0201304
3587	0.0201304	0.02013
3588	0.02013	0.0201297
3589	0.0201297	0.0201294
3590	0.0201294	0.0201291
3591	0.0201291	0.0201288
3592	0.0201288	0.0201285
3593	0.0201284	0.0201281
3594	0.0201281	0.0201278
3595	0.0201278	0.0201275
3596	0.0201275	0.0201272
3597	0.0201272	0.0201269
3598	0.0201269	0.0201266
3599	0.0201266	0.0201262
3600	0.0201262	0.0201259
3601	0.0201259	0.0201256
3602	0.0201256	0.0201253
3603	0.0201253	0.020125
3604	0.020125	0.0201247
3605	0.0201247	0.0201244
3606	0.0201244	0.0201241
3607	0.020124	0.0201237
3608	0.0201237	0.0201234
3609	0.0201234	0.0201231
3610	0.0201231	0.0201228
3611	0.0201228	0.0201225
3612	0.0201225	0.0201222
3613	0.0201222	0.0201219
3614	0.0201219	0.0201216
3615	0.0201216	0.0201212
3616	0.0201212	0.0201209
3617	0.0201209	0.0201206
3618	0.0201206	0.0201203
3619	0.0201203	0.02012
3620	0.02012	0.0201197
3621	0.0201196	0.0201193
3622	0.0201193	0.020119
3623	0.020119	0.0201187
3624	0.0201187	0.0201184
3625	0.0201184	0.0201181
3626	0.0201181	0.0201178
3627	0.0201178	0.0201175
3628	0.0201175	0.0201172
3629	0.0201172	0.0201169
3630	0.0201168	0.0201165
3631	0.0201165	0.0201162
3632	0.0201162	0.0201159
3633	0.0201159	0.0201156
3634	0.0201156	0.0201153
3635	0.0201153	0.020115
3636	0.020115	0.0201147
3637	0.0201146	0.0201144
3638	0.0201144	0.020114
3639	0.0201141	0.0201137
3640	0.0201137	0.0201134
3641	0.0201134	0.0201131
3642	0.0201131	0.0201128
3643	0.0201128	0.0201125
3644	0.0201125	0.0201122
3645	0.0201122	0.0201119
3646	0.0201119	0.0201116
3647	0.0201116	0.0201113
3648	0.0201113	0.020111
3649	0.0201109	0.0201106
3650	0.0201107	0.0201103
3651	0.0201103	0.02011
3652	0.02011	0.0201097
3653	0.0201097	0.0201094
3654	0.0201094	0.0201091
3655	0.0201091	0.0201088
3656	0.0201088	0.0201084
3657	0.0201085	0.0201081
3658	0.0201081	0.0201079
3659	0.0201079	0.0201075
3660	0.0201075	0.0201072
3661	0.0201072	0.0201069
3662	0.0201069	0.0201066
3663	0.0201066	0.0201063
3664	0.0201063	0.020106
3665	0.020106	0.0201057
3666	0.0201057	0.0201054
3667	0.0201054	0.0201051
3668	0.0201051	0.0201048
3669	0.0201048	0.0201044
3670	0.0201045	0.0201041
3671	0.0201042	0.0201038
3672	0.0201039	0.0201035
3673	0.0201035	0.0201032
3674	0.0201032	0.0201029
3675	0.0201029	0.0201026
3676	0.0201026	0.0201023
3677	0.0201023	0.020102
3678	0.020102	0.0201017
3679	0.0201017	0.0201014
3680	0.0201014	0.0201011
3681	0.0201011	0.0201008
3682	0.0201008	0.0201005
3683	0.0201005	0.0201002
3684	0.0201002	0.0200999
3685	0.0200998	0.0200996
3686	0.0200996	0.0200992
3687	0.0200993	0.020099
3688	0.0200989	0.0200986
3689	0.0200986	0.0200983
3690	0.0200983	0.020098
3691	0.020098	0.0200977
3692	0.0200977	0.0200974
3693	0.0200974	0.0200971
3694	0.0200971	0.0200968
3695	0.0200968	0.0200965
3696	0.0200965	0.0200962
3697	0.0200962	0.0200959
3698	0.0200958	0.0200956
3699	0.0200956	0.0200953
3700	0.0200953	0.020095
3701	0.020095	0.0200946
3702	0.0200946	0.0200944
3703	0.0200944	0.020094
3704	0.020094	0.0200937
3705	0.0200937	0.0200935
3706	0.0200935	0.0200932
3707	0.0200931	0.0200928
3708	0.0200928	0.0200925
3709	0.0200926	0.0200922
3710	0.0200922	0.0200919
3711	0.0200919	0.0200916
3712	0.0200916	0.0200913
3713	0.0200913	0.020091
3714	0.020091	0.0200907
3715	0.0200907	0.0200904
3716	0.0200904	0.0200901
3717	0.0200901	0.0200898
3718	0.0200898	0.0200895
3719	0.0200895	0.0200892
3720	0.0200892	0.0200889
3721	0.0200889	0.0200886
3722	0.0200886	0.0200883
3723	0.0200882	0.020088
3724	0.020088	0.0200877
3725	0.0200877	0.0200874
3726	0.0200873	0.0200871
3727	0.0200871	0.0200868
3728	0.0200868	0.0200864
3729	0.0200864	0.0200861
3730	0.0200861	0.0200858
3731	0.0200859	0.0200856
3732	0.0200855	0.0200852
3733	0.0200852	0.020085
3734	0.020085	0.0200846
3735	0.0200847	0.0200843
3736	0.0200843	0.0200841
3737	0.0200841	0.0200838
3738	0.0200838	0.0200834
3739	0.0200834	0.0200831
3740	0.0200832	0.0200828
3741	0.0200828	0.0200826
3742	0.0200825	0.0200823
3743	0.0200823	0.0200819
3744	0.0200819	0.0200816
3745	0.0200816	0.0200813
3746	0.0200813	0.020081
3747	0.020081	0.0200807
3748	0.0200807	0.0200804
3749	0.0200804	0.0200801
3750	0.0200802	0.0200798
3751	0.0200798	0.0200795
3752	0.0200795	0.0200792
3753	0.0200792	0.0200789
3754	0.0200789	0.0200786
3755	0.0200786	0.0200783
3756	0.0200783	0.020078
3757	0.020078	0.0200777
3758	0.0200778	0.0200774
3759	0.0200774	0.0200771
3760	0.0200771	0.0200768
3761	0.0200768	0.0200765
3762	0.0200765	0.0200763
3763	0.0200763	0.0200759
3764	0.0200759	0.0200757
3765	0.0200756	0.0200754
3766	0.0200753	0.020075
3767	0.0200751	0.0200747
3768	0.0200747	0.0200744
3769	0.0200744	0.0200741
3770	0.0200742	0.0200738
3771	0.0200738	0.0200735
3772	0.0200735	0.0200732
3773	0.0200733	0.020073
3774	0.020073	0.0200727
3775	0.0200726	0.0200723
3776	0.0200723	0.0200721
3777	0.0200721	0.0200717
3778	0.0200718	0.0200714
3779	0.0200715	0.0200712
3780	0.0200712	0.0200709
3781	0.0200709	0.0200706
3782	0.0200706	0.0200703
3783	0.0200703	0.02007
3784	0.02007	0.0200697
3785	0.0200697	0.0200694
3786	0.0200694	0.0200691
3787	0.0200691	0.0200688
3788	0.0200688	0.0200685
3789	0.0200685	0.0200682
3790	0.0200682	0.0200679
3791	0.0200679	0.0200676
3792	0.0200676	0.0200673
3793	0.0200673	0.020067
3794	0.020067	0.0200667
3795	0.0200667	0.0200664
3796	0.0200664	0.0200661
3797	0.0200661	0.0200658
3798	0.0200658	0.0200655
3799	0.0200655	0.0200652
3800	0.0200652	0.020065
3801	0.0200649	0.0200646
3802	0.0200646	0.0200643
3803	0.0200643	0.0200641
3804	0.0200641	0.0200638
3805	0.0200638	0.0200635
3806	0.0200634	0.0200631
3807	0.0200631	0.0200629
3808	0.0200629	0.0200626
3809	0.0200626	0.0200622
3810	0.0200623	0.020062
3811	0.020062	0.0200617
3812	0.0200617	0.0200614
3813	0.0200614	0.0200611
3814	0.0200611	0.0200608
3815	0.0200608	0.0200605
3816	0.0200605	0.0200602
3817	0.0200602	0.0200599
3818	0.0200599	0.0200596
3819	0.0200596	0.0200593
3820	0.0200593	0.020059
3821	0.020059	0.0200587
3822	0.0200587	0.0200584
3823	0.0200584	0.0200582
3824	0.0200582	0.0200579
3825	0.0200578	0.0200576
3826	0.0200575	0.0200572
3827	0.0200573	0.020057
3828	0.020057	0.0200567
3829	0.0200567	0.0200564
3830	0.0200564	0.0200561
3831	0.0200561	0.0200558
3832	0.0200558	0.0200555
3833	0.0200555	0.0200552
3834	0.0200552	0.0200549
3835	0.0200549	0.0200546
3836	0.0200546	0.0200543
3837	0.0200543	0.020054
3838	0.020054	0.0200538
3839	0.0200537	0.0200534
3840	0.0200535	0.0200532
3841	0.0200532	0.0200529
3842	0.0200529	0.0200526
3843	0.0200526	0.0200523
3844	0.0200523	0.020052
3845	0.020052	0.0200517
3846	0.0200517	0.0200514
3847	0.0200514	0.0200511
3848	0.0200511	0.0200508
3849	0.0200508	0.0200505
3850	0.0200505	0.0200502
3851	0.0200502	0.0200499
3852	0.0200499	0.0200496
3853	0.0200496	0.0200494
3854	0.0200494	0.0200491
3855	0.0200491	0.0200488
3856	0.0200488	0.0200485
3857	0.0200485	0.0200482
3858	0.0200482	0.0200479
3859	0.0200479	0.0200476
3860	0.0200476	0.0200473
3861	0.0200473	0.020047
3862	0.020047	0.0200467
3863	0.0200467	0.0200464
3864	0.0200465	0.0200462
3865	0.0200462	0.0200458
3866	0.0200459	0.0200456
3867	0.0200456	0.0200453
3868	0.0200453	0.020045
3869	0.020045	0.0200447
3870	0.0200447	0.0200444
3871	0.0200444	0.0200441
3872	0.0200441	0.0200438
3873	0.0200438	0.0200436
3874	0.0200436	0.0200433
3875	0.0200432	0.020043
3876	0.0200429	0.0200427
3877	0.0200427	0.0200424
3878	0.0200424	0.0200421
3879	0.0200421	0.0200418
3880	0.0200418	0.0200415
3881	0.0200415	0.0200412
3882	0.0200412	0.020041
3883	0.020041	0.0200407
3884	0.0200407	0.0200404
3885	0.0200404	0.0200401
3886	0.0200401	0.0200398
3887	0.0200398	0.0200395
3888	0.0200395	0.0200392
3889	0.0200392	0.0200389
3890	0.0200389	0.0200386
3891	0.0200386	0.0200384
3892	0.0200383	0.0200381
3893	0.020038	0.0200378
3894	0.0200378	0.0200375
3895	0.0200375	0.0200372
3896	0.0200372	0.0200369
3897	0.0200369	0.0200366
3898	0.0200366	0.0200363
3899	0.0200363	0.0200361
3900	0.020036	0.0200358
3901	0.0200358	0.0200355
3902	0.0200355	0.0200352
3903	0.0200352	0.0200349
3904	0.0200349	0.0200346
3905	0.0200346	0.0200343
3906	0.0200343	0.020034
3907	0.020034	0.0200337
3908	0.0200337	0.0200335
3909	0.0200335	0.0200332
3910	0.0200332	0.0200329
3911	0.0200329	0.0200326
3912	0.0200326	0.0200323
3913	0.0200323	0.020032
3914	0.020032	0.0200318
3915	0.0200317	0.0200315
3916	0.0200314	0.0200312
3917	0.0200312	0.0200309
3918	0.0200309	0.0200306
3919	0.0200306	0.0200303
3920	0.0200303	0.02003
3921	0.0200301	0.0200297
3922	0.0200297	0.0200295
3923	0.0200294	0.0200292
3924	0.0200292	0.0200289
3925	0.0200289	0.0200286
3926	0.0200286	0.0200283
3927	0.0200283	0.020028
3928	0.020028	0.0200277
3929	0.0200277	0.0200274
3930	0.0200275	0.0200272
3931	0.0200272	0.0200269
3932	0.0200269	0.0200266
3933	0.0200266	0.0200263
3934	0.0200263	0.020026
3935	0.020026	0.0200257
3936	0.0200258	0.0200255
3937	0.0200255	0.0200252
3938	0.0200252	0.0200249
3939	0.0200249	0.0200246
3940	0.0200246	0.0200243
3941	0.0200243	0.020024
3942	0.020024	0.0200238
3943	0.0200238	0.0200234
3944	0.0200235	0.0200232
3945	0.0200232	0.0200229
3946	0.0200229	0.0200226
3947	0.0200226	0.0200223
3948	0.0200223	0.020022
3949	0.0200221	0.0200218
3950	0.0200218	0.0200215
3951	0.0200215	0.0200212
3952	0.0200212	0.0200209
3953	0.0200209	0.0200206
3954	0.0200206	0.0200203
3955	0.0200204	0.02002
3956	0.0200201	0.0200198
3957	0.0200198	0.0200195
3958	0.0200195	0.0200192
3959	0.0200192	0.0200189
3960	0.0200189	0.0200186
3961	0.0200187	0.0200184
3962	0.0200184	0.0200181
3963	0.0200181	0.0200178
3964	0.0200178	0.0200175
3965	0.0200175	0.0200172
3966	0.0200172	0.0200169
3967	0.020017	0.0200167
3968	0.0200167	0.0200164
3969	0.0200164	0.0200161
3970	0.0200161	0.0200158
3971	0.0200158	0.0200155
3972	0.0200155	0.0200153
3973	0.0200153	0.020015
3974	0.020015	0.0200147
3975	0.0200147	0.0200144
3976	0.0200144	0.0200142
3977	0.0200142	0.0200139
3978	0.0200138	0.0200136
3979	0.0200135	0.0200133
3980	0.0200133	0.020013
3981	0.020013	0.0200127
3982	0.0200127	0.0200124
3983	0.0200124	0.0200122
3984	0.0200122	0.0200119
3985	0.0200119	0.0200116
3986	0.0200116	0.0200113
3987	0.0200113	0.020011
3988	0.020011	0.0200108
3989	0.0200108	0.0200105
3990	0.0200105	0.0200102
3991	0.0200102	0.0200099
3992	0.0200099	0.0200096
3993	0.0200096	0.0200094
3994	0.0200094	0.0200091
3995	0.0200091	0.0200088
3996	0.0200088	0.0200085
3997	0.0200085	0.0200082
3998	0.0200083	0.020008
3999	0.0200079	0.0200077
4000	0.0200077	0.0200074
4001	0.0200074	0.0200071
4002	0.0200071	0.0200069
4003	0.0200068	0.0200066
4004	0.0200066	0.0200063
4005	0.0200062	0.020006
4006	0.020006	0.0200057
4007	0.0200057	0.0200055
4008	0.0200055	0.0200052
4009	0.0200051	0.0200049
4010	0.0200049	0.0200046
4011	0.0200046	0.0200043
4012	0.0200043	0.020004
4013	0.020004	0.0200038
4014	0.0200038	0.0200035
4015	0.0200035	0.0200032
4016	0.0200032	0.0200029
4017	0.0200029	0.0200027
4018	0.0200027	0.0200024
4019	0.0200024	0.0200021
4020	0.0200021	0.0200018
4021	0.0200018	0.0200016
4022	0.0200015	0.0200012
4023	0.0200013	0.020001
4024	0.020001	0.0200007
4025	0.0200007	0.0200005
4026	0.0200004	0.0200002
4027	0.0200002	0.0199999
4028	0.0199999	0.0199996
