1	0.204297	0.195131
2	0.195131	0.187182
3	0.187182	0.180618
4	0.180618	0.174603
5	0.174602	0.169263
6	0.169262	0.164593
7	0.164593	0.160309
8	0.160309	0.15627
9	0.15627	0.152438
10	0.152439	0.148789
11	0.148789	0.145336
12	0.145336	0.142029
13	0.142028	0.138852
14	0.138851	0.135797
15	0.135797	0.132852
16	0.132852	0.130007
17	0.130007	0.127254
18	0.127254	0.124589
19	0.124589	0.122004
20	0.122004	0.119494
21	0.119494	0.117057
22	0.117058	0.114688
23	0.114688	0.112384
24	0.112385	0.110145
25	0.110145	0.107966
26	0.107966	0.105843
27	0.105843	0.103776
28	0.103777	0.101762
29	0.101761	0.0997976
30	0.0997977	0.097883
31	0.0978831	0.0960162
32	0.0960164	0.094196
33	0.0941959	0.0924258
34	0.0924256	0.0906995
35	0.0906996	0.089015
36	0.089015	0.087372
37	0.0873719	0.085768
38	0.0857675	0.0842025
39	0.0842024	0.0826747
40	0.0826745	0.081183
41	0.081183	0.0797275
42	0.0797273	0.0783058
43	0.078306	0.0769183
44	0.0769184	0.075564
45	0.0755637	0.0742414
46	0.0742413	0.0729505
47	0.0729505	0.0716905
48	0.0716904	0.0704602
49	0.0704601	0.0692594
50	0.0692595	0.0680878
51	0.0680875	0.0669437
52	0.0669438	0.0658274
53	0.0658274	0.0647387
54	0.0647385	0.0636759
55	0.0636761	0.0626394
56	0.0626394	0.0616281
57	0.0616281	0.0606421
58	0.0606421	0.0596803
59	0.0596802	0.0587427
60	0.0587427	0.0578286
61	0.0578287	0.0569376
62	0.0569375	0.0560691
63	0.0560691	0.0552229
64	0.0552228	0.0543984
65	0.0543982	0.0535953
66	0.0535953	0.0528127
67	0.0528127	0.052051
68	0.0520511	0.0513091
69	0.051309	0.0505869
70	0.0505868	0.0498837
71	0.0498836	0.0491993
72	0.0491995	0.0485331
73	0.0485332	0.0478852
74	0.0478852	0.0472546
75	0.0472548	0.0466411
76	0.0466412	0.0460444
77	0.0460443	0.0454639
78	0.0454639	0.0448996
79	0.0448996	0.0443506
80	0.0443507	0.0438167
81	0.0438169	0.0432977
82	0.0432976	0.0427931
83	0.0427933	0.0423024
84	0.0423026	0.0418256
85	0.0418255	0.0413619
86	0.0413619	0.0409112
87	0.040911	0.0404731
88	0.0404731	0.0400471
89	0.0400473	0.0396334
90	0.0396333	0.0392309
91	0.0392308	0.0388397
92	0.0388397	0.0384596
93	0.0384596	0.0380899
94	0.03809	0.0377306
95	0.0377307	0.0373813
96	0.0373814	0.0370418
97	0.0370418	0.0367116
98	0.0367117	0.0363907
99	0.0363907	0.0360788
100	0.0360787	0.0357753
101	0.0357751	0.0354801
102	0.0354801	0.0351932
103	0.0351933	0.034914
104	0.034914	0.0346425
105	0.0346425	0.0343785
106	0.0343785	0.0341215
107	0.0341214	0.0338714
108	0.0338715	0.0336282
109	0.0336282	0.0333914
110	0.0333914	0.033161
111	0.0331611	0.0329367
112	0.0329367	0.0327186
113	0.0327185	0.0325058
114	0.0325058	0.0322989
115	0.0322989	0.0320972
116	0.0320973	0.0319009
117	0.031901	0.0317096
118	0.0317097	0.0315234
119	0.0315234	0.0313418
120	0.0313419	0.031165
121	0.0311649	0.0309925
122	0.0309925	0.0308243
123	0.0308245	0.0306606
124	0.0306605	0.0305009
125	0.0305009	0.030345
126	0.030345	0.0301931
127	0.030193	0.0300448
128	0.0300449	0.0299003
129	0.0299003	0.0297592
130	0.0297592	0.0296215
131	0.0296215	0.0294871
132	0.0294872	0.0293559
133	0.0293559	0.0292279
134	0.0292279	0.0291028
135	0.0291029	0.0289808
136	0.0289808	0.0288616
137	0.0288615	0.028745
138	0.028745	0.0286312
139	0.0286312	0.02852
140	0.02852	0.0284114
141	0.0284113	0.0283051
142	0.0283051	0.0282013
143	0.0282012	0.0280997
144	0.0280997	0.0280004
145	0.0280005	0.0279035
146	0.0279035	0.0278084
147	0.0278084	0.0277156
148	0.0277157	0.0276248
149	0.0276248	0.0275358
150	0.0275359	0.0274489
151	0.0274488	0.0273637
152	0.0273637	0.0272804
153	0.0272803	0.0271987
154	0.0271987	0.0271188
155	0.0271189	0.0270406
156	0.0270407	0.026964
157	0.0269639	0.0268889
158	0.0268889	0.0268154
159	0.0268154	0.0267434
160	0.0267433	0.0266727
161	0.0266727	0.0266036
162	0.0266037	0.0265358
163	0.0265358	0.0264694
164	0.0264693	0.0264042
165	0.0264042	0.0263403
166	0.0263404	0.0262777
167	0.0262777	0.0262163
168	0.0262163	0.0261561
169	0.026156	0.0260969
170	0.0260969	0.026039
171	0.026039	0.025982
172	0.0259821	0.0259263
173	0.0259262	0.0258715
174	0.0258715	0.0258177
175	0.0258177	0.025765
176	0.025765	0.0257133
177	0.0257133	0.0256624
178	0.0256623	0.0256125
179	0.0256125	0.0255635
180	0.0255635	0.0255153
181	0.0255153	0.025468
182	0.025468	0.0254215
183	0.0254215	0.0253759
184	0.0253759	0.0253311
185	0.025331	0.0252871
186	0.025287	0.0252437
187	0.0252437	0.0252012
188	0.0252012	0.0251593
189	0.0251594	0.0251183
190	0.0251182	0.0250779
191	0.0250779	0.0250383
192	0.0250382	0.0249991
193	0.0249991	0.0249608
194	0.0249607	0.0249229
195	0.024923	0.0248859
196	0.0248858	0.0248493
197	0.0248492	0.0248134
198	0.0248134	0.024778
199	0.024778	0.0247433
200	0.0247433	0.024709
201	0.024709	0.0246754
202	0.0246753	0.0246423
203	0.0246422	0.0246096
204	0.0246096	0.0245775
205	0.0245776	0.0245459
206	0.0245459	0.0245149
207	0.0245149	0.0244843
208	0.0244843	0.0244541
209	0.0244541	0.0244245
210	0.0244244	0.0243951
211	0.0243951	0.0243664
212	0.0243664	0.0243381
213	0.024338	0.0243102
214	0.0243102	0.0242826
215	0.0242827	0.0242556
216	0.0242556	0.0242289
217	0.0242288	0.0242027
218	0.0242027	0.0241768
219	0.0241767	0.0241512
220	0.0241512	0.0241261
221	0.0241261	0.0241013
222	0.0241012	0.0240768
223	0.0240769	0.0240528
224	0.0240528	0.024029
225	0.0240291	0.0240057
226	0.0240056	0.0239826
227	0.0239825	0.0239598
228	0.0239598	0.0239375
229	0.0239375	0.0239153
230	0.0239154	0.0238935
231	0.0238934	0.0238721
232	0.0238721	0.0238509
233	0.0238508	0.02383
234	0.0238299	0.0238092
235	0.0238093	0.023789
236	0.0237889	0.0237688
237	0.0237689	0.0237492
238	0.0237491	0.0237295
239	0.0237295	0.0237102
240	0.0237102	0.0236912
241	0.0236912	0.0236724
242	0.0236724	0.0236539
243	0.0236539	0.0236356
244	0.0236356	0.0236176
245	0.0236175	0.0235998
246	0.0235998	0.0235823
247	0.0235822	0.0235649
248	0.0235649	0.0235477
249	0.0235476	0.0235309
250	0.0235308	0.0235141
251	0.0235141	0.0234976
252	0.0234976	0.0234814
253	0.0234814	0.0234653
254	0.0234653	0.0234494
255	0.0234494	0.0234337
256	0.0234337	0.0234182
257	0.0234182	0.0234029
258	0.0234029	0.0233878
259	0.0233878	0.0233729
260	0.0233729	0.0233582
261	0.0233582	0.0233436
262	0.0233436	0.0233291
263	0.0233292	0.023315
264	0.023315	0.023301
265	0.0233009	0.0232871
266	0.0232871	0.0232733
267	0.0232732	0.0232598
268	0.0232597	0.0232464
269	0.0232464	0.0232331
270	0.0232331	0.02322
271	0.02322	0.0232072
272	0.0232072	0.0231943
273	0.0231943	0.0231817
274	0.0231817	0.0231692
275	0.0231692	0.0231569
276	0.0231569	0.0231446
277	0.0231446	0.0231325
278	0.0231326	0.0231206
279	0.0231206	0.0231089
280	0.0231088	0.0230971
281	0.023097	0.0230856
282	0.0230856	0.0230741
283	0.0230741	0.0230629
284	0.0230629	0.0230517
285	0.0230517	0.0230407
286	0.0230407	0.0230297
287	0.0230296	0.0230189
288	0.0230188	0.0230082
289	0.0230083	0.0229976
290	0.0229975	0.0229872
291	0.0229871	0.0229767
292	0.0229767	0.0229664
293	0.0229665	0.0229564
294	0.0229563	0.0229462
295	0.0229463	0.0229363
296	0.0229364	0.0229267
297	0.0229267	0.0229169
298	0.0229168	0.0229072
299	0.0229072	0.0228977
300	0.0228977	0.0228882
301	0.0228882	0.022879
302	0.0228789	0.0228696
303	0.0228697	0.0228605
304	0.0228605	0.0228514
305	0.0228514	0.0228425
306	0.0228425	0.0228336
307	0.0228336	0.0228248
308	0.0228248	0.0228161
309	0.0228161	0.0228075
310	0.0228075	0.022799
311	0.022799	0.0227905
312	0.0227905	0.0227822
313	0.0227821	0.0227739
314	0.0227738	0.0227656
315	0.0227656	0.0227575
316	0.0227574	0.0227494
317	0.0227493	0.0227414
318	0.0227414	0.0227335
319	0.0227335	0.0227256
320	0.0227257	0.0227179
321	0.0227179	0.0227103
322	0.0227103	0.0227026
323	0.0227026	0.0226951
324	0.0226951	0.0226876
325	0.0226875	0.0226802
326	0.0226802	0.0226729
327	0.0226729	0.0226655
328	0.0226655	0.0226583
329	0.0226584	0.0226512
330	0.0226512	0.0226442
331	0.0226441	0.0226372
332	0.0226371	0.0226302
333	0.0226302	0.0226233
334	0.0226233	0.0226165
335	0.0226165	0.0226097
336	0.0226097	0.022603
337	0.0226029	0.0225963
338	0.0225963	0.0225896
339	0.0225897	0.0225831
340	0.0225832	0.0225767
341	0.0225766	0.0225702
342	0.0225702	0.0225638
343	0.0225639	0.0225576
344	0.0225575	0.0225512
345	0.0225512	0.022545
346	0.022545	0.0225388
347	0.0225387	0.0225327
348	0.0225328	0.0225266
349	0.0225266	0.0225206
350	0.0225207	0.0225146
351	0.0225147	0.0225087
352	0.0225087	0.0225028
353	0.0225029	0.0224969
354	0.022497	0.0224912
355	0.0224912	0.0224856
356	0.0224855	0.0224798
357	0.0224798	0.0224741
358	0.0224741	0.0224685
359	0.0224685	0.022463
360	0.022463	0.0224574
361	0.0224574	0.0224519
362	0.022452	0.0224465
363	0.0224466	0.0224411
364	0.0224411	0.0224358
365	0.0224358	0.0224305
366	0.0224305	0.0224251
367	0.0224252	0.0224201
368	0.02242	0.0224147
369	0.0224148	0.0224096
370	0.0224096	0.0224045
371	0.0224046	0.0223994
372	0.0223994	0.0223944
373	0.0223944	0.0223894
374	0.0223893	0.0223844
375	0.0223845	0.0223795
376	0.0223796	0.0223747
377	0.0223746	0.0223697
378	0.0223697	0.0223649
379	0.0223649	0.0223601
380	0.0223601	0.0223553
381	0.0223553	0.0223506
382	0.0223506	0.022346
383	0.0223458	0.0223412
384	0.0223413	0.0223366
385	0.0223366	0.022332
386	0.022332	0.0223275
387	0.0223274	0.0223229
388	0.0223228	0.0223184
389	0.0223184	0.022314
390	0.0223139	0.0223095
391	0.0223094	0.0223051
392	0.0223051	0.0223007
393	0.0223007	0.0222964
394	0.0222963	0.022292
395	0.0222919	0.0222877
396	0.0222876	0.0222835
397	0.0222834	0.0222792
398	0.0222791	0.0222749
399	0.022275	0.0222707
400	0.0222708	0.0222667
401	0.0222667	0.0222625
402	0.0222625	0.0222583
403	0.0222583	0.0222542
404	0.0222543	0.0222502
405	0.0222501	0.0222461
406	0.0222461	0.0222421
407	0.0222419	0.0222381
408	0.0222381	0.0222341
409	0.0222341	0.0222302
410	0.0222302	0.0222263
411	0.0222263	0.0222224
412	0.0222223	0.0222185
413	0.0222184	0.0222147
414	0.0222146	0.0222108
415	0.0222109	0.022207
416	0.022207	0.0222033
417	0.0222033	0.0221995
418	0.0221996	0.0221957
419	0.0221957	0.022192
420	0.022192	0.0221883
421	0.0221884	0.0221846
422	0.0221846	0.022181
423	0.022181	0.0221774
424	0.0221773	0.0221737
425	0.0221738	0.0221702
426	0.0221701	0.0221665
427	0.0221665	0.022163
428	0.022163	0.0221594
429	0.0221594	0.022156
430	0.0221559	0.0221524
431	0.0221524	0.0221491
432	0.0221489	0.0221456
433	0.0221455	0.022142
434	0.0221421	0.0221386
435	0.0221386	0.0221353
436	0.0221352	0.0221318
437	0.0221318	0.0221285
438	0.0221285	0.0221252
439	0.022125	0.0221218
440	0.0221217	0.0221185
441	0.0221184	0.0221152
442	0.0221151	0.0221118
443	0.0221119	0.0221086
444	0.0221086	0.0221054
445	0.0221053	0.0221021
446	0.022102	0.0220988
447	0.0220988	0.0220957
448	0.0220956	0.0220923
449	0.0220924	0.0220893
450	0.0220893	0.0220861
451	0.022086	0.022083
452	0.0220829	0.0220798
453	0.0220798	0.0220766
454	0.0220766	0.0220736
455	0.0220736	0.0220705
456	0.0220705	0.0220674
457	0.0220674	0.0220643
458	0.0220643	0.0220613
459	0.0220614	0.0220583
460	0.0220583	0.0220553
461	0.0220553	0.0220522
462	0.0220523	0.0220493
463	0.0220493	0.0220463
464	0.0220463	0.0220434
465	0.0220433	0.0220404
466	0.0220404	0.0220374
467	0.0220375	0.0220345
468	0.0220345	0.0220315
469	0.0220315	0.0220287
470	0.0220286	0.0220257
471	0.0220257	0.0220229
472	0.0220229	0.0220199
473	0.0220201	0.0220172
474	0.0220172	0.0220143
475	0.0220143	0.0220115
476	0.0220114	0.0220086
477	0.0220088	0.0220058
478	0.0220059	0.022003
479	0.0220032	0.0220003
480	0.0220004	0.0219975
481	0.0219975	0.0219947
482	0.0219948	0.0219919
483	0.0219919	0.0219892
484	0.0219893	0.0219865
485	0.0219865	0.0219838
486	0.0219838	0.0219811
487	0.0219811	0.0219784
488	0.0219784	0.0219758
489	0.0219757	0.0219731
490	0.021973	0.0219703
491	0.0219703	0.0219677
492	0.0219677	0.0219651
493	0.021965	0.0219624
494	0.0219625	0.0219598
495	0.0219597	0.0219572
496	0.0219572	0.0219546
497	0.0219545	0.021952
498	0.0219519	0.0219494
499	0.0219493	0.0219468
500	0.0219467	0.0219442
501	0.0219442	0.0219416
502	0.0219417	0.021939
503	0.0219391	0.0219365
504	0.0219365	0.0219341
505	0.021934	0.0219314
506	0.0219315	0.021929
507	0.021929	0.0219265
508	0.0219264	0.021924
509	0.021924	0.0219214
510	0.0219214	0.021919
511	0.0219189	0.0219164
512	0.0219164	0.021914
513	0.021914	0.0219116
514	0.0219115	0.021909
515	0.021909	0.0219066
516	0.0219066	0.0219042
517	0.0219042	0.0219018
518	0.0219017	0.0218993
519	0.0218993	0.0218969
520	0.0218969	0.0218944
521	0.0218945	0.0218921
522	0.0218921	0.0218898
523	0.0218897	0.0218874
524	0.0218873	0.021885
525	0.021885	0.0218826
526	0.0218826	0.0218802
527	0.0218802	0.0218779
528	0.0218778	0.0218755
529	0.0218755	0.0218731
530	0.0218731	0.0218708
531	0.0218708	0.0218686
532	0.0218686	0.0218662
533	0.0218662	0.0218639
534	0.0218639	0.0218616
535	0.0218616	0.0218592
536	0.0218592	0.021857
537	0.0218569	0.0218546
538	0.0218547	0.0218524
539	0.0218523	0.0218501
540	0.0218501	0.0218479
541	0.0218478	0.0218456
542	0.0218456	0.0218433
543	0.0218433	0.0218411
544	0.021841	0.0218388
545	0.0218388	0.0218366
546	0.0218366	0.0218343
547	0.0218343	0.0218321
548	0.0218321	0.0218299
549	0.0218299	0.0218277
550	0.0218278	0.0218255
551	0.0218255	0.0218233
552	0.0218232	0.0218211
553	0.0218211	0.0218189
554	0.0218188	0.0218167
555	0.0218167	0.0218145
556	0.0218145	0.0218123
557	0.0218123	0.0218101
558	0.0218101	0.0218079
559	0.021808	0.0218058
560	0.0218059	0.0218037
561	0.0218036	0.0218015
562	0.0218015	0.0217994
563	0.0217993	0.0217972
564	0.0217971	0.0217951
565	0.0217951	0.021793
566	0.021793	0.0217909
567	0.0217908	0.0217887
568	0.0217887	0.0217866
569	0.0217865	0.0217845
570	0.0217845	0.0217824
571	0.0217824	0.0217803
572	0.0217803	0.0217782
573	0.0217782	0.021776
574	0.021776	0.021774
575	0.021774	0.0217719
576	0.0217719	0.0217698
577	0.0217698	0.0217678
578	0.0217678	0.0217657
579	0.0217657	0.0217636
580	0.0217636	0.0217616
581	0.0217616	0.0217596
582	0.0217596	0.0217575
583	0.0217575	0.0217554
584	0.0217554	0.0217534
585	0.0217534	0.0217514
586	0.0217514	0.0217493
587	0.0217493	0.0217473
588	0.0217472	0.0217453
589	0.0217452	0.0217432
590	0.0217432	0.0217412
591	0.0217412	0.0217392
592	0.0217391	0.0217371
593	0.0217372	0.0217352
594	0.0217352	0.0217332
595	0.0217331	0.0217313
596	0.0217312	0.0217292
597	0.0217293	0.0217272
598	0.0217272	0.0217252
599	0.0217253	0.0217232
600	0.0217233	0.0217212
601	0.0217213	0.0217193
602	0.0217193	0.0217173
603	0.0217173	0.0217154
604	0.0217154	0.0217134
605	0.0217134	0.0217114
606	0.0217114	0.0217095
607	0.0217096	0.0217076
608	0.0217075	0.0217056
609	0.0217056	0.0217037
610	0.0217036	0.0217017
611	0.0217017	0.0216997
612	0.0216998	0.0216979
613	0.0216979	0.0216959
614	0.021696	0.0216939
615	0.0216941	0.0216921
616	0.0216922	0.0216901
617	0.0216901	0.0216883
618	0.0216882	0.0216864
619	0.0216863	0.0216845
620	0.0216845	0.0216825
621	0.0216825	0.0216806
622	0.0216806	0.0216787
623	0.0216787	0.0216768
624	0.0216767	0.0216749
625	0.0216749	0.0216731
626	0.021673	0.0216712
627	0.0216713	0.0216693
628	0.0216692	0.0216674
629	0.0216673	0.0216655
630	0.0216655	0.0216637
631	0.0216636	0.0216618
632	0.0216617	0.0216599
633	0.0216598	0.021658
634	0.021658	0.0216562
635	0.0216562	0.0216543
636	0.0216543	0.0216525
637	0.0216525	0.0216507
638	0.0216506	0.0216488
639	0.0216487	0.0216469
640	0.0216469	0.0216451
641	0.0216451	0.0216432
642	0.0216432	0.0216414
643	0.0216414	0.0216395
644	0.0216395	0.0216378
645	0.0216376	0.0216359
646	0.0216358	0.0216341
647	0.0216341	0.0216323
648	0.0216322	0.0216304
649	0.0216303	0.0216286
650	0.0216286	0.0216268
651	0.0216267	0.0216249
652	0.0216249	0.0216232
653	0.0216231	0.0216213
654	0.0216214	0.0216195
655	0.0216195	0.0216178
656	0.0216177	0.021616
657	0.0216159	0.0216142
658	0.0216141	0.0216124
659	0.0216123	0.0216105
660	0.0216105	0.0216087
661	0.0216088	0.021607
662	0.0216069	0.0216052
663	0.0216052	0.0216034
664	0.0216034	0.0216016
665	0.0216016	0.0215999
666	0.0215998	0.0215981
667	0.021598	0.0215962
668	0.0215962	0.0215944
669	0.0215945	0.0215927
670	0.0215927	0.0215909
671	0.0215909	0.0215891
672	0.0215891	0.0215874
673	0.0215874	0.0215856
674	0.0215857	0.0215839
675	0.0215838	0.0215822
676	0.0215822	0.0215804
677	0.0215804	0.0215787
678	0.0215786	0.0215768
679	0.0215769	0.0215751
680	0.0215752	0.0215734
681	0.0215735	0.0215717
682	0.0215716	0.0215699
683	0.0215699	0.0215682
684	0.0215681	0.0215664
685	0.0215665	0.0215647
686	0.0215647	0.021563
687	0.0215629	0.0215613
688	0.0215613	0.0215595
689	0.0215595	0.0215578
690	0.0215579	0.0215561
691	0.0215561	0.0215543
692	0.0215543	0.0215526
693	0.0215526	0.0215509
694	0.0215509	0.0215492
695	0.0215492	0.0215474
696	0.0215474	0.0215457
697	0.0215457	0.021544
698	0.021544	0.0215424
699	0.0215423	0.0215407
700	0.0215406	0.0215389
701	0.0215389	0.0215372
702	0.0215372	0.0215356
703	0.0215355	0.0215338
704	0.0215338	0.0215322
705	0.0215321	0.0215305
706	0.0215304	0.0215288
707	0.0215288	0.0215271
708	0.0215271	0.0215255
709	0.0215254	0.0215238
710	0.0215237	0.021522
711	0.021522	0.0215203
712	0.0215204	0.0215187
713	0.0215187	0.021517
714	0.021517	0.0215153
715	0.0215154	0.0215137
716	0.0215137	0.0215119
717	0.021512	0.0215102
718	0.0215103	0.0215085
719	0.0215086	0.0215069
720	0.021507	0.0215053
721	0.0215053	0.0215036
722	0.0215037	0.0215019
723	0.021502	0.0215003
724	0.0215003	0.0214986
725	0.0214987	0.0214969
726	0.0214969	0.0214953
727	0.0214953	0.0214937
728	0.0214938	0.021492
729	0.0214919	0.0214903
730	0.0214903	0.0214887
731	0.0214887	0.0214871
732	0.021487	0.0214854
733	0.0214854	0.0214838
734	0.0214838	0.0214822
735	0.0214822	0.0214805
736	0.0214805	0.0214788
737	0.0214789	0.0214771
738	0.0214772	0.0214755
739	0.0214756	0.0214739
740	0.021474	0.0214723
741	0.0214723	0.0214707
742	0.0214707	0.0214691
743	0.0214691	0.0214674
744	0.0214675	0.0214658
745	0.0214658	0.0214642
746	0.0214642	0.0214626
747	0.0214625	0.021461
748	0.021461	0.0214593
749	0.0214593	0.0214577
750	0.0214577	0.0214561
751	0.0214561	0.0214544
752	0.0214545	0.0214529
753	0.021453	0.0214513
754	0.0214512	0.0214497
755	0.0214497	0.0214481
756	0.021448	0.0214464
757	0.0214464	0.0214448
758	0.0214448	0.0214432
759	0.0214433	0.0214416
760	0.0214417	0.02144
761	0.02144	0.0214384
762	0.0214384	0.0214368
763	0.0214368	0.0214352
764	0.0214351	0.0214336
765	0.0214336	0.021432
766	0.0214319	0.0214304
767	0.0214303	0.0214288
768	0.0214288	0.0214273
769	0.0214273	0.0214257
770	0.0214257	0.0214241
771	0.021424	0.0214225
772	0.0214225	0.0214209
773	0.0214209	0.0214193
774	0.0214193	0.0214178
775	0.0214178	0.0214162
776	0.0214162	0.0214145
777	0.0214146	0.021413
778	0.021413	0.0214114
779	0.0214115	0.0214099
780	0.0214099	0.0214083
781	0.0214083	0.0214067
782	0.0214067	0.0214052
783	0.0214052	0.0214036
784	0.0214036	0.021402
785	0.021402	0.0214005
786	0.0214005	0.021399
787	0.0213989	0.0213974
788	0.0213973	0.0213958
789	0.0213957	0.0213942
790	0.0213942	0.0213927
791	0.0213926	0.0213911
792	0.021391	0.0213895
793	0.0213896	0.021388
794	0.0213879	0.0213865
795	0.0213864	0.0213849
796	0.0213848	0.0213833
797	0.0213833	0.0213818
798	0.0213817	0.0213802
799	0.0213802	0.0213787
800	0.0213786	0.0213771
801	0.0213771	0.0213756
802	0.0213756	0.0213741
803	0.0213741	0.0213725
804	0.0213725	0.021371
805	0.0213709	0.0213694
806	0.0213694	0.0213678
807	0.0213679	0.0213663
808	0.0213662	0.0213648
809	0.0213648	0.0213632
810	0.0213632	0.0213617
811	0.0213617	0.0213601
812	0.0213601	0.0213587
813	0.0213586	0.0213571
814	0.0213571	0.0213556
815	0.0213556	0.021354
816	0.0213541	0.0213525
817	0.0213525	0.021351
818	0.0213509	0.0213495
819	0.0213494	0.0213479
820	0.0213479	0.0213464
821	0.0213464	0.0213449
822	0.0213449	0.0213434
823	0.0213434	0.0213419
824	0.0213419	0.0213404
825	0.0213403	0.0213388
826	0.0213388	0.0213373
827	0.0213373	0.0213358
828	0.0213358	0.0213342
829	0.0213343	0.0213327
830	0.0213328	0.0213313
831	0.0213312	0.0213298
832	0.0213298	0.0213282
833	0.0213283	0.0213267
834	0.0213267	0.0213252
835	0.0213252	0.0213237
836	0.0213237	0.0213222
837	0.0213222	0.0213207
838	0.0213207	0.0213191
839	0.0213191	0.0213176
840	0.0213176	0.0213162
841	0.0213162	0.0213147
842	0.0213147	0.0213132
843	0.0213132	0.0213117
844	0.0213117	0.0213102
845	0.0213101	0.0213087
846	0.0213087	0.0213072
847	0.0213072	0.0213057
848	0.0213057	0.0213042
849	0.0213043	0.0213027
850	0.0213028	0.0213013
851	0.0213012	0.0212998
852	0.0212998	0.0212982
853	0.0212983	0.0212968
854	0.0212968	0.0212953
855	0.0212954	0.0212939
856	0.0212938	0.0212924
857	0.0212924	0.021291
858	0.0212909	0.0212894
859	0.0212895	0.021288
860	0.021288	0.0212865
861	0.0212865	0.0212849
862	0.0212849	0.0212835
863	0.0212835	0.021282
864	0.021282	0.0212805
865	0.0212806	0.021279
866	0.0212791	0.0212776
867	0.0212776	0.0212761
868	0.0212761	0.0212747
869	0.0212747	0.0212731
870	0.0212732	0.0212717
871	0.0212716	0.0212702
872	0.0212702	0.0212687
873	0.0212688	0.0212673
874	0.0212674	0.0212659
875	0.0212659	0.0212644
876	0.0212644	0.021263
877	0.0212629	0.0212615
878	0.0212615	0.02126
879	0.02126	0.0212586
880	0.0212585	0.0212571
881	0.0212571	0.0212556
882	0.0212557	0.0212541
883	0.0212542	0.0212527
884	0.0212528	0.0212512
885	0.0212513	0.0212498
886	0.0212499	0.0212483
887	0.0212484	0.0212469
888	0.0212469	0.0212454
889	0.0212455	0.021244
890	0.021244	0.0212426
891	0.0212426	0.0212411
892	0.0212411	0.0212396
893	0.0212397	0.0212382
894	0.0212382	0.0212367
895	0.0212367	0.0212353
896	0.0212353	0.0212339
897	0.0212339	0.0212325
898	0.0212325	0.021231
899	0.021231	0.0212296
900	0.0212296	0.0212281
901	0.0212282	0.0212267
902	0.0212267	0.0212253
903	0.0212253	0.0212238
904	0.0212239	0.0212224
905	0.0212225	0.021221
906	0.021221	0.0212195
907	0.0212195	0.021218
908	0.0212182	0.0212166
909	0.0212166	0.0212153
910	0.0212153	0.0212138
911	0.0212138	0.0212124
912	0.0212124	0.0212109
913	0.0212109	0.0212095
914	0.0212095	0.0212081
915	0.0212081	0.0212067
916	0.0212067	0.0212053
917	0.0212053	0.0212038
918	0.0212038	0.0212025
919	0.0212024	0.0212011
920	0.021201	0.0211996
921	0.0211996	0.0211982
922	0.0211982	0.0211967
923	0.0211967	0.0211953
924	0.0211953	0.0211939
925	0.0211939	0.0211926
926	0.0211924	0.0211911
927	0.0211911	0.0211897
928	0.0211896	0.0211883
929	0.0211883	0.0211869
930	0.0211869	0.0211855
931	0.0211855	0.0211841
932	0.021184	0.0211826
933	0.0211826	0.0211812
934	0.0211812	0.0211798
935	0.0211798	0.0211784
936	0.0211784	0.021177
937	0.021177	0.0211756
938	0.0211756	0.0211742
939	0.0211743	0.0211728
940	0.0211729	0.0211714
941	0.0211714	0.02117
942	0.02117	0.0211686
943	0.0211686	0.0211672
944	0.0211672	0.0211658
945	0.0211658	0.0211644
946	0.0211644	0.021163
947	0.021163	0.0211616
948	0.0211616	0.0211602
949	0.0211602	0.0211588
950	0.0211588	0.0211574
951	0.0211575	0.0211561
952	0.0211561	0.0211546
953	0.0211547	0.0211532
954	0.0211533	0.0211518
955	0.0211519	0.0211504
956	0.0211505	0.021149
957	0.0211491	0.0211477
958	0.0211476	0.0211463
959	0.0211463	0.0211449
960	0.0211449	0.0211435
961	0.0211434	0.0211422
962	0.0211421	0.0211407
963	0.0211408	0.0211394
964	0.0211394	0.021138
965	0.0211381	0.0211366
966	0.0211367	0.0211353
967	0.0211353	0.0211339
968	0.0211339	0.0211325
969	0.0211325	0.0211311
970	0.0211311	0.0211298
971	0.0211298	0.0211284
972	0.0211285	0.021127
973	0.0211271	0.0211257
974	0.0211257	0.0211243
975	0.0211243	0.0211229
976	0.0211229	0.0211215
977	0.0211216	0.0211202
978	0.0211202	0.0211188
979	0.0211188	0.0211175
980	0.0211174	0.021116
981	0.0211161	0.0211147
982	0.0211147	0.0211133
983	0.0211133	0.021112
984	0.021112	0.0211107
985	0.0211106	0.0211092
986	0.0211093	0.0211079
987	0.0211078	0.0211065
988	0.0211065	0.0211052
989	0.0211052	0.0211038
990	0.0211038	0.0211025
991	0.0211025	0.0211011
992	0.0211011	0.0210998
993	0.0210998	0.0210985
994	0.0210984	0.0210971
995	0.021097	0.0210958
996	0.0210956	0.0210945
997	0.0210944	0.021093
998	0.021093	0.0210917
999	0.0210917	0.0210904
1000	0.0210902	0.0210889
1001	0.0210889	0.0210876
1002	0.0210876	0.0210863
1003	0.0210863	0.0210849
1004	0.0210848	0.0210836
1005	0.0210836	0.0210822
1006	0.0210822	0.0210809
1007	0.0210808	0.0210795
1008	0.0210795	0.0210781
1009	0.0210782	0.0210768
1010	0.0210768	0.0210754
1011	0.0210755	0.021074
1012	0.0210741	0.0210727
1013	0.0210727	0.0210715
1014	0.0210714	0.0210701
1015	0.0210701	0.0210687
1016	0.0210688	0.0210674
1017	0.0210674	0.0210661
1018	0.0210661	0.0210647
1019	0.0210647	0.0210634
1020	0.0210634	0.021062
1021	0.0210621	0.0210607
1022	0.0210607	0.0210594
1023	0.0210595	0.021058
1024	0.021058	0.0210568
1025	0.0210567	0.0210555
1026	0.0210554	0.0210541
1027	0.0210541	0.0210527
1028	0.0210528	0.0210514
1029	0.0210514	0.0210501
1030	0.0210501	0.0210488
1031	0.0210488	0.0210475
1032	0.0210475	0.0210462
1033	0.0210462	0.0210448
1034	0.0210448	0.0210435
1035	0.0210434	0.0210422
1036	0.0210422	0.0210409
1037	0.0210408	0.0210395
1038	0.0210395	0.0210382
1039	0.0210382	0.0210369
1040	0.0210369	0.0210356
1041	0.0210356	0.0210343
1042	0.0210343	0.0210329
1043	0.021033	0.0210316
1044	0.0210317	0.0210303
1045	0.0210303	0.021029
1046	0.021029	0.0210277
1047	0.0210277	0.0210264
1048	0.0210264	0.021025
1049	0.0210249	0.0210237
1050	0.0210237	0.0210224
1051	0.0210224	0.0210211
1052	0.0210211	0.0210198
1053	0.0210198	0.0210185
1054	0.0210186	0.0210172
1055	0.0210172	0.0210159
1056	0.0210159	0.0210146
1057	0.0210146	0.0210132
1058	0.0210133	0.0210119
1059	0.021012	0.0210106
1060	0.0210106	0.0210093
1061	0.0210094	0.021008
1062	0.0210081	0.0210067
1063	0.0210067	0.0210054
1064	0.0210055	0.0210041
1065	0.0210041	0.0210028
1066	0.0210028	0.0210015
1067	0.0210015	0.0210003
1068	0.0210003	0.0209989
1069	0.0209989	0.0209977
1070	0.0209977	0.0209964
1071	0.0209964	0.020995
1072	0.020995	0.0209938
1073	0.0209939	0.0209925
1074	0.0209925	0.0209912
1075	0.0209912	0.02099
1076	0.0209899	0.0209887
1077	0.0209886	0.0209874
1078	0.0209873	0.0209861
1079	0.020986	0.0209847
1080	0.0209848	0.0209835
1081	0.0209835	0.0209822
1082	0.0209822	0.0209809
1083	0.0209809	0.0209796
1084	0.0209796	0.0209783
1085	0.0209783	0.020977
1086	0.0209771	0.0209757
1087	0.0209757	0.0209745
1088	0.0209744	0.0209732
1089	0.0209731	0.0209719
1090	0.0209718	0.0209706
1091	0.0209706	0.0209694
1092	0.0209693	0.0209681
1093	0.0209681	0.0209668
1094	0.0209667	0.0209655
1095	0.0209655	0.0209642
1096	0.0209642	0.0209629
1097	0.0209629	0.0209617
1098	0.0209617	0.0209604
1099	0.0209604	0.0209591
1100	0.0209591	0.0209579
1101	0.0209579	0.0209566
1102	0.0209566	0.0209553
1103	0.0209553	0.0209541
1104	0.020954	0.0209528
1105	0.0209527	0.0209514
1106	0.0209514	0.0209502
1107	0.0209503	0.020949
1108	0.020949	0.0209477
1109	0.0209477	0.0209464
1110	0.0209465	0.0209451
1111	0.0209451	0.0209438
1112	0.0209438	0.0209426
1113	0.0209426	0.0209414
1114	0.0209414	0.0209401
1115	0.0209401	0.0209389
1116	0.0209388	0.0209376
1117	0.0209376	0.0209363
1118	0.0209363	0.0209351
1119	0.020935	0.0209338
1120	0.0209338	0.0209325
1121	0.0209325	0.0209313
1122	0.0209312	0.02093
1123	0.02093	0.0209287
1124	0.0209287	0.0209275
1125	0.0209275	0.0209263
1126	0.0209263	0.020925
1127	0.0209251	0.0209237
1128	0.0209237	0.0209225
1129	0.0209225	0.0209213
1130	0.0209212	0.02092
1131	0.0209199	0.0209188
1132	0.0209187	0.0209175
1133	0.0209175	0.0209162
1134	0.0209163	0.020915
1135	0.0209151	0.0209138
1136	0.0209138	0.0209125
1137	0.0209125	0.0209113
1138	0.0209112	0.02091
1139	0.0209099	0.0209088
1140	0.0209088	0.0209075
1141	0.0209075	0.0209063
1142	0.0209063	0.0209051
1143	0.0209051	0.0209038
1144	0.0209037	0.0209025
1145	0.0209025	0.0209014
1146	0.0209013	0.0209001
1147	0.0209	0.0208988
1148	0.0208988	0.0208976
1149	0.0208976	0.0208964
1150	0.0208964	0.0208952
1151	0.0208951	0.020894
1152	0.0208939	0.0208927
1153	0.0208926	0.0208915
1154	0.0208914	0.0208902
1155	0.0208902	0.0208889
1156	0.0208889	0.0208877
1157	0.0208877	0.0208865
1158	0.0208865	0.0208853
1159	0.0208852	0.020884
1160	0.020884	0.0208828
1161	0.0208827	0.0208815
1162	0.0208815	0.0208803
1163	0.0208803	0.0208791
1164	0.020879	0.0208778
1165	0.0208778	0.0208766
1166	0.0208766	0.0208754
1167	0.0208754	0.0208742
1168	0.0208742	0.020873
1169	0.0208729	0.0208718
1170	0.0208718	0.0208706
1171	0.0208705	0.0208694
1172	0.0208692	0.0208681
1173	0.0208681	0.0208668
1174	0.0208668	0.0208656
1175	0.0208657	0.0208644
1176	0.0208644	0.0208632
1177	0.0208631	0.020862
1178	0.020862	0.0208608
1179	0.0208607	0.0208595
1180	0.0208595	0.0208583
1181	0.0208583	0.0208571
1182	0.0208571	0.0208559
1183	0.0208559	0.0208547
1184	0.0208546	0.0208535
1185	0.0208534	0.0208522
1186	0.0208522	0.020851
1187	0.020851	0.0208498
1188	0.0208498	0.0208486
1189	0.0208486	0.0208474
1190	0.0208474	0.0208462
1191	0.0208462	0.020845
1192	0.0208449	0.0208438
1193	0.0208437	0.0208426
1194	0.0208426	0.0208414
1195	0.0208414	0.0208402
1196	0.0208402	0.020839
1197	0.0208389	0.0208378
1198	0.0208378	0.0208366
1199	0.0208365	0.0208353
1200	0.0208353	0.0208342
1201	0.0208341	0.0208329
1202	0.0208329	0.0208317
1203	0.0208317	0.0208306
1204	0.0208304	0.0208294
1205	0.0208293	0.0208282
1206	0.020828	0.0208269
1207	0.0208269	0.0208257
1208	0.0208256	0.0208245
1209	0.0208245	0.0208233
1210	0.0208233	0.0208221
1211	0.0208221	0.020821
1212	0.020821	0.0208197
1213	0.0208198	0.0208185
1214	0.0208185	0.0208174
1215	0.0208173	0.0208162
1216	0.0208161	0.020815
1217	0.0208149	0.0208138
1218	0.0208137	0.0208126
1219	0.0208125	0.0208113
1220	0.0208114	0.0208102
1221	0.0208102	0.020809
1222	0.020809	0.0208078
1223	0.0208078	0.0208066
1224	0.0208066	0.0208054
1225	0.0208054	0.0208042
1226	0.0208042	0.020803
1227	0.020803	0.0208018
1228	0.0208018	0.0208006
1229	0.0208007	0.0207995
1230	0.0207995	0.0207983
1231	0.0207983	0.0207971
1232	0.0207971	0.0207959
1233	0.020796	0.0207948
1234	0.0207947	0.0207936
1235	0.0207936	0.0207924
1236	0.0207924	0.0207912
1237	0.0207912	0.0207901
1238	0.02079	0.0207889
1239	0.0207889	0.0207876
1240	0.0207876	0.0207865
1241	0.0207865	0.0207853
1242	0.0207853	0.0207842
1243	0.0207841	0.020783
1244	0.020783	0.0207818
1245	0.0207818	0.0207806
1246	0.0207806	0.0207795
1247	0.0207794	0.0207783
1248	0.0207782	0.0207771
1249	0.0207771	0.0207759
1250	0.0207759	0.0207748
1251	0.0207748	0.0207736
1252	0.0207736	0.0207724
1253	0.0207724	0.0207712
1254	0.0207713	0.0207701
1255	0.0207701	0.020769
1256	0.020769	0.0207678
1257	0.0207677	0.0207666
1258	0.0207666	0.0207654
1259	0.0207655	0.0207643
1260	0.0207643	0.0207631
1261	0.0207631	0.0207619
1262	0.0207619	0.0207608
1263	0.0207608	0.0207597
1264	0.0207596	0.0207585
1265	0.0207586	0.0207573
1266	0.0207574	0.0207561
1267	0.0207561	0.0207549
1268	0.0207549	0.0207538
1269	0.0207537	0.0207527
1270	0.0207526	0.0207515
1271	0.0207515	0.0207503
1272	0.0207504	0.0207491
1273	0.0207492	0.020748
1274	0.020748	0.0207469
1275	0.0207469	0.0207457
1276	0.0207457	0.0207445
1277	0.0207446	0.0207434
1278	0.0207434	0.0207422
1279	0.0207422	0.0207411
1280	0.020741	0.02074
1281	0.02074	0.0207389
1282	0.0207388	0.0207376
1283	0.0207376	0.0207365
1284	0.0207365	0.0207354
1285	0.0207354	0.0207342
1286	0.0207343	0.0207331
1287	0.020733	0.0207319
1288	0.0207319	0.0207307
1289	0.0207307	0.0207296
1290	0.0207296	0.0207284
1291	0.0207284	0.0207273
1292	0.0207273	0.0207262
1293	0.0207262	0.0207251
1294	0.0207251	0.0207239
1295	0.0207239	0.0207228
1296	0.0207227	0.0207216
1297	0.0207216	0.0207205
1298	0.0207204	0.0207194
1299	0.0207194	0.0207182
1300	0.0207183	0.0207171
1301	0.020717	0.0207159
1302	0.0207159	0.0207148
1303	0.0207148	0.0207137
1304	0.0207136	0.0207126
1305	0.0207125	0.0207114
1306	0.0207114	0.0207102
1307	0.0207103	0.020709
1308	0.0207091	0.0207079
1309	0.0207079	0.0207068
1310	0.0207069	0.0207057
1311	0.0207056	0.0207046
1312	0.0207046	0.0207034
1313	0.0207034	0.0207023
1314	0.0207023	0.0207011
1315	0.0207012	0.0207001
1316	0.0207001	0.0206989
1317	0.0206988	0.0206978
1318	0.0206977	0.0206967
1319	0.0206967	0.0206956
1320	0.0206955	0.0206944
1321	0.0206944	0.0206933
1322	0.0206932	0.0206921
1323	0.0206921	0.020691
1324	0.020691	0.0206899
1325	0.0206899	0.0206888
1326	0.0206888	0.0206877
1327	0.0206876	0.0206865
1328	0.0206865	0.0206854
1329	0.0206854	0.0206843
1330	0.0206843	0.0206832
1331	0.0206832	0.020682
1332	0.020682	0.0206808
1333	0.0206809	0.0206797
1334	0.0206798	0.0206787
1335	0.0206787	0.0206775
1336	0.0206775	0.0206765
1337	0.0206764	0.0206753
1338	0.0206753	0.0206742
1339	0.0206743	0.0206732
1340	0.0206731	0.020672
1341	0.020672	0.0206709
1342	0.0206709	0.0206698
1343	0.0206698	0.0206687
1344	0.0206686	0.0206676
1345	0.0206675	0.0206664
1346	0.0206664	0.0206653
1347	0.0206653	0.0206642
1348	0.0206642	0.0206631
1349	0.020663	0.020662
1350	0.020662	0.0206608
1351	0.0206609	0.0206598
1352	0.0206598	0.0206587
1353	0.0206587	0.0206576
1354	0.0206576	0.0206565
1355	0.0206565	0.0206553
1356	0.0206553	0.0206543
1357	0.0206542	0.0206532
1358	0.0206531	0.020652
1359	0.0206521	0.0206509
1360	0.0206509	0.0206498
1361	0.0206498	0.0206488
1362	0.0206488	0.0206477
1363	0.0206476	0.0206466
1364	0.0206466	0.0206455
1365	0.0206454	0.0206444
1366	0.0206444	0.0206434
1367	0.0206433	0.0206422
1368	0.0206422	0.0206411
1369	0.0206412	0.02064
1370	0.02064	0.0206389
1371	0.0206388	0.0206378
1372	0.0206377	0.0206367
1373	0.0206366	0.0206356
1374	0.0206356	0.0206345
1375	0.0206345	0.0206334
1376	0.0206333	0.0206323
1377	0.0206323	0.0206312
1378	0.0206312	0.0206301
1379	0.0206302	0.020629
1380	0.020629	0.0206279
1381	0.0206279	0.0206268
1382	0.0206268	0.0206258
1383	0.0206257	0.0206246
1384	0.0206246	0.0206235
1385	0.0206235	0.0206224
1386	0.0206225	0.0206213
1387	0.0206214	0.0206203
1388	0.0206203	0.0206193
1389	0.0206191	0.0206182
1390	0.0206182	0.0206171
1391	0.020617	0.020616
1392	0.0206159	0.020615
1393	0.0206149	0.0206138
1394	0.0206138	0.0206127
1395	0.0206127	0.0206116
1396	0.0206115	0.0206106
1397	0.0206106	0.0206095
1398	0.0206095	0.0206084
1399	0.0206084	0.0206073
1400	0.0206073	0.0206062
1401	0.0206063	0.0206051
1402	0.0206052	0.0206041
1403	0.0206041	0.020603
1404	0.020603	0.0206019
1405	0.0206019	0.0206008
1406	0.0206008	0.0205997
1407	0.0205998	0.0205987
1408	0.0205987	0.0205976
1409	0.0205977	0.0205965
1410	0.0205965	0.0205954
1411	0.0205954	0.0205944
1412	0.0205944	0.0205933
1413	0.0205933	0.0205923
1414	0.0205923	0.0205912
1415	0.0205911	0.0205901
1416	0.0205901	0.0205891
1417	0.020589	0.020588
1418	0.020588	0.020587
1419	0.020587	0.0205858
1420	0.0205858	0.0205848
1421	0.0205848	0.0205837
1422	0.0205837	0.0205826
1423	0.0205825	0.0205816
1424	0.0205816	0.0205805
1425	0.0205806	0.0205795
1426	0.0205795	0.0205784
1427	0.0205784	0.0205774
1428	0.0205774	0.0205763
1429	0.0205762	0.0205752
1430	0.0205752	0.0205742
1431	0.0205742	0.0205731
1432	0.0205731	0.0205721
1433	0.020572	0.020571
1434	0.020571	0.0205699
1435	0.0205699	0.0205689
1436	0.0205688	0.0205678
1437	0.0205678	0.0205667
1438	0.0205667	0.0205657
1439	0.0205656	0.0205646
1440	0.0205645	0.0205636
1441	0.0205636	0.0205625
1442	0.0205625	0.0205615
1443	0.0205615	0.0205604
1444	0.0205604	0.0205593
1445	0.0205594	0.0205582
1446	0.0205583	0.0205572
1447	0.0205573	0.0205561
1448	0.0205562	0.0205551
1449	0.0205551	0.020554
1450	0.020554	0.020553
1451	0.020553	0.0205519
1452	0.020552	0.0205509
1453	0.020551	0.0205499
1454	0.0205498	0.0205488
1455	0.0205488	0.0205477
1456	0.0205478	0.0205467
1457	0.0205467	0.0205457
1458	0.0205457	0.0205446
1459	0.0205447	0.0205436
1460	0.0205436	0.0205425
1461	0.0205425	0.0205415
1462	0.0205415	0.0205405
1463	0.0205405	0.0205395
1464	0.0205395	0.0205385
1465	0.0205384	0.0205374
1466	0.0205374	0.0205363
1467	0.0205363	0.0205352
1468	0.0205353	0.0205342
1469	0.0205342	0.0205332
1470	0.0205332	0.0205321
1471	0.0205321	0.0205311
1472	0.0205311	0.02053
1473	0.0205301	0.020529
1474	0.020529	0.020528
1475	0.020528	0.0205269
1476	0.020527	0.0205259
1477	0.0205259	0.0205248
1478	0.0205249	0.0205239
1479	0.0205239	0.0205228
1480	0.0205228	0.0205217
1481	0.0205218	0.0205207
1482	0.0205207	0.0205197
1483	0.0205197	0.0205186
1484	0.0205186	0.0205177
1485	0.0205177	0.0205166
1486	0.0205166	0.0205156
1487	0.0205156	0.0205146
1488	0.0205145	0.0205136
1489	0.0205135	0.0205126
1490	0.0205125	0.0205115
1491	0.0205115	0.0205105
1492	0.0205105	0.0205094
1493	0.0205095	0.0205084
1494	0.0205085	0.0205074
1495	0.0205074	0.0205064
1496	0.0205064	0.0205055
1497	0.0205053	0.0205044
1498	0.0205044	0.0205034
1499	0.0205033	0.0205023
1500	0.0205023	0.0205013
1501	0.0205013	0.0205002
1502	0.0205002	0.0204993
1503	0.0204992	0.0204983
1504	0.0204983	0.0204973
1505	0.0204972	0.0204962
1506	0.0204961	0.0204952
1507	0.0204952	0.0204942
1508	0.0204941	0.0204931
1509	0.0204931	0.0204921
1510	0.0204922	0.0204911
1511	0.0204911	0.0204901
1512	0.0204901	0.0204891
1513	0.020489	0.0204881
1514	0.0204881	0.020487
1515	0.0204871	0.0204861
1516	0.020486	0.020485
1517	0.020485	0.0204841
1518	0.020484	0.0204831
1519	0.0204831	0.0204821
1520	0.020482	0.020481
1521	0.0204809	0.0204799
1522	0.0204799	0.0204789
1523	0.0204789	0.020478
1524	0.0204779	0.020477
1525	0.020477	0.0204759
1526	0.020476	0.0204749
1527	0.020475	0.0204739
1528	0.0204738	0.020473
1529	0.0204729	0.020472
1530	0.0204719	0.020471
1531	0.0204709	0.0204699
1532	0.0204699	0.0204689
1533	0.0204689	0.0204679
1534	0.0204679	0.0204669
1535	0.0204669	0.0204659
1536	0.0204658	0.0204649
1537	0.0204649	0.0204639
1538	0.0204639	0.0204629
1539	0.0204629	0.0204619
1540	0.0204618	0.0204609
1541	0.0204609	0.0204599
1542	0.0204599	0.0204589
1543	0.0204589	0.0204579
1544	0.0204578	0.020457
1545	0.0204569	0.020456
1546	0.0204559	0.020455
1547	0.0204549	0.020454
1548	0.020454	0.0204529
1549	0.0204529	0.0204519
1550	0.0204519	0.020451
1551	0.020451	0.02045
1552	0.0204499	0.020449
1553	0.020449	0.020448
1554	0.0204479	0.020447
1555	0.0204469	0.020446
1556	0.020446	0.020445
1557	0.020445	0.020444
1558	0.0204439	0.020443
1559	0.0204429	0.020442
1560	0.020442	0.020441
1561	0.020441	0.0204401
1562	0.02044	0.0204391
1563	0.0204391	0.0204381
1564	0.020438	0.0204371
1565	0.020437	0.0204361
1566	0.020436	0.0204351
1567	0.0204351	0.0204341
1568	0.0204341	0.0204331
1569	0.0204331	0.0204321
1570	0.0204321	0.0204311
1571	0.0204311	0.0204302
1572	0.0204302	0.0204292
1573	0.0204292	0.0204282
1574	0.0204281	0.0204272
1575	0.0204272	0.0204262
1576	0.0204262	0.0204252
1577	0.0204252	0.0204242
1578	0.0204242	0.0204232
1579	0.0204232	0.0204223
1580	0.0204223	0.0204214
1581	0.0204214	0.0204204
1582	0.0204204	0.0204195
1583	0.0204194	0.0204184
1584	0.0204184	0.0204174
1585	0.0204174	0.0204164
1586	0.0204165	0.0204155
1587	0.0204155	0.0204145
1588	0.0204146	0.0204136
1589	0.0204136	0.0204126
1590	0.0204126	0.0204116
1591	0.0204116	0.0204106
1592	0.0204107	0.0204097
1593	0.0204097	0.0204087
1594	0.0204087	0.0204077
1595	0.0204078	0.0204067
1596	0.0204068	0.0204058
1597	0.0204058	0.0204049
1598	0.0204049	0.0204039
1599	0.0204039	0.0204029
1600	0.020403	0.020402
1601	0.0204019	0.020401
1602	0.020401	0.0204
1603	0.0204	0.0203991
1604	0.0203991	0.0203982
1605	0.0203981	0.0203971
1606	0.0203971	0.0203961
1607	0.0203961	0.0203952
1608	0.0203952	0.0203942
1609	0.0203942	0.0203933
1610	0.0203933	0.0203923
1611	0.0203923	0.0203914
1612	0.0203914	0.0203905
1613	0.0203904	0.0203895
1614	0.0203895	0.0203885
1615	0.0203885	0.0203876
1616	0.0203875	0.0203866
1617	0.0203866	0.0203857
1618	0.0203856	0.0203847
1619	0.0203846	0.0203838
1620	0.0203837	0.0203828
1621	0.0203828	0.0203818
1622	0.0203818	0.0203809
1623	0.0203808	0.0203799
1624	0.0203799	0.0203789
1625	0.020379	0.020378
1626	0.0203779	0.020377
1627	0.020377	0.020376
1628	0.0203761	0.0203751
1629	0.0203751	0.0203741
1630	0.0203742	0.0203731
1631	0.0203732	0.0203722
1632	0.0203723	0.0203713
1633	0.0203714	0.0203703
1634	0.0203703	0.0203693
1635	0.0203694	0.0203685
1636	0.0203685	0.0203675
1637	0.0203675	0.0203666
1638	0.0203665	0.0203657
1639	0.0203657	0.0203647
1640	0.0203647	0.0203638
1641	0.0203637	0.0203628
1642	0.0203628	0.0203618
1643	0.0203619	0.0203609
1644	0.0203608	0.0203599
1645	0.02036	0.020359
1646	0.020359	0.020358
1647	0.0203581	0.0203571
1648	0.0203572	0.0203561
1649	0.0203562	0.0203552
1650	0.0203552	0.0203543
1651	0.0203543	0.0203533
1652	0.0203534	0.0203524
1653	0.0203525	0.0203515
1654	0.0203515	0.0203505
1655	0.0203505	0.0203496
1656	0.0203497	0.0203487
1657	0.0203487	0.0203478
1658	0.0203478	0.0203468
1659	0.0203468	0.0203459
1660	0.0203459	0.020345
1661	0.0203449	0.020344
1662	0.020344	0.020343
1663	0.020343	0.0203421
1664	0.0203421	0.0203412
1665	0.0203412	0.0203403
1666	0.0203402	0.0203393
1667	0.0203393	0.0203384
1668	0.0203385	0.0203375
1669	0.0203375	0.0203364
1670	0.0203365	0.0203355
1671	0.0203356	0.0203346
1672	0.0203347	0.0203337
1673	0.0203337	0.0203328
1674	0.0203328	0.0203319
1675	0.0203318	0.0203309
1676	0.020331	0.02033
1677	0.02033	0.0203291
1678	0.0203292	0.0203282
1679	0.0203281	0.0203272
1680	0.0203273	0.0203263
1681	0.0203263	0.0203254
1682	0.0203254	0.0203245
1683	0.0203245	0.0203235
1684	0.0203236	0.0203226
1685	0.0203227	0.0203217
1686	0.0203218	0.0203208
1687	0.0203208	0.0203199
1688	0.0203198	0.020319
1689	0.020319	0.0203181
1690	0.0203181	0.0203171
1691	0.0203171	0.0203162
1692	0.0203161	0.0203153
1693	0.0203153	0.0203143
1694	0.0203143	0.0203134
1695	0.0203134	0.0203125
1696	0.0203125	0.0203116
1697	0.0203115	0.0203107
1698	0.0203107	0.0203099
1699	0.0203098	0.020309
1700	0.0203088	0.020308
1701	0.0203079	0.0203071
1702	0.020307	0.0203061
1703	0.0203061	0.0203053
1704	0.0203052	0.0203044
1705	0.0203043	0.0203035
1706	0.0203034	0.0203026
1707	0.0203024	0.0203016
1708	0.0203016	0.0203007
1709	0.0203006	0.0202998
1710	0.0202998	0.0202989
1711	0.0202989	0.020298
1712	0.020298	0.0202971
1713	0.0202971	0.0202962
1714	0.0202962	0.0202952
1715	0.0202953	0.0202943
1716	0.0202942	0.0202934
1717	0.0202934	0.0202926
1718	0.0202925	0.0202916
1719	0.0202916	0.0202907
1720	0.0202906	0.0202898
1721	0.0202897	0.0202889
1722	0.0202889	0.020288
1723	0.0202879	0.0202871
1724	0.020287	0.0202862
1725	0.0202862	0.0202852
1726	0.0202853	0.0202844
1727	0.0202844	0.0202834
1728	0.0202834	0.0202825
1729	0.0202826	0.0202817
1730	0.0202816	0.0202808
1731	0.0202808	0.0202799
1732	0.0202799	0.020279
1733	0.020279	0.0202781
1734	0.0202781	0.0202772
1735	0.0202772	0.0202763
1736	0.0202763	0.0202754
1737	0.0202753	0.0202746
1738	0.0202745	0.0202736
1739	0.0202735	0.0202727
1740	0.0202727	0.0202718
1741	0.0202718	0.0202709
1742	0.0202709	0.02027
1743	0.02027	0.0202691
1744	0.0202691	0.0202682
1745	0.0202683	0.0202673
1746	0.0202673	0.0202664
1747	0.0202665	0.0202656
1748	0.0202656	0.0202647
1749	0.0202645	0.0202639
1750	0.0202638	0.020263
1751	0.0202629	0.020262
1752	0.020262	0.0202611
1753	0.0202611	0.0202603
1754	0.0202602	0.0202595
1755	0.0202593	0.0202585
1756	0.0202585	0.0202576
1757	0.0202575	0.0202567
1758	0.0202566	0.0202558
1759	0.0202558	0.0202549
1760	0.0202549	0.0202541
1761	0.0202541	0.0202531
1762	0.0202532	0.0202522
1763	0.0202523	0.0202514
1764	0.0202515	0.0202505
1765	0.0202505	0.0202496
1766	0.0202496	0.0202487
1767	0.0202488	0.0202479
1768	0.0202478	0.020247
1769	0.020247	0.0202461
1770	0.0202461	0.0202452
1771	0.0202453	0.0202443
1772	0.0202444	0.0202434
1773	0.0202434	0.0202425
1774	0.0202426	0.0202417
1775	0.0202418	0.0202408
1776	0.0202409	0.0202399
1777	0.02024	0.0202391
1778	0.0202391	0.0202382
1779	0.0202382	0.0202373
1780	0.0202374	0.0202364
1781	0.0202365	0.0202356
1782	0.0202355	0.0202347
1783	0.0202347	0.0202338
1784	0.0202338	0.020233
1785	0.020233	0.0202321
1786	0.0202321	0.0202313
1787	0.0202313	0.0202304
1788	0.0202304	0.0202295
1789	0.0202295	0.0202286
1790	0.0202286	0.0202278
1791	0.0202277	0.0202269
1792	0.0202268	0.0202261
1793	0.0202261	0.0202252
1794	0.0202251	0.0202243
1795	0.0202243	0.0202234
1796	0.0202234	0.0202226
1797	0.0202226	0.0202217
1798	0.0202217	0.0202208
1799	0.0202208	0.02022
1800	0.0202199	0.0202191
1801	0.0202191	0.0202182
1802	0.0202182	0.0202173
1803	0.0202174	0.0202165
1804	0.0202165	0.0202157
1805	0.0202157	0.0202149
1806	0.0202148	0.020214
1807	0.0202139	0.0202131
1808	0.020213	0.0202122
1809	0.0202122	0.0202114
1810	0.0202114	0.0202105
1811	0.0202104	0.0202096
1812	0.0202096	0.0202087
1813	0.0202088	0.0202079
1814	0.0202079	0.0202071
1815	0.0202071	0.0202062
1816	0.0202062	0.0202054
1817	0.0202053	0.0202045
1818	0.0202045	0.0202036
1819	0.0202036	0.0202028
1820	0.0202028	0.0202019
1821	0.0202019	0.0202011
1822	0.020201	0.0202003
1823	0.0202002	0.0201994
1824	0.0201994	0.0201985
1825	0.0201985	0.0201976
1826	0.0201976	0.0201968
1827	0.0201968	0.020196
1828	0.0201959	0.0201951
1829	0.020195	0.0201943
1830	0.0201941	0.0201934
1831	0.0201934	0.0201926
1832	0.0201926	0.0201918
1833	0.0201917	0.0201909
1834	0.0201908	0.02019
1835	0.02019	0.0201892
1836	0.0201893	0.0201883
1837	0.0201883	0.0201876
1838	0.0201875	0.0201866
1839	0.0201866	0.0201858
1840	0.0201858	0.020185
1841	0.020185	0.0201842
1842	0.0201842	0.0201833
1843	0.0201833	0.0201824
1844	0.0201825	0.0201816
1845	0.0201816	0.0201808
1846	0.0201807	0.0201799
1847	0.0201799	0.0201791
1848	0.0201791	0.0201782
1849	0.0201782	0.0201774
1850	0.0201774	0.0201765
1851	0.0201765	0.0201757
1852	0.0201757	0.0201748
1853	0.0201748	0.020174
1854	0.020174	0.0201732
1855	0.0201732	0.0201723
1856	0.0201723	0.0201714
1857	0.0201715	0.0201706
1858	0.0201706	0.0201698
1859	0.0201698	0.0201689
1860	0.020169	0.0201681
1861	0.0201682	0.0201672
1862	0.0201673	0.0201664
1863	0.0201665	0.0201656
1864	0.0201656	0.0201647
1865	0.0201649	0.0201639
1866	0.020164	0.0201631
1867	0.0201632	0.0201623
1868	0.0201623	0.0201614
1869	0.0201615	0.0201606
1870	0.0201606	0.0201598
1871	0.0201598	0.0201589
1872	0.020159	0.0201581
1873	0.0201582	0.0201572
1874	0.0201574	0.0201565
1875	0.0201565	0.0201557
1876	0.0201557	0.0201548
1877	0.0201548	0.020154
1878	0.020154	0.0201532
1879	0.0201532	0.0201523
1880	0.0201524	0.0201515
1881	0.0201516	0.0201507
1882	0.0201507	0.0201499
1883	0.0201499	0.0201491
1884	0.0201491	0.0201482
1885	0.0201483	0.0201474
1886	0.0201475	0.0201466
1887	0.0201466	0.0201458
1888	0.0201458	0.020145
1889	0.020145	0.0201442
1890	0.0201442	0.0201433
1891	0.0201434	0.0201425
1892	0.0201425	0.0201417
1893	0.0201417	0.0201409
1894	0.0201409	0.0201401
1895	0.0201402	0.0201393
1896	0.0201393	0.0201385
1897	0.0201385	0.0201377
1898	0.0201376	0.0201368
1899	0.0201368	0.020136
1900	0.020136	0.0201352
1901	0.0201352	0.0201343
1902	0.0201344	0.0201335
1903	0.0201336	0.0201327
1904	0.0201327	0.0201319
1905	0.0201319	0.0201312
1906	0.0201311	0.0201304
1907	0.0201302	0.0201295
1908	0.0201295	0.0201287
1909	0.0201287	0.0201279
1910	0.0201278	0.020127
1911	0.0201271	0.0201262
1912	0.0201262	0.0201254
1913	0.0201253	0.0201246
1914	0.0201247	0.0201238
1915	0.0201239	0.020123
1916	0.020123	0.0201222
1917	0.0201223	0.0201215
1918	0.0201214	0.0201206
1919	0.0201206	0.0201198
1920	0.0201198	0.020119
1921	0.020119	0.0201182
1922	0.0201182	0.0201174
1923	0.0201173	0.0201166
1924	0.0201165	0.0201158
1925	0.0201157	0.0201149
1926	0.020115	0.0201141
1927	0.0201141	0.0201134
1928	0.0201133	0.0201126
1929	0.0201126	0.0201117
1930	0.0201117	0.0201109
1931	0.0201109	0.0201102
1932	0.0201101	0.0201093
1933	0.0201094	0.0201086
1934	0.0201086	0.0201077
1935	0.0201078	0.0201069
1936	0.020107	0.0201061
1937	0.0201062	0.0201053
1938	0.0201054	0.0201046
1939	0.0201045	0.0201038
1940	0.0201037	0.020103
1941	0.0201029	0.0201022
1942	0.0201021	0.0201013
1943	0.0201014	0.0201006
1944	0.0201006	0.0200997
1945	0.0200997	0.0200989
1946	0.020099	0.0200981
1947	0.0200981	0.0200973
1948	0.0200974	0.0200966
1949	0.0200966	0.0200957
1950	0.0200958	0.020095
1951	0.020095	0.0200942
1952	0.0200942	0.0200934
1953	0.0200935	0.0200926
1954	0.0200926	0.0200918
1955	0.0200919	0.020091
1956	0.0200911	0.0200903
1957	0.0200902	0.0200895
1958	0.0200895	0.0200887
1959	0.0200887	0.0200879
1960	0.0200879	0.0200871
1961	0.0200872	0.0200864
1962	0.0200863	0.0200855
1963	0.0200855	0.0200848
1964	0.0200848	0.020084
1965	0.0200839	0.0200832
1966	0.0200832	0.0200824
1967	0.0200824	0.0200816
1968	0.0200816	0.0200809
1969	0.0200809	0.0200801
1970	0.0200802	0.0200793
1971	0.0200793	0.0200786
1972	0.0200785	0.0200778
1973	0.0200778	0.020077
1974	0.020077	0.0200763
1975	0.0200762	0.0200755
1976	0.0200755	0.0200746
1977	0.0200746	0.0200738
1978	0.0200738	0.0200731
1979	0.0200731	0.0200723
1980	0.0200724	0.0200715
1981	0.0200715	0.0200707
1982	0.0200707	0.0200699
1983	0.0200699	0.0200692
1984	0.0200692	0.0200684
1985	0.0200684	0.0200676
1986	0.0200676	0.0200669
1987	0.0200668	0.0200661
1988	0.020066	0.0200653
1989	0.0200653	0.0200645
1990	0.0200645	0.0200638
1991	0.0200637	0.020063
1992	0.0200629	0.0200622
1993	0.0200622	0.0200614
1994	0.0200615	0.0200606
1995	0.0200607	0.0200598
1996	0.0200599	0.020059
1997	0.0200591	0.0200583
1998	0.0200584	0.0200575
1999	0.0200576	0.0200567
2000	0.0200567	0.020056
2001	0.020056	0.0200553
2002	0.0200552	0.0200544
2003	0.0200545	0.0200537
2004	0.0200538	0.020053
2005	0.020053	0.0200522
2006	0.0200521	0.0200513
2007	0.0200513	0.0200506
2008	0.0200507	0.0200498
2009	0.0200498	0.0200491
2010	0.0200492	0.0200483
2011	0.0200484	0.0200476
2012	0.0200475	0.0200469
2013	0.0200468	0.0200461
2014	0.0200461	0.0200453
2015	0.0200453	0.0200445
2016	0.0200445	0.0200438
2017	0.0200438	0.020043
2018	0.020043	0.0200422
2019	0.0200422	0.0200415
2020	0.0200414	0.0200408
2021	0.0200408	0.02004
2022	0.02004	0.0200392
2023	0.0200393	0.0200384
2024	0.0200384	0.0200377
2025	0.0200377	0.0200369
2026	0.0200369	0.0200362
2027	0.0200362	0.0200354
2028	0.0200354	0.0200347
2029	0.0200346	0.0200339
2030	0.0200338	0.0200332
2031	0.0200331	0.0200324
2032	0.0200324	0.0200316
2033	0.0200317	0.0200309
2034	0.0200309	0.0200301
2035	0.0200301	0.0200294
2036	0.0200294	0.0200287
2037	0.0200286	0.0200279
2038	0.0200279	0.0200271
2039	0.0200271	0.0200264
2040	0.0200263	0.0200257
2041	0.0200256	0.0200249
2042	0.0200249	0.0200241
2043	0.0200241	0.0200233
2044	0.0200233	0.0200226
2045	0.0200227	0.0200218
2046	0.0200219	0.0200211
2047	0.0200212	0.0200204
2048	0.0200203	0.0200196
2049	0.0200196	0.0200188
2050	0.0200188	0.0200181
2051	0.0200182	0.0200173
2052	0.0200174	0.0200166
2053	0.0200167	0.0200159
2054	0.0200159	0.0200151
2055	0.0200151	0.0200144
2056	0.0200144	0.0200136
2057	0.0200136	0.0200129
2058	0.0200128	0.0200122
2059	0.0200122	0.0200114
2060	0.0200114	0.0200107
2061	0.0200107	0.0200099
2062	0.02001	0.0200092
2063	0.0200092	0.0200085
2064	0.0200085	0.0200077
2065	0.0200077	0.020007
2066	0.020007	0.0200063
2067	0.0200063	0.0200055
2068	0.0200056	0.0200048
2069	0.0200048	0.020004
2070	0.0200041	0.0200033
2071	0.0200033	0.0200026
2072	0.0200025	0.0200019
2073	0.0200019	0.0200011
2074	0.0200011	0.0200004
2075	0.0200004	0.0199996
2076	0.0199996	0.0199989
