1150 3 3
0.01605 -0.00579459 -0.168895
-1.91986 -0.0872665 -1.27694
0.0144176 -0.00520147 -0.167673
-1.91986 -0.0872665 -1.25917
0.0136554 -0.00492647 -0.167083
-1.91986 -0.0872665 -1.25081
0.00903293 -0.00324593 -0.16331
-1.91986 -0.0872665 -1.19892
0.0074901 -0.00268523 -0.161951
-1.91986 -0.0872665 -1.1811
0.00677153 -0.00242586 -0.161298
-1.91986 -0.0872665 -1.17271
0.00246146 -0.000858739 -0.157132
-1.91986 -0.0872665 -1.12082
0.00102311 -0.000335909 -0.15565
-1.91986 -0.0872665 -1.10299
0.000354141 -9.46447e-05 -0.15494
-1.91986 -0.0872665 -1.09461
0.000293314 -7.37756e-05 -0.154874
-1.91986 -0.0872665 -1.09385
0.0070096 -0.00256774 -0.15615
-1.91986 -0.0283616 -1.08393
0.00770897 -0.00282241 -0.156817
-1.91986 -0.0283616 -1.09229
0.00777382 -0.00284608 -0.156876
-1.91986 -0.0283616 -1.09304
0.0137074 -0.00500564 -0.162163
-1.91986 -0.0283616 -1.16201
0.0144561 -0.0052784 -0.162771
-1.91986 -0.0283616 -1.17039
0.0145255 -0.00530342 -0.162824
-1.91986 -0.0283616 -1.17115
0.0181062 -0.0066096 -0.160524
-1.91986 0.0305433 -1.12073
0.0165208 -0.00603265 -0.159236
-1.91986 0.0305433 -1.10296
0.015717 -0.00573997 -0.158559
-1.91986 0.0305433 -1.09385
0.0156941 -0.00573154 -0.158538
-1.91986 0.0305433 -1.09359
0.0156941 -0.00573154 -0.158538
-1.91986 0.0305433 -1.09359
0.0112974 -0.00413162 -0.154648
-1.91986 0.0305433 -1.04263
0.0164495 -0.0060061 -0.153959
-1.91986 0.0894481 -1.01494
0.0175933 -0.00582099 -0.15473
-1.88932 0.0894482 -1.02489
0.0168567 -0.00557805 -0.154093
-1.88932 0.0894482 -1.0165
0.0167905 -0.00555619 -0.154034
-1.88932 0.0894482 -1.01575
0.0133406 -0.00441775 -0.156467
-1.88932 0.0305433 -1.06607
0.0149023 -0.00493281 -0.157821
-1.88932 0.0305433 -1.0839
0.0156484 -0.00517868 -0.158444
-1.88932 0.0305433 -1.09229
0.0157175 -0.00520171 -0.158499
-1.88932 0.0305433 -1.09304
0.0157175 -0.00520171 -0.158499
-1.88932 0.0305433 -1.09304
0.017304 -0.00572512 -0.164824
-1.88932 -0.0283616 -1.19892
0.017304 -0.00572512 -0.164824
-1.88932 -0.0283616 -1.19892
0.0156729 -0.00518738 -0.163564
-1.88932 -0.0283616 -1.1811
0.0149136 -0.00493693 -0.162958
-1.88932 -0.0283616 -1.17271
0.0148455 -0.00491447 -0.162901
-1.88932 -0.0283616 -1.17196
0.0103152 -0.00342076 -0.15909
-1.88932 -0.0283616 -1.12082
0.00878257 -0.00291552 -0.1577
-1.88932 -0.0283616 -1.10299
0.00807065 -0.00268064 -0.157033
-1.88932 -0.0283616 -1.09461
0.00800702 -0.00265951 -0.156971
-1.88932 -0.0283616 -1.09385
-0.000653356 0.000196755 -0.154009
-1.88932 -0.0872664 -1.0839
-0.000157326 3.32892e-05 -0.154537
-1.88932 -0.0872664 -1.09012
1.78218e-05 -2.44528e-05 -0.15472
-1.88932 -0.0872664 -1.09229
8.03471e-05 -4.51282e-05 -0.154783
-1.88932 -0.0872664 -1.09304
0.00426176 -0.00142374 -0.159014
-1.88932 -0.0872664 -1.14418
0.00577131 -0.00192155 -0.160432
-1.88932 -0.0872664 -1.16201
0.00649318 -0.00215958 -0.161086
-1.88932 -0.0872664 -1.17039
0.00656021 -0.00218172 -0.161143
-1.88932 -0.0872664 -1.17115
0.0110427 -0.00365964 -0.165018
-1.88932 -0.0872664 -1.22228
0.0126528 -0.00419047 -0.166308
-1.88932 -0.0872664 -1.24011
0.0134211 -0.00444388 -0.166901
-1.88932 -0.0872664 -1.24849
0.0134211 -0.00444388 -0.166901
-1.88932 -0.0872664 -1.24849
0.0134925 -0.00446726 -0.166953
-1.88932 -0.0872664 -1.24925
0.0164288 -0.00479653 -0.168907
-1.85878 -0.0872664 -1.27703
0.0147568 -0.00430262 -0.167681
-1.85878 -0.0872664 -1.2592
0.0141777 -0.0041327 -0.167244
-1.85878 -0.0872664 -1.25298
0.0139748 -0.00407437 -0.167089
-1.85878 -0.0872664 -1.25081
0.00928202 -0.00268502 -0.163338
-1.85878 -0.0872664 -1.19919
0.00769183 -0.00221517 -0.161967
-1.85878 -0.0872664 -1.18119
0.0069499 -0.00199862 -0.161307
-1.85878 -0.0872664 -1.17272
0.0069499 -0.00199862 -0.161307
-1.85878 -0.0872664 -1.17272
0.0068818 -0.00197995 -0.161246
-1.85878 -0.0872664 -1.17196
0.00253117 -0.000691682 -0.157158
-1.85878 -0.0872664 -1.12082
0.00106275 -0.00025773 -0.155674
-1.85878 -0.0872664 -1.10299
0.000379533 -5.84498e-05 -0.154963
-1.85878 -0.0872664 -1.09461
0.000317037 -4.13209e-05 -0.154897
-1.85878 -0.0872664 -1.09385
0.005642 -0.00168393 -0.15471
-1.85878 -0.0283616 -1.06607
0.0071395 -0.00212768 -0.156158
-1.85878 -0.0283616 -1.0839
0.00785598 -0.00234021 -0.156827
-1.85878 -0.0283616 -1.09229
0.00792268 -0.00235998 -0.156885
-1.85878 -0.0283616 -1.09304
0.012376 -0.00367932 -0.16085
-1.85878 -0.0283616 -1.14418
0.012376 -0.00367932 -0.16085
-1.85878 -0.0283616 -1.14418
0.0139775 -0.00415364 -0.162172
-1.85878 -0.0283616 -1.16201
0.0147421 -0.00438029 -0.16278
-1.85878 -0.0283616 -1.17039
0.014813 -0.00440134 -0.162833
-1.85878 -0.0283616 -1.17115
0.016865 -0.00501477 -0.159252
-1.85878 0.0305433 -1.10299
0.0161097 -0.00479095 -0.15863
-1.85878 0.0305433 -1.09461
0.016042 -0.00477088 -0.158572
-1.85878 0.0305433 -1.09385
0.01154 -0.00343756 -0.154669
-1.85878 0.0305433 -1.04272
0.0167789 -0.0049887 -0.153964
-1.85878 0.0894482 -1.01494
0.0179159 -0.00473592 -0.154733
-1.82823 0.0894482 -1.02489
0.0171657 -0.00453839 -0.154097
-1.82823 0.0894482 -1.0165
0.0170984 -0.00452064 -0.154037
-1.82823 0.0894482 -1.01575
0.0135824 -0.00359431 -0.15647
-1.82823 0.0305433 -1.06607
0.0135824 -0.00359431 -0.15647
-1.82823 0.0305433 -1.06607
0.0151728 -0.004013 -0.157824
-1.82823 0.0305433 -1.0839
0.0159324 -0.00421291 -0.158447
-1.82823 0.0305433 -1.09229
0.016003 -0.00423159 -0.158501
-1.82823 0.0305433 -1.09304
0.0176094 -0.00465485 -0.164838
-1.82823 -0.0283616 -1.19892
0.0159485 -0.00421781 -0.163579
-1.82823 -0.0283616 -1.1811
0.015375 -0.00406665 -0.16313
-1.82823 -0.0283616 -1.17488
0.0151757 -0.00401423 -0.162971
-1.82823 -0.0283616 -1.17271
0.0105351 -0.00279257 -0.159106
-1.82823 -0.0283616 -1.12108
0.00895908 -0.00237784 -0.157703
-1.82823 -0.0283616 -1.10308
0.00822702 -0.00218491 -0.15703
-1.82823 -0.0283616 -1.09462
0.00822702 -0.00218491 -0.15703
-1.82823 -0.0283616 -1.09462
0.00816143 -0.00216751 -0.156967
-1.82823 -0.0283616 -1.09386
-0.000675052 0.00015939 -0.154003
-1.82823 -0.0872664 -1.08381
-0.000165373 2.51681e-05 -0.154537
-1.82823 -0.0872664 -1.09009
1.46627e-05 -2.20686e-05 -0.154722
-1.82823 -0.0872664 -1.09228
7.90954e-05 -3.91379e-05 -0.154785
-1.82823 -0.0872664 -1.09304
0.00433728 -0.00116012 -0.159017
-1.82823 -0.0872664 -1.14418
0.00587454 -0.00156476 -0.160434
-1.82823 -0.0872664 -1.16201
0.00660983 -0.00175813 -0.161088
-1.82823 -0.0872664 -1.17039
0.00660983 -0.00175813 -0.161088
-1.82823 -0.0872664 -1.17039
0.00667831 -0.00177621 -0.161146
-1.82823 -0.0872664 -1.17115
0.0112425 -0.002978 -0.165021
-1.82823 -0.0872664 -1.22228
0.0128822 -0.00340959 -0.16631
-1.82823 -0.0872664 -1.24011
0.0136646 -0.00361557 -0.166903
-1.82823 -0.0872664 -1.24849
0.0137372 -0.00363461 -0.166955
-1.82823 -0.0872664 -1.24925
0.0137372 -0.00363461 -0.166955
-1.82823 -0.0872664 -1.24925
0.0166953 -0.00379618 -0.168933
-1.79769 -0.0872664 -1.27729
0.01498 -0.00340154 -0.167695
-1.79769 -0.0872664 -1.25929
0.0141785 -0.00321931 -0.167098
-1.79769 -0.0872664 -1.25083
0.0141052 -0.00320379 -0.167042
-1.79769 -0.0872664 -1.25006
0.00938413 -0.00211453 -0.163322
-1.79769 -0.0872664 -1.19893
0.00938413 -0.00211453 -0.163322
-1.79769 -0.0872664 -1.19893
0.00778389 -0.00174613 -0.161963
-1.79769 -0.0872664 -1.1811
0.00703809 -0.0015767 -0.161309
-1.79769 -0.0872664 -1.17271
0.00696993 -0.0015622 -0.161248
-1.79769 -0.0872664 -1.17196
0.0025689 -0.000546701 -0.157142
-1.79769 -0.0872664 -1.12082
0.00107691 -0.000203207 -0.15566
-1.79769 -0.0872664 -1.10299
0.000562429 -8.56742e-05 -0.155135
-1.79769 -0.0872664 -1.09678
0.00038287 -4.54262e-05 -0.15495
-1.79769 -0.0872664 -1.09461
0.00573736 -0.00133838 -0.154707
-1.79769 -0.0283616 -1.06607
0.00725916 -0.00168978 -0.156156
-1.79769 -0.0283616 -1.0839
0.00779745 -0.00181402 -0.156652
-1.79769 -0.0283616 -1.09012
0.00798726 -0.00185788 -0.156824
-1.79769 -0.0283616 -1.09229
0.0125543 -0.00291234 -0.160829
-1.79769 -0.0283616 -1.14391
0.014197 -0.00329188 -0.162164
-1.79769 -0.0283616 -1.16191
0.0149815 -0.00347305 -0.162778
-1.79769 -0.0283616 -1.17038
0.0149815 -0.00347305 -0.162778
-1.79769 -0.0283616 -1.17038
0.0150542 -0.00348959 -0.162832
-1.79769 -0.0283616 -1.17114
0.017127 -0.00397269 -0.159265
-1.79769 0.0305433 -1.10299
0.0163598 -0.00379576 -0.158643
-1.79769 0.0305433 -1.09461
0.0162912 -0.00377987 -0.158584
-1.79769 0.0305433 -1.09385
0.0117161 -0.00272384 -0.15468
-1.79769 0.0305433 -1.04272
0.0117161 -0.00272384 -0.15468
-1.79769 0.0305433 -1.04272
0.0181676 -0.00363239 -0.154736
-1.76715 0.0894482 -1.02489
0.0174068 -0.00348114 -0.154099
-1.76715 0.0894482 -1.0165
0.0173386 -0.00346759 -0.15404
-1.76715 0.0894482 -1.01575
0.0137774 -0.00275844 -0.156469
-1.76715 0.0305433 -1.06607
0.0153905 -0.00307938 -0.157823
-1.76715 0.0305433 -1.0839
0.016161 -0.00323249 -0.158446
-1.76715 0.0305433 -1.09229
0.0162324 -0.00324684 -0.158501
-1.76715 0.0305433 -1.09304
0.0178558 -0.00356999 -0.164842
-1.76715 -0.0283616 -1.19892
0.0161715 -0.00323512 -0.163581
-1.76715 -0.0283616 -1.1811
0.0153879 -0.00307908 -0.162974
-1.76715 -0.0283616 -1.17271
0.0153879 -0.00307908 -0.162974
-1.76715 -0.0283616 -1.17271
0.0153179 -0.00306531 -0.162917
-1.76715 -0.0283616 -1.17196
0.0106586 -0.0021387 -0.159085
-1.76715 -0.0283616 -1.12082
0.00907567 -0.00182396 -0.157696
-1.76715 -0.0283616 -1.10299
0.00834048 -0.00167758 -0.157028
-1.76715 -0.0283616 -1.09461
0.00827456 -0.00166444 -0.156966
-1.76715 -0.0283616 -1.09385
-0.000673771 0.00011608 -0.154009
-1.76715 -0.0872664 -1.0839
1.93417e-05 -2.18302e-05 -0.154721
-1.76715 -0.0872664 -1.09229
1.93417e-05 -2.18302e-05 -0.154721
-1.76715 -0.0872664 -1.09229
8.38935e-05 -3.46601e-05 -0.154784
-1.76715 -0.0872664 -1.09304
0.00440231 -0.0008936 -0.159015
-1.76715 -0.0872664 -1.14418
0.00596121 -0.00120363 -0.160433
-1.76715 -0.0872664 -1.16201
0.0067068 -0.00135192 -0.161087
-1.76715 -0.0872664 -1.17039
0.00677612 -0.00136574 -0.161144
-1.76715 -0.0872664 -1.17115
0.0114053 -0.00228638 -0.165019
-1.76715 -0.0872664 -1.22228
0.0130683 -0.00261697 -0.166309
-1.76715 -0.0872664 -1.24011
0.0136549 -0.0027338 -0.16675
-1.76715 -0.0872664 -1.24633
0.0138617 -0.00277489 -0.166902
-1.76715 -0.0872664 -1.24849
0.0168799 -0.0027626 -0.168917
-1.7366 -0.0872664 -1.27703
0.0151604 -0.00247608 -0.16769
-1.7366 -0.0872664 -1.2592
0.0143566 -0.00234476 -0.167098
-1.7366 -0.0872664 -1.25081
0.0142828 -0.00233381 -0.167043
-1.7366 -0.0872664 -1.25006
0.0142828 -0.00233381 -0.167043
-1.7366 -0.0872664 -1.25006
0.00950408 -0.00153483 -0.163323
-1.7366 -0.0872664 -1.19892
0.0078845 -0.00126486 -0.161964
-1.7366 -0.0872664 -1.1811
0.00712925 -0.00114139 -0.161311
-1.7366 -0.0872664 -1.17271
0.0070605 -0.00113127 -0.161249
-1.7366 -0.0872664 -1.17196
0.00260544 -0.000386328 -0.157143
-1.7366 -0.0872664 -1.12082
0.00109529 -0.000134751 -0.155661
-1.7366 -0.0872664 -1.10299
0.000574201 -4.88386e-05 -0.155136
-1.7366 -0.0872664 -1.09678
0.000392407 -1.9446e-05 -0.15495
-1.7366 -0.0872664 -1.09461
0.000328273 -1.01924e-05 -0.154884
-1.7366 -0.0872664 -1.09385
0.00581059 -0.000986107 -0.154706
-1.7366 -0.0283616 -1.06607
0.00735089 -0.00124396 -0.156154
-1.7366 -0.0283616 -1.0839
0.0080879 -0.00136723 -0.156823
-1.7366 -0.0283616 -1.09229
0.00815624 -0.00137881 -0.156881
-1.7366 -0.0283616 -1.09304
0.0127371 -0.00214545 -0.160846
-1.7366 -0.0283616 -1.14418
0.0143843 -0.00242119 -0.162168
-1.7366 -0.0283616 -1.16201
0.0151706 -0.00255298 -0.162777
-1.7366 -0.0283616 -1.17039
0.0152434 -0.00256518 -0.16283
-1.7366 -0.0283616 -1.17115
0.0173346 -0.00291907 -0.159268
-1.7366 0.0305433 -1.10299
0.016558 -0.00278921 -0.158645
-1.7366 0.0305433 -1.09461
0.0164887 -0.0027776 -0.158587
-1.7366 0.0305433 -1.09385
0.0164887 -0.0027776 -0.158587
-1.7366 0.0305433 -1.09385
0.0118774 -0.00200612 -0.154664
-1.7366 0.0305433 -1.04272
0.0172644 -0.0029072 -0.153962
-1.7366 0.0894482 -1.01494
0.0175752 -0.00241043 -0.154113
-1.70606 0.0894482 -1.0165
0.0175064 -0.00240093 -0.154054
-1.70606 0.0894482 -1.01575
0.0139094 -0.00191092 -0.156477
-1.70606 0.0305433 -1.06607
0.0155393 -0.00213263 -0.15783
-1.70606 0.0305433 -1.0839
0.0163182 -0.00223868 -0.158453
-1.70606 0.0305433 -1.09229
0.0163182 -0.00223868 -0.158453
-1.70606 0.0305433 -1.09229
0.0163906 -0.00224838 -0.158507
-1.70606 0.0305433 -1.09304
0.0180422 -0.00247359 -0.164845
-1.70606 -0.0283616 -1.19892
0.0163406 -0.00224201 -0.163585
-1.70606 -0.0283616 -1.1811
0.0157528 -0.00216196 -0.163136
-1.70606 -0.0283616 -1.17488
0.0155488 -0.0021342 -0.162978
-1.70606 -0.0283616 -1.17271
0.015478 -0.00212471 -0.162921
-1.70606 -0.0283616 -1.17196
0.0107712 -0.00148418 -0.159088
-1.70606 -0.0283616 -1.12082
0.00917205 -0.00126653 -0.157698
-1.70606 -0.0283616 -1.10299
0.00842908 -0.00116546 -0.157031
-1.70606 -0.0283616 -1.09461
0.00836253 -0.00115631 -0.156969
-1.70606 -0.0283616 -1.09385
0.00836253 -0.00115631 -0.156969
-1.70606 -0.0283616 -1.09385
-0.000678599 7.45356e-05 -0.154009
-1.70606 -0.0872664 -1.0839
-0.000161201 4.09037e-06 -0.154538
-1.70606 -0.0872664 -1.09012
2.16961e-05 -2.06754e-05 -0.154721
-1.70606 -0.0872664 -1.09229
0.00442415 -0.000619791 -0.158995
-1.70606 -0.0872664 -1.14391
0.00601405 -0.000836082 -0.160427
-1.70606 -0.0872664 -1.16191
0.00677449 -0.000939541 -0.161088
-1.70606 -0.0872664 -1.17038
0.00677449 -0.000939541 -0.161088
-1.70606 -0.0872664 -1.17038
0.00684524 -0.000949152 -0.161145
-1.70606 -0.0872664 -1.17114
0.0115222 -0.0015856 -0.165021
-1.70606 -0.0872664 -1.22228
0.013202 -0.00181415 -0.16631
-1.70606 -0.0872664 -1.24011
0.0137951 -0.00189474 -0.166752
-1.70606 -0.0872664 -1.24633
0.014004 -0.00192322 -0.166903
-1.70606 -0.0872664 -1.24849
0.0140785 -0.00193337 -0.166955
-1.70606 -0.0872664 -1.24925
0.0170085 -0.00173269 -0.16892
-1.67552 -0.0872664 -1.27703
0.0152747 -0.0015516 -0.167693
-1.67552 -0.0872664 -1.2592
0.0146745 -0.00148994 -0.167256
-1.67552 -0.0872664 -1.25298
0.0144649 -0.00146938 -0.167101
-1.67552 -0.0872664 -1.25081
0.0143908 -0.00146293 -0.167045
-1.67552 -0.0872664 -1.25006
0.00959215 -0.000959143 -0.163306
-1.67552 -0.0872664 -1.19892
0.00795892 -0.000788748 -0.161947
-1.67552 -0.0872664 -1.1811
0.00719738 -0.000711136 -0.161294
-1.67552 -0.0872664 -1.17271
0.00719738 -0.000711136 -0.161294
-1.67552 -0.0872664 -1.17271
0.00712779 -0.000705078 -0.161233
-1.67552 -0.0872664 -1.17196
0.00261655 -0.000231549 -0.157145
-1.67552 -0.0872664 -1.12082
0.00109407 -7.23973e-05 -0.155663
-1.67552 -0.0872664 -1.10299
0.000568718 -1.83806e-05 -0.155138
-1.67552 -0.0872664 -1.09461
0.000385731 -2.98023e-07 -0.154953
-1.67552 -0.0872664 -1.09461
0.00032118 5.31971e-06 -0.154887
-1.67552 -0.0872664 -1.09385
0.00585034 -0.000627644 -0.154712
-1.67552 -0.0283616 -1.06607
0.00740376 -0.000790924 -0.15616
-1.67552 -0.0283616 -1.0839
0.00795341 -0.00084874 -0.156657
-1.67552 -0.0283616 -1.09012
0.0081473 -0.000869088 -0.156828
-1.67552 -0.0283616 -1.09229
0.0128089 -0.00135934 -0.160834
-1.67552 -0.0283616 -1.14391
0.014486 -0.0015356 -0.162169
-1.67552 -0.0283616 -1.16191
0.0150781 -0.0015979 -0.162625
-1.67552 -0.0283616 -1.16819
0.0152866 -0.0016199 -0.162783
-1.67552 -0.0283616 -1.17038
0.0153612 -0.00162777 -0.162836
-1.67552 -0.0283616 -1.17114
0.0174811 -0.00185537 -0.159267
-1.67552 0.0305433 -1.10299
0.0169001 -0.00179434 -0.158807
-1.67552 0.0305433 -1.09678
0.0166982 -0.00177313 -0.158644
-1.67552 0.0305433 -1.09461
0.0166982 -0.00177313 -0.158644
-1.67552 0.0305433 -1.09461
0.0120017 -0.00127967 -0.154686
-1.67552 0.0305433 -1.04298
0.0173235 -0.00183865 -0.153916
-1.67552 0.0894482 -1.01417
0.0176176 -0.00132747 -0.154044
-1.64497 0.0894482 -1.01575
0.0175937 -0.00132567 -0.154022
-1.64497 0.0894482 -1.01548
0.0140311 -0.00106035 -0.156467
-1.64497 0.0305433 -1.06617
0.0162425 -0.00122482 -0.158278
-1.64497 0.0305433 -1.09013
0.0165179 -0.00124504 -0.158492
-1.64497 0.0305433 -1.09304
0.0165445 -0.00124706 -0.15851
-1.64497 0.0305433 -1.09331
0.0181524 -0.00136679 -0.164814
-1.64497 -0.0283616 -1.19883
0.0164457 -0.00123983 -0.163559
-1.64497 -0.0283616 -1.18106
0.0156517 -0.00118095 -0.162954
-1.64497 -0.0283616 -1.17271
0.0155558 -0.00117387 -0.162877
-1.64497 -0.0283616 -1.17169
0.0108167 -0.000821777 -0.159076
-1.64497 -0.0283616 -1.12073
0.00921291 -0.000702716 -0.157691
-1.64497 -0.0283616 -1.10296
0.0084019 -0.000642315 -0.156964
-1.64497 -0.0283616 -1.09385
0.0083788 -0.000640459 -0.156942
-1.64497 -0.0283616 -1.09359
-0.000151038 -6.09457e-06 -0.154531
-1.64497 -0.0872664 -1.09012
9.81092e-05 -2.47061e-05 -0.154777
-1.64497 -0.0872664 -1.09304
0.00449884 -0.000351846 -0.159015
-1.64497 -0.0872664 -1.14427
0.00607833 -0.00046929 -0.160428
-1.64497 -0.0872664 -1.16204
0.00683349 -0.000525095 -0.16108
-1.64497 -0.0872664 -1.17039
0.0116099 -0.000880212 -0.165012
-1.64497 -0.0872664 -1.22228
0.0133004 -0.00100576 -0.166302
-1.64497 -0.0872664 -1.24011
0.0141814 -0.00107121 -0.166947
-1.64497 -0.0872664 -1.24925
0.0142087 -0.00107323 -0.166964
-1.64497 -0.0872664 -1.24951
0.0171178 -0.000698857 -0.168918
-1.61443 -0.0872664 -1.27729
0.0153593 -0.000623152 -0.16768
-1.61443 -0.0872664 -1.25929
0.0145378 -0.000589766 -0.167083
-1.61443 -0.0872664 -1.25083
0.0144626 -0.000587903 -0.167027
-1.61443 -0.0872664 -1.25006
0.0096232 -0.000377052 -0.163308
-1.61443 -0.0872664 -1.19893
0.0096232 -0.000377052 -0.163308
-1.61443 -0.0872664 -1.19893
0.0079827 -0.000306517 -0.16195
-1.61443 -0.0872664 -1.1811
0.00721809 -0.000275381 -0.161297
-1.61443 -0.0872664 -1.17271
0.00714844 -0.000273474 -0.161236
-1.61443 -0.0872664 -1.17196
0.00261694 -7.60183e-05 -0.157147
-1.61443 -0.0872664 -1.12082
0.0010877 -1.01551e-05 -0.155665
-1.61443 -0.0872664 -1.10299
0.000376612 1.85594e-05 -0.154954
-1.61443 -0.0872664 -1.09461
0.00031215 2.03922e-05 -0.154888
-1.61443 -0.0872664 -1.09385
0.0058566 -0.000269532 -0.154688
-1.61443 -0.0283616 -1.06581
0.00743181 -0.000338286 -0.156151
-1.61443 -0.0283616 -1.08381
0.00818563 -0.000371337 -0.156826
-1.61443 -0.0283616 -1.09228
0.00825581 -0.000374496 -0.156885
-1.61443 -0.0283616 -1.09304
0.0128964 -0.000577129 -0.16085
-1.61443 -0.0283616 -1.14418
0.0145653 -0.000649929 -0.162172
-1.61443 -0.0283616 -1.16201
0.0151544 -0.000675768 -0.162624
-1.61443 -0.0283616 -1.16822
0.015362 -0.000685059 -0.16278
-1.61443 -0.0283616 -1.17039
0.0175788 -0.000785463 -0.159248
-1.61443 0.0305433 -1.10299
0.0167918 -0.000750944 -0.158626
-1.61443 0.0305433 -1.09461
0.016721 -0.000748068 -0.158568
-1.61443 0.0305433 -1.09385
0.0120312 -0.000543341 -0.154665
-1.61443 0.0305433 -1.04272
0.0174888 -0.000781141 -0.153964
-1.61443 0.0894482 -1.01494
0.0174888 -0.000781141 -0.153964
-1.61443 0.0894482 -1.01494
0.0177394 -0.000250302 -0.154116
-1.58389 0.0894482 -1.01652
0.0176696 -0.000249505 -0.154055
-1.58389 0.0894482 -1.01575
0.0176696 -0.000249505 -0.154055
-1.58389 0.0894482 -1.01575
0.0140253 -0.00020124 -0.156449
-1.58389 0.0305433 -1.06581
0.0156853 -0.000222884 -0.157816
-1.58389 0.0305433 -1.08381
0.0164782 -0.000233278 -0.158445
-1.58389 0.0305433 -1.09228
0.0165518 -0.000234306 -0.1585
-1.58389 0.0305433 -1.09304
0.0165518 -0.000234306 -0.1585
-1.58389 0.0305433 -1.09304
0.0182255 -0.00025636 -0.164826
-1.58389 -0.0283616 -1.19893
0.0182255 -0.00025636 -0.164826
-1.58389 -0.0283616 -1.19893
0.016508 -0.000233948 -0.163567
-1.58389 -0.0283616 -1.1811
0.0157085 -0.000223435 -0.16296
-1.58389 -0.0283616 -1.17271
0.0156368 -0.000222407 -0.162903
-1.58389 -0.0283616 -1.17196
0.0108684 -0.000160277 -0.159091
-1.58389 -0.0283616 -1.12082
0.00925437 -0.000139102 -0.157701
-1.58389 -0.0283616 -1.10299
0.00869814 -0.00013186 -0.157208
-1.58389 -0.0283616 -1.09678
0.00850496 -0.00012923 -0.157034
-1.58389 -0.0283616 -1.09461
-0.000682294 -8.56817e-06 -0.154009
-1.58389 -0.0872664 -1.0839
-0.000160277 -1.54376e-05 -0.154538
-1.58389 -0.0872664 -1.09012
2.42591e-05 -1.78292e-05 -0.15472
-1.58389 -0.0872664 -1.09229
0.00446683 -7.58693e-05 -0.158995
-1.58389 -0.0872664 -1.14391
0.00607124 -9.68054e-05 -0.160427
-1.58389 -0.0872664 -1.16191
0.00663853 -0.000104278 -0.160918
-1.58389 -0.0872664 -1.16819
0.00683865 -0.000106961 -0.161087
-1.58389 -0.0872664 -1.17038
0.00690994 -0.000107795 -0.161145
-1.58389 -0.0872664 -1.17114
0.0116296 -0.000169322 -0.165021
-1.58389 -0.0872664 -1.22228
0.0133251 -0.000191651 -0.16631
-1.58389 -0.0872664 -1.24011
0.0141341 -0.000202164 -0.166903
-1.58389 -0.0872664 -1.24849
0.0142092 -0.000203252 -0.166954
-1.58389 -0.0872664 -1.24925
0.0142092 -0.000203252 -0.166954
-1.58389 -0.0872664 -1.24925
0.0170983 0.000342481 -0.168897
-1.55334 -0.0872664 -1.27703
0.0170983 0.000342481 -0.168897
-1.55334 -0.0872664 -1.27703
0.0153555 0.000311039 -0.167671
-1.55334 -0.0872664 -1.2592
0.0145416 0.000294536 -0.167079
-1.55334 -0.0872664 -1.25081
0.0144672 0.000292115 -0.167024
-1.55334 -0.0872664 -1.25006
0.00962448 0.000206992 -0.163305
-1.55334 -0.0872664 -1.19892
0.00798315 0.000177354 -0.161946
-1.55334 -0.0872664 -1.1811
0.00741577 0.000166416 -0.161464
-1.55334 -0.0872664 -1.17488
0.00721809 0.000161976 -0.161294
-1.55334 -0.0872664 -1.17271
0.00263718 8.12784e-05 -0.157168
-1.55334 -0.0872664 -1.12108
0.00109181 5.35101e-05 -0.155672
-1.55334 -0.0872664 -1.10308
0.000373542 3.89963e-05 -0.154955
-1.55334 -0.0872664 -1.09462
0.000308305 3.68655e-05 -0.154888
-1.55334 -0.0872664 -1.09386
0.000308305 3.68655e-05 -0.154888
-1.55334 -0.0872664 -1.09386
0.0058912 8.89003e-05 -0.154707
-1.55334 -0.0283616 -1.06607
0.00745261 0.000116192 -0.156155
-1.55334 -0.0283616 -1.0839
0.00800502 0.000125743 -0.156652
-1.55334 -0.0283616 -1.09012
0.00820002 0.000129148 -0.156824
-1.55334 -0.0283616 -1.09229
0.0128864 0.00021103 -0.160829
-1.55334 -0.0283616 -1.14391
0.0145721 0.000240237 -0.162164
-1.55334 -0.0283616 -1.16191
0.015377 0.000254244 -0.162778
-1.55334 -0.0283616 -1.17038
0.0154517 0.000255503 -0.162832
-1.55334 -0.0283616 -1.17114
0.0176011 0.000289336 -0.15926
-1.55334 0.0305433 -1.10308
0.0170108 0.000278905 -0.158796
-1.55334 0.0305433 -1.09681
0.0168058 0.000275508 -0.158632
-1.55334 0.0305433 -1.09462
0.0167344 0.000274286 -0.158573
-1.55334 0.0305433 -1.09386
0.0120407 0.000192136 -0.154669
-1.55334 0.0305433 -1.04272
0.0175023 0.000287905 -0.153964
-1.55334 0.0894482 -1.01494
0.0177201 0.00083328 -0.154107
-1.5228 0.0894482 -1.0165
0.0176507 0.000829808 -0.154047
-1.5228 0.0894482 -1.01575
0.0140422 0.000656985 -0.156464
-1.5228 0.0305433 -1.06607
0.0156847 0.000735864 -0.157818
-1.5228 0.0305433 -1.0839
0.0164692 0.000773557 -0.158441
-1.5228 0.0305433 -1.09229
0.0165419 0.000777118 -0.158496
-1.5228 0.0305433 -1.09304
0.0181945 0.000856161 -0.16483
-1.5228 -0.0283616 -1.19892
0.016479 0.000773802 -0.16357
-1.5228 -0.0283616 -1.1811
0.0156093 0.000732057 -0.162907
-1.5228 -0.0283616 -1.17196
0.0155845 0.00073079 -0.162886
-1.5228 -0.0283616 -1.17169
0.010838 0.000502631 -0.159084
-1.5228 -0.0283616 -1.12073
0.00923148 0.000425585 -0.157699
-1.5228 -0.0283616 -1.10296
0.00848582 0.000389785 -0.157033
-1.5228 -0.0283616 -1.0946
0.00841925 0.00038664 -0.156972
-1.5228 -0.0283616 -1.09385
-0.000677139 -4.99636e-05 -0.154007
-1.5228 -0.0872664 -1.0839
2.85506e-05 -1.6205e-05 -0.154718
-1.5228 -0.0872664 -1.09229
9.41157e-05 -1.2897e-05 -0.154781
-1.5228 -0.0872664 -1.09304
0.00449207 0.000198342 -0.159012
-1.5228 -0.0872664 -1.14418
0.00607949 0.000274621 -0.16043
-1.5228 -0.0872664 -1.16201
0.00683877 0.000311196 -0.161084
-1.5228 -0.0872664 -1.17039
0.00693527 0.000315897 -0.161161
-1.5228 -0.0872664 -1.17141
0.0116343 0.000541568 -0.165022
-1.5228 -0.0872664 -1.22237
0.0133219 0.000622757 -0.166307
-1.5228 -0.0872664 -1.24014
0.0139177 0.000651248 -0.166747
-1.5228 -0.0872664 -1.24634
0.0141272 0.000661418 -0.166898
-1.5228 -0.0872664 -1.2485
0.0170229 0.00137282 -0.168903
-1.49226 -0.0872664 -1.27703
0.0152857 0.00123522 -0.167676
-1.49226 -0.0872664 -1.2592
0.0144752 0.00116957 -0.167085
-1.49226 -0.0872664 -1.25081
0.0144015 0.00116277 -0.16703
-1.49226 -0.0872664 -1.25006
0.0095731 0.000782251 -0.163309
-1.49226 -0.0872664 -1.19892
0.00793672 0.000652723 -0.161951
-1.49226 -0.0872664 -1.1811
0.00717503 0.00059101 -0.161298
-1.49226 -0.0872664 -1.17271
0.00710621 0.000584707 -0.161237
-1.49226 -0.0872664 -1.17196
0.00258508 0.000228368 -0.157147
-1.49226 -0.0872664 -1.12082
0.00105965 0.000107549 -0.155664
-1.49226 -0.0872664 -1.10299
0.000351161 5.0284e-05 -0.154954
-1.49226 -0.0872664 -1.09461
0.000287354 4.42863e-05 -0.154888
-1.49226 -0.0872664 -1.09385
0.00587589 0.000447281 -0.154705
-1.49226 -0.0283616 -1.06607
0.00798357 0.00061319 -0.15665
-1.49226 -0.0283616 -1.09012
0.00824699 0.000633754 -0.15688
-1.49226 -0.0283616 -1.09304
0.00827247 0.000635795 -0.1569
-1.49226 -0.0283616 -1.09331
0.0128879 0.000998981 -0.160851
-1.49226 -0.0283616 -1.14427
0.0145473 0.00112972 -0.162168
-1.49226 -0.0283616 -1.16204
0.0153394 0.00119191 -0.162775
-1.49226 -0.0283616 -1.17039
0.0154128 0.00119778 -0.162827
-1.49226 -0.0283616 -1.17115
0.0175239 0.00136138 -0.159256
-1.49226 0.0305433 -1.10296
0.0167418 0.00129971 -0.158636
-1.49226 0.0305433 -1.0946
0.0166717 0.00129436 -0.158578
-1.49226 0.0305433 -1.09385
0.0119924 0.000925839 -0.154673
-1.49226 0.0305433 -1.04272
0.0174583 0.00135627 -0.15396
-1.49226 0.0894482 -1.01494
0.0175643 0.00190567 -0.154046
-1.46171 0.0894482 -1.01575
0.0175407 0.00190302 -0.154024
-1.46171 0.0894482 -1.01548
0.0139747 0.00151274 -0.156465
-1.46171 0.0305433 -1.06607
0.0156091 0.00169191 -0.157819
-1.46171 0.0305433 -1.0839
0.0163899 0.00177749 -0.158442
-1.46171 0.0305433 -1.09229
0.0164623 0.00178533 -0.158496
-1.46171 0.0305433 -1.09304
0.0180944 0.00196401 -0.164831
-1.46171 -0.0283616 -1.19883
0.0163931 0.00177763 -0.163575
-1.46171 -0.0283616 -1.18106
0.0156015 0.00169098 -0.16297
-1.46171 -0.0283616 -1.17271
0.0155307 0.00168334 -0.162913
-1.46171 -0.0283616 -1.17195
0.0108101 0.00116602 -0.15908
-1.46171 -0.0283616 -1.12082
0.00920582 0.000990368 -0.15769
-1.46171 -0.0283616 -1.10299
0.00846073 0.000908785 -0.157023
-1.46171 -0.0283616 -1.09461
0.00839388 0.000901416 -0.156961
-1.46171 -0.0283616 -1.09385
-0.000152767 -3.42354e-05 -0.154535
-1.46171 -0.0872664 -1.09012
9.58145e-05 -7.011e-06 -0.15478
-1.46171 -0.0872664 -1.09304
0.000120044 -4.38839e-06 -0.154801
-1.46171 -0.0872664 -1.09331
0.00448278 0.000473447 -0.159018
-1.46171 -0.0872664 -1.14427
0.00605732 0.000645973 -0.160431
-1.46171 -0.0872664 -1.16204
0.00681022 0.000728443 -0.161083
-1.46171 -0.0872664 -1.17039
0.00688013 0.000736155 -0.16114
-1.46171 -0.0872664 -1.17115
0.0115718 0.00124995 -0.165015
-1.46171 -0.0872664 -1.22228
0.0132567 0.00143451 -0.166305
-1.46171 -0.0872664 -1.24011
0.0140608 0.00152258 -0.166898
-1.46171 -0.0872664 -1.24849
0.014135 0.00153083 -0.16695
-1.46171 -0.0872664 -1.24925
0.0169041 0.00240877 -0.168908
-1.43117 -0.0872664 -1.27703
0.0151786 0.00216539 -0.167681
-1.43117 -0.0872664 -1.2592
0.0143737 0.00205039 -0.16709
-1.43117 -0.0872664 -1.25081
0.0143006 0.00203905 -0.167034
-1.43117 -0.0872664 -1.25006
0.00952405 0.00136737 -0.163293
-1.43117 -0.0872664 -1.19892
0.0078986 0.00113818 -0.161935
-1.43117 -0.0872664 -1.1811
0.0071415 0.00102983 -0.161283
-1.43117 -0.0872664 -1.17271
0.00707284 0.00101943 -0.161222
-1.43117 -0.0872664 -1.17196
0.00258258 0.000387758 -0.157134
-1.43117 -0.0872664 -1.12082
0.00106719 0.000174232 -0.155651
-1.43117 -0.0872664 -1.10299
0.000363022 7.35894e-05 -0.154941
-1.43117 -0.0872664 -1.09461
0.000299156 6.3695e-05 -0.154876
-1.43117 -0.0872664 -1.09385
0.00583771 0.000805266 -0.154705
-1.43117 -0.0283616 -1.06607
0.00738427 0.00102258 -0.156153
-1.43117 -0.0283616 -1.0839
0.00819311 0.00113616 -0.15688
-1.43117 -0.0283616 -1.09304
0.00821841 0.00113964 -0.1569
-1.43117 -0.0283616 -1.09331
0.0128029 0.00178398 -0.160851
-1.43117 -0.0283616 -1.14427
0.0144513 0.0020155 -0.162168
-1.43117 -0.0283616 -1.16204
0.0152381 0.00212607 -0.162774
-1.43117 -0.0283616 -1.17039
0.0153111 0.00213625 -0.162827
-1.43117 -0.0283616 -1.17115
0.0174092 0.00242882 -0.159262
-1.43117 0.0305433 -1.10299
0.0166297 0.00231928 -0.15864
-1.43117 0.0305433 -1.09461
0.01656 0.00230953 -0.158582
-1.43117 0.0305433 -1.09385
0.0119316 0.00165881 -0.154657
-1.43117 0.0305433 -1.04272
0.0173426 0.00241952 -0.15396
-1.43117 0.0894482 -1.01494
0.017483 0.00298595 -0.15411
-1.40063 0.0894482 -1.0165
0.0174147 0.00297432 -0.15405
-1.40063 0.0894482 -1.01575
0.0154769 0.00264163 -0.157819
-1.40063 0.0305433 -1.0839
0.0162509 0.00277475 -0.158442
-1.40063 0.0305433 -1.09229
0.0163226 0.00278693 -0.158497
-1.40063 0.0305433 -1.09304
0.0162565 0.00277574 -0.163578
-1.40063 -0.0283616 -1.1811
0.015469 0.00264034 -0.162971
-1.40063 -0.0283616 -1.17271
0.0153986 0.00262821 -0.162914
-1.40063 -0.0283616 -1.17196
0.0107187 0.0018239 -0.159081
-1.40063 -0.0283616 -1.12082
0.00912815 0.00155064 -0.157691
-1.40063 -0.0283616 -1.10299
0.00838915 0.00142363 -0.157024
-1.40063 -0.0283616 -1.09461
0.00832304 0.00141221 -0.156962
-1.40063 -0.0283616 -1.09385
-0.00066036 -0.000131138 -0.154008
-1.40063 -0.0872664 -1.08393
3.33488e-05 -1.19135e-05 -0.154717
-1.40063 -0.0872664 -1.09229
9.79602e-05 -9.23872e-07 -0.15478
-1.40063 -0.0872664 -1.09304
0.004437 0.000744879 -0.159011
-1.40063 -0.0872664 -1.14418
0.00600335 0.00101412 -0.160429
-1.40063 -0.0872664 -1.16201
0.00675228 0.00114273 -0.161083
-1.40063 -0.0872664 -1.17039
0.00682178 0.00115473 -0.16114
-1.40063 -0.0872664 -1.17115
0.0114735 0.00195405 -0.165016
-1.40063 -0.0872664 -1.22228
0.013144 0.00224113 -0.166305
-1.40063 -0.0872664 -1.24011
0.0139411 0.00237817 -0.166898
-1.40063 -0.0872664 -1.24849
0.0140151 0.00239086 -0.16695
-1.40063 -0.0872664 -1.24925
0.0167136 0.00343009 -0.168902
-1.37008 -0.0872664 -1.27694
0.015012 0.00308314 -0.167679
-1.37008 -0.0872664 -1.25917
0.0142183 0.00291972 -0.167089
-1.37008 -0.0872664 -1.25081
0.0141463 0.00290418 -0.167034
-1.37008 -0.0872664 -1.25006
0.00942028 0.00194213 -0.163293
-1.37008 -0.0872664 -1.19892
0.00781175 0.00161422 -0.161935
-1.37008 -0.0872664 -1.1811
0.00706279 0.00146014 -0.161283
-1.37008 -0.0872664 -1.17271
0.00699487 0.00144546 -0.161222
-1.37008 -0.0872664 -1.17196
0.00255176 0.000540979 -0.157133
-1.37008 -0.0872664 -1.12082
0.00105223 0.000235327 -0.155651
-1.37008 -0.0872664 -1.10299
0.000355661 9.2037e-05 -0.154941
-1.37008 -0.0872664 -1.09461
0.000292659 7.85217e-05 -0.154875
-1.37008 -0.0872664 -1.09385
0.00578254 0.00116073 -0.154702
-1.37008 -0.0283616 -1.06607
0.00731295 0.00147206 -0.15615
-1.37008 -0.0283616 -1.0839
0.0080449 0.00162102 -0.156819
-1.37008 -0.0283616 -1.09229
0.00811276 0.00163466 -0.156878
-1.37008 -0.0283616 -1.09304
0.0126638 0.00256071 -0.160842
-1.37008 -0.0283616 -1.14418
0.0143003 0.00289371 -0.162165
-1.37008 -0.0283616 -1.16201
0.0150815 0.00305252 -0.162773
-1.37008 -0.0283616 -1.17039
0.0151538 0.00306723 -0.162826
-1.37008 -0.0283616 -1.17115
0.017241 0.00348975 -0.159247
-1.37008 0.0305433 -1.10299
0.0164 0.00331857 -0.158567
-1.37008 0.0305433 -1.09385
0.0163761 0.00331363 -0.158546
-1.37008 0.0305433 -1.09359
0.0117931 0.00238123 -0.154653
-1.37008 0.0305433 -1.04263
0.0171614 0.00347359 -0.15396
-1.37008 0.0894482 -1.01494
0.0171873 0.00347884 -0.153979
-1.37008 0.0894482 -1.0152
0.0180327 0.00422782 -0.154736
-1.33954 0.0894482 -1.02489
0.017278 0.00405016 -0.154099
-1.33954 0.0894482 -1.0165
0.0172104 0.0040341 -0.15404
-1.33954 0.0894482 -1.01575
0.0136864 0.00320459 -0.156465
-1.33954 0.0305433 -1.06607
0.0152869 0.00358153 -0.157819
-1.33954 0.0305433 -1.0839
0.0160514 0.00376153 -0.158442
-1.33954 0.0305433 -1.09229
0.0161224 0.00377828 -0.158496
-1.33954 0.0305433 -1.09304
0.0177421 0.00415973 -0.164819
-1.33954 -0.0283616 -1.19892
0.0160706 0.00376608 -0.16356
-1.33954 -0.0283616 -1.1811
0.0152926 0.00358291 -0.162953
-1.33954 -0.0283616 -1.17271
0.0151983 0.0035607 -0.162876
-1.33954 -0.0283616 -1.17169
0.0105737 0.00247154 -0.159075
-1.33954 -0.0283616 -1.12073
0.00900817 0.00210303 -0.157689
-1.33954 -0.0283616 -1.10296
0.0082812 0.0019317 -0.157025
-1.33954 -0.0283616 -1.0946
0.00821579 0.00191652 -0.156963
-1.33954 -0.0283616 -1.09385
-0.000654429 -0.000172153 -0.154005
-1.33954 -0.0872664 -1.0839
3.32296e-05 -1.02296e-05 -0.154717
-1.33954 -0.0872664 -1.09229
9.71854e-05 4.98444e-06 -0.154779
-1.33954 -0.0872664 -1.09304
0.00438255 0.00101423 -0.159011
-1.33954 -0.0872664 -1.14418
0.00592977 0.00137847 -0.160429
-1.33954 -0.0872664 -1.16201
0.00666946 0.00155263 -0.161083
-1.33954 -0.0872664 -1.17039
0.00673801 0.00156879 -0.161141
-1.33954 -0.0872664 -1.17115
0.0113323 0.00265064 -0.165016
-1.33954 -0.0872664 -1.22228
0.0129824 0.00303921 -0.166305
-1.33954 -0.0872664 -1.24011
0.0137696 0.00322463 -0.166898
-1.33954 -0.0872664 -1.24849
0.014802 0.00399494 -0.167679
-1.309 -0.0872664 -1.2592
0.014017 0.00378291 -0.167088
-1.309 -0.0872664 -1.25081
0.0139458 0.00376293 -0.167032
-1.309 -0.0872664 -1.25006
0.00926819 0.00250891 -0.163312
-1.309 -0.0872664 -1.19892
0.00768274 0.0020834 -0.161953
-1.309 -0.0872664 -1.1811
0.00694516 0.00188421 -0.1613
-1.309 -0.0872664 -1.17271
0.00687867 0.00186545 -0.161239
-1.309 -0.0872664 -1.17196
0.00249875 0.000691414 -0.157148
-1.309 -0.0872664 -1.12082
0.0010207 0.000294745 -0.155665
-1.309 -0.0872664 -1.10299
0.00033474 0.00010933 -0.154955
-1.309 -0.0872664 -1.09461
0.000273049 9.20817e-05 -0.154889
-1.309 -0.0872664 -1.09385
0.00720495 0.00191488 -0.156153
-1.309 -0.0283616 -1.0839
0.00792676 0.00210823 -0.156821
-1.309 -0.0283616 -1.09229
0.00799391 0.00212609 -0.15688
-1.309 -0.0283616 -1.09304
0.0124801 0.00332798 -0.160845
-1.309 -0.0283616 -1.14418
0.0140934 0.00376042 -0.162167
-1.309 -0.0283616 -1.16201
0.0148635 0.00396673 -0.162775
-1.309 -0.0283616 -1.17039
0.0149348 0.00398577 -0.162828
-1.309 -0.0283616 -1.17115
0.0164263 0.00438326 -0.158794
-1.309 0.0305433 -1.09678
0.0161622 0.00431241 -0.158574
-1.309 0.0305433 -1.09385
0.0161385 0.00430613 -0.158552
-1.309 0.0305433 -1.09359
0.0116213 0.00309553 -0.154659
-1.309 0.0305433 -1.04263
0.0169195 0.00451534 -0.153959
-1.309 0.0894482 -1.01494
0.0177341 0.00531875 -0.154742
-1.27845 0.0894482 -1.02489
0.0169919 0.00509539 -0.154105
-1.27845 0.0894482 -1.0165
0.0169254 0.00507551 -0.154045
-1.27845 0.0894482 -1.01575
0.0134747 0.00403716 -0.156471
-1.27845 0.0305433 -1.06616
0.0150444 0.00450944 -0.15782
-1.27845 0.0305433 -1.08393
0.0157936 0.00473499 -0.158441
-1.27845 0.0305433 -1.09229
0.0158632 0.00475599 -0.158496
-1.27845 0.0305433 -1.09304
0.0174544 0.00523512 -0.164819
-1.27845 -0.0283616 -1.19892
0.0158101 0.00474005 -0.16356
-1.27845 -0.0283616 -1.1811
0.014976 0.0044891 -0.162897
-1.27845 -0.0283616 -1.17196
0.0149521 0.00448187 -0.162876
-1.27845 -0.0283616 -1.17169
0.0104026 0.00311242 -0.159074
-1.27845 -0.0283616 -1.12073
0.00886264 0.00264894 -0.157689
-1.27845 -0.0283616 -1.10296
0.00814727 0.00243365 -0.157025
-1.27845 -0.0283616 -1.0946
0.0080834 0.00241436 -0.156963
-1.27845 -0.0283616 -1.09385
-0.000644386 -0.000212222 -0.154006
-1.27845 -0.0872664 -1.0839
3.20375e-05 -8.67993e-06 -0.154718
-1.27845 -0.0872664 -1.09229
9.4831e-05 1.03414e-05 -0.154781
-1.27845 -0.0872664 -1.09304
0.00431094 0.00127936 -0.159012
-1.27845 -0.0872664 -1.14418
0.00583291 0.00173738 -0.16043
-1.27845 -0.0872664 -1.16201
0.00656068 0.00195651 -0.161084
-1.27845 -0.0872664 -1.17039
0.00662839 0.00197683 -0.161141
-1.27845 -0.0872664 -1.17115
0.0111478 0.00333717 -0.165017
-1.27845 -0.0872664 -1.22228
0.0127711 0.00382581 -0.166306
-1.27845 -0.0872664 -1.24011
0.0135459 0.00405887 -0.166899
-1.27845 -0.0872664 -1.24849
0.0136174 0.00408047 -0.166951
-1.27845 -0.0872664 -1.24925
0.016197 0.00544789 -0.16889
-1.24791 -0.0872664 -1.27703
0.0145446 0.00489408 -0.167664
-1.24791 -0.0872664 -1.2592
0.0137736 0.00463443 -0.167073
-1.24791 -0.0872664 -1.25081
0.0136786 0.00460093 -0.166998
-1.24791 -0.0872664 -1.2498
0.00910282 0.00306942 -0.163289
-1.24791 -0.0872664 -1.19883
0.00755197 0.00254966 -0.161935
-1.24791 -0.0872664 -1.18106
0.00682962 0.00230638 -0.161285
-1.24791 -0.0872664 -1.17271
0.00676432 0.0022839 -0.161224
-1.24791 -0.0872664 -1.17195
0.00246486 0.000844792 -0.157135
-1.24791 -0.0872664 -1.12082
0.00101388 0.000358544 -0.155653
-1.24791 -0.0872664 -1.10299
0.000339866 0.000131667 -0.154943
-1.24791 -0.0872664 -1.09461
0.000279129 0.000110507 -0.154877
-1.24791 -0.0872664 -1.09385
0.00560603 0.00185936 -0.154709
-1.24791 -0.0283616 -1.06616
0.00708216 0.00235313 -0.156152
-1.24791 -0.0283616 -1.08393
0.00778812 0.0025894 -0.156819
-1.24791 -0.0283616 -1.09229
0.0078536 0.00261138 -0.156877
-1.24791 -0.0283616 -1.09304
0.012258 0.00408488 -0.160842
-1.24791 -0.0283616 -1.14418
0.0138415 0.00461486 -0.162164
-1.24791 -0.0283616 -1.16201
0.0145977 0.00486771 -0.162773
-1.24791 -0.0283616 -1.17039
0.0146675 0.00489111 -0.162826
-1.24791 -0.0283616 -1.17115
0.0166888 0.00556535 -0.159246
-1.24791 0.0305433 -1.10299
0.0159419 0.00531548 -0.158624
-1.24791 0.0305433 -1.09461
0.0158747 0.00529297 -0.158566
-1.24791 0.0305433 -1.09385
0.0114244 0.0038038 -0.154662
-1.24791 0.0305433 -1.04272
0.0166111 0.00553938 -0.15396
-1.24791 0.0894482 -1.01494
0.017382 0.00639357 -0.154729
-1.21737 0.0894482 -1.02486
0.0166569 0.00612614 -0.154095
-1.21737 0.0894482 -1.0165
0.0165921 0.00610222 -0.154036
-1.21737 0.0894482 -1.01575
0.0147358 0.00541776 -0.157819
-1.21737 0.0305433 -1.0839
0.0154726 0.00568943 -0.158443
-1.21737 0.0305433 -1.09229
0.015541 0.00571467 -0.158497
-1.21737 0.0305433 -1.09304
0.0154856 0.00569429 -0.163568
-1.21737 -0.0283616 -1.1811
0.0147357 0.00541778 -0.162962
-1.21737 -0.0283616 -1.17271
0.0146686 0.00539298 -0.162905
-1.21737 -0.0283616 -1.17196
0.0101956 0.00374267 -0.159091
-1.21737 -0.0283616 -1.12082
0.00868139 0.00318406 -0.157701
-1.21737 -0.0283616 -1.10299
0.00797853 0.00292474 -0.157034
-1.21737 -0.0283616 -1.09461
0.00791553 0.00290161 -0.156972
-1.21737 -0.0283616 -1.09385
-0.000627935 -0.000250272 -0.154005
-1.21737 -0.0872664 -1.0839
3.48091e-05 -5.93066e-06 -0.154717
-1.21737 -0.0872664 -1.09229
9.62615e-05 1.68085e-05 -0.154779
-1.21737 -0.0872664 -1.09304
0.00422692 0.00154106 -0.159011
-1.21737 -0.0872664 -1.14418
0.00571808 0.00209101 -0.160429
-1.21737 -0.0872664 -1.16201
0.00643119 0.00235395 -0.161083
-1.21737 -0.0872664 -1.17039
0.00649714 0.00237843 -0.161141
-1.21737 -0.0872664 -1.17115
0.0109252 0.00401223 -0.165016
-1.21737 -0.0872664 -1.22228
0.0125157 0.00459887 -0.166305
-1.21737 -0.0872664 -1.24011
0.0132746 0.00487871 -0.166898
-1.21737 -0.0872664 -1.24849
0.0133447 0.00490484 -0.16695
-1.21737 -0.0872664 -1.24925
0.0180431 0.00663824 -0.170445
-1.21737 -0.0872664 -1.30038
0.015835 0.00642633 -0.168891
-1.18683 -0.0872664 -1.27703
0.0142195 0.00577284 -0.167665
-1.18683 -0.0872664 -1.2592
0.0134659 0.00546648 -0.167074
-1.18683 -0.0872664 -1.25081
0.0133975 0.00543796 -0.167019
-1.18683 -0.0872664 -1.25006
0.00890803 0.00362356 -0.163299
-1.18683 -0.0872664 -1.19892
0.00738645 0.00300806 -0.16194
-1.18683 -0.0872664 -1.1811
0.00667787 0.00272017 -0.161288
-1.18683 -0.0872664 -1.17271
0.00661388 0.00269345 -0.161227
-1.18683 -0.0872664 -1.17196
0.0024102 0.000994667 -0.157137
-1.18683 -0.0872664 -1.12082
0.000991493 0.000420913 -0.155655
-1.18683 -0.0872664 -1.10299
0.000332743 0.000153147 -0.154945
-1.18683 -0.0872664 -1.09461
0.000273198 0.000128388 -0.154879
-1.18683 -0.0872664 -1.09385
0.00547138 0.00219379 -0.154704
-1.18683 -0.0283616 -1.06607
0.0069195 0.00277899 -0.156152
-1.18683 -0.0283616 -1.0839
0.0076122 0.00305886 -0.156821
-1.18683 -0.0283616 -1.09229
0.00767657 0.00308473 -0.156879
-1.18683 -0.0283616 -1.09304
0.0135313 0.00545015 -0.162166
-1.18683 -0.0283616 -1.16201
0.0142706 0.00574879 -0.162775
-1.18683 -0.0283616 -1.17039
0.014339 0.00577667 -0.162828
-1.18683 -0.0283616 -1.17115
0.0178725 0.00720204 -0.160556
-1.18683 0.0305433 -1.12082
0.0157613 0.00634912 -0.158803
-1.18683 0.0305433 -1.09678
0.0155078 0.00624664 -0.158582
-1.18683 0.0305433 -1.09385
0.0154854 0.00623757 -0.158561
-1.18683 0.0305433 -1.09359
0.011168 0.0044931 -0.154648
-1.18683 0.0305433 -1.04263
0.0162421 0.00654321 -0.15396
-1.18683 0.0894482 -1.01494
0.0169478 0.00743784 -0.154741
-1.15628 0.0894482 -1.02486
0.0162407 0.00712677 -0.154106
-1.15628 0.0894482 -1.0165
0.0161776 0.00709894 -0.154047
-1.15628 0.0894482 -1.01575
0.0128738 0.00564549 -0.156464
-1.15628 0.0305433 -1.06607
0.0143788 0.00630768 -0.157818
-1.15628 0.0305433 -1.0839
0.0150978 0.00662404 -0.158441
-1.15628 0.0305433 -1.09229
0.0151643 0.00665334 -0.158496
-1.15628 0.0305433 -1.09304
0.0166807 0.00732095 -0.164828
-1.15628 -0.0283616 -1.19892
0.0151087 0.00662903 -0.163568
-1.15628 -0.0283616 -1.1811
0.0143118 0.00627846 -0.162905
-1.15628 -0.0283616 -1.17196
0.0142891 0.00626833 -0.162884
-1.15628 -0.0283616 -1.17169
0.00994059 0.0043549 -0.159082
-1.15628 -0.0283616 -1.12073
0.00846839 0.003707 -0.157697
-1.15628 -0.0283616 -1.10296
0.00778493 0.00340623 -0.157032
-1.15628 -0.0283616 -1.0946
0.00772375 0.00337949 -0.15697
-1.15628 -0.0283616 -1.09385
-0.000608861 -0.000287019 -0.154008
-1.15628 -0.0872664 -1.08393
3.5584e-05 -3.39746e-06 -0.154717
-1.15628 -0.0872664 -1.09229
9.5576e-05 2.2918e-05 -0.154779
-1.15628 -0.0872664 -1.09304
0.0041253 0.00179623 -0.159011
-1.15628 -0.0872664 -1.14418
0.00557998 0.00243633 -0.160429
-1.15628 -0.0872664 -1.16201
0.0062755 0.00274247 -0.161083
-1.15628 -0.0872664 -1.17039
0.00634012 0.00277079 -0.16114
-1.15628 -0.0872664 -1.17115
0.01066 0.00467165 -0.165015
-1.15628 -0.0872664 -1.22228
0.0122117 0.00535453 -0.166305
-1.15628 -0.0872664 -1.24011
0.0129521 0.00568022 -0.166898
-1.15628 -0.0872664 -1.24849
0.0130206 0.00571045 -0.16695
-1.15628 -0.0872664 -1.24925
0.0176044 0.00772747 -0.170445
-1.15628 -0.0872664 -1.30038
0.0153926 0.00736939 -0.168901
-1.12574 -0.0872664 -1.27694
0.0138252 0.00662096 -0.167678
-1.12574 -0.0872664 -1.25917
0.0130946 0.00627071 -0.167088
-1.12574 -0.0872664 -1.25081
0.0130284 0.0062383 -0.167033
-1.12574 -0.0872664 -1.25006
0.00865784 0.00415321 -0.163312
-1.12574 -0.0872664 -1.19892
0.00717658 0.00344595 -0.161953
-1.12574 -0.0872664 -1.1811
0.00648752 0.0031156 -0.1613
-1.12574 -0.0872664 -1.17271
0.0064255 0.00308526 -0.161239
-1.12574 -0.0872664 -1.17196
0.00235164 0.00114163 -0.157131
-1.12574 -0.0872664 -1.12082
0.000970334 0.000482105 -0.155648
-1.12574 -0.0872664 -1.10299
0.000328928 0.000174597 -0.154939
-1.12574 -0.0872664 -1.09461
0.000270993 0.000146344 -0.154873
-1.12574 -0.0872664 -1.09385
0.00532851 0.00252441 -0.154703
-1.12574 -0.0283616 -1.06607
0.0067381 0.00319673 -0.156152
-1.12574 -0.0283616 -1.0839
0.00741249 0.00351837 -0.15682
-1.12574 -0.0283616 -1.09229
0.00747517 0.00354809 -0.156879
-1.12574 -0.0283616 -1.09304
0.0116671 0.00554761 -0.160844
-1.12574 -0.0283616 -1.14418
0.0137067 0.00652029 -0.162618
-1.12574 -0.0283616 -1.16822
0.0139608 0.00664129 -0.162827
-1.12574 -0.0283616 -1.17115
0.0139851 0.00665296 -0.162845
-1.12574 -0.0283616 -1.17141
0.0158834 0.00755662 -0.159265
-1.12574 0.0305433 -1.10308
0.015166 0.00721436 -0.158637
-1.12574 0.0305433 -1.09462
0.0151018 0.00718377 -0.158579
-1.12574 0.0305433 -1.09386
0.0108656 0.00516321 -0.154673
-1.12574 0.0305433 -1.04272
0.0158128 0.00752279 -0.15396
-1.12574 0.0894482 -1.01494
0.0179479 0.00922406 -0.156073
-1.0952 0.0894482 -1.04272
0.0164653 0.00846036 -0.154748
-1.0952 0.0894482 -1.02489
0.0157762 0.00810549 -0.15411
-1.0952 0.0894482 -1.0165
0.0157147 0.00807363 -0.15405
-1.0952 0.0894482 -1.01575
0.0125026 0.00641961 -0.156466
-1.0952 0.0305433 -1.06607
0.0139645 0.00717252 -0.15782
-1.0952 0.0305433 -1.0839
0.0146628 0.00753221 -0.158443
-1.0952 0.0305433 -1.09229
0.0147275 0.00756569 -0.158498
-1.0952 0.0305433 -1.09304
0.0161962 0.00832196 -0.164841
-1.0952 -0.0283616 -1.19892
0.0146692 0.00753557 -0.163581
-1.0952 -0.0283616 -1.1811
0.013959 0.0071698 -0.162974
-1.0952 -0.0283616 -1.17271
0.0138955 0.00713708 -0.162917
-1.0952 -0.0283616 -1.17196
0.00967437 0.00496294 -0.159082
-1.0952 -0.0283616 -1.12082
0.00823966 0.00422397 -0.157693
-1.0952 -0.0283616 -1.10299
0.00751337 0.0038499 -0.156964
-1.0952 -0.0283616 -1.09385
0.0074926 0.00383925 -0.156941
-1.0952 -0.0283616 -1.09359
-0.000592917 -0.000325061 -0.154005
-1.0952 -0.0872664 -1.0839
3.50773e-05 -1.57952e-06 -0.154717
-1.0952 -0.0872664 -1.09229
9.36389e-05 2.84612e-05 -0.15478
-1.0952 -0.0872664 -1.09304
0.00400746 0.00204465 -0.159011
-1.0952 -0.0872664 -1.14418
0.00542066 0.00277226 -0.160429
-1.0952 -0.0872664 -1.16201
0.00609612 0.00312022 -0.161083
-1.0952 -0.0872664 -1.17039
0.00615892 0.00315265 -0.161141
-1.0952 -0.0872664 -1.17115
0.0103547 0.00531367 -0.165016
-1.0952 -0.0872664 -1.22228
0.0118618 0.00608998 -0.166305
-1.0952 -0.0872664 -1.24011
0.0125809 0.00646029 -0.166898
-1.0952 -0.0872664 -1.24849
0.0126475 0.00649453 -0.16695
-1.0952 -0.0872664 -1.24925
0.0170994 0.00878763 -0.170445
-1.0952 -0.0872664 -1.30038
0.0149204 0.00829332 -0.168902
-1.06465 -0.0872664 -1.27703
0.0133968 0.00744798 -0.167675
-1.06465 -0.0872664 -1.2592
0.0126862 0.0070527 -0.167084
-1.06465 -0.0872664 -1.25081
0.0126223 0.0070162 -0.167028
-1.06465 -0.0872664 -1.25006
0.00838736 0.00466835 -0.163307
-1.06465 -0.0872664 -1.19892
0.00695196 0.00387205 -0.161948
-1.06465 -0.0872664 -1.1811
0.00628439 0.00350041 -0.161295
-1.06465 -0.0872664 -1.17271
0.00622433 0.00346642 -0.161234
-1.06465 -0.0872664 -1.17196
0.000920951 0.000525638 -0.155661
-1.06465 -0.0872664 -1.10299
0.000300139 0.000180081 -0.154951
-1.06465 -0.0872664 -1.09461
0.000244498 0.000148579 -0.154885
-1.06465 -0.0872664 -1.09385
0.00516465 0.00284472 -0.154702
-1.06465 -0.0283616 -1.06607
0.00653046 0.00360189 -0.156151
-1.06465 -0.0283616 -1.0839
0.00718394 0.00396413 -0.156819
-1.06465 -0.0283616 -1.09229
0.00724468 0.0039977 -0.156878
-1.06465 -0.0283616 -1.09304
0.0113066 0.00624926 -0.160843
-1.06465 -0.0283616 -1.14418
0.0127674 0.00705905 -0.162165
-1.06465 -0.0283616 -1.16201
0.0135292 0.00748122 -0.162827
-1.06465 -0.0283616 -1.17115
0.0135529 0.00749425 -0.162844
-1.06465 -0.0283616 -1.17141
0.0178594 0.00988143 -0.166422
-1.06465 -0.0283616 -1.22237
0.0168673 0.00932969 -0.160531
-1.06465 0.0305433 -1.12073
0.0153916 0.00851181 -0.159243
-1.06465 0.0305433 -1.10296
0.014705 0.00813115 -0.158624
-1.06465 0.0305433 -1.0946
0.0146434 0.00809706 -0.158566
-1.06465 0.0305433 -1.09385
0.0105392 0.00582182 -0.154661
-1.06465 0.0305433 -1.04272
0.0153257 0.00847504 -0.153958
-1.06465 0.0894482 -1.01494
0.0173663 0.0103112 -0.156051
-1.03411 0.0894482 -1.04272
0.0154382 0.00916428 -0.154257
-1.03411 0.0894482 -1.01867
0.0152065 0.00902656 -0.154031
-1.03411 0.0894482 -1.01575
0.0151859 0.00901404 -0.154009
-1.03411 0.0894482 -1.01548
0.0120887 0.00717174 -0.156465
-1.03411 0.0305433 -1.06607
0.0135021 0.00801251 -0.157819
-1.03411 0.0305433 -1.0839
0.014177 0.00841419 -0.158442
-1.03411 0.0305433 -1.09229
0.0142395 0.00845134 -0.158497
-1.03411 0.0305433 -1.09304
0.0156639 0.00929888 -0.164829
-1.03411 -0.0283616 -1.19892
0.0141879 0.00842075 -0.163569
-1.03411 -0.0283616 -1.1811
0.0134396 0.00797567 -0.162906
-1.03411 -0.0283616 -1.17196
0.0134183 0.00796281 -0.162885
-1.03411 -0.0283616 -1.17169
0.00933534 0.00553374 -0.159083
-1.03411 -0.0283616 -1.12073
0.00795326 0.00471133 -0.157697
-1.03411 -0.0283616 -1.10296
0.00731149 0.00432945 -0.157032
-1.03411 -0.0283616 -1.0946
0.007254 0.00429542 -0.15697
-1.03411 -0.0283616 -1.09385
-0.000573456 -0.00036151 -0.154006
-1.03411 -0.0872664 -1.0839
3.37362e-05 -3.57628e-07 -0.154718
-1.03411 -0.0872664 -1.09229
9.045e-05 3.32892e-05 -0.15478
-1.03411 -0.0872664 -1.09304
0.00387403 0.00228462 -0.159012
-1.03411 -0.0872664 -1.14418
0.0052399 0.0030973 -0.16043
-1.03411 -0.0872664 -1.16201
0.00595376 0.00352199 -0.161141
-1.03411 -0.0872664 -1.17115
0.0059762 0.00353535 -0.16116
-1.03411 -0.0872664 -1.17141
0.0100193 0.00594089 -0.165022
-1.03411 -0.0872664 -1.22237
0.0114713 0.00680467 -0.166307
-1.03411 -0.0872664 -1.24014
0.0121641 0.00721695 -0.166898
-1.03411 -0.0872664 -1.2485
0.0122282 0.00725515 -0.16695
-1.03411 -0.0872664 -1.24925
0.0165319 0.0098156 -0.170445
-1.03411 -0.0872664 -1.30038
0.018071 0.0107311 -0.171598
-1.03411 -0.0872664 -1.31821
0.0143856 0.00918477 -0.168902
-1.00357 -0.0872664 -1.27703
0.0129162 0.00824807 -0.167675
-1.00357 -0.0872664 -1.2592
0.0122314 0.00781026 -0.167084
-1.00357 -0.0872664 -1.25081
0.0121698 0.00777008 -0.167028
-1.00357 -0.0872664 -1.25006
0.00808597 0.00516809 -0.163307
-1.00357 -0.0872664 -1.19892
0.00670207 0.00428583 -0.161948
-1.00357 -0.0872664 -1.1811
0.00605839 0.00387436 -0.161295
-1.00357 -0.0872664 -1.17271
0.00600058 0.00383668 -0.161235
-1.00357 -0.0872664 -1.17196
0.00217703 0.00140043 -0.157144
-1.00357 -0.0872664 -1.12082
0.000886798 0.000577889 -0.155661
-1.00357 -0.0872664 -1.10299
0.000288099 0.000195175 -0.154951
-1.00357 -0.0872664 -1.09461
0.000234425 0.000160351 -0.154885
-1.00357 -0.0872664 -1.09385
0.00498912 0.00315932 -0.15471
-1.00357 -0.0283616 -1.06616
0.00630185 0.00399565 -0.156153
-1.00357 -0.0283616 -1.08393
0.00692981 0.00439574 -0.156819
-1.00357 -0.0283616 -1.09229
0.00698814 0.0044329 -0.156878
-1.00357 -0.0283616 -1.09304
0.010905 0.00692829 -0.160843
-1.00357 -0.0283616 -1.14418
0.0123135 0.00782559 -0.162165
-1.00357 -0.0283616 -1.16201
0.0129858 0.00825384 -0.162773
-1.00357 -0.0283616 -1.17039
0.0130481 0.00829362 -0.162826
-1.00357 -0.0283616 -1.17115
0.0172144 0.0109477 -0.166417
-1.00357 -0.0283616 -1.22228
0.0148401 0.00943351 -0.159253
-1.00357 0.0305433 -1.10299
0.0141761 0.00901053 -0.158631
-1.00357 0.0305433 -1.09461
0.0141167 0.00897256 -0.158573
-1.00357 0.0305433 -1.09385
0.0101586 0.00645085 -0.154668
-1.00357 0.0305433 -1.04272
0.0147774 0.00939333 -0.15396
-1.00357 0.0894482 -1.01494
0.0166891 0.011342 -0.156052
-0.973023 0.0894482 -1.04263
0.0153151 0.0104065 -0.154731
-0.973023 0.0894482 -1.02486
0.0146766 0.00997169 -0.154097
-0.973023 0.0894482 -1.0165
0.0146194 0.00993267 -0.154038
-0.973023 0.0894482 -1.01575
0.0116298 0.0078972 -0.156464
-0.973023 0.0305433 -1.06607
0.0129889 0.00882266 -0.157817
-0.973023 0.0305433 -1.0839
0.0136381 0.00926472 -0.158441
-0.973023 0.0305433 -1.09229
0.0136983 0.00930586 -0.158495
-0.973023 0.0305433 -1.09304
0.0177236 0.0120466 -0.16218
-0.973023 0.0305433 -1.14418
0.0150621 0.0102345 -0.164819
-0.973023 -0.0283616 -1.19883
0.0136474 0.00927119 -0.163563
-0.973023 -0.0283616 -1.18106
0.012989 0.00882288 -0.162959
-0.973023 -0.0283616 -1.17271
0.0129299 0.00878276 -0.162902
-0.973023 -0.0283616 -1.17195
0.00898957 0.00609975 -0.159088
-0.973023 -0.0283616 -1.12082
0.00765562 0.00519141 -0.157698
-0.973023 -0.0283616 -1.10299
0.00703624 0.00476969 -0.157031
-0.973023 -0.0283616 -1.09461
-0.000548422 -0.000394762 -0.154006
-0.973023 -0.0872664 -1.0839
3.53456e-05 2.97278e-06 -0.154717
-0.973023 -0.0872664 -1.09229
8.97944e-05 3.9883e-05 -0.15478
-0.973023 -0.0872664 -1.09304
0.0037289 0.00251795 -0.159011
-0.973023 -0.0872664 -1.14418
0.00504267 0.00341234 -0.160429
-0.973023 -0.0872664 -1.16201
0.00567085 0.00384002 -0.161083
-0.973023 -0.0872664 -1.17039
0.00963017 0.00653615 -0.165016
-0.973023 -0.0872664 -1.22228
0.0110315 0.00749032 -0.166305
-0.973023 -0.0872664 -1.24011
0.0117002 0.00794557 -0.166898
-0.973023 -0.0872664 -1.24849
0.0117622 0.00798761 -0.16695
-0.973023 -0.0872664 -1.24925
0.0159017 0.0108064 -0.170445
-0.973023 -0.0872664 -1.30038
0.0173817 0.0118142 -0.171599
-0.973023 -0.0872664 -1.31821
0.0180865 0.0122941 -0.172127
-0.973023 -0.0872664 -1.3266
0.0181518 0.0123384 -0.172173
-0.973023 -0.0872664 -1.32735
0.0180115 0.0131101 -0.172274
-0.942479 -0.0872664 -1.32892
0.0179485 0.0130634 -0.172225
-0.942479 -0.0872664 -1.32816
0.0138066 0.0100539 -0.168896
-0.942479 -0.0872664 -1.27703
0.0123971 0.00902902 -0.16767
-0.942479 -0.0872664 -1.2592
0.0117401 0.00854994 -0.167079
-0.942479 -0.0872664 -1.25081
0.0116807 0.00850599 -0.167023
-0.942479 -0.0872664 -1.25006
0.00776342 0.00565958 -0.163303
-0.942479 -0.0872664 -1.19892
0.00643587 0.00469433 -0.161944
-0.942479 -0.0872664 -1.1811
0.00581831 0.00424408 -0.161291
-0.942479 -0.0872664 -1.17271
0.00209492 0.00153788 -0.15714
-0.942479 -0.0872664 -1.12082
0.000857323 0.000637911 -0.155658
-0.942479 -0.0872664 -1.10299
0.000282824 0.000219211 -0.154947
-0.942479 -0.0872664 -1.09461
0.000231236 0.000180922 -0.154882
-0.942479 -0.0872664 -1.09385
0.00478733 0.00345855 -0.154709
-0.942479 -0.0283616 -1.06616
0.00604656 0.00437356 -0.156152
-0.942479 -0.0283616 -1.08393
0.00664902 0.00481114 -0.156819
-0.942479 -0.0283616 -1.09229
0.00670502 0.00485173 -0.156877
-0.942479 -0.0283616 -1.09304
0.0104621 0.00758146 -0.160842
-0.942479 -0.0283616 -1.14418
0.0118133 0.00856326 -0.162164
-0.942479 -0.0283616 -1.16201
0.0124581 0.0090318 -0.162772
-0.942479 -0.0283616 -1.17039
0.0125179 0.00907505 -0.162826
-0.942479 -0.0283616 -1.17115
0.0165142 0.0119785 -0.166416
-0.942479 -0.0283616 -1.22228
0.0179448 0.0130179 -0.167604
-0.942479 -0.0283616 -1.24011
0.015607 0.0113177 -0.160531
-0.942479 0.0305433 -1.12073
0.0142421 0.0103258 -0.159243
-0.942479 0.0305433 -1.10296
0.013607 0.00986442 -0.158623
-0.942479 0.0305433 -1.0946
0.01355 0.00982307 -0.158565
-0.942479 0.0305433 -1.09385
0.00975361 0.00706473 -0.154661
-0.942479 0.0305433 -1.04272
0.0141777 0.0102789 -0.15396
-0.942479 0.0894482 -1.01494
0.0180594 0.0130992 -0.157737
-0.942479 0.0894482 -1.06607
0.0159726 0.012345 -0.156062
-0.911936 0.0894482 -1.04272
0.014654 0.0113241 -0.154737
-0.911936 0.0894482 -1.02489
0.013986 0.0108069 -0.154041
-0.911936 0.0894482 -1.01575
0.0139671 0.0107921 -0.154018
-0.911936 0.0894482 -1.01548
0.0111272 0.00859363 -0.156463
-0.911936 0.0305433 -1.06607
0.0124274 0.00960027 -0.157816
-0.911936 0.0305433 -1.0839
0.0130482 0.010081 -0.15844
-0.911936 0.0305433 -1.09229
0.0169562 0.013107 -0.162179
-0.911936 0.0305433 -1.14418
0.0144148 0.0111392 -0.164827
-0.911936 -0.0283616 -1.19892
0.0130569 0.0100878 -0.163567
-0.911936 -0.0283616 -1.1811
0.0123684 0.00955472 -0.162904
-0.911936 -0.0283616 -1.17196
0.0123485 0.00953955 -0.162883
-0.911936 -0.0283616 -1.17169
0.00859216 0.00663075 -0.159081
-0.911936 -0.0283616 -1.12073
0.00732037 0.00564621 -0.157695
-0.911936 -0.0283616 -1.10296
0.00673002 0.00518909 -0.15703
-0.911936 -0.0283616 -1.0946
0.00667718 0.00514815 -0.156968
-0.911936 -0.0283616 -1.09385
-0.000523329 -0.000427045 -0.154005
-0.911936 -0.0872664 -1.0839
3.54052e-05 5.29736e-06 -0.154717
-0.911936 -0.0872664 -1.09229
8.73804e-05 4.55305e-05 -0.154779
-0.911936 -0.0872664 -1.09304
0.00356859 0.00274121 -0.159011
-0.911936 -0.0872664 -1.14418
0.00482512 0.00371402 -0.160429
-0.911936 -0.0872664 -1.16201
0.00542605 0.00417935 -0.161083
-0.911936 -0.0872664 -1.17039
0.00548172 0.00422247 -0.16114
-0.911936 -0.0872664 -1.17115
0.0092136 0.00711217 -0.165016
-0.911936 -0.0872664 -1.22228
0.010554 0.0081501 -0.166305
-0.911936 -0.0872664 -1.24011
0.0112526 0.00869092 -0.16695
-0.911936 -0.0872664 -1.24925
0.0112744 0.00870777 -0.166967
-0.911936 -0.0872664 -1.24951
0.0152212 0.0117639 -0.170449
-0.911936 -0.0872664 -1.30048
0.0166325 0.0128566 -0.171599
-0.911936 -0.0872664 -1.31825
0.0173043 0.013377 -0.172125
-0.911936 -0.0872664 -1.3266
0.0173664 0.0134251 -0.172171
-0.911936 -0.0872664 -1.32735
0.0178263 0.0147211 -0.172823
-0.881393 -0.0872664 -1.3373
0.017166 0.0141748 -0.172296
-0.881393 -0.0872664 -1.32892
0.0171064 0.0141247 -0.172246
-0.881393 -0.0872664 -1.32816
0.0131701 0.0108795 -0.168893
-0.881393 -0.0872664 -1.27703
0.011826 0.0097706 -0.167667
-0.881393 -0.0872664 -1.2592
0.0111993 0.00925236 -0.167076
-0.881393 -0.0872664 -1.25081
0.0111424 0.0092047 -0.167021
-0.881393 -0.0872664 -1.25006
0.00740638 0.00612462 -0.1633
-0.881393 -0.0872664 -1.19892
0.00614023 0.00508012 -0.161942
-0.881393 -0.0872664 -1.1811
0.00555116 0.00459301 -0.161289
-0.881393 -0.0872664 -1.17271
0.00547945 0.00453221 -0.161206
-0.881393 -0.0872664 -1.17169
0.00199386 0.00165851 -0.157129
-0.881393 -0.0872664 -1.12073
0.000817388 0.000687964 -0.155651
-0.881393 -0.0872664 -1.10296
0.000411958 0.000353269 -0.155128
-0.881393 -0.0872664 -1.09676
0.00456631 0.00374353 -0.154711
-0.881393 -0.0283616 -1.06616
0.00576741 0.00473364 -0.156154
-0.881393 -0.0283616 -1.08393
0.00634196 0.00520725 -0.15682
-0.881393 -0.0283616 -1.09229
0.00639534 0.00525114 -0.156879
-0.881393 -0.0283616 -1.09304
0.00997904 0.00820546 -0.160844
-0.881393 -0.0283616 -1.14418
0.0112677 0.0092677 -0.162166
-0.881393 -0.0283616 -1.16201
0.0118828 0.00977475 -0.162774
-0.881393 -0.0283616 -1.17039
0.0119399 0.00982158 -0.162827
-0.881393 -0.0283616 -1.17115
0.0157514 0.0129637 -0.166418
-0.881393 -0.0283616 -1.22228
0.0171158 0.0140887 -0.167605
-0.881393 -0.0283616 -1.24011
0.0177659 0.0146244 -0.16815
-0.881393 -0.0283616 -1.24849
0.017826 0.0146739 -0.168197
-0.881393 -0.0283616 -1.24925
0.0148773 0.0122415 -0.160541
-0.881393 0.0305433 -1.12073
0.0135756 0.0111682 -0.159252
-0.881393 0.0305433 -1.10296
0.01297 0.010669 -0.158633
-0.881393 0.0305433 -1.0946
0.0129158 0.0106243 -0.158575
-0.881393 0.0305433 -1.09385
0.00929481 0.0076393 -0.154669
-0.881393 0.0305433 -1.04272
0.0135242 0.0111255 -0.153959
-0.881393 0.0894482 -1.01494
0.0172263 0.0141775 -0.157736
-0.881393 0.0894482 -1.06607
0.0151922 0.0133001 -0.156056
-0.85085 0.0894482 -1.04272
0.0139385 0.0122005 -0.154731
-0.85085 0.0894482 -1.02489
0.0133556 0.0116892 -0.154095
-0.85085 0.0894482 -1.0165
0.0133032 0.0116433 -0.154035
-0.85085 0.0894482 -1.01575
0.0105867 0.00926079 -0.156471
-0.85085 0.0305433 -1.06616
0.0118187 0.0103417 -0.15782
-0.85085 0.0305433 -1.08393
0.0124073 0.0108577 -0.158441
-0.85085 0.0305433 -1.09229
0.0124618 0.0109056 -0.158496
-0.85085 0.0305433 -1.09304
0.0161231 0.0141165 -0.162181
-0.85085 0.0305433 -1.14418
0.0174352 0.0152673 -0.163402
-0.85085 0.0305433 -1.16201
0.0180606 0.0158157 -0.163962
-0.85085 0.0305433 -1.17039
0.0181184 0.0158663 -0.164011
-0.85085 0.0305433 -1.17115
0.0181886 0.0159282 -0.168864
-0.85085 -0.0283616 -1.2592
0.0175543 0.0153718 -0.168321
-0.85085 -0.0283616 -1.25081
0.0174975 0.015322 -0.16827
-0.85085 -0.0283616 -1.25006
0.0137124 0.0120026 -0.16482
-0.85085 -0.0283616 -1.19892
0.0119753 0.010479 -0.163112
-0.85085 -0.0283616 -1.17488
0.0117663 0.0102958 -0.162897
-0.85085 -0.0283616 -1.17196
0.0117475 0.0102794 -0.162877
-0.85085 -0.0283616 -1.17169
0.00817615 0.00714727 -0.159074
-0.85085 -0.0283616 -1.12073
0.0069671 0.00608675 -0.157689
-0.85085 -0.0283616 -1.10296
0.00640538 0.00559432 -0.157024
-0.85085 -0.0283616 -1.0946
0.0063552 0.00555027 -0.156963
-0.85085 -0.0283616 -1.09385
-0.000496626 -0.000458874 -0.154006
-0.85085 -0.0872664 -1.0839
3.43621e-05 6.80983e-06 -0.154717
-0.85085 -0.0872664 -1.09229
8.37147e-05 5.03808e-05 -0.15478
-0.85085 -0.0872664 -1.09304
0.00339374 0.00295334 -0.159011
-0.85085 -0.0872664 -1.14418
0.0045889 0.00400133 -0.160429
-0.85085 -0.0872664 -1.16201
0.00516036 0.0045023 -0.161083
-0.85085 -0.0872664 -1.17039
0.00876173 0.00766096 -0.165016
-0.85085 -0.0872664 -1.22228
0.0100362 0.00877874 -0.166306
-0.85085 -0.0872664 -1.24011
0.0106444 0.00931202 -0.166899
-0.85085 -0.0872664 -1.24849
0.0107008 0.00936142 -0.16695
-0.85085 -0.0872664 -1.24925
0.0144659 0.0126635 -0.170446
-0.85085 -0.0872664 -1.30038
0.0158122 0.0138444 -0.171599
-0.85085 -0.0872664 -1.31821
0.0164535 0.0144066 -0.172127
-0.85085 -0.0872664 -1.3266
0.0165126 0.0144585 -0.172172
-0.85085 -0.0872664 -1.32735
0.0182273 0.0170199 -0.173901
-0.820306 -0.0872664 -1.35504
0.0168916 0.0157737 -0.172817
-0.820306 -0.0872664 -1.33727
0.016268 0.0151905 -0.172292
-0.820306 -0.0872664 -1.32891
0.0162117 0.0151372 -0.172243
-0.820306 -0.0872664 -1.32816
0.0124809 0.0116578 -0.16889
-0.820306 -0.0872664 -1.27703
0.011207 0.0104689 -0.167664
-0.820306 -0.0872664 -1.2592
0.0106132 0.00991378 -0.167073
-0.820306 -0.0872664 -1.25081
0.0105594 0.00986274 -0.167018
-0.820306 -0.0872664 -1.25006
0.00701845 0.00656036 -0.163298
-0.820306 -0.0872664 -1.19892
0.00581822 0.00544062 -0.161939
-0.820306 -0.0872664 -1.1811
0.0052602 0.00491869 -0.161286
-0.820306 -0.0872664 -1.17271
0.00520989 0.00487104 -0.161226
-0.820306 -0.0872664 -1.17196
0.00189441 0.00177895 -0.157136
-0.820306 -0.0872664 -1.12082
0.000390291 0.000374831 -0.155129
-0.820306 -0.0872664 -1.09678
0.000209957 0.000205331 -0.154878
-0.820306 -0.0872664 -1.09385
0.000193626 0.00018958 -0.154853
-0.820306 -0.0872664 -1.09359
0.00432229 0.00400861 -0.154704
-0.820306 -0.0283616 -1.06607
0.00586855 0.00545041 -0.156649
-0.820306 -0.0283616 -1.09012
0.00606161 0.00563058 -0.156879
-0.820306 -0.0283616 -1.09304
0.00608048 0.00564794 -0.156899
-0.820306 -0.0283616 -1.09331
0.00946635 0.00880541 -0.16085
-0.820306 -0.0283616 -1.14427
0.0106837 0.00994059 -0.162167
-0.820306 -0.0283616 -1.16204
0.0112647 0.0104825 -0.162773
-0.820306 -0.0283616 -1.17039
0.0113186 0.0105325 -0.162826
-0.820306 -0.0283616 -1.17115
0.0149312 0.0139017 -0.166417
-0.820306 -0.0283616 -1.22228
0.0162244 0.0151075 -0.167605
-0.820306 -0.0283616 -1.24011
0.0168405 0.0156819 -0.168149
-0.820306 -0.0283616 -1.24849
0.0168974 0.0157349 -0.168196
-0.820306 -0.0283616 -1.24925
0.0178137 0.0165879 -0.164119
-0.820306 0.0305433 -1.17271
0.0177588 0.0165367 -0.164067
-0.820306 0.0305433 -1.17196
0.0141124 0.0131363 -0.160543
-0.820306 0.0305433 -1.12082
0.0128745 0.0119818 -0.159251
-0.820306 0.0305433 -1.10299
0.0122986 0.0114445 -0.158629
-0.820306 0.0305433 -1.09461
0.0122468 0.0113965 -0.158571
-0.820306 0.0305433 -1.09385
0.00881463 0.00819591 -0.154666
-0.820306 0.0305433 -1.04272
0.0128201 0.0119307 -0.153959
-0.820306 0.0894482 -1.01494
0.0163288 0.0152031 -0.157736
-0.820306 0.0894482 -1.06607
0.0175878 0.0163771 -0.158991
-0.820306 0.0894482 -1.0839
0.0181881 0.0169367 -0.159567
-0.820306 0.0894482 -1.09229
0.0175744 0.017397 -0.154394
-0.789763 0.148353 -1.0058
0.0181493 0.0179667 -0.154985
-0.789763 0.148353 -1.01418
0.0182024 0.0180195 -0.155037
-0.789763 0.148353 -1.01494
0.0178856 0.0177056 -0.159748
-0.789763 0.0894482 -1.09461
0.0178332 0.0176538 -0.159694
-0.789763 0.0894482 -1.09385
0.0143552 0.0142058 -0.156053
-0.789763 0.0894482 -1.04272
0.0131707 0.0130318 -0.154728
-0.789763 0.0894482 -1.02489
0.0126201 0.0124857 -0.154091
-0.789763 0.0894482 -1.0165
0.0125707 0.0124366 -0.154032
-0.789763 0.0894482 -1.01575
0.0111642 0.0110426 -0.157818
-0.789763 0.0305433 -1.0839
0.0117219 0.0115955 -0.158441
-0.789763 0.0305433 -1.09229
0.0117737 0.0116467 -0.158496
-0.789763 0.0305433 -1.09304
0.0152321 0.0150753 -0.16218
-0.789763 0.0305433 -1.14418
0.0164715 0.0163039 -0.163402
-0.789763 0.0305433 -1.16201
0.0170621 0.0168895 -0.163962
-0.789763 0.0305433 -1.17039
0.0171167 0.0169436 -0.164011
-0.789763 0.0305433 -1.17115
0.0171825 0.0170092 -0.168855
-0.789763 -0.0283616 -1.25917
0.0165852 0.016417 -0.168314
-0.789763 -0.0283616 -1.25081
0.0165315 0.0163638 -0.168263
-0.789763 -0.0283616 -1.25006
0.0129427 0.012806 -0.164836
-0.789763 -0.0283616 -1.19892
0.011723 0.0115971 -0.163576
-0.789763 -0.0283616 -1.1811
0.0111051 0.0109843 -0.162912
-0.789763 -0.0283616 -1.17196
0.0110876 0.0109669 -0.16289
-0.789763 -0.0283616 -1.17169
0.0077275 0.00763614 -0.159068
-0.789763 -0.0283616 -1.12073
0.00658539 0.00650372 -0.157683
-0.789763 -0.0283616 -1.10296
0.0060547 0.00597771 -0.157019
-0.789763 -0.0283616 -1.0946
0.00600722 0.00593049 -0.156957
-0.789763 -0.0283616 -1.09385
-0.000467241 -0.000487849 -0.154005
-0.789763 -0.0872664 -1.0839
3.44515e-05 9.46224e-06 -0.154716
-0.789763 -0.0872664 -1.09229
8.11219e-05 5.57601e-05 -0.154779
-0.789763 -0.0872664 -1.09304
0.00320792 0.00315554 -0.159011
-0.789763 -0.0872664 -1.14418
0.00433654 0.00427443 -0.160429
-0.789763 -0.0872664 -1.16201
0.0048762 0.00480957 -0.161083
-0.789763 -0.0872664 -1.17039
0.00492644 0.00485914 -0.16114
-0.789763 -0.0872664 -1.17115
0.00948203 0.00937547 -0.166305
-0.789763 -0.0872664 -1.24011
0.0100566 0.00994493 -0.166898
-0.789763 -0.0872664 -1.24849
0.0101095 0.00999774 -0.16695
-0.789763 -0.0872664 -1.24925
0.0136661 0.0135233 -0.170445
-0.789763 -0.0872664 -1.30038
0.0149379 0.0147841 -0.171599
-0.789763 -0.0872664 -1.31821
0.0155436 0.0153845 -0.172126
-0.789763 -0.0872664 -1.3266
0.0155995 0.0154399 -0.172172
-0.789763 -0.0872664 -1.32735
0.0171672 0.0181133 -0.173897
-0.75922 -0.0872664 -1.35513
0.0159057 0.0167834 -0.17281
-0.75922 -0.0872664 -1.3373
0.0152636 0.0161039 -0.172234
-0.75922 -0.0872664 -1.32816
0.0152448 0.0160831 -0.172216
-0.75922 -0.0872664 -1.3279
0.0117327 0.0123818 -0.168897
-0.75922 -0.0872664 -1.27694
0.0105374 0.0111219 -0.167675
-0.75922 -0.0872664 -1.25917
0.00998074 0.0105335 -0.167085
-0.75922 -0.0872664 -1.25081
0.00993055 0.0104798 -0.16703
-0.75922 -0.0872664 -1.25006
0.00661114 0.00698154 -0.163288
-0.75922 -0.0872664 -1.19892
0.00548166 0.00579076 -0.16193
-0.75922 -0.0872664 -1.1811
0.00495622 0.00523542 -0.161278
-0.75922 -0.0872664 -1.17271
0.0049088 0.00518479 -0.161217
-0.75922 -0.0872664 -1.17196
0.00178838 0.00189606 -0.157128
-0.75922 -0.0872664 -1.12082
0.000735283 0.00078588 -0.155646
-0.75922 -0.0872664 -1.10299
0.000202626 0.000222243 -0.154871
-0.75922 -0.0872664 -1.09385
0.000187218 0.000205465 -0.154847
-0.75922 -0.0872664 -1.09359
0.00406882 0.00426412 -0.154704
-0.75922 -0.0283616 -1.06607
0.00514391 0.00539704 -0.156152
-0.75922 -0.0283616 -1.0839
0.00565833 0.00593883 -0.156821
-0.75922 -0.0283616 -1.09229
0.00570616 0.00598945 -0.156879
-0.75922 -0.0283616 -1.09304
0.00890291 0.00935839 -0.160845
-0.75922 -0.0283616 -1.14418
0.0100528 0.0105699 -0.162167
-0.75922 -0.0283616 -1.16201
0.0106015 0.0111483 -0.162775
-0.75922 -0.0283616 -1.17039
0.0106525 0.0112018 -0.162828
-0.75922 -0.0283616 -1.17115
0.0140528 0.0147851 -0.166419
-0.75922 -0.0283616 -1.22228
0.015699 0.0165198 -0.168011
-0.75922 -0.0283616 -1.24633
0.0159037 0.0167353 -0.168197
-0.75922 -0.0283616 -1.24925
0.0159233 0.0167561 -0.168213
-0.75922 -0.0283616 -1.24951
0.0173435 0.0182512 -0.164675
-0.75922 0.0305433 -1.1811
0.0167179 0.017592 -0.164064
-0.75922 0.0305433 -1.17196
0.0166997 0.0175729 -0.164045
-0.75922 0.0305433 -1.17169
0.01328 0.0139689 -0.160532
-0.75922 0.0305433 -1.12073
0.0121186 0.0127451 -0.159244
-0.75922 0.0305433 -1.10296
0.0115784 0.0121759 -0.158625
-0.75922 0.0305433 -1.0946
0.0115299 0.0121247 -0.158567
-0.75922 0.0305433 -1.09385
0.00829971 0.00872063 -0.154662
-0.75922 0.0305433 -1.04272
0.0120676 0.0126911 -0.153959
-0.75922 0.0894482 -1.01494
0.0153703 0.0161715 -0.157736
-0.75922 0.0894482 -1.06607
0.0165551 0.0174201 -0.158991
-0.75922 0.0894482 -1.0839
0.01712 0.0180153 -0.159567
-0.75922 0.0894482 -1.09229
0.0171723 0.0180704 -0.159617
-0.75922 0.0894482 -1.09304
0.0178041 0.0187361 -0.155168
-0.75922 0.148353 -1.0165
0.0177544 0.0186837 -0.155112
-0.75922 0.148353 -1.01575
0.0164783 0.0184357 -0.154396
-0.728676 0.148353 -1.0058
0.0170172 0.0190397 -0.154987
-0.728676 0.148353 -1.01418
0.0170672 0.0190955 -0.155039
-0.728676 0.148353 -1.01494
0.0173302 0.0193907 -0.160305
-0.728676 0.0894482 -1.10299
0.0167823 0.0187766 -0.159731
-0.728676 0.0894482 -1.09461
0.0167331 0.0187216 -0.159678
-0.728676 0.0894482 -1.09385
0.0134591 0.0150533 -0.156058
-0.728676 0.0894482 -1.04272
0.0119653 0.0133794 -0.154263
-0.728676 0.0894482 -1.01867
0.011786 0.0131785 -0.154038
-0.728676 0.0894482 -1.01575
0.0117698 0.0131606 -0.154016
-0.728676 0.0894482 -1.01548
0.0093739 0.0104761 -0.156464
-0.728676 0.0305433 -1.06607
0.0104689 0.0117031 -0.157818
-0.728676 0.0305433 -1.0839
0.0109917 0.0122889 -0.158441
-0.728676 0.0305433 -1.09229
0.0110403 0.0123432 -0.158496
-0.728676 0.0305433 -1.09304
0.0142829 0.0159767 -0.162181
-0.728676 0.0305433 -1.14418
0.0154451 0.0172786 -0.163402
-0.728676 0.0305433 -1.16201
0.0159988 0.017899 -0.163962
-0.728676 0.0305433 -1.17039
0.0160501 0.0179565 -0.164011
-0.728676 0.0305433 -1.17115
0.0173224 0.0193823 -0.169976
-0.728676 -0.0283616 -1.27703
0.0161167 0.0180317 -0.168855
-0.728676 -0.0283616 -1.2592
0.0155044 0.0173454 -0.168261
-0.728676 -0.0283616 -1.25006
0.0154867 0.0173257 -0.168242
-0.728676 -0.0283616 -1.2498
0.0121337 0.0135689 -0.164825
-0.728676 -0.0283616 -1.19883
0.0109941 0.012292 -0.163569
-0.728676 -0.0283616 -1.18106
0.0104638 0.0116978 -0.162964
-0.728676 -0.0283616 -1.17271
0.0104164 0.0116446 -0.162908
-0.728676 -0.0283616 -1.17195
0.00724208 0.00808802 -0.159093
-0.728676 -0.0283616 -1.12082
0.00616744 0.00688402 -0.157703
-0.728676 -0.0283616 -1.10299
0.00562423 0.0062754 -0.156973
-0.728676 -0.0283616 -1.09385
0.00560886 0.00625815 -0.15695
-0.728676 -0.0283616 -1.09359
-0.000434041 -0.00051266 -0.154007
-0.728676 -0.0872664 -1.08393
3.46303e-05 1.26213e-05 -0.154716
-0.728676 -0.0872664 -1.09229
7.83205e-05 6.14449e-05 -0.154779
-0.728676 -0.0872664 -1.09304
0.0030098 0.00334609 -0.15901
-0.728676 -0.0872664 -1.14418
0.00406802 0.0045318 -0.160428
-0.728676 -0.0872664 -1.16201
0.00457403 0.00509878 -0.161082
-0.728676 -0.0872664 -1.17039
0.00462103 0.00515136 -0.16114
-0.728676 -0.0872664 -1.17115
0.00776359 0.00867261 -0.165015
-0.728676 -0.0872664 -1.22228
0.0088926 0.00993744 -0.166304
-0.728676 -0.0872664 -1.24011
0.00943106 0.0105408 -0.166897
-0.728676 -0.0872664 -1.24849
0.0128155 0.0143328 -0.170444
-0.728676 -0.0872664 -1.30038
0.014008 0.015669 -0.171598
-0.728676 -0.0872664 -1.31821
0.0145758 0.0163052 -0.172126
-0.728676 -0.0872664 -1.3266
0.0146282 0.016364 -0.172172
-0.728676 -0.0872664 -1.32735
0.0181343 0.0202923 -0.175265
-0.728676 -0.0872664 -1.37849
