272 3 3
0.177647 -0.0646884 0.0997602
-1.91986 1.44426 -2.58696
0.177172 -0.0645151 0.100114
-1.91986 1.50317 -2.49891
0.177154 -0.0645084 0.100139
-1.91986 1.50317 -2.49917
0.178278 -0.0588165 0.100379
-1.88932 1.56207 -2.41166
0.177728 -0.0586354 0.101198
-1.88932 1.56207 -2.42005
0.177728 -0.0586354 0.101198
-1.88932 1.56207 -2.42005
0.177677 -0.0586185 0.101272
-1.88932 1.56207 -2.4208
0.177141 -0.0584421 0.102823
-1.88932 1.50317 -2.52668
0.178374 -0.0588486 0.101135
-1.88932 1.50317 -2.50886
0.178941 -0.0590358 0.100331
-1.88932 1.50317 -2.50047
0.178991 -0.0590522 0.100257
-1.88932 1.50317 -2.49972
0.176607 -0.0582658 0.103505
-1.88932 1.44426 -2.62814
0.179203 -0.0591221 0.0998566
-1.88932 1.38536 -2.68289
0.179203 -0.0591221 0.0998566
-1.88932 1.38536 -2.68289
0.17815 -0.0587743 0.100139
-1.88932 1.32645 -2.78435
0.17815 -0.0587743 0.100139
-1.88932 1.32645 -2.78435
0.176765 -0.0583179 0.101692
-1.88932 1.32645 -2.80218
0.178868 -0.0530124 0.0997214
-1.85878 1.26755 -2.88019
0.178179 -0.0528083 0.100435
-1.85878 1.26755 -2.88866
0.178116 -0.0527895 0.100499
-1.85878 1.26755 -2.88942
0.176918 -0.0524352 0.103359
-1.85878 1.32645 -2.82127
0.17759 -0.052634 0.102645
-1.85878 1.32645 -2.81289
0.177649 -0.0526515 0.102579
-1.85878 1.32645 -2.81213
0.179189 -0.0531075 0.1019
-1.85878 1.38536 -2.70625
0.17782 -0.0527021 0.10348
-1.85878 1.38536 -2.72408
0.177164 -0.0525078 0.104213
-1.85878 1.38536 -2.73246
0.177103 -0.0524899 0.104279
-1.85878 1.38536 -2.73322
0.179976 -0.053341 0.101449
-1.85878 1.44426 -2.60505
0.181264 -0.0537223 0.0997715
-1.85878 1.44426 -2.58705
0.180993 -0.0536418 0.0998244
-1.85878 1.50317 -2.49595
0.180843 -0.0535972 0.100035
-1.85878 1.50317 -2.49814
0.17722 -0.0525242 0.104906
-1.85878 1.50317 -2.54977
0.177496 -0.0526066 0.104033
-1.85878 1.56207 -2.44858
0.17871 -0.0529659 0.10232
-1.85878 1.56207 -2.43075
0.179124 -0.0530886 0.101717
-1.85878 1.56207 -2.42454
0.179267 -0.0531311 0.101504
-1.85878 1.56207 -2.42237
0.179316 -0.0531456 0.101429
-1.85878 1.56207 -2.42161
0.17948 -0.0531936 0.0995642
-1.85878 1.62098 -2.31582
0.17948 -0.0531936 0.0995642
-1.85878 1.62098 -2.31582
0.177968 -0.0527457 0.101953
-1.85878 1.62098 -2.33979
0.177778 -0.0526893 0.102241
-1.85878 1.62098 -2.3427
0.177759 -0.0526839 0.102267
-1.85878 1.62098 -2.34296
0.179171 -0.0472004 0.100286
-1.82823 1.67988 -2.23763
0.179171 -0.0472004 0.100286
-1.82823 1.67988 -2.23763
0.178075 -0.0469122 0.102089
-1.82823 1.67988 -2.25546
0.177547 -0.046773 0.10293
-1.82823 1.67988 -2.26384
0.177498 -0.04676 0.103006
-1.82823 1.67988 -2.2646
0.177442 -0.0467461 0.105041
-1.82823 1.62098 -2.37048
0.178634 -0.0470598 0.103305
-1.82823 1.62098 -2.35265
0.179182 -0.0472039 0.102478
-1.82823 1.62098 -2.34426
0.17923 -0.0472165 0.102402
-1.82823 1.62098 -2.34351
0.17923 -0.0472165 0.102402
-1.82823 1.62098 -2.34351
0.181549 -0.0478269 0.100376
-1.82823 1.56207 -2.41157
0.181132 -0.047717 0.10099
-1.82823 1.56207 -2.41785
0.180984 -0.0476782 0.101203
-1.82823 1.56207 -2.42004
0.177411 -0.0467375 0.106138
-1.82823 1.56207 -2.47167
0.176557 -0.0465132 0.107593
-1.82823 1.50317 -2.57857
0.176557 -0.0465132 0.107593
-1.82823 1.50317 -2.57857
0.176614 -0.046528 0.107524
-1.82823 1.50317 -2.57782
0.180382 -0.04752 0.102825
-1.82823 1.50317 -2.52668
0.181637 -0.0478502 0.101137
-1.82823 1.50317 -2.50886
0.182215 -0.0480022 0.100333
-1.82823 1.50317 -2.50047
0.182215 -0.0480022 0.100333
-1.82823 1.50317 -2.50047
0.182266 -0.0480156 0.100259
-1.82823 1.50317 -2.49972
0.17983 -0.0473744 0.103504
-1.82823 1.44426 -2.62814
0.17983 -0.0473744 0.103504
-1.82823 1.44426 -2.62814
0.178479 -0.0470188 0.105111
-1.82823 1.44426 -2.64597
0.177831 -0.0468483 0.105858
-1.82823 1.44426 -2.65436
0.177772 -0.0468326 0.105925
-1.82823 1.44426 -2.65511
0.177815 -0.0468445 0.105212
-1.82823 1.38536 -2.74326
0.178486 -0.0470209 0.104476
-1.82823 1.38536 -2.73479
0.178486 -0.0470209 0.104476
-1.82823 1.38536 -2.73479
0.178545 -0.0470364 0.104408
-1.82823 1.38536 -2.73403
0.182479 -0.0480721 0.099859
-1.82823 1.38536 -2.68289
0.181397 -0.0477867 0.10013
-1.82823 1.32645 -2.78435
0.179987 -0.0474156 0.101682
-1.82823 1.32645 -2.80218
0.179312 -0.047238 0.102402
-1.82823 1.32645 -2.81056
0.17925 -0.0472217 0.102467
-1.82823 1.32645 -2.81132
0.17925 -0.0472217 0.102467
-1.82823 1.32645 -2.81132
0.177336 -0.0467181 0.102849
-1.82823 1.26755 -2.9172
0.178817 -0.0471077 0.101373
-1.82823 1.26755 -2.89937
0.179507 -0.0472894 0.100672
-1.82823 1.26755 -2.89099
0.179507 -0.0472894 0.100672
-1.82823 1.26755 -2.89099
0.179568 -0.0473054 0.100607
-1.82823 1.26755 -2.89023
0.176613 -0.0408031 0.100156
-1.79769 1.14974 -3.09676
0.178786 -0.0413052 0.100683
-1.79769 1.20864 -2.99557
0.178786 -0.0413052 0.100683
-1.79769 1.20864 -2.99557
0.181782 -0.0419967 0.0997138
-1.79769 1.26755 -2.88019
0.181265 -0.0418771 0.100244
-1.79769 1.26755 -2.88647
0.181265 -0.0418771 0.100244
-1.79769 1.26755 -2.88647
0.181082 -0.041835 0.100428
-1.79769 1.26755 -2.88866
0.176716 -0.0408271 0.10466
-1.79769 1.26755 -2.94029
0.176716 -0.0408271 0.10466
-1.79769 1.26755 -2.94029
0.178311 -0.0411957 0.104882
-1.79769 1.32645 -2.83937
0.1798 -0.0415393 0.103372
-1.79769 1.32645 -2.82136
0.180312 -0.0416575 0.102838
-1.79769 1.32645 -2.81509
0.180312 -0.0416575 0.102838
-1.79769 1.32645 -2.81509
0.180489 -0.0416981 0.10265
-1.79769 1.32645 -2.8129
0.182127 -0.0420762 0.101866
-1.79769 1.38536 -2.70598
0.180723 -0.041752 0.103462
-1.79769 1.38536 -2.72398
0.180225 -0.041637 0.104012
-1.79769 1.38536 -2.73026
0.180225 -0.041637 0.104012
-1.79769 1.38536 -2.73026
0.18005 -0.0415965 0.104203
-1.79769 1.38536 -2.73245
0.176899 -0.0408698 0.108441
-1.79769 1.44426 -2.68316
0.178331 -0.0412004 0.106873
-1.79769 1.44426 -2.66516
0.178823 -0.0413138 0.106319
-1.79769 1.44426 -2.65888
0.178823 -0.0413138 0.106319
-1.79769 1.44426 -2.65888
0.178992 -0.0413531 0.106124
-1.79769 1.44426 -2.65669
0.182916 -0.0422587 0.101458
-1.79769 1.44426 -2.60506
0.184214 -0.0425583 0.099773
-1.79769 1.44426 -2.58705
0.183947 -0.0424962 0.0998205
-1.79769 1.50317 -2.49595
0.183794 -0.0424611 0.100031
-1.79769 1.50317 -2.49814
0.183794 -0.0424611 0.100031
-1.79769 1.50317 -2.49814
0.1801 -0.0416082 0.104894
-1.79769 1.50317 -2.54977
0.178756 -0.0412981 0.106543
-1.79769 1.50317 -2.56778
0.178279 -0.0411879 0.107113
-1.79769 1.50317 -2.57405
0.178279 -0.0411879 0.107113
-1.79769 1.50317 -2.57405
0.178111 -0.0411491 0.10731
-1.79769 1.50317 -2.57624
0.17663 -0.0408078 0.108887
-1.79769 1.56207 -2.50048
0.17663 -0.0408078 0.108887
-1.79769 1.56207 -2.50048
0.180368 -0.0416705 0.104064
-1.79769 1.56207 -2.44885
0.181613 -0.041958 0.102336
-1.79769 1.56207 -2.43085
0.182039 -0.0420562 0.101726
-1.79769 1.56207 -2.42457
0.182039 -0.0420562 0.101726
-1.79769 1.56207 -2.42457
0.182185 -0.04209 0.101512
-1.79769 1.56207 -2.42238
0.18244 -0.0421482 0.0995225
-1.79769 1.62098 -2.31546
0.18244 -0.0421482 0.0995225
-1.79769 1.62098 -2.31546
0.181292 -0.0418831 0.101322
-1.79769 1.62098 -2.33347
0.180882 -0.0417887 0.101944
-1.79769 1.62098 -2.33974
0.180737 -0.0417554 0.10216
-1.79769 1.62098 -2.34193
0.180737 -0.0417554 0.10216
-1.79769 1.62098 -2.34193
0.177232 -0.0409462 0.107167
-1.79769 1.62098 -2.39357
0.177012 -0.0408959 0.10588
-1.79769 1.67988 -2.29264
0.178191 -0.0411682 0.104103
-1.79769 1.67988 -2.27464
0.178594 -0.0412609 0.103477
-1.79769 1.67988 -2.26836
0.178733 -0.041293 0.103256
-1.79769 1.67988 -2.26617
0.178733 -0.041293 0.103256
-1.79769 1.67988 -2.26617
0.178502 -0.0412393 0.100768
-1.79769 1.73878 -2.15926
0.177422 -0.0409901 0.10261
-1.79769 1.73878 -2.17726
0.177036 -0.0409008 0.103248
-1.79769 1.73878 -2.18354
0.176899 -0.0408693 0.10347
-1.79769 1.73878 -2.18573
0.176899 -0.0408693 0.10347
-1.79769 1.73878 -2.18573
0.177438 -0.0353233 0.101067
-1.76715 1.79769 -2.08115
0.177438 -0.0353233 0.101067
-1.76715 1.79769 -2.08115
0.177357 -0.0353076 0.104671
-1.76715 1.73878 -2.19653
0.177751 -0.035386 0.104037
-1.76715 1.73878 -2.19026
0.177886 -0.0354129 0.103814
-1.76715 1.73878 -2.18807
0.177886 -0.0354129 0.103814
-1.76715 1.73878 -2.18807
0.181747 -0.0361804 0.10025
-1.76715 1.67988 -2.23736
0.181747 -0.0361804 0.10025
-1.76715 1.67988 -2.23736
0.180626 -0.0359574 0.102071
-1.76715 1.67988 -2.25536
0.180226 -0.0358778 0.102701
-1.76715 1.67988 -2.26164
0.180084 -0.0358495 0.102921
-1.76715 1.67988 -2.26383
0.180084 -0.0358495 0.102921
-1.76715 1.67988 -2.26383
0.176652 -0.035167 0.107996
-1.76715 1.67988 -2.31546
0.179959 -0.0358252 0.105079
-1.76715 1.62098 -2.37075
0.179959 -0.0358252 0.105079
-1.76715 1.62098 -2.37075
0.18118 -0.036068 0.103326
-1.76715 1.62098 -2.35274
0.181597 -0.0361508 0.102708
-1.76715 1.62098 -2.34646
0.18174 -0.0361794 0.10249
-1.76715 1.62098 -2.34428
0.18174 -0.0361794 0.10249
-1.76715 1.62098 -2.34428
0.184135 -0.0366552 0.100361
-1.76715 1.56207 -2.41157
0.183712 -0.0365712 0.100975
-1.76715 1.56207 -2.41785
0.183562 -0.0365413 0.101189
-1.76715 1.56207 -2.42004
0.183562 -0.0365413 0.101189
-1.76715 1.56207 -2.42004
0.179952 -0.0358235 0.106133
-1.76715 1.56207 -2.47167
0.179952 -0.0358235 0.106133
-1.76715 1.56207 -2.47167
0.17863 -0.0355607 0.107809
-1.76715 1.56207 -2.48967
0.178161 -0.0354673 0.108388
-1.76715 1.56207 -2.49595
0.177995 -0.0354342 0.108589
-1.76715 1.56207 -2.49814
0.177995 -0.0354342 0.108589
-1.76715 1.56207 -2.49814
0.177022 -0.0352412 0.109965
-1.76715 1.50317 -2.60506
0.177022 -0.0352412 0.109965
-1.76715 1.50317 -2.60506
0.178434 -0.035522 0.108368
-1.76715 1.50317 -2.58705
0.178918 -0.0356181 0.107804
-1.76715 1.50317 -2.58078
0.179085 -0.0356515 0.107606
-1.76715 1.50317 -2.57859
0.179085 -0.0356515 0.107606
-1.76715 1.50317 -2.57859
0.182944 -0.0364188 0.102861
-1.76715 1.50317 -2.52695
0.184229 -0.0366744 0.101157
-1.76715 1.50317 -2.50895
0.184669 -0.0367619 0.100556
-1.76715 1.50317 -2.50267
0.18482 -0.0367918 0.100345
-1.76715 1.50317 -2.50048
0.18482 -0.0367918 0.100345
-1.76715 1.50317 -2.50048
0.182421 -0.0363144 0.10347
-1.76715 1.44426 -2.62788
0.181038 -0.0360394 0.105093
-1.76715 1.44426 -2.64588
0.180547 -0.0359418 0.105653
-1.76715 1.44426 -2.65216
0.180547 -0.0359418 0.105653
-1.76715 1.44426 -2.65216
0.180374 -0.0359072 0.105847
-1.76715 1.44426 -2.65435
0.17889 -0.0356125 0.106757
-1.76715 1.38536 -2.76126
0.180361 -0.035905 0.105218
-1.76715 1.38536 -2.74326
0.180866 -0.0360053 0.104673
-1.76715 1.38536 -2.73698
0.180866 -0.0360053 0.104673
-1.76715 1.38536 -2.73698
0.18104 -0.03604 0.104482
-1.76715 1.38536 -2.73479
0.185068 -0.0368411 0.0998873
-1.76715 1.38536 -2.68316
0.185068 -0.0368411 0.0998873
-1.76715 1.38536 -2.68316
0.184019 -0.0366323 0.100107
-1.76715 1.32645 -2.78408
0.182575 -0.0363452 0.101674
-1.76715 1.32645 -2.80209
0.182064 -0.0362434 0.102215
-1.76715 1.32645 -2.80836
0.181883 -0.0362076 0.102402
-1.76715 1.32645 -2.81055
0.181883 -0.0362076 0.102402
-1.76715 1.32645 -2.81055
0.177555 -0.0353469 0.106708
-1.76715 1.32645 -2.86219
0.177555 -0.0353469 0.106708
-1.76715 1.32645 -2.86219
0.179845 -0.0358022 0.102867
-1.76715 1.26755 -2.91747
0.179845 -0.0358022 0.102867
-1.76715 1.26755 -2.91747
0.181372 -0.0361059 0.101386
-1.76715 1.26755 -2.89947
0.181897 -0.0362103 0.100863
-1.76715 1.26755 -2.89319
0.182078 -0.0362464 0.100678
-1.76715 1.26755 -2.891
0.182078 -0.0362464 0.100678
-1.76715 1.26755 -2.891
0.177968 -0.0354288 0.102469
-1.76715 1.20864 -3.01839
0.177968 -0.0354288 0.102469
-1.76715 1.20864 -3.01839
0.178761 -0.0299428 0.100162
-1.7366 1.14974 -3.09677
0.17713 -0.0296698 0.101503
-1.7366 1.14974 -3.11459
0.176554 -0.0295735 0.101962
-1.7366 1.14974 -3.12081
0.180986 -0.0303154 0.100669
-1.7366 1.20864 -2.99531
0.183987 -0.0308173 0.0997299
-1.7366 1.26755 -2.88028
0.183285 -0.0306998 0.100437
-1.7366 1.26755 -2.88867
0.18322 -0.030689 0.1005
-1.7366 1.26755 -2.88942
0.178842 -0.0299567 0.10469
-1.7366 1.26755 -2.94056
0.178842 -0.0299567 0.10469
-1.7366 1.26755 -2.94056
0.177263 -0.0296923 0.106093
-1.7366 1.26755 -2.95839
0.180501 -0.0302342 0.104859
-1.7366 1.32645 -2.8391
0.181994 -0.030484 0.103363
-1.7366 1.32645 -2.82127
0.182507 -0.0305699 0.102834
-1.7366 1.32645 -2.81505
0.182684 -0.0305996 0.102648
-1.7366 1.32645 -2.81289
0.184348 -0.0308777 0.101879
-1.7366 1.38536 -2.70598
0.182926 -0.0306399 0.103474
-1.7366 1.38536 -2.72398
0.182245 -0.0305259 0.104215
-1.7366 1.38536 -2.73245
0.182245 -0.0305259 0.104215
-1.7366 1.38536 -2.73245
0.182182 -0.0305155 0.104281
-1.7366 1.38536 -2.73321
0.177953 -0.0298079 0.108628
-1.7366 1.38536 -2.78435
0.179078 -0.0299963 0.108419
-1.7366 1.44426 -2.68289
0.179078 -0.0299963 0.108419
-1.7366 1.44426 -2.68289
0.180513 -0.0302363 0.106866
-1.7366 1.44426 -2.66506
0.181176 -0.0303472 0.106124
-1.7366 1.44426 -2.65668
0.181235 -0.0303573 0.106056
-1.7366 1.44426 -2.65592
0.185157 -0.0310134 0.101426
-1.7366 1.44426 -2.60479
0.186469 -0.0312329 0.0997644
-1.7366 1.44426 -2.58696
0.186177 -0.0311837 0.0998269
-1.7366 1.50317 -2.49598
0.186024 -0.0311582 0.100035
-1.7366 1.50317 -2.49815
0.182299 -0.0305349 0.104906
-1.7366 1.50317 -2.54978
0.180939 -0.0303073 0.106555
-1.7366 1.50317 -2.56778
0.180286 -0.0301983 0.107321
-1.7366 1.50317 -2.57624
0.180286 -0.0301983 0.107321
-1.7366 1.50317 -2.57624
0.180226 -0.0301879 0.10739
-1.7366 1.50317 -2.57701
0.176768 -0.0296102 0.111255
-1.7366 1.56207 -2.52668
0.178144 -0.0298402 0.109646
-1.7366 1.56207 -2.50886
0.178779 -0.0299464 0.108879
-1.7366 1.56207 -2.50047
0.178835 -0.0299557 0.108808
-1.7366 1.56207 -2.49972
0.18258 -0.0305823 0.10403
-1.7366 1.56207 -2.44858
0.18258 -0.0305823 0.10403
-1.7366 1.56207 -2.44858
0.183828 -0.030791 0.102318
-1.7366 1.56207 -2.43075
0.184402 -0.0308868 0.101502
-1.7366 1.56207 -2.42237
0.184452 -0.0308954 0.101427
-1.7366 1.56207 -2.42161
0.184638 -0.030926 0.099558
-1.7366 1.62098 -2.31573
0.183487 -0.0307337 0.101339
-1.7366 1.62098 -2.33356
0.182932 -0.0306408 0.102169
-1.7366 1.62098 -2.34194
0.18288 -0.030632 0.102244
-1.7366 1.62098 -2.3427
0.18288 -0.030632 0.102244
-1.7366 1.62098 -2.3427
0.179362 -0.0300435 0.1072
-1.7366 1.62098 -2.39383
0.178078 -0.0298287 0.108884
-1.7366 1.62098 -2.41166
0.177461 -0.0297254 0.109668
-1.7366 1.62098 -2.42005
0.177404 -0.0297159 0.109738
-1.7366 1.62098 -2.4208
0.179181 -0.0300136 0.105841
-1.7366 1.67988 -2.29237
0.180364 -0.0302114 0.104082
-1.7366 1.67988 -2.27455
0.180907 -0.0303022 0.103244
-1.7366 1.67988 -2.26616
0.180954 -0.0303101 0.103167
-1.7366 1.67988 -2.2654
0.180954 -0.0303101 0.103167
-1.7366 1.67988 -2.2654
0.180655 -0.0302597 0.100802
-1.7366 1.73878 -2.15952
0.179572 -0.0300786 0.102627
-1.7366 1.73878 -2.17735
0.179186 -0.0300139 0.103258
-1.7366 1.73878 -2.18357
0.179049 -0.029991 0.103478
-1.7366 1.73878 -2.18574
0.176672 -0.0295935 0.10413
-1.7366 1.79769 -2.10995
0.176717 -0.029601 0.104051
-1.7366 1.79769 -2.1092
