1634 3 3
0.196281 0.072389 -0.0824936
-1.21737 0.796307 -1.97996
0.195156 0.071974 -0.0842536
-1.21737 0.796307 -1.96213
0.194613 0.0717736 -0.0850726
-1.21737 0.796307 -1.95375
0.194562 0.0717548 -0.085146
-1.21737 0.796307 -1.95299
0.193924 0.0715196 -0.0902108
-1.21737 0.737402 -2.00332
0.195078 0.0719452 -0.0884707
-1.21737 0.737402 -2.02115
0.195607 0.0721406 -0.0876408
-1.21737 0.737402 -2.02953
0.195653 0.0721576 -0.0875638
-1.21737 0.737402 -2.03029
0.198767 0.0733061 -0.0824357
-1.21737 0.737402 -2.08142
0.201111 0.0741708 -0.0815902
-1.21737 0.678497 -2.1873
0.198254 0.0731171 -0.0868835
-1.21737 0.678497 -2.13617
0.197193 0.0727255 -0.0886883
-1.21737 0.678497 -2.11834
0.196679 0.072536 -0.0895285
-1.21737 0.678497 -2.10995
0.196631 0.0725182 -0.0896034
-1.21737 0.678497 -2.1092
0.193381 0.0713196 -0.0946311
-1.21737 0.678497 -2.05806
0.195562 0.0721243 -0.0946387
-1.21737 0.619592 -2.15952
0.196653 0.0725265 -0.0928529
-1.21737 0.619592 -2.17735
0.197152 0.0727104 -0.0920018
-1.21737 0.619592 -2.18574
0.197195 0.0727265 -0.0919231
-1.21737 0.619592 -2.18649
0.200122 0.0738061 -0.0866713
-1.21737 0.619592 -2.23763
0.201078 0.0741587 -0.0848001
-1.21737 0.619592 -2.25546
0.201514 0.0743196 -0.0839102
-1.21737 0.619592 -2.26384
0.201551 0.074333 -0.083828
-1.21737 0.619592 -2.2646
0.203145 0.0749212 -0.0827594
-1.21737 0.560687 -2.37048
0.202288 0.0746049 -0.0846829
-1.21737 0.560687 -2.35265
0.20187 0.0744508 -0.0855808
-1.21737 0.560687 -2.34426
0.20183 0.0744362 -0.0856614
-1.21737 0.560687 -2.34351
0.199157 0.0734501 -0.0910603
-1.21737 0.560687 -2.29237
0.198161 0.0730831 -0.0929071
-1.21737 0.560687 -2.27455
0.197679 0.0729052 -0.0937676
-1.21737 0.560687 -2.26616
0.197634 0.0728883 -0.0938446
-1.21737 0.560687 -2.2654
0.194572 0.0717589 -0.0990039
-1.21737 0.560687 -2.21427
0.193445 0.0713432 -0.100762
-1.21737 0.560687 -2.19644
0.196165 0.0723469 -0.0988153
-1.21737 0.501782 -2.31573
0.197191 0.0727251 -0.0969862
-1.21737 0.501782 -2.33356
0.197659 0.0728978 -0.0961153
-1.21737 0.501782 -2.34194
0.197699 0.0729126 -0.0960346
-1.21737 0.501782 -2.3427
0.200435 0.0739216 -0.0906667
-1.21737 0.501782 -2.39383
0.201323 0.0742493 -0.0887576
-1.21737 0.501782 -2.41166
0.201726 0.0743978 -0.0878503
-1.21737 0.501782 -2.42005
0.20176 0.0744106 -0.0877667
-1.21737 0.501782 -2.4208
0.204095 0.0752715 -0.0821876
-1.21737 0.501782 -2.47194
0.202719 0.074764 -0.0864879
-1.21737 0.442877 -2.52668
0.201932 0.0744737 -0.088445
-1.21737 0.442877 -2.50886
0.20151 0.0743182 -0.089441
-1.21737 0.442877 -2.49972
0.201496 0.0743132 -0.0894692
-1.21737 0.442877 -2.49945
0.199032 0.0734042 -0.0949577
-1.21737 0.442877 -2.44849
0.198107 0.073063 -0.0968371
-1.21737 0.442877 -2.43072
0.197657 0.0728973 -0.0977135
-1.21737 0.442877 -2.42236
0.197615 0.0728816 -0.0977918
-1.21737 0.442877 -2.42161
0.194745 0.071823 -0.103075
-1.21737 0.442877 -2.37048
0.193682 0.071431 -0.104878
-1.21737 0.442877 -2.35265
0.195751 0.0721942 -0.102624
-1.21737 0.383972 -2.47194
0.196709 0.0725477 -0.100754
-1.21737 0.383972 -2.48977
0.197146 0.0727087 -0.0998647
-1.21737 0.383972 -2.49815
0.197183 0.0727224 -0.0997823
-1.21737 0.383972 -2.49891
0.199724 0.0736595 -0.094307
-1.21737 0.383972 -2.55004
0.200543 0.0739615 -0.0923627
-1.21737 0.383972 -2.56787
0.200913 0.0740979 -0.0914402
-1.21737 0.383972 -2.57625
0.200944 0.0741096 -0.091355
-1.21737 0.383972 -2.57701
0.203076 0.0748958 -0.0856847
-1.21737 0.383972 -2.62814
0.20375 0.0751444 -0.0836786
-1.21737 0.383972 -2.64597
0.204051 0.0752553 -0.0827276
-1.21737 0.383972 -2.65436
0.204076 0.0752647 -0.0826403
-1.21737 0.383972 -2.65511
0.203452 0.0750344 -0.0830143
-1.21737 0.325068 -2.74317
0.203169 0.0749301 -0.083969
-1.21737 0.325068 -2.73478
0.203142 0.0749202 -0.0840546
-1.21737 0.325068 -2.73403
0.201283 0.0742344 -0.0898279
-1.21737 0.325068 -2.68289
0.200567 0.0739705 -0.0918154
-1.21737 0.325068 -2.66506
0.200216 0.073841 -0.0927443
-1.21737 0.325068 -2.65668
0.20017 0.0738239 -0.0928561
-1.21737 0.325068 -2.65566
0.197902 0.0729877 -0.0984395
-1.21737 0.325068 -2.6047
0.197046 0.0726719 -0.100355
-1.21737 0.325068 -2.58693
0.196629 0.0725181 -0.101249
-1.21737 0.325068 -2.57857
0.196589 0.0725034 -0.101329
-1.21737 0.325068 -2.57782
0.193922 0.0715195 -0.106732
-1.21737 0.325068 -2.52668
0.194354 0.0716787 -0.105972
-1.21737 0.266163 -2.62814
0.195244 0.0720073 -0.104064
-1.21737 0.266163 -2.64597
0.195648 0.0721562 -0.103157
-1.21737 0.266163 -2.65436
0.195648 0.0721562 -0.103157
-1.21737 0.266163 -2.65436
0.195683 0.0721691 -0.103074
-1.21737 0.266163 -2.65511
0.198024 0.0730325 -0.097498
-1.21737 0.266163 -2.70625
0.198772 0.0733085 -0.095522
-1.21737 0.266163 -2.72408
0.199109 0.0734326 -0.0945846
-1.21737 0.266163 -2.73246
0.199137 0.073443 -0.0944982
-1.21737 0.266163 -2.73322
0.201063 0.0741533 -0.0887448
-1.21737 0.266163 -2.78435
0.201664 0.0743751 -0.0867125
-1.21737 0.266163 -2.80218
0.201931 0.0744736 -0.0857501
-1.21737 0.266163 -2.81056
0.201953 0.0744815 -0.0856615
-1.21737 0.266163 -2.81132
0.201298 0.0742397 -0.083725
-1.21737 0.207258 -2.9172
0.200803 0.0740574 -0.0857873
-1.21737 0.207258 -2.89937
0.200556 0.0739662 -0.0867525
-1.21737 0.207258 -2.89099
0.200532 0.0739572 -0.0868387
-1.21737 0.207258 -2.89023
0.198875 0.0733463 -0.0926805
-1.21737 0.207258 -2.8391
0.198232 0.0731089 -0.0946957
-1.21737 0.207258 -2.82127
0.197914 0.0729919 -0.0956377
-1.21737 0.207258 -2.81289
0.197884 0.0729807 -0.0957217
-1.21737 0.207258 -2.81213
0.195812 0.0722167 -0.101412
-1.21737 0.207258 -2.761
0.195023 0.0719256 -0.103368
-1.21737 0.207258 -2.74317
0.194637 0.0717833 -0.104281
-1.21737 0.207258 -2.73478
0.194601 0.07177 -0.104362
-1.21737 0.207258 -2.73403
0.19321 0.0712568 -0.105892
-1.21737 0.148353 -2.81056
0.193241 0.0712685 -0.105807
-1.21737 0.148353 -2.81132
0.19538 0.0720572 -0.10014
-1.21737 0.148353 -2.86245
0.196057 0.0723067 -0.0981346
-1.21737 0.148353 -2.88028
0.196359 0.0724184 -0.0971841
-1.21737 0.148353 -2.88867
0.196384 0.0724275 -0.0970967
-1.21737 0.148353 -2.88942
0.198101 0.073061 -0.0912688
-1.21737 0.148353 -2.94056
0.198629 0.0732555 -0.0892135
-1.21737 0.148353 -2.95839
0.198861 0.0733412 -0.0882409
-1.21737 0.148353 -2.96677
0.19888 0.073348 -0.0881517
-1.21737 0.148353 -2.96753
0.200165 0.073822 -0.0821985
-1.21737 0.148353 -3.01866
0.197635 0.0728889 -0.0858994
-1.21737 0.089554 -3.07327
0.197214 0.0727335 -0.0879811
-1.21737 0.0894851 -3.05553
0.197001 0.0726548 -0.0889556
-1.21737 0.0894527 -3.04719
0.19698 0.0726472 -0.0890425
-1.21737 0.0894497 -3.04644
0.195551 0.0721201 -0.0949535
-1.21737 0.0894487 -2.99531
0.194981 0.0719098 -0.096993
-1.21737 0.0894484 -2.97748
0.194697 0.0718056 -0.0979467
-1.21737 0.0894482 -2.96909
0.19467 0.0717953 -0.0980317
-1.21737 0.0894482 -2.96834
0.194248 0.0716394 -0.0931689
-1.21737 0.0305433 -3.09677
0.194701 0.0718065 -0.0910934
-1.21737 0.0305433 -3.11459
0.194898 0.0718791 -0.090112
-1.21737 0.0305433 -3.12298
0.194913 0.0718847 -0.0900221
-1.21737 0.0305433 -3.12373
0.200148 0.0814553 -0.0861239
-1.18683 0.528717 -2.38956
0.198115 0.0806008 -0.0931411
-1.18683 0.423788 -2.49449
0.195412 0.0794768 -0.0998902
-1.18683 0.318859 -2.59942
0.192067 0.078095 -0.106297
-1.18683 0.21393 -2.70435
0.192067 0.078095 -0.106297
-1.18683 0.21393 -2.70435
0.188118 0.0764705 -0.112291
-1.18683 0.109 -2.80928
0.1829 0.0743116 -0.115734
-1.18683 -0.0553109 -3.01914
0.183825 0.0746692 -0.111422
-1.18683 -0.0761242 -3.08753
0.184076 0.0747594 -0.109889
-1.18683 -0.0833814 -3.11137
0.184147 0.0747784 -0.109352
-1.18683 -0.0859118 -3.11969
0.184157 0.0747661 -0.109101
-1.18683 -0.0871017 -3.1236
0.184147 0.074754 -0.109079
-1.18683 -0.087209 -3.12395
0.182154 0.0739446 -0.114754
-1.18683 -0.0872464 -3.0732
0.181401 0.0736341 -0.116714
-1.18683 -0.0872594 -3.05551
0.181017 0.0734647 -0.117632
-1.18683 -0.0872656 -3.04719
0.180972 0.0734394 -0.117716
-1.18683 -0.0872661 -3.04644
0.180972 0.0734394 -0.117716
-1.18683 -0.0872661 -3.04644
0.182431 0.0736855 -0.117395
-1.18683 -0.0283616 -2.96677
0.182464 0.0736987 -0.11731
-1.18683 -0.0283616 -2.96753
0.184685 0.0745957 -0.111691
-1.18683 -0.0283616 -3.01866
0.184685 0.0745957 -0.111691
-1.18683 -0.0283616 -3.01866
0.185392 0.0748812 -0.109701
-1.18683 -0.0283616 -3.03649
0.185709 0.0750094 -0.108757
-1.18683 -0.0283616 -3.04488
0.185743 0.0750231 -0.108639
-1.18683 -0.0283616 -3.04589
0.185743 0.0750231 -0.108639
-1.18683 -0.0283616 -3.04589
0.188102 0.0759761 -0.100833
-1.18683 -0.0283616 -3.11463
0.188349 0.0760758 -0.0998686
-1.18683 -0.0283616 -3.12298
0.188369 0.0760838 -0.0997803
-1.18683 -0.0283616 -3.12374
0.191161 0.0772113 -0.0934088
-1.18683 0.0100045 -3.124
0.192096 0.077589 -0.0911661
-1.18683 0.0233819 -3.12409
0.192524 0.0777619 -0.0901045
-1.18683 0.0296726 -3.12413
0.192561 0.0777768 -0.0900077
-1.18683 0.0302397 -3.12414
0.19127 0.0772553 -0.0958811
-1.18683 0.0304375 -3.07327
0.19075 0.0770456 -0.0979097
-1.18683 0.0305064 -3.05553
0.19056 0.0769686 -0.0986139
-1.18683 0.0305388 -3.04719
0.190492 0.0769412 -0.0988583
-1.18683 0.0305388 -3.04719
0.190467 0.0769311 -0.0989424
-1.18683 0.0305417 -3.04644
0.188727 0.0762282 -0.10475
-1.18683 0.0305428 -2.99531
0.188053 0.0759561 -0.10675
-1.18683 0.0305431 -2.97748
0.187722 0.0758223 -0.107684
-1.18683 0.0305433 -2.96909
0.18769 0.0758097 -0.107767
-1.18683 0.0305433 -2.96834
0.187678 0.0758047 -0.107795
-1.18683 0.0305433 -2.96807
0.18553 0.074937 -0.11342
-1.18683 0.0305433 -2.91711
0.184715 0.0746081 -0.115351
-1.18683 0.0305433 -2.89934
0.184319 0.074448 -0.116251
-1.18683 0.0305433 -2.89099
0.184281 0.0744329 -0.116332
-1.18683 0.0305433 -2.89023
0.185407 0.0748875 -0.116414
-1.18683 0.0894482 -2.80218
0.185824 0.0750559 -0.115517
-1.18683 0.0894482 -2.81056
0.18586 0.0750702 -0.115434
-1.18683 0.0894482 -2.81132
0.188279 0.0760476 -0.109911
-1.18683 0.0894482 -2.86245
0.189056 0.0763613 -0.107951
-1.18683 0.0894482 -2.88028
0.189406 0.0765029 -0.107022
-1.18683 0.0894482 -2.88867
0.189436 0.0765147 -0.106936
-1.18683 0.0894482 -2.88942
0.191448 0.0773277 -0.101226
-1.18683 0.0894482 -2.94056
0.192081 0.0775833 -0.0992075
-1.18683 0.0894482 -2.95839
0.192363 0.0776972 -0.0982511
-1.18683 0.0894482 -2.96677
0.192386 0.0777065 -0.0981632
-1.18683 0.0894482 -2.96753
0.193979 0.07835 -0.0923013
-1.18683 0.0894482 -3.01866
0.194464 0.0785458 -0.0902356
-1.18683 0.0894482 -3.03649
0.194676 0.0786314 -0.0892583
-1.18683 0.0894482 -3.04488
0.194693 0.0786383 -0.0891688
-1.18683 0.0894482 -3.04563
0.195857 0.0791083 -0.0831906
-1.18683 0.0894482 -3.09677
0.197233 0.0796642 -0.0848955
-1.18683 0.148352 -2.99531
0.196782 0.0794821 -0.0869671
-1.18683 0.148353 -2.97748
0.196555 0.0793905 -0.0879366
-1.18683 0.148353 -2.96909
0.196533 0.0793814 -0.0880232
-1.18683 0.148353 -2.96834
0.194999 0.0787621 -0.093897
-1.18683 0.148353 -2.9172
0.1944 0.0785199 -0.0959244
-1.18683 0.148353 -2.89937
0.194103 0.0783999 -0.0968724
-1.18683 0.148353 -2.89099
0.194075 0.0783888 -0.096957
-1.18683 0.148353 -2.89023
0.19213 0.0776032 -0.102689
-1.18683 0.148353 -2.8391
0.191386 0.0773024 -0.10466
-1.18683 0.148353 -2.82127
0.191021 0.0771552 -0.10558
-1.18683 0.148353 -2.81289
0.190987 0.0771412 -0.105662
-1.18683 0.148353 -2.81213
0.188635 0.0761918 -0.111215
-1.18683 0.148353 -2.761
0.18775 0.0758341 -0.113117
-1.18683 0.148353 -2.74317
0.18732 0.0756604 -0.114004
-1.18683 0.148353 -2.73478
0.18728 0.075644 -0.114083
-1.18683 0.148353 -2.73403
0.186949 0.0755102 -0.11567
-1.18683 0.207258 -2.62814
0.187931 0.0759074 -0.113822
-1.18683 0.207258 -2.64597
0.188379 0.0760883 -0.112942
-1.18683 0.207258 -2.65436
0.188418 0.0761039 -0.112861
-1.18683 0.207258 -2.65511
0.191032 0.0771598 -0.107441
-1.18683 0.207258 -2.70625
0.191032 0.0771598 -0.107441
-1.18683 0.207258 -2.70625
0.191878 0.0775015 -0.105516
-1.18683 0.207258 -2.72408
0.192262 0.0776564 -0.104601
-1.18683 0.207258 -2.73246
0.192294 0.0776696 -0.104517
-1.18683 0.207258 -2.73322
0.194508 0.0785638 -0.0988941
-1.18683 0.207258 -2.78435
0.195213 0.0788481 -0.0969032
-1.18683 0.207258 -2.80218
0.195528 0.078976 -0.095959
-1.18683 0.207258 -2.81056
0.195554 0.0789865 -0.0958721
-1.18683 0.207258 -2.81132
0.197355 0.0797138 -0.0900805
-1.18683 0.207258 -2.86245
0.197913 0.0799392 -0.0880361
-1.18683 0.207258 -2.88028
0.19816 0.0800389 -0.0870683
-1.18683 0.207258 -2.88867
0.19818 0.0800468 -0.0869797
-1.18683 0.207258 -2.88942
0.200395 0.0809416 -0.08242
-1.18683 0.266163 -2.8391
0.19987 0.0807296 -0.0844719
-1.18683 0.266163 -2.82127
0.199609 0.0806238 -0.0854319
-1.18683 0.266163 -2.81289
0.199583 0.0806137 -0.0855175
-1.18683 0.266163 -2.81213
0.197844 0.0799114 -0.0913254
-1.18683 0.266163 -2.761
0.197173 0.0796403 -0.0933268
-1.18683 0.266163 -2.74317
0.196843 0.0795067 -0.0942623
-1.18683 0.266163 -2.73478
0.196811 0.079494 -0.0943458
-1.18683 0.266163 -2.73403
0.194667 0.0786279 -0.0999951
-1.18683 0.266163 -2.68289
0.193852 0.0782988 -0.101934
-1.18683 0.266163 -2.66506
0.193455 0.0781383 -0.102839
-1.18683 0.266163 -2.65668
0.193417 0.078123 -0.10292
-1.18683 0.266163 -2.65592
0.190872 0.0770952 -0.108373
-1.18683 0.266163 -2.60479
0.189919 0.0767102 -0.110238
-1.18683 0.266163 -2.58696
0.189457 0.0765237 -0.111107
-1.18683 0.266163 -2.57857
0.189414 0.0765061 -0.111184
-1.18683 0.266163 -2.57782
0.186468 0.0753162 -0.116395
-1.18683 0.266163 -2.52668
0.185282 0.0748368 -0.117546
-1.18683 0.325068 -2.42005
0.185329 0.0748558 -0.11747
-1.18683 0.325068 -2.4208
0.188509 0.0761407 -0.112415
-1.18683 0.325068 -2.47194
0.189557 0.0765639 -0.110609
-1.18683 0.325068 -2.48977
0.190036 0.0767576 -0.109748
-1.18683 0.325068 -2.49815
0.190078 0.0767742 -0.109669
-1.18683 0.325068 -2.49891
0.192883 0.0779073 -0.104362
-1.18683 0.325068 -2.55004
0.193797 0.0782766 -0.102473
-1.18683 0.325068 -2.56787
0.194212 0.0784444 -0.101574
-1.18683 0.325068 -2.57625
0.194248 0.0784588 -0.101491
-1.18683 0.325068 -2.57701
0.19666 0.0794333 -0.0959648
-1.18683 0.325068 -2.62814
0.197435 0.0797462 -0.0940046
-1.18683 0.325068 -2.64597
0.197784 0.0798872 -0.093074
-1.18683 0.325068 -2.65436
0.197814 0.0798991 -0.0929886
-1.18683 0.325068 -2.65511
0.199819 0.080709 -0.0872757
-1.18683 0.325068 -2.70625
0.200449 0.0809636 -0.0852561
-1.18683 0.325068 -2.72408
0.20073 0.0810771 -0.0842994
-1.18683 0.325068 -2.73246
0.200753 0.0810864 -0.0842113
-1.18683 0.325068 -2.73322
0.201727 0.0814798 -0.0824008
-1.18683 0.383972 -2.65668
0.201699 0.0814681 -0.0824857
-1.18683 0.383972 -2.65592
0.199757 0.0806839 -0.0882192
-1.18683 0.383972 -2.60479
0.199014 0.0803839 -0.0901918
-1.18683 0.383972 -2.58696
0.19865 0.0802369 -0.0911133
-1.18683 0.383972 -2.57857
0.198615 0.0802228 -0.0911957
-1.18683 0.383972 -2.57782
0.196274 0.0792771 -0.0967546
-1.18683 0.383972 -2.52668
0.195391 0.0789204 -0.0986588
-1.18683 0.383972 -2.50886
0.194961 0.0787466 -0.099547
-1.18683 0.383972 -2.50047
0.19492 0.0787302 -0.0996261
-1.18683 0.383972 -2.49972
0.192186 0.0776259 -0.104974
-1.18683 0.383972 -2.44858
0.191167 0.0772144 -0.106798
-1.18683 0.383972 -2.43075
0.190674 0.077015 -0.107647
-1.18683 0.383972 -2.42237
0.190627 0.0769962 -0.107723
-1.18683 0.383972 -2.42161
0.187499 0.0757326 -0.11281
-1.18683 0.383972 -2.37048
0.186352 0.0752689 -0.114543
-1.18683 0.383972 -2.35265
0.185799 0.0750457 -0.115349
-1.18683 0.383972 -2.34426
0.185747 0.0750247 -0.11542
-1.18683 0.383972 -2.34351
0.185727 0.0750169 -0.115445
-1.18683 0.383972 -2.34325
0.183914 0.0742842 -0.116089
-1.18683 0.442877 -2.23763
0.18515 0.0747833 -0.114426
-1.18683 0.442877 -2.25546
0.185718 0.0750131 -0.113631
-1.18683 0.442877 -2.26384
0.185768 0.0750331 -0.113557
-1.18683 0.442877 -2.2646
0.189126 0.0763896 -0.108638
-1.18683 0.442877 -2.31573
0.190237 0.0768386 -0.106876
-1.18683 0.442877 -2.33356
0.190747 0.0770444 -0.106036
-1.18683 0.442877 -2.34194
0.190791 0.0770622 -0.105958
-1.18683 0.442877 -2.3427
0.193783 0.0782706 -0.100772
-1.18683 0.442877 -2.39383
0.194763 0.0786668 -0.0989217
-1.18683 0.442877 -2.41166
0.19521 0.0788475 -0.0980414
-1.18683 0.442877 -2.42005
0.195249 0.078863 -0.0979599
-1.18683 0.442877 -2.4208
0.197857 0.0799162 -0.0925372
-1.18683 0.442877 -2.47194
0.1987 0.0802572 -0.0906105
-1.18683 0.442877 -2.48977
0.199082 0.0804113 -0.0896953
-1.18683 0.442877 -2.49815
0.199115 0.0804245 -0.0896106
-1.18683 0.442877 -2.49891
0.201322 0.0813161 -0.0839851
-1.18683 0.442877 -2.55004
0.202024 0.0815995 -0.0819931
-1.18683 0.442877 -2.56787
0.200676 0.081055 -0.084668
-1.18683 0.501782 -2.44858
0.199864 0.080727 -0.0866085
-1.18683 0.501782 -2.43075
0.199467 0.0805668 -0.0875147
-1.18683 0.501782 -2.42237
0.199429 0.0805515 -0.0875958
-1.18683 0.501782 -2.42161
0.196895 0.0795276 -0.0930559
-1.18683 0.501782 -2.37048
0.195944 0.0791437 -0.0949223
-1.18683 0.501782 -2.35265
0.195483 0.0789573 -0.0957923
-1.18683 0.501782 -2.34426
0.195439 0.0789396 -0.0958699
-1.18683 0.501782 -2.34351
0.192502 0.0777535 -0.101089
-1.18683 0.501782 -2.29237
0.19142 0.0773161 -0.102869
-1.18683 0.501782 -2.27455
0.190897 0.0771049 -0.103698
-1.18683 0.501782 -2.26616
0.190848 0.0770849 -0.103772
-1.18683 0.501782 -2.2654
0.187547 0.0757517 -0.108731
-1.18683 0.501782 -2.21427
0.186339 0.0752635 -0.110416
-1.18683 0.501782 -2.19644
0.185757 0.0750287 -0.111198
-1.18683 0.501782 -2.18806
0.185703 0.0750067 -0.111268
-1.18683 0.501782 -2.1873
0.182056 0.0735336 -0.115938
-1.18683 0.501782 -2.13617
0.18073 0.0729977 -0.117515
-1.18683 0.501782 -2.11834
0.178714 0.072183 -0.116915
-1.18683 0.560687 -2.02114
0.179364 0.0724458 -0.116197
-1.18683 0.560687 -2.02953
0.179421 0.072469 -0.11613
-1.18683 0.560687 -2.03029
0.183287 0.0740305 -0.111665
-1.18683 0.560687 -2.08142
0.18458 0.0745532 -0.110055
-1.18683 0.560687 -2.09925
0.185177 0.0747942 -0.109284
-1.18683 0.560687 -2.10763
0.185229 0.0748151 -0.109212
-1.18683 0.560687 -2.10839
0.18876 0.0762415 -0.104436
-1.18683 0.560687 -2.15952
0.189933 0.0767154 -0.102721
-1.18683 0.560687 -2.17735
0.190472 0.0769331 -0.101903
-1.18683 0.560687 -2.18574
0.190519 0.0769522 -0.101827
-1.18683 0.560687 -2.18649
0.193693 0.0782343 -0.0967678
-1.18683 0.560687 -2.23763
0.194739 0.0786567 -0.0949596
-1.18683 0.560687 -2.25546
0.195217 0.0788498 -0.0940985
-1.18683 0.560687 -2.26384
0.195258 0.0788666 -0.094019
-1.18683 0.560687 -2.2646
0.198057 0.0799971 -0.088708
-1.18683 0.560687 -2.31573
0.198968 0.0803653 -0.0868175
-1.18683 0.560687 -2.33356
0.199383 0.0805326 -0.0859187
-1.18683 0.560687 -2.34194
0.199418 0.080547 -0.0858356
-1.18683 0.560687 -2.3427
0.19971 0.0806648 -0.0826901
-1.18683 0.619592 -2.27455
0.199281 0.0804912 -0.0835792
-1.18683 0.619592 -2.26616
0.19924 0.080475 -0.0836589
-1.18683 0.619592 -2.2654
0.196493 0.0793651 -0.0889952
-1.18683 0.619592 -2.21427
0.195477 0.0789548 -0.0908212
-1.18683 0.619592 -2.19644
0.194985 0.0787561 -0.0916721
-1.18683 0.619592 -2.18806
0.194939 0.0787375 -0.0917482
-1.18683 0.619592 -2.1873
0.191822 0.0774782 -0.0968432
-1.18683 0.619592 -2.13617
0.190677 0.0770156 -0.0985781
-1.18683 0.619592 -2.11834
0.190125 0.0767929 -0.0993852
-1.18683 0.619592 -2.10995
0.190073 0.076772 -0.0994573
-1.18683 0.619592 -2.1092
0.186601 0.0753691 -0.104278
-1.18683 0.619592 -2.05806
0.185334 0.0748572 -0.105912
-1.18683 0.619592 -2.04023
0.184725 0.0746115 -0.10667
-1.18683 0.619592 -2.03185
0.184668 0.0745885 -0.106737
-1.18683 0.619592 -2.03109
0.180861 0.0730503 -0.111256
-1.18683 0.619592 -1.97996
0.179479 0.0724921 -0.112777
-1.18683 0.619592 -1.96213
0.178817 0.0722245 -0.113482
-1.18683 0.619592 -1.95375
0.178756 0.0721998 -0.113544
-1.18683 0.619592 -1.95299
0.176902 0.0714511 -0.111964
-1.18683 0.678497 -1.86494
0.177578 0.071724 -0.111274
-1.18683 0.678497 -1.87332
0.177637 0.071748 -0.111209
-1.18683 0.678497 -1.87408
0.181659 0.0733727 -0.106908
-1.18683 0.678497 -1.92521
0.183009 0.073918 -0.105352
-1.18683 0.678497 -1.94304
0.183632 0.0741698 -0.104607
-1.18683 0.678497 -1.95143
0.183687 0.0741919 -0.104537
-1.18683 0.678497 -1.95218
0.187385 0.0756858 -0.0999104
-1.18683 0.678497 -2.00332
0.188618 0.076184 -0.0982458
-1.18683 0.678497 -2.02114
0.189186 0.0764133 -0.0974504
-1.18683 0.678497 -2.02953
0.189235 0.0764333 -0.0973764
-1.18683 0.678497 -2.03029
0.192587 0.0777875 -0.0924523
-1.18683 0.678497 -2.08142
0.193697 0.0782356 -0.0906891
-1.18683 0.678497 -2.09925
0.194075 0.0783883 -0.0900674
-1.18683 0.678497 -2.10547
0.194205 0.0784409 -0.0898483
-1.18683 0.678497 -2.10763
0.194249 0.0784588 -0.0897704
-1.18683 0.678497 -2.10839
0.197235 0.0796647 -0.0845795
-1.18683 0.678497 -2.15952
0.198213 0.0800598 -0.0827281
-1.18683 0.678497 -2.17735
0.198659 0.08024 -0.0818471
-1.18683 0.678497 -2.18574
0.198697 0.0802555 -0.0817658
-1.18683 0.678497 -2.18649
0.198709 0.0802604 -0.0817358
-1.18683 0.678497 -2.18676
0.195075 0.0787921 -0.0846988
-1.18683 0.737402 -2.05806
0.193995 0.0783558 -0.0864813
-1.18683 0.737402 -2.04023
0.193473 0.0781448 -0.0873113
-1.18683 0.737402 -2.03185
0.193424 0.0781252 -0.0873856
-1.18683 0.737402 -2.03109
0.19013 0.0767943 -0.0923501
-1.18683 0.737402 -1.97996
0.188924 0.0763071 -0.0940364
-1.18683 0.737402 -1.96213
0.188343 0.0760728 -0.0948201
-1.18683 0.737402 -1.95375
0.188289 0.0760508 -0.0948901
-1.18683 0.737402 -1.95299
0.184648 0.07458 -0.0995654
-1.18683 0.737402 -1.90186
0.183324 0.0740451 -0.101145
-1.18683 0.737402 -1.88403
0.182688 0.0737883 -0.101877
-1.18683 0.737402 -1.87564
0.182629 0.0737644 -0.101943
-1.18683 0.737402 -1.87489
0.178664 0.0721628 -0.106302
-1.18683 0.737402 -1.82375
0.17723 0.0715831 -0.107766
-1.18683 0.737402 -1.80592
0.179018 0.0723055 -0.101927
-1.18683 0.796307 -1.769
0.180422 0.0728728 -0.100429
-1.18683 0.796307 -1.78683
0.181072 0.073135 -0.0997096
-1.18683 0.796307 -1.79522
0.181129 0.0731582 -0.0996424
-1.18683 0.796307 -1.79597
0.184989 0.0747174 -0.0951723
-1.18683 0.796307 -1.84711
0.18628 0.0752393 -0.0935598
-1.18683 0.796307 -1.86494
0.186876 0.0754798 -0.0927886
-1.18683 0.796307 -1.87332
0.186928 0.0755009 -0.0927167
-1.18683 0.796307 -1.87408
0.190452 0.0769248 -0.0879352
-1.18683 0.796307 -1.92521
0.191624 0.0773979 -0.0862192
-1.18683 0.796307 -1.94304
0.192162 0.0776151 -0.0854001
-1.18683 0.796307 -1.95143
0.192208 0.077634 -0.0853239
-1.18683 0.796307 -1.95218
0.191465 0.0773336 -0.0819914
-1.18683 0.855211 -1.88403
0.190863 0.0770906 -0.0828721
-1.18683 0.855211 -1.87489
0.190844 0.0770828 -0.0828971
-1.18683 0.855211 -1.87462
0.187404 0.075693 -0.0877222
-1.18683 0.855211 -1.82366
0.186142 0.0751834 -0.089352
-1.18683 0.855211 -1.80589
0.185536 0.0749384 -0.0901083
-1.18683 0.855211 -1.79754
0.185479 0.0749156 -0.0901756
-1.18683 0.855211 -1.79678
0.181672 0.0733776 -0.0946945
-1.18683 0.855211 -1.74565
0.180292 0.0728202 -0.0962183
-1.18683 0.855211 -1.72782
0.179631 0.072553 -0.0969237
-1.18683 0.855211 -1.71944
0.17957 0.0725283 -0.0969863
-1.18683 0.855211 -1.71868
0.17682 0.0714171 -0.0953901
-1.18683 0.914116 -1.63063
0.177494 0.0716895 -0.0946988
-1.18683 0.914116 -1.63901
0.177554 0.0717137 -0.0946339
-1.18683 0.914116 -1.63977
0.181569 0.0733359 -0.0903268
-1.18683 0.914116 -1.6909
0.182918 0.0738806 -0.0887693
-1.18683 0.914116 -1.70873
0.18354 0.0741321 -0.0880235
-1.18683 0.914116 -1.71712
0.183595 0.0741541 -0.0879539
-1.18683 0.914116 -1.71787
0.187287 0.0756457 -0.0833221
-1.18683 0.914116 -1.769
0.188518 0.076143 -0.0816556
-1.18683 0.914116 -1.78683
0.183648 0.0741755 -0.0830139
-1.18683 0.973021 -1.66755
0.182326 0.0736413 -0.0845955
-1.18683 0.973021 -1.64972
0.181692 0.0733851 -0.0853293
-1.18683 0.973021 -1.64133
0.181633 0.0733612 -0.0853948
-1.18683 0.973021 -1.64058
0.177674 0.071762 -0.0897603
-1.18683 0.973021 -1.58944
0.177141 0.0715465 -0.0854908
-1.18683 1.03193 -1.53469
0.178544 0.0721131 -0.0839904
-1.18683 1.03193 -1.55252
0.179192 0.0723752 -0.0832707
-1.18683 1.03193 -1.56091
0.179249 0.0723982 -0.0832032
-1.18683 1.03193 -1.56166
0.177743 0.0781853 -0.0822439
-1.15628 1.03193 -1.57161
0.177104 0.0779042 -0.0829644
-1.15628 1.03193 -1.56323
0.177045 0.077878 -0.0830286
-1.15628 1.03193 -1.56247
0.177185 0.0779398 -0.0879048
-1.15628 0.973021 -1.6128
0.178543 0.0785373 -0.0863755
-1.15628 0.973021 -1.63063
0.17917 0.0788134 -0.0856423
-1.15628 0.973021 -1.63901
0.179225 0.0788376 -0.0855737
-1.15628 0.973021 -1.63977
0.183294 0.0806277 -0.0853761
-1.15628 0.914116 -1.74565
0.182015 0.0800654 -0.0869848
-1.15628 0.914116 -1.72782
0.181402 0.0797952 -0.0877308
-1.15628 0.914116 -1.71944
0.181344 0.0797699 -0.0877972
-1.15628 0.914116 -1.71868
0.177489 0.078074 -0.0922145
-1.15628 0.914116 -1.66755
0.177113 0.0779088 -0.0972113
-1.15628 0.855211 -1.71712
0.177171 0.0779342 -0.0971453
-1.15628 0.855211 -1.71787
0.181059 0.0796449 -0.0927557
-1.15628 0.855211 -1.769
0.182362 0.0802182 -0.0911707
-1.15628 0.855211 -1.78683
0.182964 0.0804828 -0.0904119
-1.15628 0.855211 -1.79522
0.183017 0.0805059 -0.090341
-1.15628 0.855211 -1.79597
0.186579 0.0820736 -0.0856335
-1.15628 0.855211 -1.84711
0.187765 0.0825952 -0.0839421
-1.15628 0.855211 -1.86494
0.188311 0.0828351 -0.0831343
-1.15628 0.855211 -1.87332
0.188358 0.082856 -0.0830593
-1.15628 0.855211 -1.87408
0.191498 0.0842377 -0.0824954
-1.15628 0.796307 -1.97996
0.1904 0.0837548 -0.0842555
-1.15628 0.796307 -1.96213
0.18987 0.0835215 -0.0850746
-1.15628 0.796307 -1.95375
0.18982 0.0834996 -0.0851478
-1.15628 0.796307 -1.95299
0.186479 0.0820294 -0.0900409
-1.15628 0.796307 -1.90186
0.185259 0.0814927 -0.0917021
-1.15628 0.796307 -1.88403
0.184672 0.0812345 -0.0924736
-1.15628 0.796307 -1.87564
0.184617 0.0812103 -0.0925425
-1.15628 0.796307 -1.87489
0.180939 0.0795922 -0.0971389
-1.15628 0.796307 -1.82375
0.179604 0.0790049 -0.0986909
-1.15628 0.796307 -1.80592
0.178964 0.0787233 -0.0994103
-1.15628 0.796307 -1.79754
0.178882 0.0786873 -0.0994963
-1.15628 0.796307 -1.79652
0.178156 0.0783679 -0.104437
-1.15628 0.737402 -1.84711
0.179516 0.0789662 -0.10291
-1.15628 0.737402 -1.86494
0.180144 0.0792426 -0.102177
-1.15628 0.737402 -1.87332
0.1802 0.0792669 -0.102109
-1.15628 0.737402 -1.87408
0.183931 0.0809085 -0.0975595
-1.15628 0.737402 -1.92521
0.185177 0.0814569 -0.095921
-1.15628 0.737402 -1.94304
0.185751 0.0817095 -0.0951375
-1.15628 0.737402 -1.95143
0.185802 0.0817317 -0.0950645
-1.15628 0.737402 -1.95218
0.189196 0.0832252 -0.0902109
-1.15628 0.737402 -2.00332
0.190322 0.0837203 -0.088471
-1.15628 0.737402 -2.02114
0.190839 0.0839477 -0.0876409
-1.15628 0.737402 -2.02953
0.190884 0.0839674 -0.0875637
-1.15628 0.737402 -2.03029
0.193922 0.0853039 -0.0824358
-1.15628 0.737402 -2.08142
0.196209 0.0863106 -0.081589
-1.15628 0.678497 -2.1873
0.193406 0.0850771 -0.0868688
-1.15628 0.678497 -2.13617
0.19237 0.0846218 -0.0886734
-1.15628 0.678497 -2.11834
0.19187 0.0844016 -0.0895142
-1.15628 0.678497 -2.10995
0.191823 0.0843811 -0.0895894
-1.15628 0.678497 -2.1092
0.188658 0.0829883 -0.0946203
-1.15628 0.678497 -2.05806
0.187497 0.0824778 -0.0963311
-1.15628 0.678497 -2.04023
0.186938 0.0822319 -0.0971269
-1.15628 0.678497 -2.03185
0.186886 0.082209 -0.0971979
-1.15628 0.678497 -2.03109
0.18339 0.0806707 -0.101964
-1.15628 0.678497 -1.97996
0.18211 0.0801075 -0.103571
-1.15628 0.678497 -1.96213
0.181495 0.0798369 -0.104316
-1.15628 0.678497 -1.95375
0.181437 0.0798116 -0.104382
-1.15628 0.678497 -1.95299
0.177577 0.0781134 -0.108794
-1.15628 0.678497 -1.90186
0.180268 0.0792974 -0.109311
-1.15628 0.619592 -2.00341
0.181569 0.0798698 -0.107733
-1.15628 0.619592 -2.02118
0.182169 0.0801338 -0.106977
-1.15628 0.619592 -2.02953
0.182222 0.080157 -0.106907
-1.15628 0.619592 -2.03029
0.18579 0.081727 -0.102204
-1.15628 0.619592 -2.08142
0.186978 0.0822496 -0.100514
-1.15628 0.619592 -2.09925
0.187525 0.0824899 -0.0997076
-1.15628 0.619592 -2.10763
0.187572 0.0825109 -0.0996324
-1.15628 0.619592 -2.10839
0.190794 0.0839284 -0.0946402
-1.15628 0.619592 -2.15952
0.191858 0.0843963 -0.0928543
-1.15628 0.619592 -2.17735
0.192345 0.0846107 -0.0920031
-1.15628 0.619592 -2.18574
0.192387 0.0846293 -0.0919242
-1.15628 0.619592 -2.18649
0.195243 0.0858854 -0.0866726
-1.15628 0.619592 -2.23763
0.196176 0.086296 -0.0848014
-1.15628 0.619592 -2.25546
0.196601 0.0864827 -0.0839112
-1.15628 0.619592 -2.26384
0.196637 0.0864988 -0.083829
-1.15628 0.619592 -2.2646
0.198179 0.0871772 -0.08275
-1.15628 0.560687 -2.37048
0.197344 0.0868097 -0.0846736
-1.15628 0.560687 -2.35265
0.196936 0.0866306 -0.0855718
-1.15628 0.560687 -2.34426
0.196898 0.0866136 -0.0856524
-1.15628 0.560687 -2.34351
0.194298 0.0854698 -0.0910567
-1.15628 0.560687 -2.29237
0.193327 0.0850428 -0.0929033
-1.15628 0.560687 -2.27455
0.192812 0.0848164 -0.0938412
-1.15628 0.560687 -2.2654
0.192796 0.0848091 -0.0938676
-1.15628 0.560687 -2.26514
0.189814 0.0834972 -0.0990048
-1.15628 0.560687 -2.21418
0.188718 0.0830149 -0.100757
-1.15628 0.560687 -2.19641
0.188189 0.0827825 -0.101573
-1.15628 0.560687 -2.18805
0.18814 0.0827607 -0.101646
-1.15628 0.560687 -2.1873
0.184793 0.0812884 -0.106533
-1.15628 0.560687 -2.13617
0.183572 0.0807509 -0.108193
-1.15628 0.560687 -2.11834
0.182985 0.0804928 -0.108964
-1.15628 0.560687 -2.10995
0.18293 0.0804686 -0.109032
-1.15628 0.560687 -2.1092
0.179264 0.0788557 -0.113644
-1.15628 0.560687 -2.05806
0.177927 0.0782674 -0.115193
-1.15628 0.560687 -2.04023
0.177286 0.0779854 -0.115911
-1.15628 0.560687 -2.03185
0.177226 0.0779591 -0.115975
-1.15628 0.560687 -2.03109
0.181373 0.079784 -0.113925
-1.15628 0.501782 -2.15952
0.182622 0.0803333 -0.112288
-1.15628 0.501782 -2.17735
0.183197 0.0805864 -0.111505
-1.15628 0.501782 -2.18574
0.183247 0.0806085 -0.111432
-1.15628 0.501782 -2.18649
0.186648 0.0821047 -0.106583
-1.15628 0.501782 -2.23763
0.187776 0.0826008 -0.104845
-1.15628 0.501782 -2.25546
0.188293 0.0828285 -0.104016
-1.15628 0.501782 -2.26384
0.188339 0.0828483 -0.103939
-1.15628 0.501782 -2.2646
0.191383 0.0841876 -0.0988146
-1.15628 0.501782 -2.31573
0.192383 0.0846276 -0.0969853
-1.15628 0.501782 -2.33356
0.19284 0.0848285 -0.0961145
-1.15628 0.501782 -2.34194
0.192879 0.0848458 -0.0960338
-1.15628 0.501782 -2.3427
0.195548 0.08602 -0.0906661
-1.15628 0.501782 -2.39383
0.196415 0.0864013 -0.0887571
-1.15628 0.501782 -2.41166
0.196808 0.0865742 -0.08785
-1.15628 0.501782 -2.42005
0.196841 0.0865889 -0.0877661
-1.15628 0.501782 -2.4208
0.199119 0.0875908 -0.0821871
-1.15628 0.501782 -2.47194
0.197772 0.0869983 -0.0864981
-1.15628 0.442877 -2.52659
0.197007 0.0866618 -0.0884483
-1.15628 0.442877 -2.50882
0.196633 0.0864971 -0.0893594
-1.15628 0.442877 -2.50047
0.196597 0.0864814 -0.0894412
-1.15628 0.442877 -2.49971
0.194186 0.0854205 -0.0949485
-1.15628 0.442877 -2.44858
0.19328 0.0850224 -0.0968343
-1.15628 0.442877 -2.43075
0.19284 0.0848289 -0.0977135
-1.15628 0.442877 -2.42237
0.192799 0.0848106 -0.0977922
-1.15628 0.442877 -2.42161
0.189989 0.0835743 -0.103068
-1.15628 0.442877 -2.37048
0.188952 0.0831181 -0.10487
-1.15628 0.442877 -2.35265
0.188451 0.0828978 -0.10571
-1.15628 0.442877 -2.34426
0.188404 0.082877 -0.105785
-1.15628 0.442877 -2.34351
0.185233 0.0814818 -0.110811
-1.15628 0.442877 -2.29237
0.18407 0.0809703 -0.11252
-1.15628 0.442877 -2.27455
0.18351 0.0807242 -0.113315
-1.15628 0.442877 -2.26616
0.183458 0.0807012 -0.113385
-1.15628 0.442877 -2.2654
0.182697 0.0803665 -0.116454
-1.15628 0.383972 -2.33356
0.183244 0.0806073 -0.115648
-1.15628 0.383972 -2.34194
0.183308 0.0806352 -0.115545
-1.15628 0.383972 -2.34296
0.186524 0.0820502 -0.110574
-1.15628 0.383972 -2.39393
0.187586 0.0825175 -0.108795
-1.15628 0.383972 -2.41169
0.188073 0.0827314 -0.107948
-1.15628 0.383972 -2.42005
0.188115 0.08275 -0.107869
-1.15628 0.383972 -2.4208
0.190977 0.0840091 -0.102622
-1.15628 0.383972 -2.47194
0.191912 0.0844205 -0.100752
-1.15628 0.383972 -2.48977
0.192338 0.0846078 -0.099863
-1.15628 0.383972 -2.49815
0.192374 0.084624 -0.0997807
-1.15628 0.383972 -2.49891
0.194853 0.0857143 -0.094305
-1.15628 0.383972 -2.55004
0.195652 0.0860657 -0.0923613
-1.15628 0.383972 -2.56787
0.196013 0.0862247 -0.0914383
-1.15628 0.383972 -2.57625
0.196044 0.086238 -0.0913533
-1.15628 0.383972 -2.57701
0.198123 0.087153 -0.0856832
-1.15628 0.383972 -2.62814
0.198781 0.0874422 -0.0836772
-1.15628 0.383972 -2.64597
0.199075 0.0875715 -0.0827262
-1.15628 0.383972 -2.65436
0.199099 0.0875823 -0.0826389
-1.15628 0.383972 -2.65511
0.198492 0.0873148 -0.0830138
-1.15628 0.325068 -2.74317
0.198216 0.0871935 -0.0839687
-1.15628 0.325068 -2.73478
0.198189 0.0871819 -0.0840542
-1.15628 0.325068 -2.73403
0.196372 0.0863825 -0.0898257
-1.15628 0.325068 -2.68289
0.195674 0.0860754 -0.0918132
-1.15628 0.325068 -2.66506
0.195331 0.0859247 -0.0927421
-1.15628 0.325068 -2.65668
0.195299 0.0859103 -0.0928253
-1.15628 0.325068 -2.65592
0.19308 0.0849343 -0.0984275
-1.15628 0.325068 -2.60479
0.192242 0.0845657 -0.10035
-1.15628 0.325068 -2.58696
0.191834 0.0843862 -0.101247
-1.15628 0.325068 -2.57857
0.191795 0.0843692 -0.101327
-1.15628 0.325068 -2.57782
0.189191 0.0832233 -0.106729
-1.15628 0.325068 -2.52668
0.188218 0.0827951 -0.108574
-1.15628 0.325068 -2.50886
0.187702 0.0825683 -0.10951
-1.15628 0.325068 -2.49972
0.187685 0.0825608 -0.109536
-1.15628 0.325068 -2.49945
0.184714 0.0812538 -0.114685
-1.15628 0.325068 -2.44849
0.183615 0.0807704 -0.116435
-1.15628 0.325068 -2.43072
0.183085 0.0805371 -0.117249
-1.15628 0.325068 -2.42236
0.183035 0.0805151 -0.117321
-1.15628 0.325068 -2.42161
0.18544 0.0815733 -0.114114
-1.15628 0.266163 -2.55004
0.186442 0.0820144 -0.112287
-1.15628 0.266163 -2.56787
0.1869 0.0822157 -0.111416
-1.15628 0.266163 -2.57625
0.18694 0.0822331 -0.111336
-1.15628 0.266163 -2.57701
0.189615 0.0834102 -0.105972
-1.15628 0.266163 -2.62814
0.190484 0.0837923 -0.104064
-1.15628 0.266163 -2.64597
0.190879 0.0839658 -0.103158
-1.15628 0.266163 -2.65436
0.190912 0.0839806 -0.103074
-1.15628 0.266163 -2.65511
0.193196 0.0849855 -0.0974982
-1.15628 0.266163 -2.70625
0.193926 0.0853066 -0.0955222
-1.15628 0.266163 -2.72408
0.194255 0.0854511 -0.0945848
-1.15628 0.266163 -2.73246
0.194282 0.0854631 -0.0944985
-1.15628 0.266163 -2.73322
0.196161 0.0862896 -0.0887448
-1.15628 0.266163 -2.78435
0.196748 0.0865478 -0.0867126
-1.15628 0.266163 -2.80218
0.197008 0.0866622 -0.0857503
-1.15628 0.266163 -2.81056
0.19703 0.0866716 -0.0856618
-1.15628 0.266163 -2.81132
0.196385 0.0863878 -0.0837231
-1.15628 0.207258 -2.9172
0.195903 0.0861759 -0.0857854
-1.15628 0.207258 -2.89937
0.195662 0.0860698 -0.0867505
-1.15628 0.207258 -2.89099
0.195638 0.0860593 -0.0868367
-1.15628 0.207258 -2.89023
0.194022 0.0853486 -0.0926786
-1.15628 0.207258 -2.8391
0.193395 0.0850725 -0.0946935
-1.15628 0.207258 -2.82127
0.193085 0.0849364 -0.0956356
-1.15628 0.207258 -2.81289
0.193056 0.0849235 -0.0957199
-1.15628 0.207258 -2.81213
0.191035 0.0840342 -0.10141
-1.15628 0.207258 -2.761
0.190265 0.0836958 -0.103365
-1.15628 0.207258 -2.74317
0.189889 0.0835303 -0.104278
-1.15628 0.207258 -2.73478
0.189853 0.0835146 -0.10436
-1.15628 0.207258 -2.73403
0.187439 0.0824525 -0.109866
-1.15628 0.207258 -2.68289
0.186532 0.0820534 -0.11175
-1.15628 0.207258 -2.66506
0.186091 0.0818597 -0.112628
-1.15628 0.207258 -2.65668
0.186049 0.0818412 -0.112706
-1.15628 0.207258 -2.65592
0.183451 0.0806984 -0.117072
-1.15628 0.148353 -2.70625
0.184389 0.0811109 -0.115203
-1.15628 0.148353 -2.72408
0.184816 0.0812988 -0.114314
-1.15628 0.148353 -2.73246
0.184853 0.0813149 -0.114232
-1.15628 0.148353 -2.73322
0.187337 0.0824079 -0.108759
-1.15628 0.148353 -2.78435
0.188139 0.0827604 -0.106817
-1.15628 0.148353 -2.80218
0.188501 0.0829197 -0.105894
-1.15628 0.148353 -2.81056
0.188531 0.0829333 -0.105809
-1.15628 0.148353 -2.81132
0.190618 0.0838511 -0.100142
-1.15628 0.148353 -2.86245
0.191278 0.0841415 -0.0981365
-1.15628 0.148353 -2.88028
0.191573 0.0842714 -0.0971859
-1.15628 0.148353 -2.88867
0.191598 0.0842819 -0.0970985
-1.15628 0.148353 -2.88942
0.193273 0.085019 -0.0912705
-1.15628 0.148353 -2.94056
0.193788 0.0852454 -0.0892151
-1.15628 0.148353 -2.95839
0.194014 0.0853451 -0.0882423
-1.15628 0.148353 -2.96677
0.194032 0.0853531 -0.0881532
-1.15628 0.148353 -2.96753
0.195287 0.0859046 -0.0821999
-1.15628 0.148353 -3.01866
0.192819 0.0848191 -0.0859009
-1.15628 0.089554 -3.07327
0.192408 0.0846384 -0.0879824
-1.15628 0.0894851 -3.05553
0.1922 0.084547 -0.0889568
-1.15628 0.0894527 -3.04719
0.19218 0.084538 -0.0890436
-1.15628 0.0894497 -3.04644
0.190786 0.0839246 -0.0949548
-1.15628 0.0894487 -2.99531
0.190229 0.0836799 -0.0969946
-1.15628 0.0894484 -2.97748
0.189953 0.0835583 -0.097948
-1.15628 0.0894482 -2.96909
0.189926 0.0835466 -0.0980331
-1.15628 0.0894482 -2.96834
0.188102 0.0827443 -0.103802
-1.15628 0.0894482 -2.9172
0.187401 0.0824361 -0.105788
-1.15628 0.0894482 -2.89937
0.187058 0.0822849 -0.106715
-1.15628 0.0894482 -2.89099
0.187025 0.0822705 -0.106798
-1.15628 0.0894482 -2.89023
0.184804 0.0812934 -0.1124
-1.15628 0.0894482 -2.8391
0.183963 0.0809236 -0.11432
-1.15628 0.0894482 -2.82127
0.183554 0.0807435 -0.115216
-1.15628 0.0894482 -2.81289
0.183515 0.0807265 -0.115295
-1.15628 0.0894482 -2.81213
0.181477 0.0798297 -0.117458
-1.15628 0.0305433 -2.88028
0.181872 0.0800037 -0.116551
-1.15628 0.0305433 -2.88867
0.181906 0.0800186 -0.116468
-1.15628 0.0305433 -2.88942
0.184197 0.081026 -0.110895
-1.15628 0.0305433 -2.94056
0.184929 0.0813484 -0.10892
-1.15628 0.0305433 -2.95839
0.185175 0.0814568 -0.108227
-1.15628 0.0305433 -2.9646
0.185259 0.0814935 -0.107983
-1.15628 0.0305433 -2.96677
0.187166 0.0823322 -0.102178
-1.15628 0.0305433 -3.0184
0.187761 0.082594 -0.100127
-1.15628 0.0305433 -3.0364
0.188025 0.0827101 -0.0991559
-1.15628 0.0305433 -3.04486
0.188046 0.0827194 -0.0990666
-1.15628 0.0305433 -3.04563
0.189516 0.0833659 -0.0931722
-1.15628 0.0305433 -3.09676
0.189958 0.0835603 -0.0910967
-1.15628 0.0305433 -3.11459
0.19015 0.0836449 -0.0901149
-1.15628 0.0305433 -3.12298
0.190165 0.0836513 -0.090025
-1.15628 0.0305433 -3.12373
0.187506 0.0824821 -0.0963847
-1.15628 -0.0078227 -3.124
0.186523 0.0820497 -0.0985731
-1.15628 -0.0212001 -3.12409
0.186048 0.0818403 -0.0995941
-1.15628 -0.0274909 -3.12413
0.186003 0.0818205 -0.0996848
-1.15628 -0.028058 -3.12414
0.184335 0.0810867 -0.105511
-1.15628 -0.0282557 -3.07327
0.183702 0.0808086 -0.107525
-1.15628 -0.0283246 -3.05553
0.183391 0.0806714 -0.108466
-1.15628 -0.0283571 -3.04719
0.183361 0.0806583 -0.108549
-1.15628 -0.02836 -3.04644
0.181335 0.079767 -0.114238
-1.15628 -0.028361 -2.99531
0.180563 0.0794273 -0.116192
-1.15628 -0.0283614 -2.97748
0.180185 0.0792613 -0.117103
-1.15628 -0.0283615 -2.96909
0.18015 0.0792457 -0.117184
-1.15628 -0.0283615 -2.96834
0.180259 0.0792939 -0.1123
-1.15628 -0.0872664 -3.09676
0.180922 0.0795851 -0.110296
-1.15628 -0.0872664 -3.11459
0.194814 0.0934746 -0.0861238
-1.12574 0.528717 -2.38957
0.192836 0.0924994 -0.093141
-1.12574 0.423787 -2.49449
0.190205 0.0912138 -0.09989
-1.12574 0.318858 -2.59942
0.186951 0.0896322 -0.106297
-1.12574 0.213929 -2.70435
0.183108 0.0877713 -0.112291
-1.12574 0.109 -2.80928
0.178031 0.0853003 -0.115734
-1.12574 -0.0553111 -3.01914
0.178932 0.0857141 -0.111422
-1.12574 -0.0761243 -3.08753
0.179177 0.0858202 -0.10989
-1.12574 -0.0833814 -3.11137
0.179246 0.0858445 -0.109353
-1.12574 -0.0859118 -3.11969
0.179257 0.085834 -0.109101
-1.12574 -0.0871017 -3.1236
0.179247 0.0858219 -0.10908
-1.12574 -0.087209 -3.12395
0.177325 0.0849021 -0.114764
-1.12574 -0.0872464 -3.0732
0.176591 0.0845468 -0.116724
-1.12574 -0.0872594 -3.05551
0.177594 0.0846859 -0.117395
-1.12574 -0.0283616 -2.96677
0.177626 0.0847011 -0.117311
-1.12574 -0.0283616 -2.96753
0.179788 0.0857321 -0.111692
-1.12574 -0.0283616 -3.01866
0.180476 0.0860604 -0.109702
-1.12574 -0.0283616 -3.03649
0.180785 0.0862072 -0.108758
-1.12574 -0.0283616 -3.04488
0.18081 0.0862195 -0.108671
-1.12574 -0.0283616 -3.04563
0.18257 0.0870587 -0.102882
-1.12574 -0.0283616 -3.09677
0.183116 0.0873189 -0.100839
-1.12574 -0.0283616 -3.11459
0.183357 0.0874338 -0.0998711
-1.12574 -0.0283616 -3.12298
0.183376 0.087443 -0.0997827
-1.12574 -0.0283616 -3.12373
0.186093 0.0887386 -0.0934108
-1.12574 0.0100045 -3.124
0.187004 0.0891728 -0.0911679
-1.12574 0.0233819 -3.12409
0.18742 0.0893714 -0.0901062
-1.12574 0.0296726 -3.12413
0.187457 0.0893887 -0.0900093
-1.12574 0.0302397 -3.12414
0.186199 0.0887893 -0.095883
-1.12574 0.0304375 -3.07327
0.185694 0.0885482 -0.0979114
-1.12574 0.0305064 -3.05553
0.185442 0.088428 -0.0988599
-1.12574 0.0305388 -3.04719
0.185418 0.0884165 -0.0989442
-1.12574 0.0305417 -3.04644
0.183724 0.0876088 -0.104751
-1.12574 0.0305428 -2.99531
0.183068 0.0872959 -0.106752
-1.12574 0.0305431 -2.97748
0.182745 0.0871422 -0.107686
-1.12574 0.0305433 -2.96909
0.182714 0.0871273 -0.107769
-1.12574 0.0305433 -2.96834
0.180617 0.0861274 -0.113413
-1.12574 0.0305433 -2.9172
0.179822 0.0857482 -0.115351
-1.12574 0.0305433 -2.89937
0.179434 0.0855634 -0.116254
-1.12574 0.0305433 -2.89099
0.179398 0.0855458 -0.116334
-1.12574 0.0305433 -2.89023
0.18049 0.0860669 -0.116415
-1.12574 0.0894482 -2.80218
0.180895 0.0862602 -0.115517
-1.12574 0.0894482 -2.81056
0.180895 0.0862602 -0.115517
-1.12574 0.0894482 -2.81056
0.18093 0.0862767 -0.115435
-1.12574 0.0894482 -2.81132
0.183285 0.0873999 -0.109911
-1.12574 0.0894482 -2.86245
0.184042 0.0877607 -0.107952
-1.12574 0.0894482 -2.88028
0.184383 0.0879232 -0.107022
-1.12574 0.0894482 -2.88867
0.184411 0.087937 -0.106937
-1.12574 0.0894482 -2.88942
0.18637 0.0888711 -0.101227
-1.12574 0.0894482 -2.94056
0.186987 0.0891649 -0.099208
-1.12574 0.0894482 -2.95839
0.187261 0.0892957 -0.0982514
-1.12574 0.0894482 -2.96677
0.187284 0.0893065 -0.0981636
-1.12574 0.0894482 -2.96753
0.188835 0.090046 -0.0923017
-1.12574 0.0894482 -3.01866
0.189307 0.0902711 -0.0902361
-1.12574 0.0894482 -3.03649
0.189513 0.0903696 -0.0892587
-1.12574 0.0894482 -3.04488
0.189529 0.0903774 -0.089169
-1.12574 0.0894482 -3.04563
0.190663 0.0909178 -0.0831909
-1.12574 0.0894482 -3.09677
0.192002 0.0915564 -0.0848956
-1.12574 0.148352 -2.99531
0.191563 0.0913469 -0.0869673
-1.12574 0.148353 -2.97748
0.191342 0.0912415 -0.0879366
-1.12574 0.148353 -2.96909
0.19132 0.0912313 -0.0880232
-1.12574 0.148353 -2.96834
0.189827 0.0905194 -0.0938971
-1.12574 0.148353 -2.9172
0.189243 0.090241 -0.0959245
-1.12574 0.148353 -2.89937
0.188955 0.0901035 -0.0968725
-1.12574 0.148353 -2.89099
0.188927 0.0900903 -0.096957
-1.12574 0.148353 -2.89023
0.187034 0.0891877 -0.102689
-1.12574 0.148353 -2.8391
0.18631 0.0888418 -0.10466
-1.12574 0.148353 -2.82127
0.185955 0.0886729 -0.10558
-1.12574 0.148353 -2.81289
0.185921 0.0886569 -0.105662
-1.12574 0.148353 -2.81213
0.183633 0.0875655 -0.111215
-1.12574 0.148353 -2.761
0.182771 0.0871546 -0.113117
-1.12574 0.148353 -2.74317
0.182352 0.0869548 -0.114004
-1.12574 0.148353 -2.73478
0.182313 0.0869361 -0.114083
-1.12574 0.148353 -2.73403
0.181989 0.086782 -0.115667
-1.12574 0.207258 -2.62814
0.182946 0.0872383 -0.113819
-1.12574 0.207258 -2.64597
0.183382 0.0874463 -0.112939
-1.12574 0.207258 -2.65436
0.18342 0.0874642 -0.112858
-1.12574 0.207258 -2.65511
0.185965 0.0886778 -0.107439
-1.12574 0.207258 -2.70625
0.186788 0.0890706 -0.105513
-1.12574 0.207258 -2.72408
0.187161 0.0892485 -0.104599
-1.12574 0.207258 -2.73246
0.187161 0.0892485 -0.104599
-1.12574 0.207258 -2.73246
0.187193 0.0892635 -0.104514
-1.12574 0.207258 -2.73322
0.189349 0.0902914 -0.0988919
-1.12574 0.207258 -2.78435
0.190034 0.0906184 -0.0969008
-1.12574 0.207258 -2.80218
0.190342 0.0907649 -0.0959567
-1.12574 0.207258 -2.81056
0.190367 0.0907772 -0.0958699
-1.12574 0.207258 -2.81132
0.19212 0.091613 -0.0900782
-1.12574 0.207258 -2.86245
0.192663 0.0918721 -0.0880341
-1.12574 0.207258 -2.88028
0.192903 0.0919866 -0.0870663
-1.12574 0.207258 -2.88867
0.192923 0.0919958 -0.0869776
-1.12574 0.207258 -2.88942
0.195074 0.0930214 -0.0824167
-1.12574 0.266163 -2.8391
0.194563 0.092778 -0.0844684
-1.12574 0.266163 -2.82127
0.194309 0.0926568 -0.0854288
-1.12574 0.266163 -2.81289
0.194284 0.092645 -0.0855143
-1.12574 0.266163 -2.81213
0.192608 0.0918454 -0.0913299
-1.12574 0.266163 -2.761
0.191954 0.0915336 -0.0933316
-1.12574 0.266163 -2.74317
0.191632 0.09138 -0.094267
-1.12574 0.266163 -2.73478
0.191601 0.0913654 -0.0943504
-1.12574 0.266163 -2.73403
0.189513 0.0903699 -0.1
-1.12574 0.266163 -2.68289
0.18872 0.0899916 -0.101939
-1.12574 0.266163 -2.66506
0.188333 0.0898068 -0.102844
-1.12574 0.266163 -2.65668
0.188296 0.0897894 -0.102925
-1.12574 0.266163 -2.65592
0.185818 0.088608 -0.108378
-1.12574 0.266163 -2.60479
0.184891 0.0881655 -0.110243
-1.12574 0.266163 -2.58696
0.18444 0.0879508 -0.111112
-1.12574 0.266163 -2.57857
0.184398 0.0879304 -0.111189
-1.12574 0.266163 -2.57782
0.18153 0.0865629 -0.116401
-1.12574 0.266163 -2.52668
0.180368 0.0860085 -0.117546
-1.12574 0.325068 -2.42005
0.180413 0.0860303 -0.11747
-1.12574 0.325068 -2.4208
0.183509 0.0875067 -0.112415
-1.12574 0.325068 -2.47194
0.18453 0.0879932 -0.110609
-1.12574 0.325068 -2.48977
0.184996 0.0882157 -0.109749
-1.12574 0.325068 -2.49815
0.185036 0.0882349 -0.109669
-1.12574 0.325068 -2.49891
0.187767 0.0895371 -0.104362
-1.12574 0.325068 -2.55004
0.188657 0.0899614 -0.102473
-1.12574 0.325068 -2.56787
0.189061 0.0901543 -0.101575
-1.12574 0.325068 -2.57625
0.189096 0.0901708 -0.101492
-1.12574 0.325068 -2.57701
0.191444 0.0912908 -0.0959652
-1.12574 0.325068 -2.62814
0.192198 0.0916506 -0.0940047
-1.12574 0.325068 -2.64597
0.192538 0.0918125 -0.0930745
-1.12574 0.325068 -2.65436
0.192567 0.0918261 -0.0929886
-1.12574 0.325068 -2.65511
0.194519 0.0927571 -0.087276
-1.12574 0.325068 -2.70625
0.195133 0.0930498 -0.0852562
-1.12574 0.325068 -2.72408
0.195406 0.0931801 -0.0842994
-1.12574 0.325068 -2.73246
0.195429 0.093191 -0.0842116
-1.12574 0.325068 -2.73322
0.196378 0.0936435 -0.0824012
-1.12574 0.383972 -2.65668
0.19635 0.0936302 -0.0824861
-1.12574 0.383972 -2.65592
0.194463 0.0927303 -0.0882216
-1.12574 0.383972 -2.60479
0.19374 0.0923857 -0.0901943
-1.12574 0.383972 -2.58696
0.193386 0.0922165 -0.0911156
-1.12574 0.383972 -2.57857
0.193352 0.0922004 -0.0911979
-1.12574 0.383972 -2.57782
0.191069 0.0911119 -0.0967547
-1.12574 0.383972 -2.52668
0.190209 0.0907018 -0.0986588
-1.12574 0.383972 -2.50886
0.18979 0.090502 -0.0995468
-1.12574 0.383972 -2.50047
0.189751 0.090483 -0.0996262
-1.12574 0.383972 -2.49972
0.187071 0.0892051 -0.104959
-1.12574 0.383972 -2.44858
0.18608 0.0887322 -0.106783
-1.12574 0.383972 -2.43075
0.1856 0.0885037 -0.107633
-1.12574 0.383972 -2.42237
0.185555 0.0884823 -0.107708
-1.12574 0.383972 -2.42161
0.182529 0.0870391 -0.112812
-1.12574 0.383972 -2.37048
0.181412 0.0865063 -0.114545
-1.12574 0.383972 -2.35265
0.180873 0.0862495 -0.115351
-1.12574 0.383972 -2.34426
0.180823 0.0862254 -0.115422
-1.12574 0.383972 -2.34351
0.179037 0.0853738 -0.11609
-1.12574 0.442877 -2.23762
0.18024 0.0859472 -0.114427
-1.12574 0.442877 -2.25546
0.180793 0.0862112 -0.113632
-1.12574 0.442877 -2.26384
0.180842 0.0862345 -0.113558
-1.12574 0.442877 -2.2646
0.18411 0.0877934 -0.108639
-1.12574 0.442877 -2.31573
0.185192 0.0883093 -0.106877
-1.12574 0.442877 -2.33356
0.185688 0.0885459 -0.106037
-1.12574 0.442877 -2.34194
0.185731 0.0885663 -0.105959
-1.12574 0.442877 -2.3427
0.188644 0.0899553 -0.100772
-1.12574 0.442877 -2.39383
0.189599 0.0904104 -0.0989224
-1.12574 0.442877 -2.41166
0.190034 0.0906179 -0.0980422
-1.12574 0.442877 -2.42005
0.190071 0.090636 -0.0979604
-1.12574 0.442877 -2.4208
0.192609 0.0918465 -0.0925379
-1.12574 0.442877 -2.47194
0.193431 0.0922382 -0.0906111
-1.12574 0.442877 -2.48977
0.193803 0.0924154 -0.0896956
-1.12574 0.442877 -2.49815
0.193834 0.0924304 -0.0896112
-1.12574 0.442877 -2.49891
0.195983 0.0934552 -0.0839855
-1.12574 0.442877 -2.55004
0.196666 0.093781 -0.0819936
-1.12574 0.442877 -2.56787
0.195356 0.0931561 -0.0846697
-1.12574 0.501782 -2.44858
0.194565 0.0927789 -0.0866102
-1.12574 0.501782 -2.43075
0.194179 0.0925948 -0.0875165
-1.12574 0.501782 -2.42237
0.194142 0.0925772 -0.0875975
-1.12574 0.501782 -2.42161
0.191671 0.0913988 -0.0930549
-1.12574 0.501782 -2.37048
0.190746 0.0909576 -0.0949214
-1.12574 0.501782 -2.35265
0.190296 0.0907432 -0.0957913
-1.12574 0.501782 -2.34426
0.190254 0.0907232 -0.0958691
-1.12574 0.501782 -2.34351
0.187393 0.0893587 -0.101086
-1.12574 0.501782 -2.29237
0.18634 0.0888561 -0.102866
-1.12574 0.501782 -2.27455
0.18583 0.0886133 -0.103695
-1.12574 0.501782 -2.26616
0.185783 0.0885905 -0.103769
-1.12574 0.501782 -2.2654
0.185783 0.0885905 -0.103769
-1.12574 0.501782 -2.2654
0.181394 0.0864979 -0.110414
-1.12574 0.501782 -2.19644
0.180828 0.086228 -0.111196
-1.12574 0.501782 -2.18806
0.180776 0.0862027 -0.111266
-1.12574 0.501782 -2.1873
0.17724 0.0845166 -0.115953
-1.12574 0.501782 -2.13617
0.178425 0.0850819 -0.111664
-1.12574 0.560687 -2.08142
0.179685 0.0856824 -0.110054
-1.12574 0.560687 -2.09925
0.180265 0.0859593 -0.109283
-1.12574 0.560687 -2.10763
0.180316 0.0859834 -0.109211
-1.12574 0.560687 -2.10839
0.183753 0.0876228 -0.104435
-1.12574 0.560687 -2.15952
0.184895 0.0881675 -0.10272
-1.12574 0.560687 -2.17735
0.185286 0.0883535 -0.102115
-1.12574 0.560687 -2.18357
0.18542 0.0884176 -0.101902
-1.12574 0.560687 -2.18574
0.185465 0.0884393 -0.101826
-1.12574 0.560687 -2.18649
0.188556 0.089913 -0.0967669
-1.12574 0.560687 -2.23763
0.189574 0.0903985 -0.0949588
-1.12574 0.560687 -2.25546
0.190039 0.0906203 -0.0940979
-1.12574 0.560687 -2.26384
0.190079 0.0906397 -0.094018
-1.12574 0.560687 -2.2646
0.192804 0.0919388 -0.0887073
-1.12574 0.560687 -2.31573
0.193691 0.0923622 -0.0868167
-1.12574 0.560687 -2.33356
0.194094 0.0925545 -0.0859178
-1.12574 0.560687 -2.34194
0.194129 0.092571 -0.0858349
-1.12574 0.560687 -2.3427
0.194414 0.0927065 -0.0826904
-1.12574 0.619592 -2.27455
0.193996 0.0925073 -0.0835796
-1.12574 0.619592 -2.26616
0.193956 0.0924883 -0.0836593
-1.12574 0.619592 -2.2654
0.1913 0.0912215 -0.0890099
-1.12574 0.619592 -2.21427
0.19031 0.0907495 -0.0908358
-1.12574 0.619592 -2.19644
0.189831 0.0905209 -0.0916862
-1.12574 0.619592 -2.18806
0.189785 0.0904993 -0.091762
-1.12574 0.619592 -2.1873
0.186747 0.0890504 -0.0968552
-1.12574 0.619592 -2.13617
0.185632 0.0885184 -0.0985901
-1.12574 0.619592 -2.11834
0.185094 0.088262 -0.0993967
-1.12574 0.619592 -2.10995
0.185044 0.0882381 -0.0994686
-1.12574 0.619592 -2.1092
0.181663 0.0866256 -0.10429
-1.12574 0.619592 -2.05806
0.180429 0.0860372 -0.105924
-1.12574 0.619592 -2.04023
0.179836 0.0857544 -0.106682
-1.12574 0.619592 -2.03185
0.179781 0.0857279 -0.106749
-1.12574 0.619592 -2.03109
0.176841 0.0843259 -0.106908
-1.12574 0.678497 -1.92521
0.178155 0.0849527 -0.105353
-1.12574 0.678497 -1.94304
0.178762 0.0852422 -0.104607
-1.12574 0.678497 -1.95143
0.178815 0.0852675 -0.104538
-1.12574 0.678497 -1.95218
0.182415 0.0869843 -0.0999109
-1.12574 0.678497 -2.00332
0.183616 0.0875569 -0.0982462
-1.12574 0.678497 -2.02114
0.184168 0.0878205 -0.0974508
-1.12574 0.678497 -2.02953
0.184216 0.0878433 -0.0973767
-1.12574 0.678497 -2.03029
0.184216 0.0878433 -0.0973767
-1.12574 0.678497 -2.03029
0.187479 0.0893997 -0.0924528
-1.12574 0.678497 -2.08142
0.188559 0.0899146 -0.0906895
-1.12574 0.678497 -2.09925
0.189054 0.0901506 -0.0898488
-1.12574 0.678497 -2.10763
0.189097 0.0901711 -0.0897707
-1.12574 0.678497 -2.10839
0.192003 0.091557 -0.0845797
-1.12574 0.678497 -2.15952
0.192956 0.0920113 -0.0827285
-1.12574 0.678497 -2.17735
0.19339 0.0922183 -0.0818476
-1.12574 0.678497 -2.18574
0.193427 0.0922361 -0.081766
-1.12574 0.678497 -2.18649
0.189903 0.090555 -0.0846997
-1.12574 0.737402 -2.05806
0.188851 0.0900534 -0.0864825
-1.12574 0.737402 -2.04023
0.188343 0.0898112 -0.0873125
-1.12574 0.737402 -2.03185
0.188295 0.0897885 -0.0873868
-1.12574 0.737402 -2.03109
0.188277 0.0897799 -0.0874121
-1.12574 0.737402 -2.03083
0.18508 0.0882554 -0.0923599
-1.12574 0.737402 -1.97987
0.18391 0.0876973 -0.0940402
-1.12574 0.737402 -1.9621
0.183347 0.0874287 -0.0948214
-1.12574 0.737402 -1.95374
0.183275 0.0873943 -0.0949152
-1.12574 0.737402 -1.95273
0.179756 0.0857159 -0.0995901
-1.12574 0.737402 -1.90176
0.17847 0.0851028 -0.101165
-1.12574 0.737402 -1.884
0.177853 0.0848085 -0.101894
-1.12574 0.737402 -1.87564
0.177795 0.0847809 -0.101959
-1.12574 0.737402 -1.87489
0.180083 0.0858717 -0.0951741
-1.12574 0.796307 -1.84711
0.18134 0.0864714 -0.0935618
-1.12574 0.796307 -1.86494
0.18192 0.0867479 -0.0927905
-1.12574 0.796307 -1.87332
0.181971 0.0867721 -0.0927185
-1.12574 0.796307 -1.87408
0.185402 0.0884083 -0.0879367
-1.12574 0.796307 -1.92521
0.186542 0.0889522 -0.0862209
-1.12574 0.796307 -1.94304
0.187065 0.0892019 -0.0854016
-1.12574 0.796307 -1.95143
0.187111 0.0892236 -0.0853254
-1.12574 0.796307 -1.95218
0.186405 0.0888869 -0.0820068
-1.12574 0.855211 -1.88403
0.185869 0.0886308 -0.0828145
-1.12574 0.855211 -1.87564
0.185818 0.0886067 -0.0828866
-1.12574 0.855211 -1.87489
0.182443 0.0869974 -0.0877143
-1.12574 0.855211 -1.82375
0.181211 0.0864097 -0.0893496
-1.12574 0.855211 -1.80592
0.180619 0.0861273 -0.0901085
-1.12574 0.855211 -1.79754
0.180564 0.086101 -0.090176
-1.12574 0.855211 -1.79678
0.176844 0.084327 -0.0946778
-1.12574 0.855211 -1.74565
0.17676 0.0842867 -0.0903193
-1.12574 0.914116 -1.69099
0.178068 0.0849105 -0.0887669
-1.12574 0.914116 -1.70876
0.178672 0.0851986 -0.0880233
-1.12574 0.914116 -1.71712
0.178725 0.0852239 -0.0879539
-1.12574 0.914116 -1.71787
0.182324 0.0869403 -0.0833111
-1.12574 0.914116 -1.7691
0.183519 0.08751 -0.0816505
-1.12574 0.914116 -1.78687
0.178776 0.085248 -0.0830114
-1.12574 0.973021 -1.66755
0.177489 0.0846343 -0.0845931
-1.12574 0.973021 -1.64972
0.176872 0.0843396 -0.085327
-1.12574 0.973021 -1.64133
0.176814 0.0843124 -0.0853926
-1.12574 0.973021 -1.64058
0.178016 0.0916603 -0.0853585
-1.0952 0.914116 -1.74565
0.176776 0.0910213 -0.0869672
-1.0952 0.914116 -1.72782
0.177127 0.0912026 -0.0911735
-1.0952 0.855211 -1.78683
0.177711 0.0915033 -0.0904147
-1.0952 0.855211 -1.79522
0.177762 0.0915297 -0.0903438
-1.0952 0.855211 -1.79597
0.177779 0.0915384 -0.0903173
-1.0952 0.855211 -1.79624
0.182375 0.0939052 -0.0839391
-1.0952 0.855211 -1.86497
0.182903 0.094177 -0.083134
-1.0952 0.855211 -1.87333
0.182949 0.0942008 -0.0830592
-1.0952 0.855211 -1.87408
0.185995 0.0957695 -0.0824915
-1.0952 0.796307 -1.97996
0.184929 0.0952205 -0.0842516
-1.0952 0.796307 -1.96213
0.184414 0.0949555 -0.0850709
-1.0952 0.796307 -1.95375
0.184366 0.0949306 -0.0851441
-1.0952 0.796307 -1.95299
0.181121 0.0932597 -0.0900377
-1.0952 0.796307 -1.90186
0.179937 0.0926494 -0.0916989
-1.0952 0.796307 -1.88403
0.179367 0.092356 -0.0924707
-1.0952 0.796307 -1.87564
0.179313 0.0923287 -0.0925395
-1.0952 0.796307 -1.87489
0.178649 0.0919865 -0.0975611
-1.0952 0.737402 -1.92521
0.17986 0.09261 -0.0959225
-1.0952 0.737402 -1.94304
0.180417 0.0928973 -0.095139
-1.0952 0.737402 -1.95143
0.180466 0.0929223 -0.0950659
-1.0952 0.737402 -1.95218
0.183763 0.0946204 -0.0902124
-1.0952 0.737402 -2.00332
0.184857 0.0951834 -0.0884722
-1.0952 0.737402 -2.02114
0.185358 0.0954418 -0.0876424
-1.0952 0.737402 -2.02953
0.185402 0.095464 -0.0875652
-1.0952 0.737402 -2.03029
0.188353 0.0969838 -0.082437
-1.0952 0.737402 -2.08142
0.190576 0.0981286 -0.0815896
-1.0952 0.678497 -2.1873
0.18787 0.096735 -0.0868837
-1.0952 0.678497 -2.13617
0.186864 0.0962171 -0.0886883
-1.0952 0.678497 -2.11834
0.186377 0.0959663 -0.0895287
-1.0952 0.678497 -2.10995
0.186331 0.0959426 -0.0896037
-1.0952 0.678497 -2.1092
0.183235 0.0943482 -0.0946147
-1.0952 0.678497 -2.05806
0.182107 0.0937678 -0.0963256
-1.0952 0.678497 -2.04023
0.181565 0.0934883 -0.0971215
-1.0952 0.678497 -2.03185
0.181496 0.0934525 -0.0972172
-1.0952 0.678497 -2.03083
0.178095 0.0917017 -0.101949
-1.0952 0.678497 -1.97987
0.176857 0.0910639 -0.103551
-1.0952 0.678497 -1.9621
0.176939 0.0911063 -0.106984
-1.0952 0.619592 -2.02952
0.176991 0.091133 -0.106912
-1.0952 0.619592 -2.03028
0.180457 0.0929181 -0.102209
-1.0952 0.619592 -2.08142
0.181611 0.0935124 -0.100519
-1.0952 0.619592 -2.09925
0.182141 0.0937855 -0.0997122
-1.0952 0.619592 -2.10763
0.182203 0.0938172 -0.0996092
-1.0952 0.619592 -2.10865
0.185321 0.0954228 -0.0946328
-1.0952 0.619592 -2.15961
0.186351 0.0959532 -0.0928527
-1.0952 0.619592 -2.17738
0.186822 0.0961959 -0.0920046
-1.0952 0.619592 -2.18574
0.186863 0.0962168 -0.0919258
-1.0952 0.619592 -2.18649
0.189636 0.097645 -0.0866739
-1.0952 0.619592 -2.23763
0.190543 0.0981117 -0.0848028
-1.0952 0.619592 -2.25546
0.190955 0.0983242 -0.0839126
-1.0952 0.619592 -2.26384
0.19099 0.0983424 -0.0838306
-1.0952 0.619592 -2.2646
0.192501 0.0991202 -0.0827581
-1.0952 0.560687 -2.37048
0.191689 0.0987021 -0.0846819
-1.0952 0.560687 -2.35265
0.191293 0.0984981 -0.0855801
-1.0952 0.560687 -2.34426
0.191255 0.0984788 -0.0856605
-1.0952 0.560687 -2.34351
0.18873 0.0971785 -0.0910659
-1.0952 0.560687 -2.29237
0.187787 0.0966927 -0.0929123
-1.0952 0.560687 -2.27455
0.187329 0.096457 -0.0937729
-1.0952 0.560687 -2.26616
0.187286 0.0964348 -0.0938499
-1.0952 0.560687 -2.2654
0.184381 0.0949386 -0.099006
-1.0952 0.560687 -2.21427
0.182932 0.0941926 -0.101372
-1.0952 0.560687 -2.19022
0.182748 0.0940981 -0.101655
-1.0952 0.560687 -2.1873
0.18273 0.0940889 -0.10168
-1.0952 0.560687 -2.18704
0.179492 0.0924212 -0.106554
-1.0952 0.560687 -2.13608
0.178309 0.0918119 -0.108208
-1.0952 0.560687 -2.11831
0.17774 0.0915189 -0.108976
-1.0952 0.560687 -2.10995
0.177687 0.0914916 -0.109044
-1.0952 0.560687 -2.1092
0.177377 0.0913321 -0.112289
-1.0952 0.501782 -2.17735
0.177936 0.09162 -0.111506
-1.0952 0.501782 -2.18574
0.177985 0.091645 -0.111433
-1.0952 0.501782 -2.18649
0.181288 0.0933463 -0.106584
-1.0952 0.501782 -2.23763
0.182383 0.0939103 -0.104846
-1.0952 0.501782 -2.25546
0.182886 0.0941691 -0.104017
-1.0952 0.501782 -2.26384
0.18293 0.0941917 -0.10394
-1.0952 0.501782 -2.2646
0.185886 0.0957141 -0.0988156
-1.0952 0.501782 -2.31573
0.186858 0.0962146 -0.0969862
-1.0952 0.501782 -2.33356
0.187302 0.0964429 -0.0961153
-1.0952 0.501782 -2.34194
0.18734 0.0964625 -0.0960344
-1.0952 0.501782 -2.3427
0.189932 0.0977975 -0.0906667
-1.0952 0.501782 -2.39383
0.190774 0.0982311 -0.0887577
-1.0952 0.501782 -2.41166
0.191156 0.0984276 -0.0878503
-1.0952 0.501782 -2.42005
0.191188 0.0984445 -0.0877668
-1.0952 0.501782 -2.4208
0.1934 0.0995834 -0.0821877
-1.0952 0.501782 -2.47194
0.192099 0.0989134 -0.0864899
-1.0952 0.442877 -2.52668
0.191354 0.0985295 -0.0884469
-1.0952 0.442877 -2.50886
0.190989 0.0983415 -0.0893608
-1.0952 0.442877 -2.50047
0.190954 0.0983237 -0.0894425
-1.0952 0.442877 -2.49972
0.188612 0.0971176 -0.0949505
-1.0952 0.442877 -2.44858
0.187733 0.0966649 -0.0968362
-1.0952 0.442877 -2.43075
0.187305 0.0964446 -0.0977156
-1.0952 0.442877 -2.42237
0.187265 0.0964238 -0.0977943
-1.0952 0.442877 -2.42161
0.184552 0.0950271 -0.103084
-1.0952 0.442877 -2.37048
0.183544 0.0945081 -0.104887
-1.0952 0.442877 -2.35265
0.183057 0.094257 -0.105726
-1.0952 0.442877 -2.34426
0.183011 0.0942333 -0.105801
-1.0952 0.442877 -2.34351
0.179927 0.0926454 -0.110825
-1.0952 0.442877 -2.29237
0.178797 0.0920637 -0.112534
-1.0952 0.442877 -2.27455
0.178253 0.0917834 -0.113328
-1.0952 0.442877 -2.26616
0.178202 0.0917571 -0.113399
-1.0952 0.442877 -2.2654
0.17745 0.0913701 -0.116456
-1.0952 0.383972 -2.33356
0.177982 0.091644 -0.11565
-1.0952 0.383972 -2.34194
0.178028 0.0916678 -0.115575
-1.0952 0.383972 -2.3427
0.181163 0.0932822 -0.110587
-1.0952 0.383972 -2.39383
0.182199 0.0938154 -0.108803
-1.0952 0.383972 -2.41166
0.182673 0.0940596 -0.107952
-1.0952 0.383972 -2.42005
0.182714 0.0940806 -0.107873
-1.0952 0.383972 -2.4208
0.185494 0.0955122 -0.102626
-1.0952 0.383972 -2.47194
0.186402 0.0959798 -0.100756
-1.0952 0.383972 -2.48977
0.186816 0.0961929 -0.0998664
-1.0952 0.383972 -2.49815
0.186851 0.0962111 -0.0997841
-1.0952 0.383972 -2.49891
0.189258 0.0974508 -0.0943082
-1.0952 0.383972 -2.55004
0.190034 0.0978504 -0.0923643
-1.0952 0.383972 -2.56787
0.190385 0.0980307 -0.0914415
-1.0952 0.383972 -2.57625
0.190414 0.0980461 -0.0913562
-1.0952 0.383972 -2.57701
0.192435 0.0990862 -0.0856858
-1.0952 0.383972 -2.62814
0.193073 0.099415 -0.0836799
-1.0952 0.383972 -2.64597
0.193359 0.0995623 -0.0827288
-1.0952 0.383972 -2.65436
0.193383 0.0995744 -0.0826414
-1.0952 0.383972 -2.65511
0.192795 0.0992718 -0.0830165
-1.0952 0.325068 -2.74317
0.192528 0.0991339 -0.0839713
-1.0952 0.325068 -2.73478
0.192502 0.0991205 -0.0840568
-1.0952 0.325068 -2.73403
0.190738 0.0982122 -0.0898293
-1.0952 0.325068 -2.68289
0.19006 0.0978631 -0.0918166
-1.0952 0.325068 -2.66506
0.189726 0.0976915 -0.0927456
-1.0952 0.325068 -2.65668
0.189695 0.0976751 -0.0928286
-1.0952 0.325068 -2.65592
0.187541 0.096566 -0.0984318
-1.0952 0.325068 -2.60479
0.186727 0.0961469 -0.100354
-1.0952 0.325068 -2.58696
0.18633 0.0959426 -0.101251
-1.0952 0.325068 -2.57857
0.186292 0.0959232 -0.101331
-1.0952 0.325068 -2.57782
0.183744 0.0946107 -0.106719
-1.0952 0.325068 -2.52668
0.182799 0.0941244 -0.108564
-1.0952 0.325068 -2.50886
0.182341 0.0938888 -0.109423
-1.0952 0.325068 -2.50047
0.182282 0.0938584 -0.109527
-1.0952 0.325068 -2.49945
0.1794 0.092374 -0.114677
-1.0952 0.325068 -2.44849
0.1794 0.092374 -0.114677
-1.0952 0.325068 -2.44849
0.178333 0.0918246 -0.116427
-1.0952 0.325068 -2.43072
0.177818 0.0915595 -0.117241
-1.0952 0.325068 -2.42236
0.17777 0.0915347 -0.117314
-1.0952 0.325068 -2.42161
0.180114 0.092742 -0.114114
-1.0952 0.266163 -2.55004
0.181088 0.0932434 -0.112286
-1.0952 0.266163 -2.56787
0.181532 0.0934724 -0.111416
-1.0952 0.266163 -2.57625
0.181571 0.0934921 -0.111335
-1.0952 0.266163 -2.57701
0.184169 0.0948302 -0.105971
-1.0952 0.266163 -2.62814
0.185014 0.0952648 -0.104063
-1.0952 0.266163 -2.64597
0.185396 0.095462 -0.103157
-1.0952 0.266163 -2.65436
0.185429 0.0954788 -0.103073
-1.0952 0.266163 -2.65511
0.187648 0.0966212 -0.0974976
-1.0952 0.266163 -2.70625
0.188357 0.0969864 -0.0955216
-1.0952 0.266163 -2.72408
0.188676 0.0971506 -0.0945841
-1.0952 0.266163 -2.73246
0.188702 0.0971643 -0.0944978
-1.0952 0.266163 -2.73322
0.190527 0.098104 -0.0887444
-1.0952 0.266163 -2.78435
0.191097 0.0983975 -0.0867123
-1.0952 0.266163 -2.80218
0.19135 0.0985277 -0.0857498
-1.0952 0.266163 -2.81056
0.191371 0.0985384 -0.0856613
-1.0952 0.266163 -2.81132
0.190744 0.0982154 -0.0837226
-1.0952 0.207258 -2.9172
0.190744 0.0982154 -0.0837226
-1.0952 0.207258 -2.9172
0.190276 0.0979745 -0.0857848
-1.0952 0.207258 -2.89937
0.190042 0.0978538 -0.08675
-1.0952 0.207258 -2.89099
0.190019 0.0978419 -0.0868362
-1.0952 0.207258 -2.89023
0.188454 0.0970361 -0.0926801
-1.0952 0.207258 -2.8391
0.187844 0.0967222 -0.0946953
-1.0952 0.207258 -2.82127
0.187543 0.0965675 -0.0956373
-1.0952 0.207258 -2.81289
0.187514 0.0965526 -0.0957215
-1.0952 0.207258 -2.81213
0.185555 0.0955434 -0.101414
-1.0952 0.207258 -2.761
0.184807 0.0951584 -0.103369
-1.0952 0.207258 -2.74317
0.184442 0.0949701 -0.104282
-1.0952 0.207258 -2.73478
0.184407 0.0949523 -0.104364
-1.0952 0.207258 -2.73403
0.18206 0.0937438 -0.109868
-1.0952 0.207258 -2.68289
0.181179 0.0932899 -0.111752
-1.0952 0.207258 -2.66506
0.18075 0.0930693 -0.112631
-1.0952 0.207258 -2.65668
0.18071 0.0930485 -0.112709
-1.0952 0.207258 -2.65592
0.178181 0.0917468 -0.11707
-1.0952 0.148353 -2.70625
0.179092 0.0922157 -0.115201
-1.0952 0.148353 -2.72408
0.179507 0.0924291 -0.114312
-1.0952 0.148353 -2.73246
0.179542 0.0924474 -0.11423
-1.0952 0.148353 -2.73322
0.181956 0.0936902 -0.108758
-1.0952 0.148353 -2.78435
0.182734 0.094091 -0.106815
-1.0952 0.148353 -2.80218
0.183086 0.0942721 -0.105893
-1.0952 0.148353 -2.81056
0.183116 0.0942874 -0.105808
-1.0952 0.148353 -2.81132
0.185142 0.095331 -0.10014
-1.0952 0.148353 -2.86245
0.185783 0.0956612 -0.0981353
-1.0952 0.148353 -2.88028
0.18607 0.0958088 -0.0971849
-1.0952 0.148353 -2.88867
0.186094 0.095821 -0.0970974
-1.0952 0.148353 -2.88942
0.186094 0.095821 -0.0970974
-1.0952 0.148353 -2.88942
0.187721 0.0966588 -0.0912695
-1.0952 0.148353 -2.94056
0.188221 0.0969164 -0.0892141
-1.0952 0.148353 -2.95839
0.188441 0.0970296 -0.0882413
-1.0952 0.148353 -2.96677
0.188459 0.0970386 -0.0881522
-1.0952 0.148353 -2.96753
0.189677 0.0976658 -0.0821992
-1.0952 0.148353 -3.01866
0.187283 0.0964329 -0.0859009
-1.0952 0.089554 -3.07327
0.186883 0.0962274 -0.0879824
-1.0952 0.0894851 -3.05553
0.186681 0.0961235 -0.0889568
-1.0952 0.0894527 -3.04719
0.186662 0.0961133 -0.0890438
-1.0952 0.0894497 -3.04644
0.185293 0.0954083 -0.0949483
-1.0952 0.0894487 -2.99531
0.184752 0.0951301 -0.096988
-1.0952 0.0894484 -2.97748
0.184485 0.0949923 -0.0979416
-1.0952 0.0894482 -2.96909
0.184459 0.094979 -0.0980269
-1.0952 0.0894482 -2.96834
0.184449 0.094974 -0.0980559
-1.0952 0.0894482 -2.96807
0.182701 0.0940738 -0.103814
-1.0952 0.0894482 -2.91711
0.182022 0.0937245 -0.105793
-1.0952 0.0894482 -2.89934
0.181689 0.0935529 -0.106718
-1.0952 0.0894482 -2.89099
0.181657 0.0935368 -0.1068
-1.0952 0.0894482 -2.89023
0.179495 0.0924226 -0.112398
-1.0952 0.0894482 -2.8391
0.178678 0.0920023 -0.114319
-1.0952 0.0894482 -2.82127
0.178281 0.0917975 -0.115214
-1.0952 0.0894482 -2.81289
0.178243 0.0917782 -0.115294
-1.0952 0.0894482 -2.81213
0.176647 0.0909566 -0.11655
-1.0952 0.0305433 -2.88867
0.17668 0.0909735 -0.116466
-1.0952 0.0305433 -2.88942
0.178905 0.0921192 -0.110893
-1.0952 0.0305433 -2.94056
0.179617 0.0924855 -0.108919
-1.0952 0.0305433 -2.95839
0.179936 0.0926502 -0.107982
-1.0952 0.0305433 -2.96677
0.179963 0.0926642 -0.107895
-1.0952 0.0305433 -2.96753
0.181795 0.0936072 -0.102145
-1.0952 0.0305433 -3.01866
0.182367 0.0939018 -0.100113
-1.0952 0.0305433 -3.03649
0.182621 0.0940327 -0.0991513
-1.0952 0.0305433 -3.04488
0.182642 0.0940432 -0.0990628
-1.0952 0.0305433 -3.04563
0.184069 0.0947783 -0.093169
-1.0952 0.0305433 -3.09677
0.184069 0.0947783 -0.093169
-1.0952 0.0305433 -3.09677
0.184499 0.0949994 -0.0910934
-1.0952 0.0305433 -3.11459
0.184685 0.0950955 -0.0901118
-1.0952 0.0305433 -3.12298
0.1847 0.0951029 -0.090022
-1.0952 0.0305433 -3.12373
0.182119 0.0937738 -0.0963821
-1.0952 -0.0078227 -3.124
0.181164 0.0932821 -0.0985705
-1.0952 -0.0212001 -3.12409
0.180702 0.0930443 -0.0995917
-1.0952 -0.0274909 -3.12413
0.180658 0.0930217 -0.0996821
-1.0952 -0.028058 -3.12414
0.179039 0.0921881 -0.105509
-1.0952 -0.0282557 -3.07327
0.178425 0.091872 -0.107523
-1.0952 -0.0283246 -3.05553
0.178122 0.0917161 -0.108464
-1.0952 -0.0283571 -3.04719
0.178094 0.0917012 -0.108548
-1.0952 -0.02836 -3.04644
0.189192 0.105329 -0.0850451
-1.06465 0.530313 -2.3969
0.187286 0.104245 -0.0920658
-1.06465 0.425384 -2.50183
0.184747 0.10281 -0.0988197
-1.06465 0.320455 -2.60676
0.181602 0.101041 -0.105232
-1.06465 0.215526 -2.71169
0.177886 0.0989576 -0.111234
-1.06465 0.110596 -2.81662
0.176913 0.0980411 -0.102881
-1.06465 -0.0283616 -3.09677
0.177442 0.0983341 -0.100837
-1.06465 -0.0283616 -3.11459
0.177676 0.0984637 -0.0998697
-1.06465 -0.0283616 -3.12298
0.177695 0.0984742 -0.0997813
-1.06465 -0.0283616 -3.12373
0.180327 0.0999329 -0.0934094
-1.06465 0.0100045 -3.124
0.18121 0.100422 -0.0911666
-1.06465 0.0233819 -3.12409
0.181613 0.100646 -0.0901051
-1.06465 0.0296726 -3.12413
0.181648 0.100665 -0.0900084
-1.06465 0.0302397 -3.12414
0.18043 0.0999902 -0.0958818
-1.06465 0.0304375 -3.07327
0.17994 0.0997186 -0.0979104
-1.06465 0.0305064 -3.05553
0.179697 0.0995834 -0.0988586
-1.06465 0.0305388 -3.04719
0.179673 0.0995704 -0.0989432
-1.06465 0.0305417 -3.04644
0.178029 0.0986594 -0.104749
-1.06465 0.0305428 -2.99531
0.177394 0.0983071 -0.10675
-1.06465 0.0305431 -2.97748
0.177081 0.0981341 -0.107683
-1.06465 0.0305433 -2.96909
0.177051 0.0981177 -0.107767
-1.06465 0.0305433 -2.96834
0.177607 0.0984262 -0.10991
-1.06465 0.0894482 -2.86245
0.17834 0.0988323 -0.107951
-1.06465 0.0894482 -2.88028
0.178671 0.0990155 -0.107021
-1.06465 0.0894482 -2.88867
0.178699 0.099031 -0.106936
-1.06465 0.0894482 -2.88942
0.180597 0.100083 -0.101225
-1.06465 0.0894482 -2.94056
0.181194 0.100414 -0.0992071
-1.06465 0.0894482 -2.95839
0.18146 0.100561 -0.0982506
-1.06465 0.0894482 -2.96677
0.181482 0.100573 -0.0981628
-1.06465 0.0894482 -2.96753
0.182985 0.101406 -0.0923009
-1.06465 0.0894482 -3.01866
0.183442 0.10166 -0.0902352
-1.06465 0.0894482 -3.03649
0.183642 0.10177 -0.0892578
-1.06465 0.0894482 -3.04488
0.183658 0.101779 -0.0891684
-1.06465 0.0894482 -3.04563
0.184757 0.102388 -0.0831903
-1.06465 0.0894482 -3.09677
0.186053 0.103106 -0.0848944
-1.06465 0.148352 -2.99531
0.185628 0.102871 -0.0869661
-1.06465 0.148353 -2.97748
0.185413 0.102752 -0.0879357
-1.06465 0.148353 -2.96909
0.185393 0.10274 -0.0880222
-1.06465 0.148353 -2.96834
0.18396 0.101947 -0.0939028
-1.06465 0.148353 -2.9172
0.183395 0.101633 -0.0959305
-1.06465 0.148353 -2.89937
0.183114 0.101478 -0.0968783
-1.06465 0.148353 -2.89099
0.183087 0.101463 -0.0969627
-1.06465 0.148353 -2.89023
0.181255 0.100447 -0.102697
-1.06465 0.148353 -2.8391
0.180552 0.100058 -0.104668
-1.06465 0.148353 -2.82127
0.180208 0.0998672 -0.105588
-1.06465 0.148353 -2.81289
0.180175 0.0998489 -0.10567
-1.06465 0.148353 -2.81213
0.177957 0.0986195 -0.111223
-1.06465 0.148353 -2.761
0.177121 0.0981566 -0.113126
-1.06465 0.148353 -2.74317
0.176715 0.0979313 -0.114012
-1.06465 0.148353 -2.73478
0.176676 0.0979101 -0.114091
-1.06465 0.148353 -2.73403
0.177279 0.0982445 -0.11382
-1.06465 0.207258 -2.64597
0.177702 0.0984787 -0.11294
-1.06465 0.207258 -2.65436
0.177702 0.0984787 -0.11294
-1.06465 0.207258 -2.65436
0.177739 0.0984989 -0.112859
-1.06465 0.207258 -2.65511
0.180204 0.0998655 -0.10744
-1.06465 0.207258 -2.70625
0.181003 0.100308 -0.105514
-1.06465 0.207258 -2.72408
0.181364 0.100508 -0.104599
-1.06465 0.207258 -2.73246
0.181395 0.100525 -0.104515
-1.06465 0.207258 -2.73322
0.183484 0.101683 -0.0988925
-1.06465 0.207258 -2.78435
0.184148 0.102051 -0.0969016
-1.06465 0.207258 -2.80218
0.184446 0.102216 -0.0959573
-1.06465 0.207258 -2.81056
0.184471 0.10223 -0.0958705
-1.06465 0.207258 -2.81132
0.186169 0.103171 -0.0900789
-1.06465 0.207258 -2.86245
0.186696 0.103463 -0.0880349
-1.06465 0.207258 -2.88028
0.186928 0.103592 -0.087067
-1.06465 0.207258 -2.88867
0.186947 0.103602 -0.0869782
-1.06465 0.207258 -2.88942
0.189041 0.104762 -0.0824206
-1.06465 0.266163 -2.8391
0.188545 0.104488 -0.0844725
-1.06465 0.266163 -2.82127
0.188298 0.104351 -0.0854324
-1.06465 0.266163 -2.81289
0.188274 0.104338 -0.0855183
-1.06465 0.266163 -2.81213
0.186634 0.103428 -0.0913262
-1.06465 0.266163 -2.761
0.186 0.103077 -0.0933277
-1.06465 0.266163 -2.74317
0.185689 0.102905 -0.0942631
-1.06465 0.266163 -2.73478
0.185659 0.102888 -0.0943467
-1.06465 0.266163 -2.73403
0.185659 0.102888 -0.0943467
-1.06465 0.266163 -2.73403
0.183639 0.101769 -0.0999982
-1.06465 0.266163 -2.68289
0.182871 0.101343 -0.101937
-1.06465 0.266163 -2.66506
0.182496 0.101135 -0.102842
-1.06465 0.266163 -2.65668
0.18246 0.101115 -0.102923
-1.06465 0.266163 -2.65592
0.180059 0.0997849 -0.108376
-1.06465 0.266163 -2.60479
0.17916 0.0992868 -0.110241
-1.06465 0.266163 -2.58696
0.178724 0.099045 -0.11111
-1.06465 0.266163 -2.57857
0.178683 0.0990222 -0.111187
-1.06465 0.266163 -2.57782
0.177825 0.0985469 -0.112416
-1.06465 0.325068 -2.47194
0.178814 0.0990948 -0.11061
-1.06465 0.325068 -2.48977
0.17915 0.0992813 -0.109973
-1.06465 0.325068 -2.49598
0.179266 0.0993452 -0.109749
-1.06465 0.325068 -2.49815
0.179305 0.0993669 -0.10967
-1.06465 0.325068 -2.49891
0.181951 0.100833 -0.104363
-1.06465 0.325068 -2.55004
0.182813 0.101311 -0.102473
-1.06465 0.325068 -2.56787
0.183205 0.101528 -0.101575
-1.06465 0.325068 -2.57625
0.183239 0.101547 -0.101492
-1.06465 0.325068 -2.57701
0.185514 0.102808 -0.0959657
-1.06465 0.325068 -2.62814
0.186245 0.103213 -0.0940054
-1.06465 0.325068 -2.64597
0.186574 0.103396 -0.0930749
-1.06465 0.325068 -2.65436
0.186602 0.103411 -0.0929891
-1.06465 0.325068 -2.65511
0.188494 0.104459 -0.0872763
-1.06465 0.325068 -2.70625
0.189089 0.104789 -0.0852568
-1.06465 0.325068 -2.72408
0.189354 0.104936 -0.0842998
-1.06465 0.325068 -2.73246
0.189375 0.104948 -0.0842119
-1.06465 0.325068 -2.73322
0.190285 0.105452 -0.0823961
-1.06465 0.383972 -2.65668
0.190258 0.105437 -0.0824812
-1.06465 0.383972 -2.65592
0.188427 0.104422 -0.0882145
-1.06465 0.383972 -2.60479
0.187727 0.104034 -0.090187
-1.06465 0.383972 -2.58696
0.187383 0.103844 -0.0911085
-1.06465 0.383972 -2.57857
0.187351 0.103826 -0.091191
-1.06465 0.383972 -2.57782
0.185147 0.102604 -0.0967523
-1.06465 0.383972 -2.52668
0.184314 0.102142 -0.0986565
-1.06465 0.383972 -2.50886
0.183908 0.101918 -0.0995447
-1.06465 0.383972 -2.50047
0.18387 0.101896 -0.0996239
-1.06465 0.383972 -2.49972
0.18129 0.100467 -0.10497
-1.06465 0.383972 -2.44858
0.180329 0.0999342 -0.106795
-1.06465 0.383972 -2.43075
0.179864 0.0996762 -0.107644
-1.06465 0.383972 -2.42237
0.179819 0.0996519 -0.10772
-1.06465 0.383972 -2.42161
0.17687 0.0980173 -0.112808
-1.06465 0.383972 -2.37048
0.178393 0.0988614 -0.108669
-1.06465 0.442877 -2.31547
0.179452 0.0994482 -0.10689
-1.06465 0.442877 -2.33347
0.179937 0.0997172 -0.106042
-1.06465 0.442877 -2.34193
0.179979 0.0997404 -0.105963
-1.06465 0.442877 -2.3427
0.182802 0.101305 -0.100776
-1.06465 0.442877 -2.39383
0.183727 0.101817 -0.0989255
-1.06465 0.442877 -2.41166
0.184148 0.102051 -0.098045
-1.06465 0.442877 -2.42005
0.184185 0.102071 -0.0979635
-1.06465 0.442877 -2.4208
0.186644 0.103434 -0.0925403
-1.06465 0.442877 -2.47194
0.18744 0.103876 -0.0906135
-1.06465 0.442877 -2.48977
0.187801 0.104075 -0.0896981
-1.06465 0.442877 -2.49815
0.187831 0.104092 -0.0896138
-1.06465 0.442877 -2.49891
0.189913 0.105246 -0.0839879
-1.06465 0.442877 -2.55004
0.190575 0.105613 -0.0819958
-1.06465 0.442877 -2.56787
0.189303 0.104908 -0.0846686
-1.06465 0.501782 -2.44858
0.188537 0.104483 -0.0866093
-1.06465 0.501782 -2.43075
0.188163 0.104275 -0.0875153
-1.06465 0.501782 -2.42237
0.188127 0.104256 -0.0875965
-1.06465 0.501782 -2.42161
0.185732 0.102929 -0.0930538
-1.06465 0.501782 -2.37048
0.184836 0.102432 -0.0949202
-1.06465 0.501782 -2.35265
0.1844 0.102191 -0.0957903
-1.06465 0.501782 -2.34426
0.184359 0.102168 -0.0958681
-1.06465 0.501782 -2.34351
0.181588 0.100632 -0.101085
-1.06465 0.501782 -2.29237
0.180567 0.100066 -0.102866
-1.06465 0.501782 -2.27455
0.180073 0.0997926 -0.103695
-1.06465 0.501782 -2.26616
0.180027 0.0997668 -0.103769
-1.06465 0.501782 -2.2654
0.176928 0.0980491 -0.108743
-1.06465 0.501782 -2.21427
0.178061 0.0986771 -0.104434
-1.06465 0.560687 -2.15952
0.179168 0.0992904 -0.102719
-1.06465 0.560687 -2.17735
0.179676 0.0995722 -0.101901
-1.06465 0.560687 -2.18574
0.17972 0.0995969 -0.101825
-1.06465 0.560687 -2.18649
0.182715 0.101256 -0.0967658
-1.06465 0.560687 -2.23763
0.183701 0.101803 -0.0949578
-1.06465 0.560687 -2.25546
0.184152 0.102053 -0.0940968
-1.06465 0.560687 -2.26384
0.184191 0.102075 -0.0940169
-1.06465 0.560687 -2.2646
0.186831 0.103538 -0.0887062
-1.06465 0.560687 -2.31573
0.187691 0.104014 -0.0868157
-1.06465 0.560687 -2.33356
0.188082 0.104231 -0.085917
-1.06465 0.560687 -2.34194
0.188115 0.104249 -0.085834
-1.06465 0.560687 -2.3427
0.18839 0.104402 -0.0826894
-1.06465 0.619592 -2.27455
0.187985 0.104177 -0.0835786
-1.06465 0.619592 -2.26616
0.187947 0.104156 -0.0836581
-1.06465 0.619592 -2.2654
0.185357 0.10272 -0.0889955
-1.06465 0.619592 -2.21427
0.184398 0.102189 -0.0908213
-1.06465 0.619592 -2.19644
0.183935 0.101932 -0.0916722
-1.06465 0.619592 -2.18806
0.183891 0.101908 -0.0917483
-1.06465 0.619592 -2.1873
0.180964 0.100286 -0.0968568
-1.06465 0.619592 -2.13617
0.179884 0.0996871 -0.0985918
-1.06465 0.619592 -2.11834
0.179362 0.0993982 -0.0993983
-1.06465 0.619592 -2.10995
0.179313 0.0993711 -0.0994701
-1.06465 0.619592 -2.1092
0.176765 0.0979583 -0.0999097
-1.06465 0.678497 -2.00332
0.177928 0.0986032 -0.0982453
-1.06465 0.678497 -2.02114
0.178463 0.0988999 -0.0974499
-1.06465 0.678497 -2.02953
0.17851 0.0989257 -0.0973758
-1.06465 0.678497 -2.03029
0.181672 0.100678 -0.0924518
-1.06465 0.678497 -2.08142
0.182718 0.101258 -0.0906885
-1.06465 0.678497 -2.09925
0.183198 0.101524 -0.0898479
-1.06465 0.678497 -2.10763
0.18324 0.101547 -0.0897698
-1.06465 0.678497 -2.10839
0.186056 0.103108 -0.0845788
-1.06465 0.678497 -2.15952
0.186979 0.103619 -0.0827276
-1.06465 0.678497 -2.17735
0.1874 0.103853 -0.0818467
-1.06465 0.678497 -2.18574
0.187436 0.103873 -0.0817651
-1.06465 0.678497 -2.18649
0.184036 0.101988 -0.0847142
-1.06465 0.737402 -2.05806
0.183016 0.101423 -0.0864968
-1.06465 0.737402 -2.04023
0.182523 0.10115 -0.0873265
-1.06465 0.737402 -2.03185
0.182476 0.101124 -0.0874005
-1.06465 0.737402 -2.03109
0.179347 0.0993894 -0.0923443
-1.06465 0.737402 -1.97996
0.17821 0.0987591 -0.0940306
-1.06465 0.737402 -1.96213
0.177663 0.0984559 -0.0948146
-1.06465 0.737402 -1.95375
0.177612 0.0984276 -0.0948846
-1.06465 0.737402 -1.95299
0.179658 0.0995621 -0.0879357
-1.06465 0.796307 -1.92521
0.180763 0.100174 -0.0862196
-1.06465 0.796307 -1.94304
0.181271 0.100455 -0.0854004
-1.06465 0.796307 -1.95143
0.181315 0.10048 -0.0853243
-1.06465 0.796307 -1.95218
0.180628 0.100099 -0.082004
-1.06465 0.855211 -1.88403
0.180107 0.0998104 -0.0828118
-1.06465 0.855211 -1.87564
0.180059 0.0997835 -0.082884
-1.06465 0.855211 -1.87489
0.176785 0.0979693 -0.0877079
-1.06465 0.855211 -1.82375
0.17667 0.0979053 -0.0833185
-1.06465 0.914116 -1.76901
0.177832 0.0985491 -0.0816524
-1.06465 0.914116 -1.78683
0.176812 0.105167 -0.0831342
-1.03411 0.855211 -1.87332
0.176857 0.105194 -0.0830592
-1.03411 0.855211 -1.87408
0.179818 0.106955 -0.0825049
-1.03411 0.796307 -1.97996
0.178787 0.106342 -0.0842648
-1.03411 0.796307 -1.96213
0.178288 0.106046 -0.0850835
-1.03411 0.796307 -1.95375
0.178241 0.106018 -0.0851567
-1.03411 0.796307 -1.95299
0.177629 0.105653 -0.0902368
-1.03411 0.737402 -2.00305
0.178696 0.106288 -0.0884802
-1.03411 0.737402 -2.02105
0.179186 0.106579 -0.0876424
-1.03411 0.737402 -2.02952
0.179228 0.106605 -0.0875647
-1.03411 0.737402 -2.03028
0.182081 0.108302 -0.0824362
-1.03411 0.737402 -2.08142
0.184214 0.109571 -0.0815771
-1.03411 0.678497 -2.1873
0.181599 0.108015 -0.0868705
-1.03411 0.678497 -2.13617
0.180627 0.107437 -0.088675
-1.03411 0.678497 -2.11834
0.180157 0.107157 -0.0895159
-1.03411 0.678497 -2.10995
0.180112 0.107131 -0.089591
-1.03411 0.678497 -2.1092
0.177139 0.105362 -0.0946201
-1.03411 0.678497 -2.05806
0.179141 0.106553 -0.0946335
-1.03411 0.619592 -2.15952
0.18014 0.107147 -0.0928479
-1.03411 0.619592 -2.17735
0.18048 0.10735 -0.0922185
-1.03411 0.619592 -2.18357
0.180597 0.107419 -0.0919971
-1.03411 0.619592 -2.18574
0.183307 0.109031 -0.0866966
-1.03411 0.619592 -2.23736
0.184192 0.109557 -0.0848077
-1.03411 0.619592 -2.25536
0.184594 0.109797 -0.0839092
-1.03411 0.619592 -2.26383
0.184629 0.109818 -0.0838262
-1.03411 0.619592 -2.26459
0.186084 0.110683 -0.0827541
-1.03411 0.560687 -2.37048
0.185299 0.110216 -0.0846777
-1.03411 0.560687 -2.35265
0.184917 0.109989 -0.0855759
-1.03411 0.560687 -2.34426
0.18488 0.109967 -0.0856564
-1.03411 0.560687 -2.34351
0.182439 0.108515 -0.091061
-1.03411 0.560687 -2.29237
0.181527 0.107973 -0.0929076
-1.03411 0.560687 -2.27455
0.181085 0.10771 -0.0937681
-1.03411 0.560687 -2.26616
0.181044 0.107685 -0.0938452
-1.03411 0.560687 -2.2654
0.178235 0.106014 -0.0990006
-1.03411 0.560687 -2.21427
0.177202 0.1054 -0.100759
-1.03411 0.560687 -2.19644
0.176704 0.105103 -0.101577
-1.03411 0.560687 -2.18806
0.176657 0.105076 -0.10165
-1.03411 0.560687 -2.1873
0.176795 0.105158 -0.104013
-1.03411 0.501782 -2.26384
0.176838 0.105183 -0.103936
-1.03411 0.501782 -2.2646
0.179696 0.106883 -0.0988123
-1.03411 0.501782 -2.31573
0.180635 0.107442 -0.0969832
-1.03411 0.501782 -2.33356
0.181064 0.107697 -0.0961124
-1.03411 0.501782 -2.34194
0.181101 0.107719 -0.0960318
-1.03411 0.501782 -2.3427
0.183607 0.10921 -0.090664
-1.03411 0.501782 -2.39383
0.184421 0.109694 -0.088755
-1.03411 0.501782 -2.41166
0.18479 0.109913 -0.087848
-1.03411 0.501782 -2.42005
0.184821 0.109932 -0.0877642
-1.03411 0.501782 -2.4208
0.186959 0.111204 -0.0821855
-1.03411 0.501782 -2.47194
0.185702 0.110456 -0.0864879
-1.03411 0.442877 -2.52668
0.184981 0.110027 -0.0884449
-1.03411 0.442877 -2.50886
0.184628 0.109817 -0.0893591
-1.03411 0.442877 -2.50047
0.184594 0.109797 -0.0894411
-1.03411 0.442877 -2.49972
0.182333 0.108452 -0.0949504
-1.03411 0.442877 -2.44858
0.181483 0.107946 -0.0968361
-1.03411 0.442877 -2.43075
0.181069 0.1077 -0.0977156
-1.03411 0.442877 -2.42237
0.18103 0.107677 -0.0977942
-1.03411 0.442877 -2.42161
0.178409 0.106118 -0.103084
-1.03411 0.442877 -2.37048
0.177435 0.105538 -0.104888
-1.03411 0.442877 -2.35265
0.176963 0.105258 -0.105727
-1.03411 0.442877 -2.34426
0.176919 0.105231 -0.105801
-1.03411 0.442877 -2.34351
0.17659 0.105036 -0.10795
-1.03411 0.383972 -2.42005
0.176629 0.105059 -0.107872
-1.03411 0.383972 -2.4208
0.179316 0.106658 -0.102624
-1.03411 0.383972 -2.47194
0.180195 0.10718 -0.100754
-1.03411 0.383972 -2.48977
0.180594 0.107418 -0.0998646
-1.03411 0.383972 -2.49815
0.180629 0.107438 -0.0997824
-1.03411 0.383972 -2.49891
0.182956 0.108823 -0.0943066
-1.03411 0.383972 -2.55004
0.183706 0.109269 -0.0923626
-1.03411 0.383972 -2.56787
0.184045 0.10947 -0.0914397
-1.03411 0.383972 -2.57625
0.184073 0.109488 -0.0913547
-1.03411 0.383972 -2.57701
0.186026 0.110649 -0.0856843
-1.03411 0.383972 -2.62814
0.186644 0.111016 -0.0836783
-1.03411 0.383972 -2.64597
0.18692 0.11118 -0.0827274
-1.03411 0.383972 -2.65436
0.186943 0.111194 -0.08264
-1.03411 0.383972 -2.65511
0.18638 0.110859 -0.083018
-1.03411 0.325068 -2.74317
0.186121 0.110705 -0.0839728
-1.03411 0.325068 -2.73478
0.186096 0.11069 -0.0840585
-1.03411 0.325068 -2.73403
0.184389 0.109675 -0.0898304
-1.03411 0.325068 -2.68289
0.183734 0.109285 -0.0918178
-1.03411 0.325068 -2.66506
0.183412 0.109093 -0.0927466
-1.03411 0.325068 -2.65668
0.183381 0.109075 -0.0928296
-1.03411 0.325068 -2.65592
0.181305 0.107841 -0.0984374
-1.03411 0.325068 -2.60479
0.180518 0.107372 -0.10036
-1.03411 0.325068 -2.58696
0.180134 0.107144 -0.101257
-1.03411 0.325068 -2.57857
0.180097 0.107122 -0.101337
-1.03411 0.325068 -2.57782
0.17765 0.105666 -0.106738
-1.03411 0.325068 -2.52668
0.176735 0.105123 -0.108583
-1.03411 0.325068 -2.50886
0.178037 0.105897 -0.105971
-1.03411 0.266163 -2.62814
0.178853 0.106382 -0.104063
-1.03411 0.266163 -2.64597
0.179223 0.106602 -0.103157
-1.03411 0.266163 -2.65436
0.179255 0.106621 -0.103073
-1.03411 0.266163 -2.65511
0.181399 0.107897 -0.0974976
-1.03411 0.266163 -2.70625
0.182085 0.108304 -0.0955215
-1.03411 0.266163 -2.72408
0.182315 0.108441 -0.0948278
-1.03411 0.266163 -2.73029
0.182393 0.108488 -0.0945841
-1.03411 0.266163 -2.73246
0.182419 0.108503 -0.0944979
-1.03411 0.266163 -2.73322
0.184183 0.109553 -0.0887444
-1.03411 0.266163 -2.78435
0.184734 0.10988 -0.0867122
-1.03411 0.266163 -2.80218
0.184978 0.110026 -0.0857496
-1.03411 0.266163 -2.81056
0.184998 0.110037 -0.0856613
-1.03411 0.266163 -2.81132
0.184387 0.109673 -0.0837311
-1.03411 0.207258 -2.91711
0.183936 0.109405 -0.0857866
-1.03411 0.207258 -2.89934
0.18371 0.109271 -0.0867485
-1.03411 0.207258 -2.89099
0.183688 0.109258 -0.0868346
-1.03411 0.207258 -2.89023
0.182174 0.108357 -0.0926776
-1.03411 0.207258 -2.8391
0.181585 0.108007 -0.0946926
-1.03411 0.207258 -2.82127
0.181294 0.107834 -0.0956347
-1.03411 0.207258 -2.81289
0.181266 0.107817 -0.0957189
-1.03411 0.207258 -2.81213
0.179368 0.106689 -0.101409
-1.03411 0.207258 -2.761
0.178646 0.106259 -0.103364
-1.03411 0.207258 -2.74317
0.178292 0.106048 -0.104278
-1.03411 0.207258 -2.73478
0.178259 0.106029 -0.104359
-1.03411 0.207258 -2.73403
0.176649 0.105071 -0.106815
-1.03411 0.148353 -2.80218
0.176989 0.105273 -0.105893
-1.03411 0.148353 -2.81056
0.177018 0.10529 -0.105808
-1.03411 0.148353 -2.81132
0.178977 0.106456 -0.10014
-1.03411 0.148353 -2.86245
0.179597 0.106825 -0.0981353
-1.03411 0.148353 -2.88028
0.179874 0.106989 -0.0971847
-1.03411 0.148353 -2.88867
0.179897 0.107003 -0.0970974
-1.03411 0.148353 -2.88942
0.18147 0.107939 -0.0912694
-1.03411 0.148353 -2.94056
0.181954 0.108226 -0.0892141
-1.03411 0.148353 -2.95839
0.182166 0.108353 -0.0882412
-1.03411 0.148353 -2.96677
0.182183 0.108363 -0.088152
-1.03411 0.148353 -2.96753
0.182183 0.108363 -0.088152
-1.03411 0.148353 -2.96753
0.183361 0.109063 -0.0821992
-1.03411 0.148353 -3.01866
0.181047 0.107686 -0.0859009
-1.03411 0.089554 -3.07327
0.180661 0.107457 -0.0879824
-1.03411 0.0894851 -3.05553
0.180465 0.107341 -0.0889568
-1.03411 0.0894527 -3.04719
0.180446 0.10733 -0.0890438
-1.03411 0.0894497 -3.04644
0.179135 0.10655 -0.0949542
-1.03411 0.0894487 -2.99531
0.178613 0.106239 -0.096994
-1.03411 0.0894484 -2.97748
0.178353 0.106085 -0.0979473
-1.03411 0.0894482 -2.96909
0.178328 0.10607 -0.0980324
-1.03411 0.0894482 -2.96834
0.17662 0.105053 -0.103804
-1.03411 0.0894482 -2.9172
0.176559 0.105017 -0.0990606
-1.03411 0.0305433 -3.04563
0.177939 0.105838 -0.0931669
-1.03411 0.0305433 -3.09677
0.178354 0.106085 -0.0910915
-1.03411 0.0305433 -3.11459
0.178535 0.106192 -0.0901101
-1.03411 0.0305433 -3.12298
0.178549 0.106201 -0.0900202
-1.03411 0.0305433 -3.12373
0.182425 0.116636 -0.085045
-1.00357 0.530312 -2.3969
0.180588 0.115438 -0.0920658
-1.00357 0.425383 -2.50183
0.17814 0.113853 -0.0988195
-1.00357 0.320454 -2.60676
0.176894 0.112669 -0.0902355
-1.00357 0.0894482 -3.03649
0.177039 0.112761 -0.089512
-1.00357 0.0894482 -3.04271
0.177087 0.112792 -0.0892582
-1.00357 0.0894482 -3.04488
0.178159 0.113474 -0.083223
-1.00357 0.0894482 -3.0965
0.179411 0.114272 -0.0848951
-1.00357 0.148352 -2.99531
0.179001 0.114011 -0.0869668
-1.00357 0.148353 -2.97748
0.178795 0.113879 -0.0879362
-1.00357 0.148353 -2.96909
0.178775 0.113867 -0.0880226
-1.00357 0.148353 -2.96834
0.177382 0.11298 -0.0938978
-1.00357 0.148353 -2.9172
0.176837 0.112632 -0.0959253
-1.00357 0.148353 -2.89937
0.176567 0.112461 -0.0968731
-1.00357 0.148353 -2.89099
0.176934 0.112694 -0.0988915
-1.00357 0.207258 -2.78435
0.177574 0.113102 -0.0969007
-1.00357 0.207258 -2.80218
0.177861 0.113285 -0.0959567
-1.00357 0.207258 -2.81056
0.177861 0.113285 -0.0959567
-1.00357 0.207258 -2.81056
0.177885 0.113301 -0.0958698
-1.00357 0.207258 -2.81132
0.179523 0.114344 -0.0900782
-1.00357 0.207258 -2.86245
0.180031 0.114667 -0.0880341
-1.00357 0.207258 -2.88028
0.180255 0.11481 -0.0870662
-1.00357 0.207258 -2.88867
0.180274 0.114822 -0.0869775
-1.00357 0.207258 -2.88942
0.18229 0.116106 -0.0824195
-1.00357 0.266163 -2.8391
0.181813 0.115802 -0.0844713
-1.00357 0.266163 -2.82127
0.181575 0.11565 -0.0854313
-1.00357 0.266163 -2.81289
0.181552 0.115636 -0.0855171
-1.00357 0.266163 -2.81213
0.17997 0.114628 -0.091325
-1.00357 0.266163 -2.761
0.17997 0.114628 -0.091325
-1.00357 0.266163 -2.761
0.179359 0.114239 -0.0933267
-1.00357 0.266163 -2.74317
0.179059 0.114048 -0.094262
-1.00357 0.266163 -2.73478
0.17903 0.11403 -0.0943457
-1.00357 0.266163 -2.73403
0.177081 0.112788 -0.0999959
-1.00357 0.266163 -2.68289
0.176665 0.112523 -0.101574
-1.00357 0.325068 -2.57625
0.176697 0.112544 -0.101491
-1.00357 0.325068 -2.57701
0.178892 0.113942 -0.0959647
-1.00357 0.325068 -2.62814
0.179597 0.11439 -0.0940043
-1.00357 0.325068 -2.64597
0.179914 0.114593 -0.093074
-1.00357 0.325068 -2.65436
0.179941 0.11461 -0.0929883
-1.00357 0.325068 -2.65511
0.179941 0.11461 -0.0929883
-1.00357 0.325068 -2.65511
0.181765 0.115772 -0.0872755
-1.00357 0.325068 -2.70625
0.182339 0.116137 -0.0852559
-1.00357 0.325068 -2.72408
0.182594 0.1163 -0.084299
-1.00357 0.325068 -2.73246
0.182615 0.116313 -0.084211
-1.00357 0.325068 -2.73322
0.183491 0.116871 -0.0823954
-1.00357 0.383972 -2.65668
0.183466 0.116855 -0.0824806
-1.00357 0.383972 -2.65592
0.181704 0.115732 -0.0882162
-1.00357 0.383972 -2.60479
0.181028 0.115302 -0.0901885
-1.00357 0.383972 -2.58696
0.180784 0.115147 -0.0908724
-1.00357 0.383972 -2.58074
0.180697 0.115092 -0.0911101
-1.00357 0.383972 -2.57857
0.180666 0.115072 -0.0911928
-1.00357 0.383972 -2.57782
0.178533 0.113713 -0.0967489
-1.00357 0.383972 -2.52668
0.17773 0.113201 -0.0986529
-1.00357 0.383972 -2.50886
0.177339 0.112953 -0.0995414
-1.00357 0.383972 -2.50047
0.177302 0.112929 -0.0996208
-1.00357 0.383972 -2.49972
0.177166 0.112843 -0.098922
-1.00357 0.442877 -2.41166
0.177573 0.113101 -0.0980417
-1.00357 0.442877 -2.42005
0.177608 0.113124 -0.09796
-1.00357 0.442877 -2.4208
0.17998 0.114635 -0.0925372
-1.00357 0.442877 -2.47194
0.180747 0.115124 -0.0906106
-1.00357 0.442877 -2.48977
0.181095 0.115345 -0.0896953
-1.00357 0.442877 -2.49815
0.181124 0.115364 -0.0896108
-1.00357 0.442877 -2.49891
0.183132 0.116643 -0.0839849
-1.00357 0.442877 -2.55004
0.183771 0.117049 -0.0819931
-1.00357 0.442877 -2.56787
0.182544 0.116267 -0.0846672
-1.00357 0.501782 -2.44858
0.181805 0.115797 -0.0866076
-1.00357 0.501782 -2.43075
0.181444 0.115567 -0.0875137
-1.00357 0.501782 -2.42237
0.18141 0.115545 -0.087595
-1.00357 0.501782 -2.42161
0.179101 0.114075 -0.0930523
-1.00357 0.501782 -2.37048
0.178236 0.113524 -0.0949186
-1.00357 0.501782 -2.35265
0.177817 0.113257 -0.0957887
-1.00357 0.501782 -2.34426
0.177777 0.113231 -0.0958664
-1.00357 0.501782 -2.34351
0.177143 0.112828 -0.0949567
-1.00357 0.560687 -2.25546
0.177578 0.113105 -0.0940956
-1.00357 0.560687 -2.26384
0.177578 0.113105 -0.0940956
-1.00357 0.560687 -2.26384
0.177616 0.113129 -0.0940158
-1.00357 0.560687 -2.2646
0.180161 0.11475 -0.0887051
-1.00357 0.560687 -2.31573
0.180991 0.115278 -0.0868147
-1.00357 0.560687 -2.33356
0.181368 0.115518 -0.0859163
-1.00357 0.560687 -2.34194
0.1814 0.115539 -0.085833
-1.00357 0.560687 -2.3427
0.181663 0.115706 -0.0826865
-1.00357 0.619592 -2.27455
0.181273 0.115458 -0.0835757
-1.00357 0.619592 -2.26616
0.181236 0.115434 -0.0836553
-1.00357 0.619592 -2.2654
0.178754 0.113853 -0.0890059
-1.00357 0.619592 -2.21427
0.177829 0.113264 -0.0908319
-1.00357 0.619592 -2.19644
0.177381 0.112979 -0.0916823
-1.00357 0.619592 -2.18806
0.177339 0.112952 -0.0917584
-1.00357 0.619592 -2.1873
0.176658 0.112518 -0.0898472
-1.00357 0.678497 -2.10763
0.176698 0.112544 -0.0897692
-1.00357 0.678497 -2.10839
0.179414 0.114274 -0.0845783
-1.00357 0.678497 -2.15952
0.180304 0.114841 -0.0827269
-1.00357 0.678497 -2.17735
0.180709 0.115099 -0.081846
-1.00357 0.678497 -2.18574
0.180744 0.115121 -0.0817644
-1.00357 0.678497 -2.18649
0.17745 0.113022 -0.084699
-1.00357 0.737402 -2.05806
0.177194 0.120621 -0.0815877
-0.973023 0.678497 -2.1873
0.177165 0.120602 -0.0848017
-0.973023 0.619592 -2.25546
0.177549 0.120863 -0.0839118
-0.973023 0.619592 -2.26384
0.177582 0.120885 -0.0838294
-0.973023 0.619592 -2.2646
0.177866 0.121079 -0.0855824
-0.973023 0.560687 -2.34426
0.177831 0.121055 -0.0856627
-0.973023 0.560687 -2.34351
0.176596 0.120214 -0.090662
-0.973023 0.501782 -2.39383
0.176596 0.120214 -0.090662
-0.973023 0.501782 -2.39383
0.177379 0.120747 -0.088753
-0.973023 0.501782 -2.41166
0.177734 0.120989 -0.0878463
-0.973023 0.501782 -2.42005
0.177764 0.121009 -0.0877625
-0.973023 0.501782 -2.4208
0.177912 0.12111 -0.0884399
-0.973023 0.442877 -2.50886
0.177573 0.120879 -0.0893542
-0.973023 0.442877 -2.50047
0.177541 0.120857 -0.0894364
-0.973023 0.442877 -2.49972
0.176693 0.12028 -0.0923622
-0.973023 0.383972 -2.56787
0.177019 0.120502 -0.0914391
-0.973023 0.383972 -2.57625
0.177046 0.120521 -0.0913542
-0.973023 0.383972 -2.57701
0.177348 0.120726 -0.0898292
-0.973023 0.325068 -2.68289
0.176718 0.120297 -0.0918167
-0.973023 0.325068 -2.66506
0.177153 0.120593 -0.0887452
-0.973023 0.266163 -2.78435
0.177682 0.120954 -0.0867129
-0.973023 0.266163 -2.80218
0.177918 0.121114 -0.0857505
-0.973023 0.266163 -2.81056
0.177937 0.121127 -0.085662
-0.973023 0.266163 -2.81132
0.177358 0.120733 -0.0837248
-0.973023 0.207258 -2.9172
0.176923 0.120437 -0.0857872
-0.973023 0.207258 -2.89937
0.176705 0.120288 -0.0867523
-0.973023 0.207258 -2.89099
0.176684 0.120273 -0.0868384
-0.973023 0.207258 -2.89023
