1	0.223349	0.215358
2	0.211177	0.205761
3	0.201425	0.197741
4	0.193268	0.190938
5	0.186365	0.185069
6	0.180408	0.179916
7	0.175181	0.175376
8	0.170588	0.171303
9	0.166481	0.167585
10	0.162741	0.164177
11	0.159321	0.160995
12	0.156133	0.158005
13	0.153141	0.155201
14	0.15034	0.152559
15	0.147705	0.150048
16	0.145204	0.147658
17	0.142824	0.145377
18	0.140555	0.143196
19	0.138386	0.141114
20	0.136319	0.13912
21	0.134338	0.137209
22	0.13244	0.135374
23	0.130619	0.133609
24	0.128868	0.13191
25	0.127183	0.130272
26	0.12556	0.128692
27	0.123996	0.127167
28	0.122486	0.125692
29	0.121027	0.124265
30	0.119617	0.122886
31	0.118254	0.12155
32	0.116934	0.120252
33	0.115654	0.118993
34	0.114411	0.117768
35	0.113203	0.116577
36	0.112029	0.115416
37	0.110886	0.114285
38	0.109771	0.113182
39	0.108686	0.112105
40	0.107625	0.111053
41	0.10659	0.110024
42	0.105577	0.109017
43	0.104587	0.10803
44	0.103618	0.107064
45	0.102668	0.106116
46	0.101737	0.105186
47	0.100824	0.104272
48	0.0999272	0.103375
49	0.0990465	0.102492
50	0.0981809	0.101625
51	0.0973299	0.100771
52	0.0964929	0.0999302
53	0.0956685	0.099105
54	0.0948599	0.0982926
55	0.0940638	0.0974923
56	0.0932796	0.0967036
57	0.092507	0.0959255
58	0.091745	0.0951586
59	0.0909937	0.094402
60	0.0902527	0.0936554
61	0.0895223	0.0929189
62	0.088801	0.092192
63	0.0880895	0.0914748
64	0.0873875	0.0907665
65	0.0866945	0.0900676
66	0.0860109	0.0893778
67	0.0853361	0.0886967
68	0.08467	0.0880246
69	0.0840129	0.0873613
70	0.0833642	0.0867068
71	0.0827243	0.0860604
72	0.0820928	0.0854228
73	0.08147	0.0847939
74	0.0808555	0.0841735
75	0.0802493	0.0835614
76	0.0796517	0.082958
77	0.0790626	0.0823631
78	0.0784814	0.0817762
79	0.0779088	0.081198
80	0.0773445	0.0806282
81	0.0767885	0.080067
82	0.076241	0.079514
83	0.0757015	0.0789694
84	0.0751703	0.0784331
85	0.0746477	0.0779053
86	0.0741329	0.0773859
87	0.0736267	0.0768745
88	0.0731287	0.0763719
89	0.0726388	0.0758772
90	0.0721571	0.075391
91	0.0716836	0.0749132
92	0.0712181	0.0744433
93	0.0707607	0.0739817
94	0.0703114	0.073528
95	0.06987	0.0730826
96	0.0694368	0.0726451
97	0.0690114	0.0722159
98	0.0685936	0.0717944
99	0.0681837	0.0713809
100	0.0677817	0.0709748
101	0.0673874	0.0705767
102	0.0670003	0.0701864
103	0.0666211	0.0698036
104	0.0662492	0.0694283
105	0.0658846	0.0690604
106	0.0655272	0.0686997
107	0.0651772	0.0683463
108	0.0648342	0.0680002
109	0.0644982	0.0676609
110	0.0641691	0.0673288
111	0.0638469	0.0670035
112	0.0635314	0.066685
113	0.0632225	0.0663731
114	0.0629202	0.0660677
115	0.0626241	0.0657689
116	0.0623344	0.0654764
117	0.0620509	0.06519
118	0.0617736	0.0649099
119	0.0615021	0.0646358
120	0.0612368	0.0643675
121	0.0609772	0.0641051
122	0.060723	0.0638484
123	0.0604745	0.0635973
124	0.0602316	0.0633518
125	0.0599939	0.0631116
126	0.0597614	0.0628765
127	0.0595343	0.0626467
128	0.0593121	0.062422
129	0.0590946	0.0622024
130	0.0588823	0.0619873
131	0.0586745	0.0617771
132	0.0584714	0.0615716
133	0.0582728	0.0613705
134	0.0580785	0.061174
135	0.0578887	0.0609818
136	0.0577031	0.0607937
137	0.0575214	0.0606099
138	0.0573439	0.06043
139	0.0571703	0.0602541
140	0.0570006	0.0600822
141	0.0568346	0.0599138
142	0.0566723	0.0597492
143	0.0565137	0.0595881
144	0.0563583	0.0594307
145	0.0562066	0.0592767
146	0.0560579	0.059126
147	0.0559128	0.0589786
148	0.0557708	0.0588344
149	0.0556316	0.0586933
150	0.0554957	0.058555
151	0.0553626	0.0584198
152	0.0552324	0.0582875
153	0.055105	0.0581581
154	0.0549803	0.0580312
155	0.0548583	0.0579072
156	0.054739	0.0577855
157	0.0546219	0.0576665
158	0.0545075	0.05755
159	0.0543954	0.0574359
160	0.0542856	0.0573242
161	0.0541782	0.0572148
162	0.054073	0.0571076
163	0.05397	0.0570023
164	0.053869	0.0568994
165	0.05377	0.0567984
166	0.0536731	0.0566995
167	0.0535782	0.0566026
168	0.0534851	0.0565077
169	0.0533939	0.0564145
170	0.0533044	0.0563232
171	0.0532168	0.0562336
172	0.0531308	0.0561457
173	0.0530465	0.0560596
174	0.052964	0.0559751
175	0.0528829	0.0558921
176	0.0528034	0.0558107
177	0.0527254	0.0557309
178	0.0526488	0.0556525
179	0.0525738	0.0555755
180	0.0525	0.0555
181	0.0524275	0.0554258
182	0.0523568	0.0553529
183	0.0522869	0.0552815
184	0.0522184	0.0552111
185	0.0521512	0.055142
186	0.0520852	0.0550742
187	0.0520202	0.0550075
188	0.0519565	0.0549421
189	0.0518941	0.0548778
190	0.0518324	0.0548145
191	0.051772	0.0547522
192	0.0517125	0.054691
193	0.051654	0.0546308
194	0.0515966	0.0545717
195	0.0515401	0.0545135
196	0.0514845	0.0544561
197	0.0514299	0.0543998
198	0.0513761	0.0543443
199	0.0513232	0.0542899
200	0.0512712	0.0542362
201	0.05122	0.0541832
202	0.0511695	0.0541311
203	0.0511199	0.0540797
204	0.051071	0.0540294
205	0.0510229	0.0539797
206	0.0509757	0.0539305
207	0.0509289	0.0538822
208	0.0508831	0.0538348
209	0.0508378	0.0537878
210	0.0507932	0.0537417
211	0.0507493	0.0536961
212	0.0507059	0.0536511
213	0.0506633	0.0536069
214	0.0506212	0.0535633
215	0.0505796	0.0535203
216	0.0505388	0.0534776
217	0.0504985	0.0534359
218	0.0504587	0.0533945
219	0.0504194	0.0533538
220	0.0503807	0.0533134
221	0.0503426	0.0532738
222	0.0503049	0.0532346
223	0.0502677	0.0531961
224	0.0502311	0.0531577
225	0.0501949	0.0531201
226	0.0501591	0.0530828
227	0.0501239	0.053046
228	0.050089	0.0530098
229	0.0500546	0.0529738
230	0.0500206	0.0529384
231	0.0499871	0.0529034
232	0.0499539	0.0528687
233	0.0499212	0.0528346
234	0.0498889	0.0528008
235	0.0498568	0.0527673
236	0.0498253	0.0527343
237	0.049794	0.0527017
238	0.0497633	0.0526694
239	0.0497327	0.0526375
240	0.0497026	0.052606
241	0.0496727	0.0525746
242	0.0496432	0.0525437
243	0.0496141	0.0525132
244	0.0495852	0.052483
245	0.0495568	0.0524531
246	0.0495286	0.0524233
247	0.0495006	0.0523942
248	0.0494729	0.0523651
249	0.0494457	0.0523366
250	0.0494186	0.0523081
251	0.0493919	0.0522799
252	0.0493654	0.0522521
253	0.0493391	0.0522244
254	0.0493132	0.0521972
255	0.0492874	0.0521701
256	0.049262	0.0521434
257	0.0492368	0.0521169
258	0.0492119	0.0520905
259	0.0491871	0.0520644
260	0.0491627	0.0520387
261	0.0491384	0.0520132
262	0.0491143	0.0519878
263	0.0490906	0.0519628
264	0.049067	0.0519379
265	0.0490436	0.0519133
266	0.0490206	0.0518889
267	0.0489976	0.0518646
268	0.0489748	0.0518406
269	0.0489523	0.0518168
270	0.0489299	0.0517931
271	0.0489077	0.0517698
272	0.0488857	0.0517465
273	0.048864	0.0517234
274	0.0488424	0.0517007
275	0.048821	0.0516779
276	0.0487997	0.0516555
277	0.0487787	0.0516332
278	0.0487578	0.0516111
279	0.048737	0.0515892
280	0.0487164	0.0515673
281	0.048696	0.0515458
282	0.0486759	0.0515244
283	0.0486557	0.051503
284	0.0486357	0.051482
285	0.048616	0.0514609
286	0.0485965	0.0514401
287	0.0485769	0.0514195
288	0.0485577	0.0513989
289	0.0485383	0.0513786
290	0.0485194	0.0513582
291	0.0485005	0.0513382
292	0.0484816	0.0513183
293	0.0484629	0.0512985
294	0.0484444	0.0512788
295	0.048426	0.0512593
296	0.0484077	0.0512399
297	0.0483896	0.0512206
298	0.0483716	0.0512015
299	0.0483537	0.0511823
300	0.0483359	0.0511635
301	0.0483182	0.0511447
302	0.0483007	0.0511259
303	0.0482833	0.0511075
304	0.048266	0.051089
305	0.0482488	0.0510706
306	0.0482316	0.0510524
307	0.0482147	0.0510345
308	0.0481979	0.0510166
309	0.0481811	0.0509986
310	0.0481644	0.0509807
311	0.0481478	0.0509631
312	0.0481312	0.0509455
313	0.0481149	0.0509281
314	0.0480986	0.0509109
315	0.0480824	0.0508935
316	0.0480664	0.0508763
317	0.0480504	0.0508593
318	0.0480345	0.0508423
319	0.0480186	0.0508254
320	0.0480027	0.0508087
321	0.0479872	0.0507919
322	0.0479717	0.0507754
323	0.0479562	0.0507588
324	0.0479408	0.0507425
325	0.0479255	0.050726
326	0.0479102	0.0507098
327	0.0478951	0.0506936
328	0.04788	0.0506776
329	0.047865	0.0506616
330	0.0478501	0.0506455
331	0.0478352	0.0506298
332	0.0478205	0.050614
333	0.0478058	0.0505983
334	0.0477911	0.0505826
335	0.0477765	0.0505671
336	0.0477621	0.0505515
337	0.0477476	0.0505361
338	0.0477334	0.0505209
339	0.0477191	0.0505057
340	0.047705	0.0504905
341	0.0476908	0.0504753
342	0.0476767	0.0504602
343	0.0476627	0.0504452
344	0.0476487	0.0504304
345	0.0476348	0.0504155
346	0.047621	0.0504007
347	0.0476073	0.050386
348	0.0475935	0.0503714
349	0.0475798	0.0503568
350	0.0475663	0.0503423
351	0.0475527	0.0503276
352	0.0475393	0.0503133
353	0.0475258	0.0502989
354	0.0475124	0.0502847
355	0.0474993	0.0502704
356	0.047486	0.0502562
357	0.0474728	0.0502421
358	0.0474596	0.050228
359	0.0474466	0.050214
360	0.0474336	0.0502
361	0.0474205	0.050186
362	0.0474076	0.0501722
363	0.0473947	0.0501583
364	0.0473818	0.0501446
365	0.047369	0.050131
366	0.0473562	0.0501173
367	0.0473435	0.0501037
368	0.047331	0.0500902
369	0.0473182	0.0500766
370	0.0473056	0.0500632
371	0.0472932	0.0500497
372	0.0472808	0.0500363
373	0.0472683	0.050023
374	0.047256	0.0500097
375	0.0472436	0.0499965
376	0.0472314	0.0499834
377	0.047219	0.0499703
378	0.0472068	0.0499572
379	0.0471946	0.049944
380	0.0471825	0.0499311
381	0.0471703	0.0499182
382	0.0471582	0.0499052
383	0.0471463	0.0498923
384	0.0471343	0.0498795
385	0.0471224	0.0498668
386	0.0471105	0.0498539
387	0.0470986	0.0498412
388	0.0470867	0.0498284
389	0.0470749	0.0498158
390	0.0470632	0.0498032
391	0.0470514	0.0497907
392	0.0470397	0.0497781
393	0.047028	0.0497655
394	0.0470164	0.049753
395	0.0470049	0.0497406
396	0.0469933	0.0497283
397	0.0469818	0.0497159
398	0.0469702	0.0497036
399	0.0469588	0.0496913
400	0.0469474	0.0496791
401	0.046936	0.0496667
402	0.0469245	0.0496546
403	0.0469133	0.0496424
404	0.0469019	0.0496303
405	0.0468906	0.0496182
406	0.0468794	0.0496062
407	0.0468681	0.049594
408	0.046857	0.0495822
409	0.0468458	0.0495701
410	0.0468346	0.0495582
411	0.0468236	0.0495462
412	0.0468125	0.0495343
413	0.0468013	0.0495225
414	0.0467903	0.0495107
415	0.0467794	0.0494988
416	0.0467683	0.0494871
417	0.0467574	0.0494753
418	0.0467465	0.0494636
419	0.0467356	0.0494519
420	0.0467247	0.0494403
421	0.0467139	0.0494287
422	0.0467031	0.0494171
423	0.0466923	0.0494055
424	0.0466814	0.049394
425	0.0466707	0.0493823
426	0.0466599	0.0493709
427	0.0466492	0.0493593
428	0.0466385	0.0493479
429	0.0466279	0.0493364
430	0.0466173	0.049325
431	0.0466066	0.0493137
432	0.046596	0.0493023
433	0.0465855	0.0492909
434	0.0465749	0.0492796
435	0.0465645	0.0492683
436	0.0465539	0.049257
437	0.0465433	0.0492458
438	0.046533	0.0492346
439	0.0465225	0.0492234
440	0.046512	0.0492122
441	0.0465015	0.0492011
442	0.0464911	0.0491899
443	0.0464807	0.0491786
444	0.0464705	0.0491677
445	0.04646	0.0491566
446	0.0464497	0.0491454
447	0.0464395	0.0491345
448	0.0464291	0.0491235
449	0.0464189	0.0491124
450	0.0464087	0.0491015
451	0.0463984	0.0490906
452	0.0463882	0.0490796
453	0.0463781	0.0490686
454	0.0463679	0.0490578
455	0.0463577	0.0490469
456	0.0463475	0.0490359
457	0.0463375	0.0490251
458	0.0463273	0.0490142
459	0.0463172	0.0490034
460	0.0463072	0.0489927
461	0.0462971	0.0489819
462	0.0462871	0.0489711
463	0.0462771	0.0489604
464	0.046267	0.0489496
465	0.046257	0.0489389
466	0.0462469	0.0489282
467	0.0462369	0.0489175
468	0.0462271	0.0489068
469	0.0462171	0.0488961
470	0.0462072	0.0488855
471	0.0461974	0.0488748
472	0.0461873	0.0488643
473	0.0461775	0.0488537
474	0.0461676	0.0488432
475	0.0461577	0.0488326
476	0.0461479	0.0488219
477	0.0461381	0.0488115
478	0.0461282	0.0488009
479	0.0461185	0.0487904
480	0.0461087	0.0487801
481	0.0460989	0.0487694
482	0.0460891	0.0487589
483	0.0460793	0.0487486
484	0.0460696	0.0487381
485	0.0460598	0.0487276
486	0.0460501	0.0487173
487	0.0460405	0.0487069
488	0.0460308	0.0486964
489	0.0460211	0.048686
490	0.0460114	0.0486758
491	0.0460018	0.0486654
492	0.045992	0.0486551
493	0.0459825	0.0486447
494	0.0459728	0.0486344
495	0.0459633	0.0486241
496	0.0459536	0.0486138
497	0.045944	0.0486036
498	0.0459343	0.0485932
499	0.0459249	0.0485829
500	0.0459153	0.0485727
501	0.0459057	0.0485625
502	0.0458962	0.0485523
503	0.0458865	0.048542
504	0.0458772	0.0485319
505	0.0458675	0.0485217
506	0.0458581	0.0485115
507	0.0458485	0.0485013
508	0.0458391	0.0484912
509	0.0458296	0.0484811
510	0.0458202	0.048471
511	0.0458106	0.0484608
512	0.0458013	0.0484506
513	0.0457918	0.0484405
514	0.0457824	0.0484305
515	0.0457729	0.0484204
516	0.0457635	0.0484102
517	0.0457541	0.0484002
518	0.0457447	0.0483902
519	0.0457353	0.0483801
520	0.045726	0.0483701
521	0.0457166	0.04836
522	0.0457072	0.04835
523	0.0456978	0.04834
524	0.0456886	0.0483301
525	0.0456792	0.04832
526	0.0456698	0.0483099
527	0.0456605	0.0483
528	0.0456511	0.04829
529	0.0456419	0.0482801
530	0.0456326	0.0482701
531	0.0456233	0.0482601
532	0.0456139	0.0482502
533	0.0456046	0.0482402
534	0.0455954	0.0482303
535	0.0455861	0.0482204
536	0.0455769	0.0482105
537	0.0455675	0.0482006
538	0.0455584	0.0481907
539	0.0455491	0.0481808
540	0.0455399	0.0481709
541	0.0455307	0.0481609
542	0.0455214	0.0481512
543	0.0455122	0.0481413
544	0.045503	0.0481314
545	0.0454938	0.0481216
546	0.0454846	0.0481117
547	0.0454754	0.0481019
548	0.0454661	0.0480921
549	0.045457	0.0480823
550	0.0454479	0.0480724
551	0.0454386	0.0480626
552	0.0454295	0.0480528
553	0.0454203	0.0480431
554	0.0454112	0.0480333
555	0.0454021	0.0480234
556	0.0453928	0.0480136
557	0.0453838	0.0480039
558	0.0453746	0.0479941
559	0.0453654	0.0479843
560	0.0453564	0.0479747
561	0.0453472	0.0479648
562	0.0453381	0.0479551
563	0.045329	0.0479454
564	0.0453199	0.0479357
565	0.0453108	0.0479258
566	0.0453017	0.0479161
567	0.0452927	0.0479065
568	0.0452835	0.0478967
569	0.0452744	0.047887
570	0.0452653	0.0478773
571	0.0452563	0.0478676
572	0.0452472	0.0478579
573	0.0452381	0.0478482
574	0.0452291	0.0478384
575	0.0452201	0.0478289
576	0.045211	0.047819
577	0.0452019	0.0478094
578	0.0451929	0.0477998
579	0.0451839	0.0477901
580	0.0451748	0.0477805
581	0.0451658	0.0477708
582	0.0451567	0.047761
583	0.0451477	0.0477515
584	0.0451387	0.0477418
585	0.0451297	0.0477322
586	0.0451207	0.0477226
587	0.0451117	0.047713
588	0.0451027	0.0477033
589	0.0450937	0.0476938
590	0.0450847	0.0476841
591	0.0450755	0.0476744
592	0.0450667	0.0476648
593	0.0450577	0.0476552
594	0.0450487	0.0476456
595	0.0450397	0.0476359
596	0.0450307	0.0476264
597	0.0450217	0.0476169
598	0.0450127	0.0476072
599	0.0450038	0.0475975
600	0.0449947	0.0475879
601	0.0449858	0.0475784
602	0.0449769	0.0475688
603	0.0449679	0.0475593
604	0.044959	0.0475496
605	0.04495	0.04754
606	0.044941	0.0475304
607	0.0449322	0.0475209
608	0.0449231	0.0475113
609	0.0449142	0.0475017
610	0.0449054	0.0474923
611	0.0448963	0.0474827
612	0.0448873	0.047473
613	0.0448783	0.0474635
614	0.0448695	0.0474539
615	0.0448605	0.0474445
616	0.0448515	0.0474349
617	0.0448427	0.0474254
618	0.0448336	0.0474159
619	0.0448248	0.0474062
620	0.0448159	0.0473967
621	0.044807	0.0473873
622	0.044798	0.0473776
623	0.0447892	0.0473681
624	0.0447802	0.0473587
625	0.0447712	0.047349
626	0.0447623	0.0473394
627	0.0447534	0.04733
628	0.0447446	0.0473204
629	0.0447356	0.047311
630	0.0447266	0.0473014
631	0.0447178	0.0472919
632	0.0447088	0.0472823
633	0.0447	0.0472728
634	0.0446911	0.0472633
635	0.0446821	0.0472538
636	0.0446733	0.0472443
637	0.0446643	0.0472348
638	0.0446554	0.0472252
639	0.0446466	0.0472157
640	0.0446376	0.0472062
641	0.0446287	0.0471968
642	0.0446199	0.0471872
643	0.044611	0.0471776
644	0.044602	0.0471681
645	0.0445932	0.0471587
646	0.0445842	0.0471491
647	0.0445754	0.0471397
648	0.0445665	0.0471301
649	0.0445575	0.0471207
650	0.0445487	0.0471112
651	0.0445398	0.0471016
652	0.0445309	0.0470922
653	0.044522	0.0470826
654	0.0445132	0.0470731
655	0.0445043	0.0470636
656	0.0444953	0.0470542
657	0.0444864	0.0470446
658	0.0444776	0.0470352
659	0.0444687	0.0470257
660	0.0444599	0.0470162
661	0.0444509	0.0470066
662	0.044442	0.0469971
663	0.0444331	0.0469876
664	0.0444242	0.0469781
665	0.0444153	0.0469687
666	0.0444065	0.0469592
667	0.0443975	0.0469496
668	0.0443886	0.0469401
669	0.0443797	0.0469306
670	0.044371	0.0469212
671	0.044362	0.0469117
672	0.0443531	0.0469022
673	0.0443443	0.0468926
674	0.0443353	0.0468832
675	0.0443265	0.0468737
676	0.0443175	0.0468642
677	0.0443087	0.0468546
678	0.0442998	0.0468452
679	0.0442909	0.0468357
680	0.0442819	0.0468262
681	0.0442731	0.0468166
682	0.0442642	0.0468071
683	0.0442553	0.0467977
684	0.0442465	0.0467882
685	0.0442376	0.0467786
686	0.0442287	0.0467691
687	0.0442197	0.0467597
688	0.0442108	0.0467501
689	0.0442019	0.0467406
690	0.044193	0.0467311
691	0.0441841	0.0467216
692	0.0441753	0.0467122
693	0.0441663	0.0467025
694	0.0441574	0.046693
695	0.0441485	0.0466835
696	0.0441396	0.0466741
697	0.0441308	0.0466645
698	0.0441219	0.046655
699	0.044113	0.0466455
700	0.0441041	0.046636
701	0.0440951	0.0466265
702	0.0440863	0.0466169
703	0.0440773	0.0466074
704	0.0440683	0.0465979
705	0.0440595	0.0465884
706	0.0440506	0.0465788
707	0.0440417	0.0465694
708	0.0440327	0.0465599
709	0.0440238	0.0465503
710	0.0440149	0.0465407
711	0.044006	0.0465312
712	0.0439971	0.0465216
713	0.0439881	0.0465121
714	0.0439793	0.0465026
715	0.0439703	0.046493
716	0.0439614	0.0464835
717	0.0439524	0.046474
718	0.0439435	0.0464644
719	0.0439346	0.0464548
720	0.0439256	0.0464453
721	0.0439168	0.0464358
722	0.0439078	0.0464262
723	0.0438989	0.0464167
724	0.0438899	0.046407
725	0.043881	0.0463975
726	0.043872	0.0463879
727	0.0438631	0.0463784
728	0.0438542	0.0463688
729	0.0438451	0.0463593
730	0.0438361	0.0463497
731	0.0438271	0.0463401
732	0.0438183	0.0463305
733	0.0438093	0.046321
734	0.0438004	0.0463114
735	0.0437914	0.0463018
736	0.0437825	0.0462922
737	0.0437734	0.0462826
738	0.0437646	0.046273
739	0.0437556	0.0462634
740	0.0437466	0.0462538
741	0.0437376	0.0462443
742	0.0437286	0.0462347
743	0.0437197	0.0462251
744	0.0437106	0.0462154
745	0.0437016	0.0462058
746	0.0436926	0.0461962
747	0.0436836	0.0461866
748	0.0436746	0.046177
749	0.0436657	0.0461673
750	0.0436567	0.0461578
751	0.0436477	0.0461481
752	0.0436387	0.0461384
753	0.0436297	0.0461288
754	0.0436205	0.0461192
755	0.0436116	0.0461096
756	0.0436026	0.0460998
757	0.0435936	0.0460902
758	0.0435846	0.0460806
759	0.0435756	0.046071
760	0.0435665	0.0460613
761	0.0435576	0.0460517
762	0.0435485	0.046042
763	0.0435394	0.0460323
764	0.0435304	0.0460227
765	0.0435214	0.0460131
766	0.0435123	0.0460033
767	0.0435033	0.0459937
768	0.0434942	0.045984
769	0.043485	0.0459743
770	0.043476	0.0459646
771	0.043467	0.045955
772	0.0434579	0.0459452
773	0.0434489	0.0459356
774	0.0434398	0.0459259
775	0.0434307	0.0459161
776	0.0434216	0.0459065
777	0.0434125	0.0458968
778	0.0434035	0.045887
779	0.0433944	0.0458772
780	0.0433853	0.0458676
781	0.0433762	0.0458578
782	0.043367	0.0458481
783	0.043358	0.0458383
784	0.0433489	0.0458287
785	0.0433397	0.045819
786	0.0433307	0.0458092
787	0.0433216	0.0457993
788	0.0433125	0.0457896
789	0.0433033	0.0457799
790	0.0432941	0.0457701
791	0.0432851	0.0457603
792	0.0432759	0.0457506
793	0.0432668	0.0457407
794	0.0432576	0.045731
795	0.0432485	0.0457213
796	0.0432393	0.0457115
797	0.0432302	0.0457017
798	0.043221	0.0456919
799	0.0432119	0.045682
800	0.0432027	0.0456723
801	0.0431935	0.0456624
802	0.0431843	0.0456526
803	0.0431751	0.0456427
804	0.043166	0.0456329
805	0.0431567	0.0456231
806	0.0431476	0.0456132
807	0.0431384	0.0456034
808	0.0431291	0.0455936
809	0.04312	0.0455838
810	0.0431108	0.0455739
811	0.0431016	0.045564
812	0.0430924	0.0455542
813	0.0430831	0.0455443
814	0.0430738	0.0455344
815	0.0430647	0.0455246
816	0.0430554	0.0455147
817	0.0430462	0.0455049
818	0.0430369	0.0454949
819	0.0430276	0.0454849
820	0.0430185	0.045475
821	0.0430092	0.0454651
822	0.0429999	0.0454552
823	0.0429907	0.0454453
824	0.0429814	0.0454354
825	0.0429721	0.0454255
826	0.0429627	0.0454156
827	0.0429536	0.0454056
828	0.0429442	0.0453956
829	0.042935	0.0453856
830	0.0429256	0.0453757
831	0.0429163	0.0453658
832	0.042907	0.0453558
833	0.0428976	0.0453457
834	0.0428884	0.0453357
835	0.0428789	0.0453258
836	0.0428697	0.0453158
837	0.0428603	0.0453058
838	0.0428511	0.0452958
839	0.0428416	0.0452858
840	0.0428323	0.0452758
841	0.0428229	0.0452658
842	0.0428135	0.0452558
843	0.0428041	0.0452457
844	0.0427948	0.0452357
845	0.0427855	0.0452256
846	0.042776	0.0452155
847	0.0427667	0.0452055
848	0.0427572	0.0451955
849	0.0427479	0.0451854
850	0.0427384	0.0451754
851	0.042729	0.0451652
852	0.0427195	0.0451552
853	0.0427101	0.0451451
854	0.0427007	0.045135
855	0.0426913	0.0451248
856	0.0426818	0.0451148
857	0.0426723	0.0451047
858	0.0426629	0.0450945
859	0.0426534	0.0450844
860	0.042644	0.0450743
861	0.0426345	0.0450641
862	0.042625	0.0450539
863	0.0426155	0.0450438
864	0.042606	0.0450336
865	0.0425965	0.0450235
866	0.042587	0.0450133
867	0.0425775	0.0450031
868	0.042568	0.0449929
869	0.0425586	0.0449827
870	0.042549	0.0449726
871	0.0425394	0.0449623
872	0.0425299	0.0449521
873	0.0425203	0.0449418
874	0.0425108	0.0449317
875	0.0425012	0.0449214
876	0.0424916	0.0449112
877	0.0424821	0.0449008
878	0.0424726	0.0448906
879	0.042463	0.0448804
880	0.0424533	0.0448701
881	0.0424437	0.0448597
882	0.0424341	0.0448495
883	0.0424245	0.0448392
884	0.0424149	0.0448289
885	0.0424052	0.0448187
886	0.0423956	0.0448082
887	0.042386	0.0447979
888	0.0423764	0.0447876
889	0.0423667	0.0447772
890	0.0423571	0.0447669
891	0.0423473	0.0447566
892	0.0423377	0.0447462
893	0.042328	0.0447358
894	0.0423183	0.0447253
895	0.0423087	0.044715
896	0.0422989	0.0447047
897	0.0422892	0.0446942
898	0.0422796	0.0446838
899	0.0422698	0.0446734
900	0.04226	0.044663
901	0.0422503	0.0446525
902	0.0422406	0.0446421
903	0.0422308	0.0446317
904	0.042221	0.0446211
905	0.0422112	0.0446107
906	0.0422014	0.0446002
907	0.0421917	0.0445897
908	0.0421819	0.0445792
909	0.0421721	0.0445688
910	0.0421623	0.0445583
911	0.0421524	0.0445477
912	0.0421427	0.0445372
913	0.0421328	0.0445267
914	0.042123	0.0445161
915	0.0421132	0.0445056
916	0.0421033	0.044495
917	0.0420935	0.0444845
918	0.0420836	0.0444739
919	0.0420736	0.0444633
920	0.0420637	0.0444527
921	0.0420539	0.0444421
922	0.042044	0.0444315
923	0.042034	0.0444209
924	0.0420241	0.0444102
925	0.0420142	0.0443996
926	0.0420043	0.0443889
927	0.0419944	0.0443783
928	0.0419844	0.0443676
929	0.0419745	0.0443569
930	0.0419645	0.0443463
931	0.0419546	0.0443356
932	0.0419446	0.0443249
933	0.0419345	0.0443142
934	0.0419246	0.0443035
935	0.0419146	0.0442928
936	0.0419044	0.044282
937	0.0418945	0.0442712
938	0.0418845	0.0442605
939	0.0418744	0.0442497
940	0.0418644	0.044239
941	0.0418542	0.0442282
942	0.0418442	0.0442174
943	0.0418342	0.0442066
944	0.0418241	0.0441958
945	0.041814	0.0441849
946	0.041804	0.0441741
947	0.0417938	0.0441632
948	0.0417837	0.0441524
949	0.0417735	0.0441415
950	0.0417634	0.0441306
951	0.0417532	0.0441197
952	0.0417431	0.0441089
953	0.0417328	0.0440979
954	0.0417227	0.044087
955	0.0417126	0.0440762
956	0.0417024	0.0440652
957	0.0416921	0.0440543
958	0.0416819	0.0440433
959	0.0416716	0.0440323
960	0.0416614	0.0440214
961	0.0416512	0.0440105
962	0.0416409	0.0439995
963	0.0416307	0.0439885
964	0.0416203	0.0439774
965	0.0416101	0.0439664
966	0.0415998	0.0439553
967	0.0415896	0.0439443
968	0.0415793	0.0439332
969	0.0415689	0.0439222
970	0.0415586	0.0439111
971	0.0415482	0.0439
972	0.0415379	0.0438889
973	0.0415275	0.0438777
974	0.0415172	0.0438667
975	0.0415068	0.0438556
976	0.0414964	0.0438444
977	0.041486	0.0438333
978	0.0414756	0.0438222
979	0.0414651	0.0438109
980	0.0414546	0.0437997
981	0.0414442	0.0437885
982	0.0414338	0.0437773
983	0.0414235	0.0437661
984	0.0414128	0.0437548
985	0.0414024	0.0437436
986	0.0413918	0.0437324
987	0.0413815	0.0437211
988	0.0413708	0.0437098
989	0.0413604	0.0436985
990	0.0413498	0.0436873
991	0.0413392	0.0436759
992	0.0413287	0.0436646
993	0.0413181	0.0436532
994	0.0413076	0.0436419
995	0.0412971	0.0436305
996	0.0412865	0.0436192
997	0.0412758	0.0436079
998	0.0412652	0.0435965
999	0.0412546	0.043585
1000	0.0412439	0.0435735
1001	0.0412333	0.0435622
1002	0.0412226	0.0435507
1003	0.0412119	0.0435392
1004	0.0412013	0.0435278
1005	0.0411905	0.0435163
1006	0.0411798	0.0435049
1007	0.0411691	0.0434934
1008	0.0411583	0.0434818
1009	0.0411476	0.0434703
1010	0.0411369	0.0434588
1011	0.0411261	0.0434473
1012	0.0411153	0.0434357
1013	0.0411045	0.043424
1014	0.0410937	0.0434124
1015	0.0410829	0.0434009
1016	0.0410721	0.0433893
1017	0.0410613	0.0433777
1018	0.0410504	0.043366
1019	0.0410395	0.0433543
1020	0.0410287	0.0433427
1021	0.0410177	0.0433311
1022	0.0410069	0.0433193
1023	0.040996	0.0433077
1024	0.040985	0.043296
1025	0.0409741	0.0432842
1026	0.0409632	0.0432725
1027	0.0409522	0.0432607
1028	0.0409412	0.0432489
1029	0.0409303	0.0432371
1030	0.0409192	0.0432253
1031	0.0409083	0.0432135
1032	0.0408972	0.0432017
1033	0.0408863	0.0431898
1034	0.0408752	0.0431781
1035	0.0408642	0.0431661
1036	0.040853	0.0431543
1037	0.040842	0.0431424
1038	0.0408308	0.0431305
1039	0.0408198	0.0431186
1040	0.0408086	0.0431066
1041	0.0407976	0.0430947
1042	0.0407864	0.0430828
1043	0.0407752	0.0430708
1044	0.0407641	0.0430589
1045	0.040753	0.0430468
1046	0.0407417	0.0430348
1047	0.0407305	0.0430227
1048	0.0407193	0.0430108
1049	0.0407081	0.0429987
1050	0.0406968	0.0429867
1051	0.0406855	0.0429746
1052	0.0406743	0.0429625
1053	0.040663	0.0429503
1054	0.0406516	0.0429382
1055	0.0406403	0.0429261
1056	0.0406291	0.042914
1057	0.0406177	0.0429018
1058	0.0406063	0.0428896
1059	0.0405949	0.0428773
1060	0.0405836	0.0428652
1061	0.0405722	0.042853
1062	0.0405608	0.0428407
1063	0.0405494	0.0428285
1064	0.0405379	0.0428161
1065	0.0405264	0.0428039
1066	0.040515	0.0427916
1067	0.0405035	0.0427793
1068	0.0404921	0.042767
1069	0.0404805	0.0427547
1070	0.0404691	0.0427422
1071	0.0404574	0.0427298
1072	0.040446	0.0427175
1073	0.0404344	0.0427051
1074	0.0404228	0.0426926
1075	0.0404113	0.0426802
1076	0.0403996	0.0426677
1077	0.040388	0.0426553
1078	0.0403764	0.0426429
1079	0.0403648	0.0426304
1080	0.040353	0.0426178
1081	0.0403415	0.0426053
1082	0.0403297	0.0425927
1083	0.040318	0.0425802
1084	0.0403062	0.0425676
1085	0.0402946	0.0425551
1086	0.0402829	0.0425424
1087	0.040271	0.0425298
1088	0.0402592	0.0425172
1089	0.0402475	0.0425045
1090	0.0402356	0.0424918
1091	0.0402238	0.0424791
1092	0.040212	0.0424665
1093	0.0402002	0.0424537
1094	0.0401883	0.0424411
1095	0.0401763	0.0424283
1096	0.0401645	0.0424156
1097	0.0401526	0.0424028
1098	0.0401406	0.04239
1099	0.0401287	0.0423771
1100	0.0401168	0.0423643
1101	0.0401047	0.0423515
1102	0.0400928	0.0423387
1103	0.0400808	0.0423257
1104	0.0400687	0.0423128
1105	0.0400568	0.0422999
1106	0.0400447	0.042287
1107	0.0400327	0.0422741
1108	0.0400206	0.0422611
1109	0.0400085	0.042248
1110	0.0399964	0.0422351
1111	0.0399843	0.0422221
1112	0.0399721	0.0422091
1113	0.0399599	0.042196
1114	0.0399478	0.0421831
1115	0.0399356	0.0421699
1116	0.0399234	0.0421568
1117	0.0399112	0.0421437
1118	0.0398989	0.0421306
1119	0.0398867	0.0421174
1120	0.0398744	0.0421043
1121	0.0398621	0.0420911
1122	0.0398498	0.0420779
1123	0.0398375	0.0420647
1124	0.0398251	0.0420515
1125	0.0398128	0.0420382
1126	0.0398005	0.042025
1127	0.0397881	0.0420116
1128	0.0397757	0.0419984
1129	0.0397633	0.041985
1130	0.0397509	0.0419717
1131	0.0397384	0.0419584
1132	0.039726	0.041945
1133	0.0397135	0.0419316
1134	0.039701	0.0419182
1135	0.0396884	0.0419048
1136	0.0396759	0.0418914
1137	0.0396633	0.0418779
1138	0.0396508	0.0418644
1139	0.0396381	0.0418509
1140	0.0396256	0.0418373
1141	0.039613	0.0418238
1142	0.0396003	0.0418102
1143	0.0395877	0.0417967
1144	0.0395751	0.0417831
1145	0.0395624	0.0417696
1146	0.0395497	0.0417559
1147	0.0395369	0.0417423
1148	0.0395242	0.0417287
1149	0.0395115	0.041715
1150	0.0394987	0.0417013
1151	0.0394859	0.0416875
1152	0.0394732	0.0416739
1153	0.0394604	0.04166
1154	0.0394475	0.0416463
1155	0.0394347	0.0416326
1156	0.0394217	0.0416186
1157	0.0394088	0.0416049
1158	0.039396	0.041591
1159	0.0393831	0.0415771
1160	0.0393701	0.0415633
1161	0.0393571	0.0415493
1162	0.039344	0.0415354
1163	0.0393311	0.0415214
1164	0.0393181	0.0415076
1165	0.0393051	0.0414935
1166	0.0392921	0.0414796
1167	0.039279	0.0414656
1168	0.0392659	0.0414515
1169	0.0392528	0.0414375
1170	0.0392397	0.0414234
1171	0.0392266	0.0414093
1172	0.0392134	0.0413952
1173	0.0392002	0.0413811
1174	0.039187	0.0413669
1175	0.0391739	0.0413527
1176	0.0391606	0.0413386
1177	0.0391474	0.0413244
1178	0.0391341	0.0413102
1179	0.0391207	0.0412959
1180	0.0391074	0.0412817
1181	0.0390941	0.0412674
1182	0.0390808	0.0412531
1183	0.0390675	0.0412388
1184	0.0390541	0.0412244
1185	0.0390406	0.0412101
1186	0.0390273	0.0411956
1187	0.0390139	0.0411813
1188	0.0390004	0.0411668
1189	0.0389869	0.0411524
1190	0.0389734	0.0411379
1191	0.0389599	0.0411236
1192	0.0389464	0.041109
1193	0.0389328	0.0410944
1194	0.0389192	0.0410799
1195	0.0389057	0.0410654
1196	0.0388922	0.0410508
1197	0.0388785	0.0410361
1198	0.0388648	0.0410215
1199	0.0388512	0.0410069
1200	0.0388375	0.0409922
1201	0.0388239	0.0409775
1202	0.0388101	0.0409629
1203	0.0387964	0.0409481
1204	0.0387826	0.0409334
1205	0.0387688	0.0409185
1206	0.038755	0.0409038
1207	0.0387413	0.0408891
1208	0.0387275	0.0408742
1209	0.0387135	0.0408593
1210	0.0386997	0.0408445
1211	0.0386857	0.0408296
1212	0.0386719	0.0408147
1213	0.0386579	0.0407998
1214	0.0386441	0.0407849
1215	0.03863	0.0407699
1216	0.0386161	0.040755
1217	0.0386021	0.0407399
1218	0.0385881	0.0407248
1219	0.038574	0.0407099
1220	0.0385599	0.0406947
1221	0.0385458	0.0406796
1222	0.0385317	0.0406646
1223	0.0385176	0.0406494
1224	0.0385034	0.0406342
1225	0.0384893	0.0406191
1226	0.0384751	0.0406038
1227	0.038461	0.0405886
1228	0.0384467	0.0405733
1229	0.0384324	0.0405581
1230	0.0384181	0.0405428
1231	0.0384039	0.0405275
1232	0.0383896	0.0405123
1233	0.0383752	0.0404969
1234	0.0383609	0.0404815
1235	0.0383465	0.0404661
1236	0.0383322	0.0404508
1237	0.0383179	0.0404354
1238	0.0383033	0.0404199
1239	0.0382889	0.0404044
1240	0.0382744	0.0403889
1241	0.03826	0.0403734
1242	0.0382455	0.0403579
1243	0.0382309	0.0403422
1244	0.0382164	0.0403268
1245	0.0382019	0.0403111
1246	0.0381872	0.0402956
1247	0.0381726	0.0402798
1248	0.038158	0.0402642
1249	0.0381433	0.0402486
1250	0.0381287	0.0402327
1251	0.038114	0.0402171
1252	0.0380994	0.0402012
1253	0.0380847	0.0401855
1254	0.0380698	0.0401698
1255	0.038055	0.0401539
1256	0.0380403	0.0401381
1257	0.0380255	0.0401223
1258	0.0380106	0.0401065
1259	0.0379959	0.0400906
1260	0.0379809	0.0400746
1261	0.0379661	0.0400586
1262	0.0379512	0.0400427
1263	0.0379362	0.0400267
1264	0.0379212	0.0400106
1265	0.0379063	0.0399946
1266	0.0378913	0.0399786
1267	0.0378763	0.0399625
1268	0.0378613	0.0399464
1269	0.0378461	0.0399303
1270	0.0378311	0.0399141
1271	0.037816	0.0398979
1272	0.0378009	0.0398818
1273	0.0377857	0.0398656
1274	0.0377706	0.0398493
1275	0.0377553	0.0398331
1276	0.0377402	0.0398169
1277	0.0377249	0.0398006
1278	0.0377096	0.0397843
1279	0.0376944	0.0397679
1280	0.0376791	0.0397515
1281	0.0376638	0.0397351
1282	0.0376486	0.0397187
1283	0.0376331	0.0397023
1284	0.0376178	0.0396859
1285	0.0376024	0.0396694
1286	0.037587	0.0396529
1287	0.0375716	0.0396364
1288	0.0375561	0.0396198
1289	0.0375406	0.0396034
1290	0.0375251	0.0395868
1291	0.0375096	0.0395701
1292	0.0374941	0.0395535
1293	0.0374785	0.0395369
1294	0.0374629	0.0395202
1295	0.0374473	0.0395034
1296	0.0374318	0.0394867
1297	0.037416	0.03947
1298	0.0374004	0.0394533
1299	0.0373846	0.0394365
1300	0.037369	0.0394197
1301	0.0373533	0.0394029
1302	0.0373375	0.039386
1303	0.0373217	0.0393691
1304	0.037306	0.0393522
1305	0.0372901	0.0393353
1306	0.0372743	0.0393185
1307	0.0372584	0.0393014
1308	0.0372425	0.0392845
1309	0.0372267	0.0392675
1310	0.0372108	0.0392504
1311	0.0371948	0.0392334
1312	0.0371789	0.0392164
1313	0.0371629	0.0391993
1314	0.0371469	0.0391821
1315	0.0371308	0.0391651
1316	0.0371148	0.0391478
1317	0.0370987	0.0391307
1318	0.0370826	0.0391136
1319	0.0370665	0.0390962
1320	0.0370504	0.039079
1321	0.0370342	0.0390618
1322	0.037018	0.0390445
1323	0.0370019	0.0390272
1324	0.0369856	0.0390098
1325	0.0369694	0.0389925
1326	0.0369531	0.0389751
1327	0.0369368	0.0389577
1328	0.0369205	0.0389403
1329	0.0369042	0.0389228
1330	0.0368878	0.0389054
1331	0.0368715	0.0388879
1332	0.036855	0.0388704
1333	0.0368388	0.0388528
1334	0.0368222	0.0388353
1335	0.0368058	0.0388177
1336	0.0367894	0.0388
1337	0.0367729	0.0387825
1338	0.0367563	0.0387649
1339	0.0367398	0.0387471
1340	0.0367232	0.0387294
1341	0.0367066	0.0387118
1342	0.03669	0.0386941
1343	0.0366734	0.0386764
1344	0.0366568	0.0386585
1345	0.0366401	0.0386407
1346	0.0366234	0.0386229
1347	0.0366067	0.0386051
1348	0.0365901	0.0385872
1349	0.0365733	0.0385693
1350	0.0365565	0.0385514
1351	0.0365397	0.0385335
1352	0.036523	0.0385156
1353	0.0365061	0.0384976
1354	0.0364892	0.0384796
1355	0.0364723	0.0384616
1356	0.0364555	0.0384436
1357	0.0364386	0.0384256
1358	0.0364217	0.0384074
1359	0.0364047	0.0383894
1360	0.0363876	0.0383711
1361	0.0363707	0.038353
1362	0.0363537	0.0383348
1363	0.0363366	0.0383167
1364	0.0363195	0.0382984
1365	0.0363024	0.0382802
1366	0.0362853	0.038262
1367	0.0362682	0.0382437
1368	0.0362512	0.0382255
1369	0.0362339	0.0382072
1370	0.0362166	0.0381888
1371	0.0361995	0.0381705
1372	0.0361823	0.0381521
1373	0.0361651	0.0381336
1374	0.0361478	0.0381152
1375	0.0361305	0.0380968
1376	0.0361132	0.0380783
1377	0.0360959	0.0380598
1378	0.0360785	0.0380414
1379	0.0360611	0.0380228
1380	0.0360437	0.0380043
1381	0.0360263	0.0379857
1382	0.0360089	0.0379671
1383	0.0359914	0.0379485
1384	0.035974	0.0379299
1385	0.0359564	0.0379111
1386	0.0359389	0.0378925
1387	0.0359214	0.0378738
1388	0.0359039	0.037855
1389	0.0358863	0.0378363
1390	0.0358687	0.0378176
1391	0.035851	0.0377988
1392	0.0358334	0.03778
1393	0.0358157	0.0377612
1394	0.0357981	0.0377423
1395	0.0357804	0.0377234
1396	0.0357627	0.0377046
1397	0.035745	0.0376857
1398	0.0357273	0.0376668
1399	0.0357094	0.0376479
1400	0.0356916	0.0376289
1401	0.0356737	0.0376098
1402	0.0356559	0.0375908
1403	0.0356381	0.0375718
1404	0.0356202	0.0375527
1405	0.0356024	0.0375337
1406	0.0355844	0.0375146
1407	0.0355665	0.0374956
1408	0.0355484	0.0374764
1409	0.0355306	0.0374572
1410	0.0355125	0.037438
1411	0.0354946	0.0374189
1412	0.0354764	0.0373996
1413	0.0354584	0.0373804
1414	0.0354404	0.0373612
1415	0.0354223	0.0373419
1416	0.0354042	0.0373226
1417	0.0353861	0.0373033
1418	0.0353679	0.0372841
1419	0.0353498	0.0372647
1420	0.0353315	0.0372453
1421	0.0353133	0.0372259
1422	0.0352951	0.0372065
1423	0.0352769	0.0371872
1424	0.0352586	0.0371677
1425	0.0352403	0.0371483
1426	0.035222	0.0371287
1427	0.0352037	0.0371092
1428	0.0351854	0.0370897
1429	0.035167	0.0370701
1430	0.0351486	0.0370507
1431	0.0351303	0.037031
1432	0.0351118	0.0370114
1433	0.0350934	0.0369918
1434	0.0350749	0.0369723
1435	0.0350564	0.0369526
1436	0.035038	0.0369329
1437	0.0350194	0.0369132
1438	0.035001	0.0368935
1439	0.0349823	0.0368738
1440	0.0349638	0.0368541
1441	0.0349454	0.0368343
1442	0.0349267	0.0368145
1443	0.034908	0.0367947
1444	0.0348895	0.0367749
1445	0.0348708	0.0367552
1446	0.0348521	0.0367353
1447	0.0348335	0.0367154
1448	0.0348146	0.0366954
1449	0.034796	0.0366755
1450	0.0347772	0.0366556
1451	0.0347585	0.0366357
1452	0.0347397	0.0366157
1453	0.0347209	0.0365957
1454	0.0347021	0.0365758
1455	0.0346833	0.0365557
1456	0.0346645	0.0365358
1457	0.0346456	0.0365157
1458	0.0346268	0.0364957
1459	0.0346079	0.0364756
1460	0.0345889	0.0364556
1461	0.03457	0.0364355
1462	0.034551	0.0364153
1463	0.0345321	0.0363952
1464	0.0345132	0.036375
1465	0.0344942	0.0363548
1466	0.0344751	0.0363347
1467	0.0344562	0.0363145
1468	0.0344371	0.0362942
1469	0.034418	0.036274
1470	0.034399	0.0362538
1471	0.0343798	0.0362334
1472	0.0343608	0.0362132
1473	0.0343416	0.0361929
1474	0.0343224	0.0361726
1475	0.0343034	0.0361522
1476	0.0342842	0.0361318
1477	0.034265	0.0361115
1478	0.0342458	0.0360911
1479	0.0342266	0.0360708
1480	0.0342073	0.0360503
1481	0.0341881	0.0360299
1482	0.0341688	0.0360094
1483	0.0341496	0.035989
1484	0.0341303	0.0359685
1485	0.034111	0.035948
1486	0.0340916	0.0359275
1487	0.0340723	0.035907
1488	0.0340529	0.0358865
1489	0.0340336	0.0358659
1490	0.0340142	0.0358454
1491	0.0339948	0.0358248
1492	0.0339754	0.0358041
1493	0.033956	0.0357836
1494	0.0339365	0.0357631
1495	0.0339171	0.0357423
1496	0.0338976	0.0357217
1497	0.0338781	0.0357011
1498	0.0338586	0.0356804
1499	0.0338392	0.0356597
1500	0.0338196	0.0356391
1501	0.0338001	0.0356183
1502	0.0337806	0.0355977
1503	0.0337611	0.0355768
1504	0.0337414	0.0355562
1505	0.0337218	0.0355354
1506	0.0337022	0.0355146
1507	0.0336826	0.0354939
1508	0.033663	0.0354731
1509	0.0336433	0.0354523
1510	0.0336237	0.0354314
1511	0.033604	0.0354106
1512	0.0335843	0.0353897
1513	0.0335647	0.0353689
1514	0.0335449	0.035348
1515	0.0335253	0.0353271
1516	0.0335055	0.0353063
1517	0.0334858	0.0352852
1518	0.033466	0.0352644
1519	0.0334463	0.0352435
1520	0.0334265	0.0352225
1521	0.0334067	0.0352015
1522	0.0333869	0.0351806
1523	0.0333671	0.0351597
1524	0.0333474	0.0351387
1525	0.0333275	0.0351177
1526	0.0333076	0.0350967
1527	0.0332877	0.0350756
1528	0.033268	0.0350546
1529	0.033248	0.0350336
1530	0.0332281	0.0350126
1531	0.0332083	0.0349915
1532	0.0331884	0.0349705
1533	0.0331684	0.0349493
1534	0.0331486	0.0349283
1535	0.0331286	0.0349072
1536	0.0331086	0.0348861
1537	0.0330887	0.034865
1538	0.0330687	0.0348439
1539	0.0330487	0.0348227
1540	0.0330288	0.0348017
1541	0.0330088	0.0347804
1542	0.0329888	0.0347593
1543	0.0329688	0.0347381
1544	0.0329487	0.0347169
1545	0.0329288	0.0346958
1546	0.0329087	0.0346745
1547	0.0328886	0.0346534
1548	0.0328685	0.0346322
1549	0.0328485	0.034611
1550	0.0328285	0.0345898
1551	0.0328083	0.0345685
1552	0.0327883	0.0345473
1553	0.0327682	0.0345262
1554	0.0327481	0.0345049
1555	0.032728	0.0344836
1556	0.0327079	0.0344624
1557	0.0326878	0.0344411
1558	0.0326676	0.0344199
1559	0.0326475	0.0343986
1560	0.0326274	0.0343773
1561	0.0326072	0.034356
1562	0.0325871	0.0343346
1563	0.0325669	0.0343133
1564	0.0325467	0.0342921
1565	0.0325265	0.0342707
1566	0.0325064	0.0342495
1567	0.0324862	0.0342282
1568	0.032466	0.0342068
1569	0.0324457	0.0341855
1570	0.0324255	0.0341642
1571	0.0324054	0.0341429
1572	0.0323852	0.0341215
1573	0.0323649	0.0341001
1574	0.0323446	0.0340788
1575	0.0323245	0.0340574
1576	0.0323042	0.034036
1577	0.032284	0.0340146
1578	0.0322638	0.0339933
1579	0.0322434	0.033972
1580	0.0322232	0.0339506
1581	0.032203	0.0339292
1582	0.0321826	0.0339078
1583	0.0321624	0.0338865
1584	0.0321421	0.0338651
1585	0.0321218	0.0338436
1586	0.0321016	0.0338224
1587	0.0320813	0.0338009
1588	0.0320611	0.0337795
1589	0.0320408	0.0337581
1590	0.0320205	0.0337367
1591	0.0320001	0.0337153
1592	0.0319799	0.0336939
1593	0.0319596	0.0336725
1594	0.0319393	0.0336511
1595	0.031919	0.0336297
1596	0.0318987	0.0336083
1597	0.0318784	0.033587
1598	0.031858	0.0335655
1599	0.0318378	0.0335441
1600	0.0318175	0.0335227
1601	0.0317972	0.0335013
1602	0.0317769	0.0334799
1603	0.0317565	0.0334584
1604	0.0317363	0.0334371
1605	0.0317159	0.0334157
1606	0.0316956	0.0333942
1607	0.0316753	0.0333729
1608	0.031655	0.0333515
1609	0.0316347	0.0333301
1610	0.0316144	0.0333087
1611	0.0315941	0.0332873
1612	0.0315737	0.0332659
1613	0.0315535	0.0332445
1614	0.0315331	0.0332231
1615	0.0315128	0.0332017
1616	0.0314925	0.0331803
1617	0.0314723	0.033159
1618	0.0314519	0.0331375
1619	0.0314316	0.0331162
1620	0.0314113	0.0330948
1621	0.031391	0.0330734
1622	0.0313707	0.033052
1623	0.0313504	0.0330307
1624	0.0313301	0.0330093
1625	0.0313099	0.032988
1626	0.0312895	0.0329666
1627	0.0312692	0.0329453
1628	0.031249	0.032924
1629	0.0312287	0.0329026
1630	0.0312084	0.0328813
1631	0.0311881	0.03286
1632	0.0311678	0.0328386
1633	0.0311476	0.0328173
1634	0.0311274	0.0327961
1635	0.0311071	0.0327747
1636	0.0310869	0.0327534
1637	0.0310666	0.0327322
1638	0.0310464	0.0327109
1639	0.0310261	0.0326895
1640	0.031006	0.0326682
1641	0.0309858	0.032647
1642	0.0309655	0.0326257
1643	0.0309453	0.0326045
1644	0.030925	0.0325833
1645	0.0309048	0.032562
1646	0.0308848	0.0325408
1647	0.0308644	0.0325195
1648	0.0308443	0.0324984
1649	0.0308241	0.0324771
1650	0.030804	0.0324559
1651	0.0307838	0.0324347
1652	0.0307637	0.0324135
1653	0.0307435	0.0323924
1654	0.0307233	0.0323712
1655	0.0307033	0.03235
1656	0.0306831	0.0323289
1657	0.030663	0.0323078
1658	0.0306429	0.0322866
1659	0.0306228	0.0322655
1660	0.0306027	0.0322444
1661	0.0305826	0.0322233
1662	0.0305626	0.0322022
1663	0.0305425	0.0321811
1664	0.0305225	0.03216
1665	0.0305025	0.0321391
1666	0.0304824	0.0321179
1667	0.0304624	0.0320969
1668	0.0304424	0.0320759
1669	0.0304224	0.0320549
1670	0.0304024	0.0320339
1671	0.0303824	0.0320129
1672	0.0303624	0.0319919
1673	0.0303423	0.0319709
1674	0.0303225	0.0319499
1675	0.0303025	0.031929
1676	0.0302826	0.0319081
1677	0.0302626	0.0318872
1678	0.0302428	0.0318663
1679	0.0302229	0.0318454
1680	0.030203	0.0318245
1681	0.0301831	0.0318037
1682	0.0301632	0.0317828
1683	0.0301434	0.0317619
1684	0.0301235	0.0317411
1685	0.0301037	0.0317203
1686	0.0300839	0.0316994
1687	0.0300641	0.0316788
1688	0.0300444	0.031658
1689	0.0300246	0.0316372
1690	0.0300049	0.0316165
1691	0.0299851	0.0315958
1692	0.0299654	0.0315751
1693	0.0299457	0.0315544
1694	0.029926	0.0315337
1695	0.0299063	0.0315131
1696	0.0298866	0.0314924
1697	0.029867	0.0314718
1698	0.0298473	0.0314511
1699	0.0298277	0.0314306
1700	0.0298082	0.03141
1701	0.0297885	0.0313895
1702	0.0297689	0.0313689
1703	0.0297494	0.0313484
1704	0.0297299	0.0313279
1705	0.0297104	0.0313074
1706	0.0296908	0.0312869
1707	0.0296713	0.0312665
1708	0.0296518	0.031246
1709	0.0296323	0.0312256
1710	0.0296129	0.0312052
1711	0.0295935	0.0311849
1712	0.0295741	0.0311645
1713	0.0295547	0.0311441
1714	0.0295353	0.0311238
1715	0.0295159	0.0311035
1716	0.0294966	0.0310832
1717	0.0294772	0.0310629
1718	0.029458	0.0310427
1719	0.0294387	0.0310225
1720	0.0294194	0.0310023
1721	0.0294001	0.0309821
1722	0.0293809	0.0309619
1723	0.0293617	0.0309418
1724	0.0293425	0.0309217
1725	0.0293234	0.0309015
1726	0.0293042	0.0308815
1727	0.0292851	0.0308614
1728	0.029266	0.0308414
1729	0.0292468	0.0308214
1730	0.0292278	0.0308013
1731	0.0292088	0.0307814
1732	0.0291896	0.0307614
1733	0.0291706	0.0307415
1734	0.0291517	0.0307216
1735	0.0291327	0.0307017
1736	0.0291137	0.0306819
1737	0.0290948	0.030662
1738	0.0290759	0.0306421
1739	0.0290571	0.0306224
1740	0.0290382	0.0306026
1741	0.0290194	0.0305828
1742	0.0290006	0.0305631
1743	0.0289817	0.0305434
1744	0.028963	0.0305237
1745	0.0289442	0.0305042
1746	0.0289255	0.0304845
1747	0.0289068	0.0304648
1748	0.0288881	0.0304453
1749	0.0288694	0.0304257
1750	0.0288508	0.0304062
1751	0.0288322	0.0303867
1752	0.0288136	0.0303671
1753	0.0287951	0.0303477
1754	0.0287765	0.0303282
1755	0.0287579	0.0303088
1756	0.0287395	0.0302895
1757	0.0287209	0.0302701
1758	0.0287025	0.0302508
1759	0.0286841	0.0302314
1760	0.0286657	0.0302122
1761	0.0286473	0.0301929
1762	0.028629	0.0301737
1763	0.0286107	0.0301545
1764	0.0285924	0.0301353
1765	0.0285741	0.0301161
1766	0.0285558	0.030097
1767	0.0285376	0.0300779
1768	0.0285194	0.0300589
1769	0.0285012	0.0300399
1770	0.0284831	0.0300208
1771	0.028465	0.0300018
1772	0.0284469	0.0299828
1773	0.0284288	0.0299639
1774	0.0284108	0.029945
1775	0.0283927	0.0299261
1776	0.0283748	0.0299073
1777	0.0283568	0.0298884
1778	0.0283389	0.0298697
1779	0.0283209	0.0298509
1780	0.0283031	0.0298321
1781	0.0282852	0.0298135
1782	0.0282673	0.0297947
1783	0.0282496	0.0297761
1784	0.0282318	0.0297574
1785	0.028214	0.0297389
1786	0.0281964	0.0297203
1787	0.0281787	0.0297018
1788	0.0281609	0.0296833
1789	0.0281434	0.0296647
1790	0.0281257	0.0296464
1791	0.0281081	0.0296279
1792	0.0280906	0.0296094
1793	0.0280732	0.0295912
1794	0.0280556	0.0295728
1795	0.0280382	0.0295545
1796	0.0280207	0.0295363
1797	0.0280033	0.029518
1798	0.0279859	0.0294998
1799	0.0279686	0.0294816
1800	0.0279512	0.0294634
1801	0.0279339	0.0294453
1802	0.0279167	0.0294272
1803	0.0278994	0.0294092
1804	0.0278823	0.0293911
1805	0.0278651	0.0293732
1806	0.027848	0.0293552
1807	0.0278308	0.0293372
1808	0.0278137	0.0293193
1809	0.0277967	0.0293014
1810	0.0277797	0.0292836
1811	0.0277627	0.0292657
1812	0.0277457	0.029248
1813	0.0277288	0.0292303
1814	0.0277119	0.0292125
1815	0.027695	0.0291948
1816	0.0276781	0.0291772
1817	0.0276613	0.0291596
1818	0.0276446	0.029142
1819	0.0276278	0.0291244
1820	0.0276112	0.0291069
1821	0.0275944	0.0290895
1822	0.0275778	0.029072
1823	0.0275611	0.0290545
1824	0.0275445	0.0290372
1825	0.027528	0.0290198
1826	0.0275115	0.0290025
1827	0.027495	0.0289851
1828	0.0274785	0.028968
1829	0.0274621	0.0289506
1830	0.0274456	0.0289334
1831	0.0274293	0.0289162
1832	0.027413	0.0288991
1833	0.0273966	0.028882
1834	0.0273803	0.028865
1835	0.0273641	0.0288478
1836	0.0273479	0.0288309
1837	0.0273316	0.0288139
1838	0.0273155	0.028797
1839	0.0272994	0.0287801
1840	0.0272833	0.0287632
1841	0.0272673	0.0287463
1842	0.0272512	0.0287296
1843	0.0272352	0.0287129
1844	0.0272193	0.0286961
1845	0.0272034	0.0286794
1846	0.0271874	0.0286627
1847	0.0271716	0.028646
1848	0.0271558	0.0286294
1849	0.02714	0.0286129
1850	0.0271242	0.0285964
1851	0.0271085	0.0285799
1852	0.0270928	0.0285634
1853	0.0270772	0.0285469
1854	0.0270615	0.0285305
1855	0.0270459	0.0285142
1856	0.0270304	0.0284979
1857	0.0270148	0.0284816
1858	0.0269993	0.0284653
1859	0.0269838	0.0284491
1860	0.0269684	0.0284328
1861	0.0269531	0.0284167
1862	0.0269377	0.0284006
1863	0.0269223	0.0283846
1864	0.026907	0.0283685
1865	0.0268917	0.0283524
1866	0.0268764	0.0283364
1867	0.0268613	0.0283205
1868	0.0268461	0.0283046
1869	0.026831	0.0282887
1870	0.0268159	0.0282728
1871	0.0268008	0.028257
1872	0.0267858	0.0282412
1873	0.0267708	0.0282254
1874	0.0267558	0.0282098
1875	0.0267409	0.0281941
1876	0.0267259	0.0281784
1877	0.026711	0.0281628
1878	0.0266963	0.0281472
1879	0.0266815	0.0281317
1880	0.0266667	0.0281162
1881	0.0266519	0.0281007
1882	0.0266373	0.0280852
1883	0.0266227	0.0280698
1884	0.026608	0.0280545
1885	0.0265933	0.0280392
1886	0.0265788	0.0280239
1887	0.0265642	0.0280086
1888	0.0265497	0.0279934
1889	0.0265353	0.0279782
1890	0.0265208	0.027963
1891	0.0265064	0.0279479
1892	0.0264921	0.0279328
1893	0.0264777	0.0279177
1894	0.0264634	0.0279028
1895	0.0264492	0.0278877
1896	0.0264349	0.0278728
1897	0.0264207	0.0278579
1898	0.0264066	0.027843
1899	0.0263924	0.0278281
1900	0.0263784	0.0278133
1901	0.0263643	0.0277985
1902	0.0263502	0.0277838
1903	0.0263362	0.0277691
1904	0.0263223	0.0277545
1905	0.0263083	0.0277398
1906	0.0262945	0.0277252
1907	0.0262806	0.0277106
1908	0.0262667	0.0276961
1909	0.026253	0.0276816
1910	0.0262392	0.0276671
1911	0.0262254	0.0276527
1912	0.0262117	0.0276383
1913	0.0261981	0.027624
1914	0.0261844	0.0276096
1915	0.0261709	0.0275953
1916	0.0261573	0.027581
1917	0.0261437	0.0275668
1918	0.0261302	0.0275527
1919	0.0261168	0.0275385
1920	0.0261034	0.0275243
1921	0.0260899	0.0275103
1922	0.0260766	0.0274961
1923	0.0260633	0.0274821
1924	0.02605	0.0274682
1925	0.0260367	0.0274542
1926	0.0260235	0.0274403
1927	0.0260102	0.0274264
1928	0.0259971	0.0274126
1929	0.025984	0.0273988
1930	0.0259709	0.0273849
1931	0.0259578	0.0273712
1932	0.0259447	0.0273574
1933	0.0259318	0.0273438
1934	0.0259187	0.0273302
1935	0.0259058	0.0273165
1936	0.0258929	0.0273029
1937	0.0258801	0.0272894
1938	0.0258672	0.0272759
1939	0.0258544	0.0272624
1940	0.0258417	0.027249
1941	0.0258289	0.0272356
1942	0.0258162	0.0272222
1943	0.0258035	0.0272089
1944	0.0257908	0.0271956
1945	0.0257782	0.0271823
1946	0.0257657	0.027169
1947	0.0257531	0.0271558
1948	0.0257406	0.0271426
1949	0.0257281	0.0271295
1950	0.0257157	0.0271164
1951	0.0257033	0.0271033
1952	0.0256908	0.0270902
1953	0.0256785	0.0270772
1954	0.0256662	0.0270643
1955	0.0256539	0.0270513
1956	0.0256416	0.0270384
1957	0.0256294	0.0270255
1958	0.0256172	0.0270127
1959	0.025605	0.0269999
1960	0.0255929	0.0269871
1961	0.0255808	0.0269744
1962	0.0255687	0.0269616
1963	0.0255567	0.026949
1964	0.0255447	0.0269363
1965	0.0255327	0.0269237
1966	0.0255208	0.0269111
1967	0.0255089	0.0268986
1968	0.025497	0.026886
1969	0.0254851	0.0268736
1970	0.0254733	0.0268611
1971	0.0254615	0.0268487
1972	0.0254498	0.0268363
1973	0.0254381	0.0268239
1974	0.0254264	0.0268116
1975	0.0254147	0.0267994
1976	0.0254031	0.026787
1977	0.0253915	0.0267748
1978	0.0253799	0.0267626
1979	0.0253684	0.0267505
1980	0.0253568	0.0267383
1981	0.0253454	0.0267262
1982	0.0253339	0.0267141
1983	0.0253225	0.0267021
1984	0.0253111	0.0266901
1985	0.0252997	0.0266781
1986	0.0252884	0.0266662
1987	0.0252771	0.0266543
1988	0.0252659	0.0266424
1989	0.0252546	0.0266305
1990	0.0252434	0.0266187
1991	0.0252322	0.0266069
1992	0.0252211	0.0265952
1993	0.02521	0.0265834
1994	0.0251989	0.0265718
1995	0.0251878	0.0265601
1996	0.0251768	0.0265485
1997	0.0251658	0.0265368
1998	0.0251548	0.0265252
1999	0.0251439	0.0265137
2000	0.025133	0.0265022
2001	0.0251221	0.0264907
2002	0.0251112	0.0264793
2003	0.0251004	0.0264679
2004	0.0250896	0.0264565
2005	0.0250789	0.0264451
2006	0.0250681	0.0264337
2007	0.0250574	0.0264225
2008	0.0250467	0.0264112
2009	0.0250361	0.0264
2010	0.0250255	0.0263887
2011	0.0250149	0.0263776
2012	0.0250043	0.0263664
2013	0.0249937	0.0263553
2014	0.0249832	0.0263442
2015	0.0249728	0.0263331
2016	0.0249624	0.0263221
2017	0.0249519	0.0263111
2018	0.0249415	0.0263001
2019	0.0249311	0.0262892
2020	0.0249208	0.0262783
2021	0.0249105	0.0262673
2022	0.0249002	0.0262566
2023	0.0248899	0.0262457
2024	0.0248797	0.0262349
2025	0.0248696	0.0262241
2026	0.0248594	0.0262134
2027	0.0248492	0.0262026
2028	0.0248391	0.026192
2029	0.024829	0.0261813
2030	0.024819	0.0261707
2031	0.0248089	0.0261601
2032	0.0247989	0.0261495
2033	0.0247889	0.026139
2034	0.024779	0.0261284
2035	0.024769	0.0261179
2036	0.0247592	0.0261075
2037	0.0247492	0.0260971
2038	0.0247394	0.0260867
2039	0.0247296	0.0260763
2040	0.0247198	0.0260659
2041	0.0247101	0.0260556
2042	0.0247003	0.0260453
2043	0.0246906	0.0260351
2044	0.024681	0.0260248
2045	0.0246713	0.0260146
2046	0.0246616	0.0260044
2047	0.024652	0.0259943
2048	0.0246424	0.0259842
2049	0.0246329	0.025974
2050	0.0246234	0.0259639
2051	0.0246139	0.0259539
2052	0.0246044	0.0259439
2053	0.0245949	0.0259339
2054	0.0245855	0.0259239
2055	0.0245761	0.025914
2056	0.0245667	0.0259041
2057	0.0245573	0.0258942
2058	0.0245481	0.0258843
2059	0.0245387	0.0258745
2060	0.0245295	0.0258647
2061	0.0245202	0.0258549
2062	0.024511	0.0258451
2063	0.0245018	0.0258354
2064	0.0244926	0.0258257
2065	0.0244835	0.025816
2066	0.0244743	0.0258063
2067	0.0244652	0.0257967
2068	0.0244561	0.0257871
2069	0.0244471	0.0257775
2070	0.024438	0.025768
2071	0.0244291	0.0257584
2072	0.0244201	0.025749
2073	0.0244111	0.0257395
2074	0.0244022	0.02573
2075	0.0243933	0.0257206
2076	0.0243844	0.0257113
2077	0.0243756	0.0257019
2078	0.0243668	0.0256925
2079	0.0243579	0.0256832
2080	0.0243491	0.0256739
2081	0.0243404	0.0256646
2082	0.0243316	0.0256554
2083	0.0243229	0.0256462
2084	0.0243142	0.0256369
2085	0.0243056	0.0256277
2086	0.0242969	0.0256186
2087	0.0242883	0.0256095
2088	0.0242797	0.0256004
2089	0.0242711	0.0255913
2090	0.0242625	0.0255823
2091	0.024254	0.0255732
2092	0.0242455	0.0255642
2093	0.0242371	0.0255552
2094	0.0242286	0.0255463
2095	0.0242202	0.0255373
2096	0.0242117	0.0255285
2097	0.0242033	0.0255196
2098	0.0241949	0.0255107
2099	0.0241866	0.0255019
2100	0.0241783	0.025493
2101	0.0241699	0.0254842
2102	0.0241616	0.0254755
2103	0.0241535	0.0254667
2104	0.0241452	0.025458
2105	0.0241369	0.0254493
2106	0.0241288	0.0254406
2107	0.0241206	0.025432
2108	0.0241124	0.0254233
2109	0.0241043	0.0254147
2110	0.0240962	0.0254061
2111	0.0240881	0.0253976
2112	0.0240801	0.0253891
2113	0.024072	0.0253805
2114	0.024064	0.025372
2115	0.024056	0.0253635
2116	0.024048	0.0253551
2117	0.0240401	0.0253466
2118	0.0240321	0.0253383
2119	0.0240242	0.0253299
2120	0.0240163	0.0253216
2121	0.0240084	0.0253132
2122	0.0240006	0.0253049
2123	0.0239927	0.0252965
2124	0.023985	0.0252883
2125	0.0239771	0.02528
2126	0.0239694	0.0252718
2127	0.0239616	0.0252636
2128	0.0239539	0.0252554
2129	0.0239462	0.0252472
2130	0.0239385	0.0252391
2131	0.0239308	0.025231
2132	0.0239232	0.0252229
2133	0.0239155	0.0252148
2134	0.023908	0.0252067
2135	0.0239004	0.0251987
2136	0.0238928	0.0251907
2137	0.0238853	0.0251826
2138	0.0238777	0.0251747
2139	0.0238702	0.0251667
2140	0.0238627	0.0251588
2141	0.0238553	0.0251509
2142	0.0238478	0.025143
2143	0.0238404	0.0251351
2144	0.0238329	0.0251273
2145	0.0238255	0.0251194
2146	0.0238181	0.0251116
2147	0.0238108	0.0251038
2148	0.0238035	0.025096
2149	0.0237962	0.0250883
2150	0.0237889	0.0250805
2151	0.0237816	0.0250728
2152	0.0237743	0.0250651
2153	0.0237671	0.0250574
2154	0.0237599	0.0250498
2155	0.0237527	0.0250422
2156	0.0237455	0.0250345
2157	0.0237383	0.0250269
2158	0.0237312	0.0250194
2159	0.0237241	0.0250118
2160	0.023717	0.0250043
2161	0.0237098	0.0249968
2162	0.0237028	0.0249893
2163	0.0236957	0.0249818
2164	0.0236887	0.0249743
2165	0.0236816	0.0249669
2166	0.0236746	0.0249595
2167	0.0236677	0.0249521
2168	0.0236607	0.0249447
2169	0.0236537	0.0249374
2170	0.0236468	0.02493
2171	0.0236399	0.0249227
2172	0.023633	0.0249153
2173	0.0236261	0.0249081
2174	0.0236193	0.0249008
2175	0.0236125	0.0248935
2176	0.0236056	0.0248863
2177	0.0235988	0.0248791
2178	0.023592	0.0248719
2179	0.0235852	0.0248647
2180	0.0235785	0.0248576
2181	0.0235718	0.0248504
2182	0.023565	0.0248433
2183	0.0235583	0.0248362
2184	0.0235517	0.0248291
2185	0.023545	0.024822
2186	0.0235383	0.024815
2187	0.0235317	0.0248079
2188	0.0235251	0.0248009
2189	0.0235185	0.0247939
2190	0.0235119	0.0247869
2191	0.0235053	0.02478
2192	0.0234988	0.024773
2193	0.0234922	0.0247661
2194	0.0234857	0.0247592
2195	0.0234792	0.0247523
2196	0.0234727	0.0247455
2197	0.0234662	0.0247386
2198	0.0234598	0.0247317
2199	0.0234533	0.0247249
2200	0.0234469	0.0247181
2201	0.0234405	0.0247113
2202	0.0234342	0.0247045
2203	0.0234277	0.0246978
2204	0.0234214	0.024691
2205	0.0234151	0.0246843
2206	0.0234087	0.0246776
2207	0.0234024	0.0246708
2208	0.0233961	0.0246642
2209	0.0233898	0.0246576
2210	0.0233836	0.0246509
2211	0.0233773	0.0246443
2212	0.0233711	0.0246377
2213	0.0233649	0.0246311
2214	0.0233587	0.0246246
2215	0.0233525	0.024618
2216	0.0233463	0.0246114
2217	0.0233401	0.0246049
2218	0.023334	0.0245984
2219	0.0233278	0.0245919
2220	0.0233217	0.0245854
2221	0.0233156	0.0245789
2222	0.0233096	0.0245726
2223	0.0233035	0.0245661
2224	0.0232975	0.0245596
2225	0.0232914	0.0245533
2226	0.0232854	0.0245469
2227	0.0232794	0.0245405
2228	0.0232734	0.0245342
2229	0.0232674	0.0245279
2230	0.0232615	0.0245215
2231	0.0232555	0.0245152
2232	0.0232496	0.0245089
2233	0.0232437	0.0245027
2234	0.0232377	0.0244964
2235	0.0232319	0.0244901
2236	0.023226	0.0244839
2237	0.0232201	0.0244777
2238	0.0232143	0.0244715
2239	0.0232085	0.0244653
2240	0.0232026	0.0244591
2241	0.0231968	0.0244529
2242	0.023191	0.0244468
2243	0.0231853	0.0244407
2244	0.0231795	0.0244346
2245	0.0231737	0.0244285
2246	0.023168	0.0244225
2247	0.0231622	0.0244164
2248	0.0231566	0.0244103
2249	0.0231509	0.0244043
2250	0.0231452	0.0243983
2251	0.0231395	0.0243922
2252	0.0231339	0.0243862
2253	0.0231282	0.0243802
2254	0.0231226	0.0243743
2255	0.023117	0.0243684
2256	0.0231114	0.0243624
2257	0.0231058	0.0243565
2258	0.0231002	0.0243506
2259	0.0230947	0.0243447
2260	0.0230891	0.0243388
2261	0.0230836	0.0243329
2262	0.023078	0.0243271
2263	0.0230725	0.0243213
2264	0.0230671	0.0243155
2265	0.0230616	0.0243097
2266	0.0230561	0.0243039
2267	0.0230506	0.024298
2268	0.0230452	0.0242923
2269	0.0230397	0.0242866
2270	0.0230343	0.0242808
2271	0.023029	0.0242751
2272	0.0230235	0.0242694
2273	0.0230181	0.0242637
2274	0.0230128	0.024258
2275	0.0230074	0.0242523
2276	0.0230021	0.0242466
2277	0.0229968	0.024241
2278	0.0229914	0.0242354
2279	0.0229861	0.0242297
2280	0.0229808	0.0242241
2281	0.0229756	0.0242185
2282	0.0229703	0.0242129
2283	0.0229651	0.0242074
2284	0.0229598	0.0242019
2285	0.0229546	0.0241963
2286	0.0229494	0.0241908
2287	0.0229442	0.0241853
2288	0.022939	0.0241797
2289	0.0229338	0.0241743
2290	0.0229286	0.0241688
2291	0.0229235	0.0241633
2292	0.0229183	0.0241579
2293	0.0229131	0.0241524
2294	0.0229081	0.024147
2295	0.0229029	0.0241416
2296	0.0228978	0.0241362
2297	0.0228927	0.0241308
2298	0.0228877	0.0241255
2299	0.0228826	0.02412
2300	0.0228776	0.0241147
2301	0.0228725	0.0241094
2302	0.0228675	0.024104
2303	0.0228624	0.0240987
2304	0.0228574	0.0240934
2305	0.0228524	0.0240881
2306	0.0228475	0.0240828
2307	0.0228425	0.0240776
2308	0.0228375	0.0240723
2309	0.0228326	0.0240671
2310	0.0228277	0.0240619
2311	0.0228227	0.0240567
2312	0.0228178	0.0240515
2313	0.0228129	0.0240463
2314	0.022808	0.0240411
2315	0.0228032	0.0240359
2316	0.0227983	0.0240307
2317	0.0227933	0.0240256
2318	0.0227885	0.0240205
2319	0.0227837	0.0240153
2320	0.0227789	0.0240102
2321	0.022774	0.0240051
2322	0.0227692	0.0240001
2323	0.0227645	0.023995
2324	0.0227597	0.0239899
2325	0.0227549	0.0239849
2326	0.0227501	0.0239798
2327	0.0227454	0.0239748
2328	0.0227406	0.0239697
2329	0.0227359	0.0239647
2330	0.0227312	0.0239597
2331	0.0227265	0.0239548
2332	0.0227218	0.0239498
2333	0.0227171	0.0239448
2334	0.0227124	0.0239398
2335	0.0227077	0.0239349
2336	0.0227031	0.0239299
2337	0.0226984	0.023925
2338	0.0226938	0.0239202
2339	0.0226892	0.0239153
2340	0.0226845	0.0239104
2341	0.02268	0.0239055
2342	0.0226753	0.0239006
2343	0.0226707	0.0238958
2344	0.0226662	0.0238909
2345	0.0226616	0.0238861
2346	0.0226571	0.0238813
2347	0.0226525	0.0238765
2348	0.022648	0.0238717
2349	0.0226434	0.0238669
2350	0.0226389	0.0238621
2351	0.0226344	0.0238573
2352	0.02263	0.0238526
2353	0.0226254	0.0238479
2354	0.022621	0.0238431
2355	0.0226165	0.0238384
2356	0.022612	0.0238337
2357	0.0226076	0.023829
2358	0.0226032	0.0238243
2359	0.0225987	0.0238196
2360	0.0225943	0.0238149
2361	0.0225899	0.0238103
2362	0.0225855	0.0238056
2363	0.0225811	0.023801
2364	0.0225767	0.0237964
2365	0.0225724	0.0237917
2366	0.022568	0.0237871
2367	0.0225636	0.0237825
2368	0.0225593	0.0237779
2369	0.022555	0.0237733
2370	0.0225506	0.0237688
2371	0.0225463	0.0237642
2372	0.022542	0.0237597
2373	0.0225377	0.0237551
2374	0.0225334	0.0237506
2375	0.0225292	0.023746
2376	0.0225249	0.0237415
2377	0.0225206	0.023737
2378	0.0225164	0.0237325
2379	0.0225122	0.0237281
2380	0.0225079	0.0237236
2381	0.0225037	0.0237191
2382	0.0224995	0.0237147
2383	0.0224953	0.0237102
2384	0.0224911	0.0237058
2385	0.0224869	0.0237013
2386	0.0224827	0.0236969
2387	0.0224786	0.0236925
2388	0.0224744	0.0236881
2389	0.0224702	0.0236838
2390	0.0224661	0.0236794
2391	0.022462	0.023675
2392	0.0224578	0.0236707
2393	0.0224537	0.0236663
2394	0.0224496	0.023662
2395	0.0224455	0.0236576
2396	0.0224414	0.0236533
2397	0.0224373	0.023649
2398	0.0224333	0.0236447
2399	0.0224292	0.0236404
2400	0.0224251	0.0236361
2401	0.0224211	0.0236319
2402	0.0224171	0.0236276
2403	0.022413	0.0236233
2404	0.022409	0.023619
2405	0.022405	0.0236148
2406	0.022401	0.0236106
2407	0.022397	0.0236063
2408	0.0223931	0.0236022
2409	0.022389	0.0235979
2410	0.0223851	0.0235938
2411	0.0223811	0.0235896
2412	0.0223772	0.0235854
2413	0.0223732	0.0235813
2414	0.0223692	0.0235771
2415	0.0223654	0.0235729
2416	0.0223614	0.0235688
2417	0.0223575	0.0235646
2418	0.0223536	0.0235606
2419	0.0223497	0.0235564
2420	0.0223458	0.0235523
2421	0.0223419	0.0235482
2422	0.0223381	0.0235441
2423	0.0223342	0.02354
2424	0.0223303	0.0235359
2425	0.0223265	0.0235319
2426	0.0223227	0.0235278
2427	0.0223188	0.0235238
2428	0.022315	0.0235197
2429	0.0223111	0.0235157
2430	0.0223074	0.0235117
2431	0.0223036	0.0235077
2432	0.0222998	0.0235037
2433	0.022296	0.0234997
2434	0.0222922	0.0234957
2435	0.0222884	0.0234917
2436	0.0222847	0.0234877
2437	0.0222809	0.0234838
2438	0.0222771	0.0234798
2439	0.0222734	0.0234759
2440	0.0222697	0.023472
2441	0.0222659	0.023468
2442	0.0222622	0.0234641
2443	0.0222586	0.0234602
2444	0.0222548	0.0234563
2445	0.0222511	0.0234524
2446	0.0222475	0.0234485
2447	0.0222437	0.0234447
2448	0.0222401	0.0234407
2449	0.0222364	0.0234369
2450	0.0222328	0.023433
2451	0.0222291	0.0234292
2452	0.0222255	0.0234253
2453	0.0222219	0.0234215
2454	0.0222182	0.0234177
2455	0.0222146	0.0234138
2456	0.022211	0.02341
2457	0.0222074	0.0234062
2458	0.0222038	0.0234024
2459	0.0222002	0.0233986
2460	0.0221966	0.0233949
2461	0.022193	0.0233911
2462	0.0221894	0.0233873
2463	0.0221859	0.0233836
2464	0.0221823	0.0233798
2465	0.0221788	0.023376
2466	0.0221753	0.0233723
2467	0.0221717	0.0233686
2468	0.0221681	0.0233649
2469	0.0221647	0.0233612
2470	0.0221611	0.0233575
2471	0.0221576	0.0233537
2472	0.0221541	0.02335
2473	0.0221507	0.0233464
2474	0.0221472	0.0233427
2475	0.0221437	0.023339
2476	0.0221402	0.0233354
2477	0.0221368	0.0233317
2478	0.0221333	0.0233281
2479	0.0221298	0.0233245
2480	0.0221264	0.0233208
2481	0.0221229	0.0233172
2482	0.0221195	0.0233136
2483	0.0221161	0.02331
2484	0.0221127	0.0233064
2485	0.0221092	0.0233028
2486	0.0221058	0.0232992
2487	0.0221024	0.0232956
2488	0.0220991	0.023292
2489	0.0220957	0.0232885
2490	0.0220923	0.0232849
2491	0.022089	0.0232814
2492	0.0220855	0.0232778
2493	0.0220822	0.0232743
2494	0.0220789	0.0232707
2495	0.0220755	0.0232672
2496	0.0220722	0.0232637
2497	0.0220688	0.0232602
2498	0.0220655	0.0232567
2499	0.0220622	0.0232532
2500	0.0220589	0.0232497
2501	0.0220556	0.0232462
2502	0.0220523	0.0232428
2503	0.022049	0.0232393
2504	0.0220457	0.0232359
2505	0.0220424	0.0232324
2506	0.0220391	0.023229
2507	0.0220359	0.0232255
2508	0.0220327	0.023222
2509	0.0220294	0.0232186
2510	0.0220261	0.0232152
2511	0.0220229	0.0232118
2512	0.0220197	0.0232084
2513	0.0220164	0.023205
2514	0.0220132	0.0232016
2515	0.0220099	0.0231982
2516	0.0220067	0.0231948
2517	0.0220035	0.0231915
2518	0.0220004	0.0231881
2519	0.0219972	0.0231847
2520	0.021994	0.0231813
2521	0.0219908	0.023178
2522	0.0219877	0.0231747
2523	0.0219844	0.0231713
2524	0.0219813	0.023168
2525	0.0219781	0.0231647
2526	0.021975	0.0231614
2527	0.0219718	0.0231581
2528	0.0219687	0.0231547
2529	0.0219656	0.0231515
2530	0.0219624	0.0231482
2531	0.0219594	0.0231449
2532	0.0219562	0.0231416
2533	0.0219531	0.0231383
2534	0.02195	0.0231351
2535	0.0219469	0.0231318
2536	0.0219438	0.0231286
2537	0.0219407	0.0231253
2538	0.0219376	0.0231221
2539	0.0219346	0.0231188
2540	0.0219315	0.0231157
2541	0.0219284	0.0231124
2542	0.0219254	0.0231092
2543	0.0219223	0.023106
2544	0.0219193	0.0231028
2545	0.0219162	0.0230996
2546	0.0219132	0.0230964
2547	0.0219102	0.0230932
2548	0.0219071	0.02309
2549	0.0219041	0.0230868
2550	0.0219011	0.0230837
2551	0.0218981	0.0230805
2552	0.0218951	0.0230773
2553	0.0218921	0.0230742
2554	0.0218891	0.0230711
2555	0.0218862	0.023068
2556	0.0218832	0.0230648
2557	0.0218802	0.0230617
2558	0.0218772	0.0230586
2559	0.0218743	0.0230555
2560	0.0218714	0.0230523
2561	0.0218684	0.0230492
2562	0.0218655	0.0230462
2563	0.0218625	0.0230431
2564	0.0218595	0.02304
2565	0.0218566	0.0230369
2566	0.0218537	0.0230339
2567	0.0218508	0.0230308
2568	0.0218479	0.0230278
2569	0.021845	0.0230247
2570	0.021842	0.0230216
2571	0.0218392	0.0230186
2572	0.0218363	0.0230156
2573	0.0218334	0.0230125
2574	0.0218305	0.0230095
2575	0.0218277	0.0230064
2576	0.0218247	0.0230034
2577	0.0218219	0.0230004
2578	0.021819	0.0229974
2579	0.0218162	0.0229945
2580	0.0218133	0.0229914
2581	0.0218105	0.0229885
2582	0.0218077	0.0229855
2583	0.0218049	0.0229825
2584	0.021802	0.0229795
2585	0.0217992	0.0229766
2586	0.0217964	0.0229736
2587	0.0217935	0.0229707
2588	0.0217907	0.0229677
2589	0.0217879	0.0229647
2590	0.0217852	0.0229618
2591	0.0217824	0.0229589
2592	0.0217795	0.022956
2593	0.0217768	0.022953
2594	0.021774	0.0229502
2595	0.0217712	0.0229472
2596	0.0217684	0.0229443
2597	0.0217657	0.0229414
2598	0.0217629	0.0229385
2599	0.0217601	0.0229357
2600	0.0217575	0.0229328
2601	0.0217547	0.0229299
2602	0.021752	0.022927
2603	0.0217492	0.0229242
2604	0.0217465	0.0229213
2605	0.0217438	0.0229184
2606	0.021741	0.0229155
2607	0.0217383	0.0229127
2608	0.0217356	0.0229099
2609	0.0217329	0.0229071
2610	0.0217303	0.0229042
2611	0.0217275	0.0229014
2612	0.0217249	0.0228986
2613	0.0217222	0.0228957
2614	0.0217195	0.0228929
2615	0.0217168	0.0228901
2616	0.0217141	0.0228873
2617	0.0217114	0.0228846
2618	0.0217088	0.0228817
2619	0.0217062	0.022879
2620	0.0217035	0.0228762
2621	0.0217009	0.0228734
2622	0.0216982	0.0228706
2623	0.0216956	0.0228678
2624	0.0216929	0.0228651
2625	0.0216903	0.0228624
2626	0.0216877	0.0228596
2627	0.0216851	0.0228569
2628	0.0216825	0.0228542
2629	0.0216799	0.0228514
2630	0.0216773	0.0228487
2631	0.0216746	0.022846
2632	0.021672	0.0228432
2633	0.0216695	0.0228405
2634	0.0216669	0.0228377
2635	0.0216643	0.0228351
2636	0.0216617	0.0228324
2637	0.0216591	0.0228297
2638	0.0216566	0.022827
2639	0.021654	0.0228243
2640	0.0216514	0.0228216
2641	0.0216489	0.0228189
2642	0.0216464	0.0228162
2643	0.0216438	0.0228136
2644	0.0216413	0.0228109
2645	0.0216388	0.0228082
2646	0.0216362	0.0228056
2647	0.0216337	0.022803
2648	0.0216312	0.0228003
2649	0.0216286	0.0227977
2650	0.0216261	0.022795
2651	0.0216236	0.0227924
2652	0.0216211	0.0227898
2653	0.0216186	0.0227872
2654	0.0216161	0.0227846
2655	0.0216136	0.0227819
2656	0.0216111	0.0227793
2657	0.0216086	0.0227767
2658	0.0216062	0.0227741
2659	0.0216036	0.0227715
2660	0.0216012	0.022769
2661	0.0215987	0.0227664
2662	0.0215963	0.0227638
2663	0.0215938	0.0227612
2664	0.0215913	0.0227587
2665	0.0215888	0.0227561
2666	0.0215864	0.0227535
2667	0.021584	0.022751
2668	0.0215816	0.0227484
2669	0.0215791	0.0227459
2670	0.0215767	0.0227433
2671	0.0215743	0.0227408
2672	0.0215718	0.0227382
2673	0.0215694	0.0227357
2674	0.021567	0.0227332
2675	0.0215646	0.0227306
2676	0.0215622	0.0227282
2677	0.0215598	0.0227256
2678	0.0215574	0.0227231
2679	0.021555	0.0227206
2680	0.0215526	0.0227181
2681	0.0215502	0.0227156
2682	0.0215479	0.0227131
2683	0.0215455	0.0227106
2684	0.0215431	0.0227081
2685	0.0215407	0.0227056
2686	0.0215383	0.0227032
2687	0.021536	0.0227007
2688	0.0215337	0.0226982
2689	0.0215313	0.0226958
2690	0.0215289	0.0226933
2691	0.0215266	0.0226908
2692	0.0215243	0.0226884
2693	0.0215219	0.022686
2694	0.0215196	0.0226835
2695	0.0215172	0.0226811
2696	0.0215149	0.0226786
2697	0.0215126	0.0226762
2698	0.0215102	0.0226738
2699	0.021508	0.0226714
2700	0.0215057	0.0226689
2701	0.0215034	0.0226666
2702	0.021501	0.0226641
2703	0.0214987	0.0226618
2704	0.0214965	0.0226593
2705	0.0214942	0.0226569
2706	0.0214918	0.0226546
2707	0.0214895	0.0226522
2708	0.0214873	0.0226497
2709	0.021485	0.0226474
2710	0.0214827	0.022645
2711	0.0214805	0.0226426
2712	0.0214782	0.0226403
2713	0.021476	0.0226379
2714	0.0214737	0.0226356
2715	0.0214715	0.0226332
2716	0.0214692	0.0226309
2717	0.0214669	0.0226285
2718	0.0214647	0.0226261
2719	0.0214625	0.0226238
2720	0.0214602	0.0226215
2721	0.021458	0.0226191
2722	0.0214557	0.0226168
2723	0.0214535	0.0226145
2724	0.0214513	0.0226121
2725	0.0214491	0.0226098
2726	0.0214468	0.0226075
2727	0.0214447	0.0226052
2728	0.0214424	0.0226029
2729	0.0214402	0.0226006
2730	0.0214381	0.0225983
2731	0.0214358	0.022596
2732	0.0214336	0.0225937
2733	0.0214315	0.0225914
2734	0.0214292	0.0225891
2735	0.0214271	0.0225869
2736	0.0214249	0.0225846
2737	0.0214228	0.0225823
2738	0.0214206	0.0225801
2739	0.0214184	0.0225778
2740	0.0214162	0.0225755
2741	0.021414	0.0225733
2742	0.0214119	0.022571
2743	0.0214097	0.0225688
2744	0.0214076	0.0225665
2745	0.0214054	0.0225642
2746	0.0214033	0.022562
2747	0.0214011	0.0225598
2748	0.021399	0.0225575
2749	0.0213968	0.0225554
2750	0.0213948	0.0225531
2751	0.0213926	0.0225509
2752	0.0213905	0.0225487
2753	0.0213884	0.0225465
2754	0.0213863	0.0225443
2755	0.0213841	0.0225421
2756	0.021382	0.0225398
2757	0.0213799	0.0225376
2758	0.0213778	0.0225355
2759	0.0213757	0.0225333
2760	0.0213736	0.0225311
2761	0.0213715	0.0225288
2762	0.0213694	0.0225267
2763	0.0213674	0.0225245
2764	0.0213653	0.0225224
2765	0.0213632	0.0225202
2766	0.0213611	0.022518
2767	0.021359	0.0225159
2768	0.021357	0.0225137
2769	0.0213549	0.0225116
2770	0.0213528	0.0225094
2771	0.0213507	0.0225073
2772	0.0213487	0.0225051
2773	0.0213467	0.022503
2774	0.0213446	0.0225008
2775	0.0213426	0.0224987
2776	0.0213405	0.0224965
2777	0.0213384	0.0224944
2778	0.0213365	0.0224923
2779	0.0213344	0.0224901
2780	0.0213323	0.022488
2781	0.0213303	0.0224859
2782	0.0213283	0.0224838
2783	0.0213263	0.0224817
2784	0.0213242	0.0224796
2785	0.0213222	0.0224775
2786	0.0213202	0.0224754
2787	0.0213182	0.0224733
2788	0.0213162	0.0224712
2789	0.0213142	0.0224691
2790	0.0213122	0.022467
2791	0.0213102	0.0224649
2792	0.0213082	0.0224629
2793	0.0213062	0.0224608
2794	0.0213042	0.0224587
2795	0.0213022	0.0224566
2796	0.0213002	0.0224546
2797	0.0212983	0.0224525
2798	0.0212962	0.0224505
2799	0.0212943	0.0224484
2800	0.0212923	0.0224463
2801	0.0212904	0.0224443
2802	0.0212884	0.0224423
2803	0.0212865	0.0224402
2804	0.0212845	0.0224382
2805	0.0212825	0.0224361
2806	0.0212806	0.0224341
2807	0.0212786	0.0224321
2808	0.0212766	0.02243
2809	0.0212747	0.022428
2810	0.0212728	0.022426
2811	0.0212708	0.0224239
2812	0.0212689	0.022422
2813	0.021267	0.0224199
2814	0.021265	0.0224179
2815	0.0212631	0.0224159
2816	0.0212612	0.0224139
2817	0.0212593	0.0224119
2818	0.0212573	0.0224099
2819	0.0212554	0.0224079
2820	0.0212535	0.0224059
2821	0.0212516	0.0224039
2822	0.0212497	0.022402
2823	0.0212478	0.0224
2824	0.0212459	0.0223979
2825	0.021244	0.022396
2826	0.0212421	0.022394
2827	0.0212402	0.0223921
2828	0.0212383	0.0223901
2829	0.0212364	0.0223881
2830	0.0212345	0.0223861
2831	0.0212326	0.0223841
2832	0.0212308	0.0223822
2833	0.0212289	0.0223803
2834	0.021227	0.0223784
2835	0.0212252	0.0223764
2836	0.0212233	0.0223745
2837	0.0212214	0.0223725
2838	0.0212196	0.0223706
2839	0.0212177	0.0223686
2840	0.0212158	0.0223667
2841	0.021214	0.0223648
2842	0.0212121	0.0223628
2843	0.0212103	0.0223609
2844	0.0212084	0.022359
2845	0.0212066	0.0223571
2846	0.0212048	0.0223552
2847	0.0212029	0.0223533
2848	0.0212011	0.0223514
2849	0.0211992	0.0223495
2850	0.0211974	0.0223476
2851	0.0211956	0.0223456
2852	0.0211938	0.0223437
2853	0.0211919	0.0223419
2854	0.0211901	0.02234
2855	0.0211883	0.0223381
2856	0.0211865	0.0223362
2857	0.0211847	0.0223344
2858	0.0211828	0.0223324
2859	0.021181	0.0223306
2860	0.0211792	0.0223287
2861	0.0211774	0.0223268
2862	0.0211756	0.022325
2863	0.0211738	0.0223231
2864	0.021172	0.0223212
2865	0.0211703	0.0223193
2866	0.0211685	0.0223175
2867	0.0211667	0.0223156
2868	0.0211649	0.0223138
2869	0.0211631	0.0223119
2870	0.0211613	0.0223101
2871	0.0211596	0.0223083
2872	0.0211578	0.0223064
2873	0.021156	0.0223046
2874	0.0211542	0.0223027
2875	0.0211525	0.0223009
2876	0.0211506	0.022299
2877	0.0211489	0.0222972
2878	0.0211471	0.0222954
2879	0.0211454	0.0222935
2880	0.0211437	0.0222918
2881	0.0211419	0.0222899
2882	0.0211401	0.0222881
2883	0.0211384	0.0222863
2884	0.0211367	0.0222845
2885	0.0211349	0.0222826
2886	0.0211332	0.0222808
2887	0.0211314	0.0222791
2888	0.0211297	0.0222773
2889	0.021128	0.0222755
2890	0.0211262	0.0222737
2891	0.0211245	0.0222719
2892	0.0211228	0.0222701
2893	0.0211212	0.0222683
2894	0.0211193	0.0222665
2895	0.0211176	0.0222648
2896	0.0211159	0.0222629
2897	0.0211142	0.0222612
2898	0.0211125	0.0222594
2899	0.0211108	0.0222577
2900	0.0211091	0.0222558
2901	0.0211073	0.0222541
2902	0.0211057	0.0222524
2903	0.021104	0.0222506
2904	0.0211023	0.0222488
2905	0.0211006	0.0222471
2906	0.0210989	0.0222453
2907	0.0210972	0.0222436
2908	0.0210956	0.0222418
2909	0.0210939	0.0222401
2910	0.0210922	0.0222383
2911	0.0210905	0.0222365
2912	0.0210888	0.0222348
2913	0.0210871	0.0222331
2914	0.0210854	0.0222314
2915	0.0210838	0.0222297
2916	0.0210821	0.0222279
2917	0.0210804	0.0222262
2918	0.0210787	0.0222245
2919	0.0210771	0.0222227
2920	0.0210754	0.022221
2921	0.0210738	0.0222193
2922	0.0210722	0.0222176
2923	0.0210705	0.0222159
2924	0.0210688	0.0222141
2925	0.0210672	0.0222124
2926	0.0210656	0.0222107
2927	0.0210639	0.022209
2928	0.0210623	0.0222073
2929	0.0210606	0.0222056
2930	0.021059	0.0222039
2931	0.0210573	0.0222022
2932	0.0210557	0.0222005
2933	0.0210541	0.0221988
2934	0.0210525	0.0221972
2935	0.0210508	0.0221955
2936	0.0210492	0.0221938
2937	0.0210476	0.0221921
2938	0.021046	0.0221905
2939	0.0210443	0.0221887
2940	0.0210427	0.0221871
2941	0.0210411	0.0221854
2942	0.0210395	0.0221838
2943	0.0210379	0.0221821
2944	0.0210363	0.0221805
2945	0.0210346	0.0221788
2946	0.0210331	0.0221771
2947	0.0210315	0.0221755
2948	0.0210299	0.0221738
2949	0.0210283	0.0221722
2950	0.0210267	0.0221705
2951	0.0210251	0.0221688
2952	0.0210235	0.0221672
2953	0.0210219	0.0221656
2954	0.0210204	0.0221639
2955	0.0210188	0.0221623
2956	0.0210172	0.0221606
2957	0.0210156	0.022159
2958	0.021014	0.0221574
2959	0.0210124	0.0221558
2960	0.0210109	0.0221541
2961	0.0210092	0.0221525
2962	0.0210077	0.0221508
2963	0.0210061	0.0221493
2964	0.0210046	0.0221476
2965	0.021003	0.022146
2966	0.0210014	0.0221444
2967	0.0209999	0.0221427
2968	0.0209984	0.0221412
2969	0.0209968	0.0221396
2970	0.0209952	0.022138
2971	0.0209937	0.0221363
2972	0.0209921	0.0221347
2973	0.0209905	0.0221331
2974	0.020989	0.0221315
2975	0.0209875	0.0221299
2976	0.0209859	0.0221284
2977	0.0209844	0.0221267
2978	0.0209829	0.0221252
2979	0.0209813	0.0221236
2980	0.0209798	0.022122
2981	0.0209782	0.0221204
2982	0.0209767	0.0221188
2983	0.0209752	0.0221172
2984	0.0209737	0.0221157
2985	0.0209722	0.0221141
2986	0.0209706	0.0221125
2987	0.0209691	0.022111
2988	0.0209676	0.0221094
2989	0.0209661	0.0221078
2990	0.0209646	0.0221063
2991	0.0209631	0.0221047
2992	0.0209615	0.0221031
2993	0.0209601	0.0221016
2994	0.0209585	0.0221
2995	0.020957	0.0220985
2996	0.0209555	0.0220969
2997	0.020954	0.0220954
2998	0.0209525	0.0220939
2999	0.020951	0.0220923
3000	0.0209495	0.0220908
3001	0.020948	0.0220892
3002	0.0209465	0.0220877
3003	0.020945	0.0220861
3004	0.0209435	0.0220846
3005	0.0209421	0.022083
3006	0.0209406	0.0220815
3007	0.0209391	0.02208
3008	0.0209376	0.0220784
3009	0.0209361	0.0220769
3010	0.0209347	0.0220754
3011	0.0209332	0.0220739
3012	0.0209317	0.0220723
3013	0.0209303	0.0220708
3014	0.0209288	0.0220693
3015	0.0209273	0.0220678
3016	0.0209258	0.0220663
3017	0.0209244	0.0220648
3018	0.0209229	0.0220633
3019	0.0209215	0.0220618
3020	0.02092	0.0220602
3021	0.0209185	0.0220587
3022	0.0209171	0.0220572
3023	0.0209157	0.0220558
3024	0.0209142	0.0220543
3025	0.0209127	0.0220528
3026	0.0209113	0.0220513
3027	0.0209099	0.0220498
3028	0.0209084	0.0220483
3029	0.020907	0.0220468
3030	0.0209055	0.0220453
3031	0.0209041	0.0220438
3032	0.0209026	0.0220423
3033	0.0209012	0.0220409
3034	0.0208998	0.0220394
3035	0.0208983	0.0220379
3036	0.0208969	0.0220365
3037	0.0208954	0.022035
3038	0.020894	0.0220335
3039	0.0208926	0.022032
3040	0.0208912	0.0220306
3041	0.0208898	0.0220291
3042	0.0208883	0.0220276
3043	0.0208869	0.0220261
3044	0.0208855	0.0220247
3045	0.0208841	0.0220232
3046	0.0208827	0.0220218
3047	0.0208813	0.0220204
3048	0.0208799	0.0220189
3049	0.0208785	0.0220174
3050	0.0208771	0.022016
3051	0.0208756	0.0220146
3052	0.0208742	0.0220131
3053	0.0208728	0.0220117
3054	0.0208715	0.0220102
3055	0.02087	0.0220087
3056	0.0208686	0.0220074
3057	0.0208673	0.0220059
3058	0.0208658	0.0220044
3059	0.0208644	0.022003
3060	0.0208631	0.0220016
3061	0.0208617	0.0220002
3062	0.0208603	0.0219987
3063	0.0208589	0.0219973
3064	0.0208575	0.0219959
3065	0.0208561	0.0219945
3066	0.0208548	0.021993
3067	0.0208534	0.0219916
3068	0.020852	0.0219902
3069	0.0208507	0.0219888
3070	0.0208492	0.0219874
3071	0.0208479	0.021986
3072	0.0208465	0.0219845
3073	0.0208452	0.0219831
3074	0.0208438	0.0219818
3075	0.0208424	0.0219803
3076	0.020841	0.0219789
3077	0.0208397	0.0219775
3078	0.0208383	0.0219761
3079	0.0208369	0.0219747
3080	0.0208356	0.0219733
3081	0.0208342	0.0219719
3082	0.0208329	0.0219705
3083	0.0208316	0.0219691
3084	0.0208302	0.0219677
3085	0.0208289	0.0219664
3086	0.0208274	0.021965
3087	0.0208261	0.0219636
3088	0.0208248	0.0219622
3089	0.0208234	0.0219608
3090	0.0208222	0.0219594
3091	0.0208208	0.021958
3092	0.0208194	0.0219567
3093	0.0208181	0.0219553
3094	0.0208167	0.0219539
3095	0.0208154	0.0219526
3096	0.0208141	0.0219512
3097	0.0208127	0.0219498
3098	0.0208114	0.0219484
3099	0.0208101	0.0219471
3100	0.0208087	0.0219457
3101	0.0208075	0.0219443
3102	0.0208061	0.021943
3103	0.0208048	0.0219416
3104	0.0208035	0.0219403
3105	0.0208021	0.0219389
3106	0.0208008	0.0219376
3107	0.0207995	0.0219362
3108	0.0207982	0.0219348
3109	0.0207969	0.0219335
3110	0.0207956	0.0219321
3111	0.0207943	0.0219308
3112	0.0207929	0.0219295
3113	0.0207916	0.0219281
3114	0.0207903	0.0219268
3115	0.020789	0.0219254
3116	0.0207877	0.0219241
3117	0.0207864	0.0219227
3118	0.0207851	0.0219214
3119	0.0207838	0.0219201
3120	0.0207825	0.0219187
3121	0.0207812	0.0219174
3122	0.0207799	0.0219161
3123	0.0207786	0.0219147
3124	0.0207773	0.0219134
3125	0.0207761	0.0219121
3126	0.0207747	0.0219108
3127	0.0207735	0.0219094
3128	0.0207721	0.0219081
3129	0.0207709	0.0219069
3130	0.0207696	0.0219055
3131	0.0207683	0.0219042
3132	0.020767	0.0219029
3133	0.0207658	0.0219016
3134	0.0207644	0.0219002
3135	0.0207632	0.0218989
3136	0.020762	0.0218976
3137	0.0207606	0.0218963
3138	0.0207594	0.021895
3139	0.0207582	0.0218937
3140	0.0207568	0.0218924
3141	0.0207555	0.0218911
3142	0.0207543	0.0218898
3143	0.020753	0.0218885
3144	0.0207518	0.0218872
3145	0.0207505	0.0218859
3146	0.0207492	0.0218846
3147	0.020748	0.0218833
3148	0.0207467	0.021882
3149	0.0207455	0.0218807
3150	0.0207442	0.0218795
3151	0.0207429	0.0218782
3152	0.0207417	0.0218768
3153	0.0207404	0.0218756
3154	0.0207392	0.0218743
3155	0.020738	0.0218731
3156	0.0207367	0.0218717
3157	0.0207354	0.0218705
3158	0.0207342	0.0218692
3159	0.020733	0.0218679
3160	0.0207317	0.0218666
3161	0.0207305	0.0218654
3162	0.0207293	0.0218641
3163	0.020728	0.0218628
3164	0.0207267	0.0218615
3165	0.0207255	0.0218603
3166	0.0207243	0.021859
3167	0.0207231	0.0218578
3168	0.0207218	0.0218565
3169	0.0207206	0.0218553
3170	0.0207193	0.021854
3171	0.0207181	0.0218527
3172	0.0207169	0.0218515
3173	0.0207157	0.0218502
3174	0.0207144	0.0218489
3175	0.0207132	0.0218477
3176	0.020712	0.0218464
3177	0.0207108	0.0218452
3178	0.0207096	0.021844
3179	0.0207083	0.0218427
3180	0.0207071	0.0218415
3181	0.0207059	0.0218402
3182	0.0207047	0.021839
3183	0.0207035	0.0218377
3184	0.0207023	0.0218365
3185	0.020701	0.0218353
3186	0.0206998	0.021834
3187	0.0206986	0.0218328
3188	0.0206974	0.0218315
3189	0.0206962	0.0218303
3190	0.020695	0.021829
3191	0.0206938	0.0218279
3192	0.0206926	0.0218266
3193	0.0206914	0.0218253
3194	0.0206902	0.0218241
3195	0.020689	0.0218229
3196	0.0206878	0.0218217
3197	0.0206866	0.0218205
3198	0.0206854	0.0218193
3199	0.0206842	0.021818
3200	0.020683	0.0218168
3201	0.0206818	0.0218156
3202	0.0206806	0.0218144
3203	0.0206795	0.0218131
3204	0.0206783	0.0218119
3205	0.0206771	0.0218108
3206	0.0206759	0.0218095
3207	0.0206747	0.0218083
3208	0.0206735	0.0218071
3209	0.0206724	0.0218059
3210	0.0206712	0.0218047
3211	0.02067	0.0218035
3212	0.0206688	0.0218022
3213	0.0206677	0.0218011
3214	0.0206665	0.0217999
3215	0.0206653	0.0217987
3216	0.0206641	0.0217975
3217	0.0206629	0.0217962
3218	0.0206617	0.0217951
3219	0.0206606	0.0217939
3220	0.0206594	0.0217927
3221	0.0206582	0.0217915
3222	0.0206571	0.0217903
3223	0.0206559	0.0217891
3224	0.0206547	0.0217879
3225	0.0206536	0.0217867
3226	0.0206524	0.0217856
3227	0.0206513	0.0217843
3228	0.0206501	0.0217832
3229	0.020649	0.021782
3230	0.0206478	0.0217808
3231	0.0206467	0.0217796
3232	0.0206455	0.0217784
3233	0.0206443	0.0217773
3234	0.0206432	0.0217761
3235	0.020642	0.0217749
3236	0.0206409	0.0217738
3237	0.0206397	0.0217726
3238	0.0206386	0.0217714
3239	0.0206374	0.0217702
3240	0.0206363	0.021769
3241	0.0206351	0.0217679
3242	0.020634	0.0217668
3243	0.0206328	0.0217656
3244	0.0206317	0.0217644
3245	0.0206305	0.0217632
3246	0.0206294	0.0217621
3247	0.0206283	0.0217609
3248	0.0206272	0.0217597
3249	0.020626	0.0217586
3250	0.0206248	0.0217574
3251	0.0206237	0.0217563
3252	0.0206226	0.0217551
3253	0.0206215	0.0217539
3254	0.0206204	0.0217528
3255	0.0206192	0.0217516
3256	0.0206181	0.0217505
3257	0.0206169	0.0217493
3258	0.0206158	0.0217482
3259	0.0206147	0.021747
3260	0.0206136	0.0217459
3261	0.0206125	0.0217448
3262	0.0206114	0.0217436
3263	0.0206102	0.0217425
3264	0.0206091	0.0217413
3265	0.020608	0.0217402
3266	0.0206069	0.021739
3267	0.0206057	0.0217379
3268	0.0206046	0.0217368
3269	0.0206035	0.0217356
3270	0.0206024	0.0217345
3271	0.0206013	0.0217333
3272	0.0206002	0.0217322
3273	0.0205991	0.0217311
3274	0.020598	0.02173
3275	0.0205969	0.0217289
3276	0.0205957	0.0217277
3277	0.0205947	0.0217266
3278	0.0205936	0.0217255
3279	0.0205924	0.0217244
3280	0.0205913	0.0217232
3281	0.0205902	0.0217221
3282	0.0205891	0.021721
3283	0.020588	0.0217199
3284	0.0205869	0.0217187
3285	0.0205858	0.0217176
3286	0.0205847	0.0217165
3287	0.0205836	0.0217154
3288	0.0205825	0.0217143
3289	0.0205814	0.0217131
3290	0.0205804	0.0217121
3291	0.0205792	0.0217109
3292	0.0205782	0.0217098
3293	0.0205771	0.0217087
3294	0.020576	0.0217076
3295	0.0205749	0.0217065
3296	0.0205738	0.0217054
3297	0.0205727	0.0217043
3298	0.0205716	0.0217032
3299	0.0205705	0.0217021
3300	0.0205695	0.021701
3301	0.0205684	0.0216999
3302	0.0205673	0.0216988
3303	0.0205662	0.0216977
3304	0.0205652	0.0216966
3305	0.0205641	0.0216955
3306	0.020563	0.0216944
3307	0.0205619	0.0216933
3308	0.0205608	0.0216922
3309	0.0205598	0.0216911
3310	0.0205587	0.02169
3311	0.0205576	0.0216889
3312	0.0205566	0.0216879
3313	0.0205554	0.0216868
3314	0.0205544	0.0216857
3315	0.0205533	0.0216846
3316	0.0205523	0.0216835
3317	0.0205512	0.0216824
3318	0.0205502	0.0216813
3319	0.0205491	0.0216802
3320	0.020548	0.0216791
3321	0.0205469	0.0216781
3322	0.0205459	0.021677
3323	0.0205448	0.0216759
3324	0.0205438	0.0216748
3325	0.0205427	0.0216738
3326	0.0205416	0.0216727
3327	0.0205406	0.0216717
3328	0.0205396	0.0216706
3329	0.0205385	0.0216695
3330	0.0205374	0.0216684
3331	0.0205364	0.0216673
3332	0.0205353	0.0216662
3333	0.0205343	0.0216652
3334	0.0205332	0.0216641
3335	0.0205322	0.0216631
3336	0.0205311	0.021662
3337	0.0205301	0.021661
3338	0.020529	0.0216598
3339	0.020528	0.0216588
3340	0.020527	0.0216577
3341	0.0205259	0.0216567
3342	0.0205248	0.0216556
3343	0.0205238	0.0216546
3344	0.0205228	0.0216535
3345	0.0205217	0.0216525
3346	0.0205207	0.0216514
3347	0.0205197	0.0216503
3348	0.0205186	0.0216493
3349	0.0205176	0.0216482
3350	0.0205165	0.0216472
3351	0.0205155	0.0216462
3352	0.0205145	0.0216451
3353	0.0205135	0.021644
3354	0.0205124	0.0216429
3355	0.0205114	0.021642
3356	0.0205103	0.0216409
3357	0.0205093	0.0216399
3358	0.0205083	0.0216388
3359	0.0205073	0.0216378
3360	0.0205063	0.0216367
3361	0.0205052	0.0216357
3362	0.0205042	0.0216346
3363	0.0205032	0.0216336
3364	0.0205021	0.0216326
3365	0.0205011	0.0216315
3366	0.0205001	0.0216305
3367	0.0204991	0.0216295
3368	0.020498	0.0216284
3369	0.0204971	0.0216275
3370	0.020496	0.0216264
3371	0.020495	0.0216254
3372	0.020494	0.0216243
3373	0.020493	0.0216233
3374	0.020492	0.0216223
3375	0.0204909	0.0216212
3376	0.0204899	0.0216202
3377	0.0204889	0.0216192
3378	0.0204879	0.0216182
3379	0.0204869	0.0216171
3380	0.0204859	0.0216161
3381	0.0204849	0.0216151
3382	0.0204839	0.0216141
3383	0.0204829	0.021613
3384	0.0204818	0.021612
3385	0.0204809	0.021611
3386	0.0204799	0.02161
3387	0.0204789	0.021609
3388	0.0204778	0.021608
3389	0.0204769	0.0216069
3390	0.0204758	0.0216059
3391	0.0204748	0.0216049
3392	0.0204739	0.0216039
3393	0.0204729	0.0216029
3394	0.0204718	0.0216019
3395	0.0204708	0.0216008
3396	0.0204699	0.0215998
3397	0.0204689	0.0215988
3398	0.0204679	0.0215978
3399	0.0204669	0.0215968
3400	0.0204659	0.0215958
3401	0.0204649	0.0215949
3402	0.0204639	0.0215939
3403	0.0204629	0.0215928
3404	0.0204619	0.0215919
3405	0.0204609	0.0215909
3406	0.02046	0.0215899
3407	0.020459	0.0215889
3408	0.020458	0.0215879
3409	0.020457	0.0215868
3410	0.020456	0.0215859
3411	0.020455	0.0215849
3412	0.020454	0.0215839
3413	0.020453	0.0215829
3414	0.0204521	0.0215819
3415	0.0204511	0.0215809
3416	0.0204501	0.0215799
3417	0.0204491	0.0215789
3418	0.0204481	0.0215779
3419	0.0204472	0.0215769
3420	0.0204462	0.0215759
3421	0.0204453	0.0215749
3422	0.0204443	0.021574
3423	0.0204433	0.021573
3424	0.0204423	0.021572
3425	0.0204414	0.021571
3426	0.0204404	0.0215701
3427	0.0204394	0.021569
3428	0.0204384	0.0215681
3429	0.0204375	0.0215671
3430	0.0204365	0.0215661
3431	0.0204355	0.0215651
3432	0.0204346	0.0215642
3433	0.0204336	0.0215632
3434	0.0204326	0.0215622
3435	0.0204317	0.0215612
3436	0.0204307	0.0215603
3437	0.0204297	0.0215593
3438	0.0204287	0.0215583
3439	0.0204278	0.0215573
3440	0.0204269	0.0215563
3441	0.0204259	0.0215554
3442	0.0204249	0.0215544
3443	0.020424	0.0215535
3444	0.020423	0.0215525
3445	0.0204221	0.0215515
3446	0.0204211	0.0215506
3447	0.0204201	0.0215496
3448	0.0204192	0.0215486
3449	0.0204182	0.0215477
3450	0.0204173	0.0215467
3451	0.0204163	0.0215457
3452	0.0204154	0.0215448
3453	0.0204144	0.0215438
3454	0.0204135	0.0215429
3455	0.0204125	0.0215419
3456	0.0204116	0.021541
3457	0.0204106	0.02154
3458	0.0204097	0.0215391
3459	0.0204088	0.0215381
3460	0.0204078	0.0215371
3461	0.0204069	0.0215362
3462	0.0204059	0.0215352
3463	0.020405	0.0215342
3464	0.0204041	0.0215333
3465	0.0204031	0.0215323
3466	0.0204022	0.0215314
3467	0.0204012	0.0215304
3468	0.0204002	0.0215295
3469	0.0203993	0.0215285
3470	0.0203984	0.0215276
3471	0.0203975	0.0215267
3472	0.0203965	0.0215257
3473	0.0203956	0.0215248
3474	0.0203947	0.0215238
3475	0.0203937	0.0215229
3476	0.0203928	0.021522
3477	0.0203919	0.021521
3478	0.0203909	0.0215201
3479	0.02039	0.0215191
3480	0.0203891	0.0215182
3481	0.0203881	0.0215173
3482	0.0203872	0.0215163
3483	0.0203863	0.0215154
3484	0.0203854	0.0215145
3485	0.0203844	0.0215135
3486	0.0203835	0.0215126
3487	0.0203826	0.0215117
3488	0.0203817	0.0215108
3489	0.0203807	0.0215098
3490	0.0203798	0.0215088
3491	0.0203788	0.0215079
3492	0.0203779	0.021507
3493	0.020377	0.0215061
3494	0.0203761	0.0215052
3495	0.0203751	0.0215042
3496	0.0203742	0.0215033
3497	0.0203733	0.0215024
3498	0.0203724	0.0215015
3499	0.0203715	0.0215005
3500	0.0203706	0.0214996
3501	0.0203696	0.0214987
3502	0.0203688	0.0214977
3503	0.0203678	0.0214968
3504	0.0203669	0.0214959
3505	0.020366	0.021495
3506	0.0203651	0.0214941
3507	0.0203642	0.0214932
3508	0.0203633	0.0214923
3509	0.0203624	0.0214913
3510	0.0203615	0.0214904
3511	0.0203606	0.0214895
3512	0.0203596	0.0214886
3513	0.0203587	0.0214877
3514	0.0203578	0.0214867
3515	0.0203569	0.0214858
3516	0.020356	0.0214849
3517	0.0203551	0.021484
3518	0.0203542	0.0214831
3519	0.0203533	0.0214822
3520	0.0203524	0.0214813
3521	0.0203515	0.0214804
3522	0.0203506	0.0214795
3523	0.0203497	0.0214786
3524	0.0203488	0.0214777
3525	0.0203479	0.0214767
3526	0.020347	0.0214758
3527	0.0203461	0.0214749
3528	0.0203452	0.021474
3529	0.0203443	0.0214731
3530	0.0203434	0.0214722
3531	0.0203425	0.0214713
3532	0.0203416	0.0214705
3533	0.0203407	0.0214696
3534	0.0203398	0.0214686
3535	0.020339	0.0214677
3536	0.0203381	0.0214669
3537	0.0203372	0.021466
3538	0.0203363	0.0214651
3539	0.0203354	0.0214642
3540	0.0203345	0.0214633
3541	0.0203336	0.0214624
3542	0.0203327	0.0214615
3543	0.0203318	0.0214606
3544	0.0203309	0.0214597
3545	0.02033	0.0214588
3546	0.0203291	0.0214579
3547	0.0203283	0.021457
3548	0.0203274	0.0214562
3549	0.0203265	0.0214553
3550	0.0203256	0.0214544
3551	0.0203247	0.0214535
3552	0.0203239	0.0214526
3553	0.020323	0.0214517
3554	0.0203221	0.0214509
3555	0.0203213	0.0214499
3556	0.0203203	0.021449
3557	0.0203195	0.0214481
3558	0.0203186	0.0214473
3559	0.0203177	0.0214464
3560	0.0203168	0.0214455
3561	0.020316	0.0214446
3562	0.0203151	0.0214437
3563	0.0203142	0.0214428
3564	0.0203134	0.021442
3565	0.0203124	0.0214411
3566	0.0203115	0.0214403
3567	0.0203107	0.0214394
3568	0.0203098	0.0214385
3569	0.020309	0.0214376
3570	0.0203081	0.0214368
3571	0.0203072	0.0214359
3572	0.0203064	0.021435
3573	0.0203055	0.0214341
3574	0.0203046	0.0214333
3575	0.0203038	0.0214324
3576	0.0203029	0.0214316
3577	0.020302	0.0214307
3578	0.0203011	0.0214298
3579	0.0203003	0.021429
3580	0.0202994	0.0214281
3581	0.0202985	0.0214272
3582	0.0202977	0.0214263
3583	0.0202968	0.0214255
3584	0.020296	0.0214246
3585	0.0202951	0.0214237
3586	0.0202942	0.0214229
3587	0.0202933	0.021422
3588	0.0202925	0.0214212
3589	0.0202916	0.0214203
3590	0.0202908	0.0214194
3591	0.02029	0.0214186
3592	0.0202891	0.0214177
3593	0.0202882	0.0214169
3594	0.0202874	0.021416
3595	0.0202866	0.0214152
3596	0.0202857	0.0214143
3597	0.0202848	0.0214134
3598	0.0202839	0.0214125
3599	0.0202831	0.0214117
3600	0.0202823	0.0214108
3601	0.0202814	0.02141
3602	0.0202805	0.0214092
3603	0.0202797	0.0214083
3604	0.0202789	0.0214074
3605	0.020278	0.0214066
3606	0.0202771	0.0214058
3607	0.0202763	0.0214049
3608	0.0202754	0.021404
3609	0.0202746	0.0214032
3610	0.0202738	0.0214023
3611	0.0202729	0.0214015
3612	0.0202721	0.0214006
3613	0.0202712	0.0213998
3614	0.0202704	0.0213989
3615	0.0202695	0.0213981
3616	0.0202687	0.0213973
3617	0.0202678	0.0213964
3618	0.020267	0.0213956
3619	0.0202662	0.0213947
3620	0.0202653	0.0213939
3621	0.0202645	0.021393
3622	0.0202636	0.0213922
3623	0.0202628	0.0213913
3624	0.020262	0.0213905
3625	0.0202611	0.0213897
3626	0.0202603	0.0213888
3627	0.0202595	0.021388
3628	0.0202586	0.0213872
3629	0.0202578	0.0213864
3630	0.0202569	0.0213855
3631	0.0202561	0.0213847
3632	0.0202553	0.0213838
3633	0.0202544	0.021383
3634	0.0202536	0.0213822
3635	0.0202528	0.0213813
3636	0.0202519	0.0213805
3637	0.0202511	0.0213797
3638	0.0202503	0.0213788
3639	0.0202494	0.021378
3640	0.0202486	0.0213772
3641	0.0202478	0.0213763
3642	0.020247	0.0213755
3643	0.0202461	0.0213746
3644	0.0202453	0.0213738
3645	0.0202444	0.021373
3646	0.0202437	0.0213722
3647	0.0202428	0.0213714
3648	0.020242	0.0213706
3649	0.0202412	0.0213697
3650	0.0202404	0.0213689
3651	0.0202396	0.0213681
3652	0.0202387	0.0213672
3653	0.0202379	0.0213665
3654	0.0202371	0.0213657
3655	0.0202363	0.0213648
3656	0.0202354	0.021364
3657	0.0202346	0.0213632
3658	0.0202338	0.0213624
3659	0.020233	0.0213616
3660	0.0202322	0.0213607
3661	0.0202313	0.0213599
3662	0.0202305	0.0213591
3663	0.0202297	0.0213582
3664	0.0202289	0.0213574
3665	0.0202281	0.0213566
3666	0.0202272	0.0213558
3667	0.0202264	0.021355
3668	0.0202256	0.0213542
3669	0.0202248	0.0213533
3670	0.020224	0.0213525
3671	0.0202232	0.0213517
3672	0.0202224	0.021351
3673	0.0202216	0.0213501
3674	0.0202208	0.0213493
3675	0.0202199	0.0213485
3676	0.0202191	0.0213477
3677	0.0202183	0.0213469
3678	0.0202175	0.0213461
3679	0.0202167	0.0213453
3680	0.0202159	0.0213445
3681	0.0202151	0.0213437
3682	0.0202143	0.0213428
3683	0.0202135	0.021342
3684	0.0202127	0.0213412
3685	0.0202118	0.0213404
3686	0.020211	0.0213396
3687	0.0202102	0.0213388
3688	0.0202094	0.021338
3689	0.0202087	0.0213372
3690	0.0202078	0.0213364
3691	0.020207	0.0213356
3692	0.0202063	0.0213349
3693	0.0202054	0.0213341
3694	0.0202046	0.0213333
3695	0.0202038	0.0213324
3696	0.020203	0.0213316
3697	0.0202023	0.0213308
3698	0.0202015	0.02133
3699	0.0202006	0.0213293
3700	0.0201998	0.0213285
3701	0.020199	0.0213277
3702	0.0201982	0.0213269
3703	0.0201975	0.0213261
3704	0.0201966	0.0213253
3705	0.0201959	0.0213245
3706	0.020195	0.0213237
3707	0.0201943	0.0213229
3708	0.0201935	0.0213221
3709	0.0201927	0.0213213
3710	0.0201919	0.0213206
3711	0.0201911	0.0213198
3712	0.0201903	0.021319
3713	0.0201895	0.0213182
3714	0.0201887	0.0213174
3715	0.020188	0.0213166
3716	0.0201872	0.0213158
3717	0.0201864	0.021315
3718	0.0201856	0.0213143
3719	0.0201848	0.0213135
3720	0.020184	0.0213127
3721	0.0201832	0.0213119
3722	0.0201824	0.0213111
3723	0.0201817	0.0213103
3724	0.0201809	0.0213095
3725	0.0201801	0.0213087
3726	0.0201793	0.021308
3727	0.0201785	0.0213072
3728	0.0201777	0.0213064
3729	0.020177	0.0213056
3730	0.0201761	0.0213049
3731	0.0201753	0.0213041
3732	0.0201746	0.0213033
3733	0.0201738	0.0213025
3734	0.0201731	0.0213017
3735	0.0201723	0.021301
3736	0.0201715	0.0213002
3737	0.0201707	0.0212994
3738	0.0201699	0.0212986
3739	0.0201691	0.0212978
3740	0.0201684	0.0212971
3741	0.0201676	0.0212963
3742	0.0201668	0.0212956
3743	0.020166	0.0212948
3744	0.0201652	0.021294
3745	0.0201645	0.0212932
3746	0.0201637	0.0212925
3747	0.020163	0.0212917
3748	0.0201622	0.0212909
3749	0.0201614	0.0212901
3750	0.0201606	0.0212894
3751	0.0201599	0.0212886
3752	0.0201591	0.0212878
3753	0.0201583	0.0212871
3754	0.0201575	0.0212863
3755	0.0201568	0.0212856
3756	0.020156	0.0212848
3757	0.0201552	0.021284
3758	0.0201544	0.0212833
3759	0.0201537	0.0212825
3760	0.0201529	0.0212817
3761	0.0201521	0.021281
3762	0.0201514	0.0212802
3763	0.0201506	0.0212794
3764	0.0201498	0.0212787
3765	0.0201491	0.0212779
3766	0.0201483	0.0212772
3767	0.0201476	0.0212764
3768	0.0201468	0.0212757
3769	0.020146	0.0212749
3770	0.0201453	0.0212741
3771	0.0201445	0.0212734
3772	0.0201437	0.0212726
3773	0.020143	0.0212719
3774	0.0201422	0.0212711
3775	0.0201414	0.0212704
3776	0.0201407	0.0212696
3777	0.02014	0.0212688
3778	0.0201392	0.0212681
3779	0.0201384	0.0212673
3780	0.0201376	0.0212665
3781	0.0201369	0.0212658
3782	0.0201361	0.021265
3783	0.0201354	0.0212643
3784	0.0201346	0.0212635
3785	0.0201339	0.0212628
3786	0.0201331	0.021262
3787	0.0201324	0.0212613
3788	0.0201316	0.0212605
3789	0.0201308	0.0212598
3790	0.0201301	0.021259
3791	0.0201294	0.0212583
3792	0.0201286	0.0212575
3793	0.0201279	0.0212568
3794	0.0201271	0.0212561
3795	0.0201263	0.0212553
3796	0.0201256	0.0212545
3797	0.0201248	0.0212538
3798	0.0201241	0.0212531
3799	0.0201233	0.0212523
3800	0.0201226	0.0212516
3801	0.0201219	0.0212509
3802	0.0201211	0.0212501
3803	0.0201203	0.0212494
3804	0.0201196	0.0212486
3805	0.0201188	0.0212479
3806	0.0201181	0.0212471
3807	0.0201173	0.0212464
3808	0.0201166	0.0212456
3809	0.0201158	0.0212449
3810	0.0201151	0.0212442
3811	0.0201143	0.0212434
3812	0.0201136	0.0212427
3813	0.0201128	0.021242
3814	0.0201121	0.0212412
3815	0.0201114	0.0212405
3816	0.0201107	0.0212398
3817	0.0201099	0.021239
3818	0.0201091	0.0212383
3819	0.0201084	0.0212376
3820	0.0201077	0.0212368
3821	0.020107	0.021236
3822	0.0201062	0.0212354
3823	0.0201055	0.0212346
3824	0.0201047	0.0212338
3825	0.020104	0.0212331
3826	0.0201033	0.0212324
3827	0.0201025	0.0212316
3828	0.0201018	0.0212309
3829	0.0201011	0.0212302
3830	0.0201003	0.0212295
3831	0.0200995	0.0212287
3832	0.0200988	0.021228
3833	0.0200981	0.0212273
3834	0.0200974	0.0212266
3835	0.0200966	0.0212259
3836	0.0200959	0.0212252
3837	0.0200951	0.0212244
3838	0.0200944	0.0212237
3839	0.0200937	0.021223
3840	0.020093	0.0212222
3841	0.0200922	0.0212215
3842	0.0200915	0.0212208
3843	0.0200908	0.02122
3844	0.02009	0.0212193
3845	0.0200893	0.0212186
3846	0.0200886	0.0212179
3847	0.0200879	0.0212171
3848	0.0200872	0.0212164
3849	0.0200864	0.0212157
3850	0.0200857	0.021215
3851	0.020085	0.0212143
3852	0.0200842	0.0212135
3853	0.0200835	0.0212128
3854	0.0200828	0.0212121
3855	0.0200821	0.0212114
3856	0.0200813	0.0212106
3857	0.0200806	0.0212099
3858	0.0200799	0.0212092
3859	0.0200791	0.0212085
3860	0.0200784	0.0212078
3861	0.0200777	0.0212071
3862	0.020077	0.0212064
3863	0.0200763	0.0212056
3864	0.0200755	0.021205
3865	0.0200748	0.0212042
3866	0.0200741	0.0212035
3867	0.0200734	0.0212028
3868	0.0200727	0.0212021
3869	0.0200719	0.0212014
3870	0.0200712	0.0212007
3871	0.0200705	0.0211999
3872	0.0200698	0.0211992
3873	0.020069	0.0211985
3874	0.0200683	0.0211978
3875	0.0200676	0.0211971
3876	0.0200669	0.0211964
3877	0.0200662	0.0211957
3878	0.0200655	0.021195
3879	0.0200647	0.0211943
3880	0.020064	0.0211936
3881	0.0200633	0.0211929
3882	0.0200626	0.0211922
3883	0.0200619	0.0211914
3884	0.0200612	0.0211907
3885	0.0200605	0.02119
3886	0.0200597	0.0211893
3887	0.0200591	0.0211886
3888	0.0200583	0.0211879
3889	0.0200576	0.0211872
3890	0.0200569	0.0211865
3891	0.0200562	0.0211858
3892	0.0200555	0.0211851
3893	0.0200548	0.0211844
3894	0.0200541	0.0211837
3895	0.0200534	0.021183
3896	0.0200526	0.0211823
3897	0.0200519	0.0211816
3898	0.0200512	0.0211809
3899	0.0200505	0.0211803
3900	0.0200498	0.0211795
3901	0.0200491	0.0211788
3902	0.0200484	0.0211781
3903	0.0200477	0.0211774
3904	0.020047	0.0211767
3905	0.0200463	0.021176
3906	0.0200456	0.0211753
3907	0.0200449	0.0211746
3908	0.0200441	0.0211739
3909	0.0200434	0.0211732
3910	0.0200428	0.0211725
3911	0.0200421	0.0211718
3912	0.0200414	0.0211712
3913	0.0200407	0.0211705
3914	0.0200399	0.0211698
3915	0.0200392	0.0211691
3916	0.0200386	0.0211684
3917	0.0200379	0.0211676
3918	0.0200371	0.0211669
3919	0.0200365	0.0211662
3920	0.0200358	0.0211656
3921	0.020035	0.0211649
3922	0.0200344	0.0211642
3923	0.0200337	0.0211635
3924	0.020033	0.0211628
3925	0.0200322	0.0211622
3926	0.0200315	0.0211615
3927	0.0200309	0.0211608
3928	0.0200302	0.0211601
3929	0.0200295	0.0211594
3930	0.0200288	0.0211587
3931	0.0200281	0.021158
3932	0.0200274	0.0211574
3933	0.0200267	0.0211567
3934	0.020026	0.021156
3935	0.0200253	0.0211553
3936	0.0200246	0.0211546
3937	0.0200239	0.0211539
3938	0.0200232	0.0211532
3939	0.0200225	0.0211526
3940	0.0200218	0.0211519
3941	0.0200211	0.0211512
3942	0.0200205	0.0211505
3943	0.0200198	0.0211498
3944	0.020019	0.0211492
3945	0.0200184	0.0211485
3946	0.0200177	0.0211478
3947	0.020017	0.0211471
3948	0.0200163	0.0211464
3949	0.0200156	0.0211457
3950	0.0200149	0.0211451
3951	0.0200143	0.0211444
3952	0.0200136	0.0211437
3953	0.0200129	0.0211431
3954	0.0200122	0.0211424
3955	0.0200115	0.0211416
3956	0.0200108	0.021141
3957	0.0200101	0.0211403
3958	0.0200094	0.0211397
3959	0.0200087	0.0211389
3960	0.0200081	0.0211383
3961	0.0200074	0.0211376
3962	0.0200067	0.021137
3963	0.020006	0.0211363
3964	0.0200053	0.0211356
3965	0.0200047	0.0211349
3966	0.020004	0.0211343
3967	0.0200033	0.0211336
3968	0.0200026	0.0211329
3969	0.0200019	0.0211322
3970	0.0200012	0.0211316
3971	0.0200006	0.0211309
3972	0.0199999	0.0211302
