1	0.240397	0.22783
2	0.228934	0.216939
3	0.218095	0.206713
4	0.207908	0.197232
5	0.198456	0.188465
6	0.189712	0.180342
7	0.181604	0.172868
8	0.174141	0.166024
9	0.167308	0.159677
10	0.160968	0.153727
11	0.155024	0.148221
12	0.149519	0.143082
13	0.14438	0.138278
14	0.139577	0.133772
15	0.135069	0.129496
16	0.130791	0.125441
17	0.126732	0.121573
18	0.12286	0.117893
19	0.119176	0.114379
20	0.115654	0.111016
21	0.112285	0.107797
22	0.109058	0.104715
23	0.105968	0.101762
24	0.103006	0.0989329
25	0.100168	0.0962215
26	0.0974469	0.0936217
27	0.0948373	0.0911291
28	0.0923339	0.0887373
29	0.0899319	0.0864439
30	0.0876272	0.0842429
31	0.085415	0.0821301
32	0.0832917	0.0801022
33	0.0812522	0.0781555
34	0.0792942	0.0762856
35	0.0774129	0.0744891
36	0.075606	0.0727644
37	0.0738698	0.0711064
38	0.0722013	0.0695131
39	0.070597	0.0679818
40	0.0690553	0.0665098
41	0.067572	0.0650943
42	0.0661468	0.0637328
43	0.0647753	0.0624235
44	0.0634558	0.0611634
45	0.0621863	0.0599513
46	0.0609648	0.0587847
47	0.0597891	0.0576615
48	0.058657	0.0565807
49	0.0575673	0.0555398
50	0.0565174	0.0545369
51	0.0555069	0.0535715
52	0.0545332	0.0526409
53	0.0535949	0.0517447
54	0.0526914	0.0508807
55	0.0518201	0.0500484
56	0.0509799	0.0492453
57	0.0501706	0.0484712
58	0.0493895	0.0477248
59	0.0486368	0.0470046
60	0.04791	0.0463098
61	0.0472096	0.0456396
62	0.0465332	0.0449925
63	0.0458808	0.0443681
64	0.045251	0.0437653
65	0.0446427	0.0431831
66	0.0440553	0.0426209
67	0.0434883	0.042078
68	0.0429405	0.0415532
69	0.0424114	0.0410465
70	0.0419001	0.0405565
71	0.0414058	0.0400829
72	0.0409282	0.039625
73	0.0404662	0.0391821
74	0.0400197	0.0387541
75	0.0395876	0.0383399
76	0.0391699	0.037939
77	0.0387655	0.0375511
78	0.0383744	0.0371758
79	0.0379957	0.0368124
80	0.0376292	0.0364604
81	0.0372744	0.0361197
82	0.0369307	0.0357895
83	0.0365979	0.0354698
84	0.0362752	0.0351601
85	0.0359627	0.0348597
86	0.0356599	0.0345685
87	0.0353662	0.0342861
88	0.0350818	0.0340123
89	0.0348055	0.0337469
90	0.0345379	0.0334892
91	0.0342781	0.0332392
92	0.0340261	0.0329968
93	0.0337814	0.0327613
94	0.0335439	0.0325325
95	0.0333135	0.0323107
96	0.0330897	0.0320948
97	0.0328723	0.0318854
98	0.0326611	0.0316818
99	0.0324558	0.0314841
100	0.0322562	0.0312916
101	0.0320621	0.0311045
102	0.0318738	0.0309224
103	0.0316903	0.0307456
104	0.0315121	0.0305736
105	0.0313387	0.0304062
106	0.0311698	0.0302431
107	0.0310055	0.0300843
108	0.0308456	0.0299298
109	0.0306898	0.0297794
110	0.0305381	0.0296329
111	0.0303904	0.0294901
112	0.0302465	0.029351
113	0.0301063	0.0292154
114	0.0299695	0.0290832
115	0.0298363	0.0289544
116	0.0297065	0.0288287
117	0.0295798	0.0287062
118	0.0294562	0.0285864
119	0.0293357	0.0284698
120	0.0292181	0.0283559
121	0.0291032	0.0282447
122	0.0289911	0.0281362
123	0.0288817	0.0280302
124	0.0287748	0.0279267
125	0.0286704	0.0278255
126	0.0285686	0.0277267
127	0.0284689	0.0276302
128	0.0283714	0.0275357
129	0.0282764	0.0274434
130	0.0281834	0.0273532
131	0.0280923	0.027265
132	0.0280034	0.0271786
133	0.0279163	0.0270941
134	0.0278312	0.0270116
135	0.0277478	0.0269307
136	0.0276662	0.0268514
137	0.0275865	0.026774
138	0.0275083	0.0266981
139	0.0274317	0.0266237
140	0.0273567	0.0265509
141	0.0272834	0.0264795
142	0.0272113	0.0264096
143	0.0271409	0.026341
144	0.0270718	0.026274
145	0.027004	0.0262081
146	0.0269376	0.0261436
147	0.0268724	0.0260802
148	0.0268085	0.026018
149	0.0267459	0.0259571
150	0.0266844	0.0258972
151	0.0266241	0.0258387
152	0.0265649	0.0257809
153	0.0265067	0.0257246
154	0.0264497	0.0256691
155	0.0263938	0.0256146
156	0.0263387	0.0255609
157	0.0262847	0.0255084
158	0.0262315	0.0254566
159	0.0261794	0.0254059
160	0.0261282	0.0253562
161	0.0260778	0.025307
162	0.0260284	0.0252589
163	0.0259797	0.0252115
164	0.0259319	0.0251649
165	0.0258849	0.0251191
166	0.0258386	0.025074
167	0.0257931	0.0250298
168	0.0257485	0.0249861
169	0.0257043	0.0249431
170	0.0256611	0.024901
171	0.0256184	0.0248594
172	0.0255765	0.0248185
173	0.0255351	0.0247782
174	0.0254944	0.0247388
175	0.0254545	0.0246996
176	0.0254148	0.0246612
177	0.0253761	0.0246233
178	0.0253379	0.0245859
179	0.0253002	0.0245492
180	0.0252629	0.024513
181	0.0252264	0.0244773
182	0.0251903	0.0244422
183	0.0251549	0.0244076
184	0.0251198	0.0243734
185	0.0250853	0.0243397
186	0.0250513	0.0243064
187	0.0250176	0.0242739
188	0.0249844	0.0242414
189	0.024952	0.0242097
190	0.0249197	0.0241781
191	0.0248878	0.0241471
192	0.0248566	0.0241167
193	0.0248257	0.0240864
194	0.024795	0.0240567
195	0.0247651	0.0240273
196	0.0247353	0.0239983
197	0.024706	0.0239697
198	0.0246771	0.0239415
199	0.0246485	0.0239135
200	0.0246202	0.0238858
201	0.0245924	0.0238587
202	0.0245648	0.0238318
203	0.0245377	0.0238053
204	0.0245108	0.0237791
205	0.0244842	0.0237532
206	0.0244581	0.0237277
207	0.0244321	0.0237025
208	0.0244065	0.0236774
209	0.0243814	0.0236527
210	0.0243564	0.0236283
211	0.0243317	0.0236043
212	0.0243074	0.0235804
213	0.0242832	0.0235568
214	0.0242594	0.0235336
215	0.0242359	0.0235106
216	0.0242126	0.0234879
217	0.0241895	0.0234653
218	0.0241667	0.0234431
219	0.0241443	0.0234212
220	0.0241219	0.0233992
221	0.0241	0.0233778
222	0.0240782	0.0233566
223	0.0240566	0.0233355
224	0.0240354	0.0233147
225	0.0240141	0.0232941
226	0.0239934	0.0232737
227	0.0239727	0.0232535
228	0.0239523	0.0232336
229	0.0239322	0.0232139
230	0.0239121	0.0231944
231	0.0238925	0.023175
232	0.0238727	0.0231559
233	0.0238534	0.0231369
234	0.0238343	0.0231181
235	0.0238152	0.0230996
236	0.0237963	0.0230811
237	0.0237778	0.023063
238	0.0237593	0.023045
239	0.0237411	0.0230271
240	0.0237229	0.0230095
241	0.0237051	0.022992
242	0.0236873	0.0229746
243	0.0236699	0.0229574
244	0.0236524	0.0229405
245	0.0236353	0.0229237
246	0.0236182	0.022907
247	0.0236013	0.0228905
248	0.0235846	0.022874
249	0.023568	0.0228579
250	0.0235516	0.0228419
251	0.0235354	0.0228259
252	0.0235193	0.0228102
253	0.0235033	0.0227946
254	0.0234875	0.0227792
255	0.0234719	0.0227638
256	0.0234563	0.0227487
257	0.0234409	0.0227336
258	0.0234256	0.0227187
259	0.0234105	0.022704
260	0.0233956	0.0226892
261	0.0233808	0.0226746
262	0.023366	0.0226604
263	0.0233514	0.0226461
264	0.023337	0.0226321
265	0.0233226	0.022618
266	0.0233084	0.0226041
267	0.0232943	0.0225902
268	0.0232803	0.0225767
269	0.0232664	0.0225633
270	0.0232528	0.0225498
271	0.0232391	0.0225365
272	0.0232257	0.0225232
273	0.0232124	0.0225101
274	0.0231992	0.0224972
275	0.0231859	0.0224843
276	0.023173	0.0224716
277	0.02316	0.022459
278	0.0231472	0.0224465
279	0.0231345	0.0224339
280	0.0231219	0.0224215
281	0.0231094	0.0224093
282	0.0230968	0.0223973
283	0.0230846	0.0223852
284	0.0230723	0.0223732
285	0.0230602	0.0223614
286	0.0230483	0.0223496
287	0.0230364	0.022338
288	0.0230245	0.0223264
289	0.0230127	0.0223149
290	0.0230012	0.0223036
291	0.0229898	0.0222922
292	0.0229781	0.0222811
293	0.0229669	0.0222699
294	0.0229556	0.0222588
295	0.0229444	0.022248
296	0.0229333	0.0222372
297	0.0229223	0.0222264
298	0.0229114	0.0222157
299	0.0229004	0.022205
300	0.0228898	0.0221946
301	0.0228791	0.0221842
302	0.0228685	0.0221737
303	0.0228581	0.0221635
304	0.0228477	0.0221531
305	0.0228372	0.022143
306	0.022827	0.022133
307	0.0228169	0.0221231
308	0.0228067	0.0221133
309	0.0227967	0.0221033
310	0.0227867	0.0220936
311	0.0227768	0.022084
312	0.0227671	0.0220743
313	0.0227572	0.0220649
314	0.0227476	0.0220554
315	0.0227378	0.022046
316	0.0227285	0.0220366
317	0.022719	0.0220274
318	0.0227095	0.0220181
319	0.0227002	0.0220091
320	0.0226911	0.022
321	0.0226819	0.021991
322	0.0226727	0.0219821
323	0.0226637	0.0219732
324	0.0226547	0.0219644
325	0.0226457	0.0219557
326	0.0226369	0.0219471
327	0.022628	0.0219383
328	0.0226193	0.0219298
329	0.0226106	0.0219214
330	0.0226021	0.0219129
331	0.0225935	0.0219045
332	0.0225849	0.0218961
333	0.0225765	0.021888
334	0.0225681	0.0218797
335	0.0225597	0.0218717
336	0.0225515	0.0218635
337	0.0225434	0.0218555
338	0.0225352	0.0218475
339	0.0225271	0.0218395
340	0.0225191	0.0218317
341	0.0225111	0.021824
342	0.0225032	0.0218161
343	0.0224954	0.0218086
344	0.0224875	0.0218008
345	0.0224798	0.0217933
346	0.022472	0.0217857
347	0.0224644	0.0217782
348	0.0224569	0.0217706
349	0.0224492	0.0217632
350	0.0224418	0.021756
351	0.0224342	0.0217487
352	0.0224268	0.0217415
353	0.0224195	0.0217343
354	0.0224122	0.021727
355	0.0224048	0.02172
356	0.0223977	0.0217129
357	0.0223905	0.021706
358	0.0223835	0.021699
359	0.0223763	0.0216921
360	0.0223693	0.0216853
361	0.0223623	0.0216784
362	0.0223553	0.0216716
363	0.0223486	0.0216648
364	0.0223417	0.0216582
365	0.0223348	0.0216515
366	0.022328	0.0216448
367	0.0223213	0.0216382
368	0.0223147	0.0216317
369	0.022308	0.0216254
370	0.0223015	0.0216188
371	0.022295	0.0216124
372	0.0222885	0.0216061
373	0.022282	0.0215997
374	0.0222754	0.0215934
375	0.0222692	0.0215872
376	0.0222628	0.0215811
377	0.0222566	0.0215749
378	0.0222502	0.0215687
379	0.022244	0.0215625
380	0.0222378	0.0215565
381	0.0222317	0.0215505
382	0.0222256	0.0215445
383	0.0222195	0.0215387
384	0.0222135	0.0215327
385	0.0222074	0.0215269
386	0.0222016	0.021521
387	0.0221956	0.0215152
388	0.0221897	0.0215095
389	0.0221838	0.0215037
390	0.0221779	0.021498
391	0.0221722	0.0214924
392	0.0221665	0.0214867
393	0.0221607	0.0214812
394	0.0221551	0.0214756
395	0.0221494	0.02147
396	0.0221437	0.0214645
397	0.0221382	0.021459
398	0.0221326	0.0214537
399	0.0221271	0.0214484
400	0.0221216	0.0214429
401	0.0221161	0.0214376
402	0.0221107	0.0214324
403	0.0221053	0.021427
404	0.0221	0.0214217
405	0.0220947	0.0214165
406	0.0220893	0.0214113
407	0.0220839	0.0214061
408	0.0220788	0.0214009
409	0.0220734	0.021396
410	0.0220684	0.0213909
411	0.0220633	0.0213858
412	0.0220582	0.0213808
413	0.022053	0.0213758
414	0.0220479	0.0213708
415	0.0220429	0.0213659
416	0.0220379	0.0213611
417	0.022033	0.0213563
418	0.022028	0.0213514
419	0.022023	0.0213466
420	0.0220181	0.0213418
421	0.0220131	0.021337
422	0.0220085	0.0213323
423	0.0220035	0.0213275
424	0.0219987	0.0213228
425	0.0219939	0.0213182
426	0.0219892	0.0213135
427	0.0219845	0.0213089
428	0.0219798	0.0213044
429	0.0219752	0.0212998
430	0.0219706	0.0212952
431	0.0219658	0.0212907
432	0.0219612	0.0212862
433	0.0219567	0.0212818
434	0.0219522	0.0212773
435	0.0219476	0.0212728
436	0.0219431	0.0212685
437	0.0219386	0.021264
438	0.0219342	0.0212597
439	0.0219298	0.0212555
440	0.0219254	0.0212511
441	0.021921	0.0212468
442	0.0219166	0.0212426
443	0.0219123	0.0212384
444	0.0219079	0.0212341
445	0.0219037	0.0212299
446	0.0218993	0.0212257
447	0.0218951	0.0212215
448	0.0218909	0.0212174
449	0.0218866	0.0212133
450	0.0218824	0.0212091
451	0.0218783	0.0212051
452	0.0218742	0.0212011
453	0.02187	0.021197
454	0.0218659	0.021193
455	0.0218617	0.0211891
456	0.0218576	0.021185
457	0.0218535	0.021181
458	0.0218496	0.0211771
459	0.0218455	0.0211732
460	0.0218415	0.0211693
461	0.0218376	0.0211654
462	0.0218336	0.0211616
463	0.0218296	0.0211577
464	0.0218257	0.0211539
465	0.021822	0.0211502
466	0.0218179	0.0211463
467	0.0218142	0.0211425
468	0.0218102	0.0211387
469	0.0218065	0.021135
470	0.0218026	0.0211313
471	0.0217987	0.0211276
472	0.021795	0.0211239
473	0.0217912	0.0211203
474	0.0217875	0.0211166
475	0.0217837	0.021113
476	0.0217801	0.0211094
477	0.0217763	0.0211057
478	0.0217726	0.0211022
479	0.0217691	0.0210986
480	0.0217653	0.021095
481	0.0217616	0.0210914
482	0.0217581	0.021088
483	0.0217545	0.0210845
484	0.021751	0.0210809
485	0.0217473	0.0210775
486	0.0217437	0.0210739
487	0.0217403	0.0210705
488	0.0217368	0.0210671
489	0.0217331	0.0210636
490	0.0217296	0.0210602
491	0.0217262	0.0210569
492	0.0217227	0.0210535
493	0.0217193	0.0210503
494	0.0217158	0.0210468
495	0.0217124	0.0210434
496	0.021709	0.0210401
497	0.0217057	0.0210368
498	0.0217024	0.0210335
499	0.0216989	0.0210302
500	0.0216955	0.021027
501	0.0216922	0.0210237
502	0.0216888	0.0210204
503	0.0216855	0.0210172
504	0.0216822	0.021014
505	0.0216791	0.0210108
506	0.0216756	0.0210076
507	0.0216724	0.0210045
508	0.0216692	0.0210012
509	0.021666	0.0209981
510	0.0216627	0.020995
511	0.0216595	0.0209919
512	0.0216563	0.0209888
513	0.0216531	0.0209857
514	0.02165	0.0209825
515	0.0216467	0.0209795
516	0.0216436	0.0209765
517	0.0216404	0.0209733
518	0.0216373	0.0209704
519	0.0216342	0.0209674
520	0.0216312	0.0209643
521	0.0216281	0.0209612
522	0.021625	0.0209582
523	0.0216219	0.0209552
524	0.0216188	0.0209523
525	0.0216159	0.0209493
526	0.0216128	0.0209464
527	0.0216098	0.0209434
528	0.0216067	0.0209404
529	0.0216037	0.0209376
530	0.0216007	0.0209347
531	0.0215978	0.0209317
532	0.0215948	0.0209288
533	0.0215917	0.0209259
534	0.0215889	0.0209231
535	0.0215859	0.0209203
536	0.0215831	0.0209173
537	0.0215801	0.0209145
538	0.0215772	0.0209117
539	0.0215743	0.0209088
540	0.0215715	0.0209061
541	0.0215685	0.0209033
542	0.0215657	0.0209005
543	0.0215628	0.0208977
544	0.02156	0.0208948
545	0.0215571	0.020892
546	0.0215543	0.0208893
547	0.0215514	0.0208867
548	0.0215485	0.0208839
549	0.0215458	0.0208812
550	0.021543	0.0208784
551	0.0215402	0.0208757
552	0.0215376	0.020873
553	0.0215347	0.0208703
554	0.0215318	0.0208676
555	0.0215292	0.0208649
556	0.0215264	0.0208623
557	0.0215237	0.0208596
558	0.021521	0.0208569
559	0.0215182	0.0208542
560	0.0215156	0.0208517
561	0.0215128	0.0208491
562	0.0215102	0.0208465
563	0.0215073	0.0208439
564	0.0215047	0.0208413
565	0.021502	0.0208387
566	0.0214995	0.0208361
567	0.0214968	0.0208334
568	0.0214941	0.0208308
569	0.0214915	0.0208283
570	0.0214889	0.0208258
571	0.0214862	0.0208233
572	0.0214837	0.0208207
573	0.0214811	0.0208182
574	0.0214784	0.0208157
575	0.0214759	0.0208133
576	0.0214733	0.0208106
577	0.0214708	0.0208081
578	0.0214682	0.0208056
579	0.0214656	0.0208031
580	0.0214631	0.0208006
581	0.0214605	0.0207983
582	0.021458	0.0207958
583	0.0214554	0.0207933
584	0.0214529	0.0207908
585	0.0214504	0.0207885
586	0.021448	0.0207859
587	0.0214453	0.0207835
588	0.0214429	0.0207811
589	0.0214405	0.0207786
590	0.0214379	0.0207762
591	0.0214355	0.0207737
592	0.021433	0.0207714
593	0.0214306	0.020769
594	0.021428	0.0207666
595	0.0214255	0.0207643
596	0.0214231	0.0207619
597	0.0214207	0.0207594
598	0.0214183	0.0207571
599	0.0214159	0.0207547
600	0.0214134	0.0207523
601	0.021411	0.02075
602	0.0214086	0.0207478
603	0.0214063	0.0207455
604	0.0214038	0.0207431
605	0.0214014	0.0207407
606	0.021399	0.0207384
607	0.0213966	0.0207361
608	0.0213943	0.0207339
609	0.0213921	0.0207316
610	0.0213897	0.0207292
611	0.0213873	0.0207269
612	0.021385	0.0207247
613	0.0213826	0.0207225
614	0.0213802	0.0207201
615	0.0213779	0.0207179
616	0.0213756	0.0207156
617	0.0213733	0.0207134
618	0.021371	0.0207112
619	0.0213686	0.020709
620	0.0213664	0.0207067
621	0.0213641	0.0207044
622	0.0213619	0.0207023
623	0.0213595	0.0207
624	0.0213571	0.0206977
625	0.0213549	0.0206955
626	0.0213526	0.0206933
627	0.0213504	0.0206911
628	0.0213481	0.0206889
629	0.0213459	0.0206867
630	0.0213437	0.0206845
631	0.0213415	0.0206824
632	0.0213392	0.0206802
633	0.0213369	0.0206781
634	0.0213347	0.0206759
635	0.0213325	0.0206737
636	0.0213303	0.0206715
637	0.021328	0.0206693
638	0.0213258	0.0206672
639	0.0213236	0.0206651
640	0.0213213	0.0206629
641	0.0213192	0.0206608
642	0.0213171	0.0206587
643	0.021315	0.0206566
644	0.0213127	0.0206545
645	0.0213105	0.0206523
646	0.0213083	0.0206501
647	0.0213062	0.0206481
648	0.0213041	0.0206459
649	0.0213018	0.0206438
650	0.0212997	0.0206418
651	0.0212976	0.0206397
652	0.0212955	0.0206377
653	0.0212934	0.0206356
654	0.0212912	0.0206335
655	0.021289	0.0206313
656	0.0212869	0.0206293
657	0.0212847	0.0206272
658	0.0212826	0.020625
659	0.0212805	0.020623
660	0.0212783	0.020621
661	0.0212763	0.0206191
662	0.0212743	0.020617
663	0.021272	0.020615
664	0.02127	0.020613
665	0.0212678	0.0206109
666	0.0212658	0.0206089
667	0.0212638	0.0206069
668	0.0212616	0.0206048
669	0.0212596	0.0206028
670	0.0212576	0.0206007
671	0.0212554	0.0205988
672	0.0212533	0.0205967
673	0.0212512	0.0205947
674	0.0212492	0.0205927
675	0.0212472	0.0205908
676	0.021245	0.0205888
677	0.0212431	0.0205868
678	0.0212411	0.0205848
679	0.021239	0.0205829
680	0.0212369	0.0205809
681	0.021235	0.0205789
682	0.0212329	0.0205768
683	0.0212308	0.0205749
684	0.0212289	0.020573
685	0.021227	0.0205711
686	0.0212249	0.020569
687	0.0212229	0.0205671
688	0.0212208	0.0205652
689	0.0212189	0.0205632
690	0.021217	0.0205612
691	0.021215	0.0205593
692	0.0212129	0.0205574
693	0.0212109	0.0205555
694	0.021209	0.0205536
695	0.0212069	0.0205517
696	0.0212049	0.0205497
697	0.021203	0.0205478
698	0.021201	0.0205458
699	0.021199	0.020544
700	0.0211971	0.020542
701	0.0211952	0.0205401
702	0.0211933	0.0205383
703	0.0211912	0.0205364
704	0.0211893	0.0205345
705	0.0211874	0.0205325
706	0.0211854	0.0205306
707	0.0211834	0.0205287
708	0.0211816	0.0205268
709	0.0211795	0.0205249
710	0.0211775	0.0205231
711	0.0211757	0.0205212
712	0.0211736	0.0205193
713	0.0211719	0.0205174
714	0.0211699	0.0205156
715	0.021168	0.0205137
716	0.021166	0.0205118
717	0.0211642	0.02051
718	0.0211623	0.0205081
719	0.0211603	0.0205063
720	0.0211585	0.0205044
721	0.0211567	0.0205026
722	0.0211547	0.0205007
723	0.0211528	0.0204989
724	0.021151	0.0204971
725	0.021149	0.0204952
726	0.0211471	0.0204934
727	0.0211452	0.0204915
728	0.0211434	0.0204897
729	0.0211414	0.0204879
730	0.0211396	0.0204862
731	0.0211377	0.0204843
732	0.0211358	0.0204824
733	0.0211339	0.0204805
734	0.0211321	0.0204788
735	0.0211302	0.0204769
736	0.0211285	0.0204751
737	0.0211266	0.0204733
738	0.0211247	0.0204715
739	0.0211229	0.0204697
740	0.021121	0.020468
741	0.0211192	0.0204662
742	0.0211174	0.0204644
743	0.0211156	0.0204625
744	0.0211137	0.0204608
745	0.0211118	0.020459
746	0.02111	0.0204572
747	0.0211082	0.0204554
748	0.0211063	0.0204536
749	0.0211045	0.0204518
750	0.0211026	0.0204501
751	0.0211008	0.0204483
752	0.0210991	0.0204465
753	0.0210972	0.0204447
754	0.0210954	0.0204429
755	0.0210935	0.0204412
756	0.0210918	0.0204396
757	0.0210899	0.0204378
758	0.0210882	0.020436
759	0.0210864	0.0204342
760	0.0210847	0.0204324
761	0.0210827	0.0204307
762	0.0210809	0.0204289
763	0.0210792	0.0204272
764	0.0210774	0.0204255
765	0.0210757	0.0204238
766	0.0210739	0.020422
767	0.021072	0.0204203
768	0.0210703	0.0204186
769	0.0210686	0.0204169
770	0.0210667	0.0204151
771	0.021065	0.0204134
772	0.0210632	0.0204117
773	0.0210614	0.0204099
774	0.0210597	0.0204083
775	0.0210578	0.0204065
776	0.0210562	0.0204049
777	0.0210544	0.0204032
778	0.0210525	0.0204014
779	0.0210509	0.0203997
780	0.0210491	0.0203981
781	0.0210474	0.0203963
782	0.0210457	0.0203946
783	0.0210438	0.0203929
784	0.0210421	0.0203912
785	0.0210404	0.0203895
786	0.0210386	0.0203878
787	0.021037	0.0203861
788	0.0210353	0.0203844
789	0.0210335	0.0203827
790	0.0210316	0.020381
791	0.02103	0.0203793
792	0.0210284	0.0203777
793	0.0210266	0.020376
794	0.0210248	0.0203743
795	0.021023	0.0203726
796	0.0210213	0.0203709
797	0.0210196	0.0203693
798	0.021018	0.0203676
799	0.0210162	0.0203659
800	0.0210146	0.0203643
801	0.0210128	0.0203626
802	0.0210111	0.020361
803	0.0210094	0.0203593
804	0.0210076	0.0203577
805	0.021006	0.020356
806	0.0210043	0.0203543
807	0.0210026	0.0203527
808	0.0210009	0.020351
809	0.0209993	0.0203493
810	0.0209975	0.0203476
811	0.0209958	0.020346
812	0.0209942	0.0203443
813	0.0209924	0.0203427
814	0.0209906	0.020341
815	0.020989	0.0203394
816	0.0209874	0.0203378
817	0.0209857	0.0203361
818	0.0209839	0.0203345
819	0.0209824	0.0203328
820	0.0209806	0.0203312
821	0.020979	0.0203296
822	0.0209773	0.020328
823	0.0209756	0.0203264
824	0.0209741	0.0203247
825	0.0209724	0.0203231
826	0.0209707	0.0203215
827	0.020969	0.0203199
828	0.0209673	0.0203182
829	0.0209656	0.0203166
830	0.0209641	0.020315
831	0.0209624	0.0203134
832	0.0209607	0.0203118
833	0.020959	0.0203103
834	0.0209574	0.0203086
835	0.0209558	0.0203069
836	0.0209541	0.0203053
837	0.0209525	0.0203037
838	0.0209508	0.0203022
839	0.0209493	0.0203007
840	0.0209476	0.0202991
841	0.0209459	0.0202975
842	0.0209443	0.0202959
843	0.0209427	0.0202943
844	0.020941	0.0202926
845	0.0209394	0.020291
846	0.0209377	0.0202895
847	0.0209362	0.0202879
848	0.0209346	0.0202863
849	0.0209329	0.0202847
850	0.0209312	0.0202832
851	0.0209297	0.0202815
852	0.0209281	0.0202799
853	0.0209265	0.0202783
854	0.0209248	0.0202768
855	0.0209231	0.0202752
856	0.0209216	0.0202736
857	0.02092	0.020272
858	0.0209184	0.0202705
859	0.0209168	0.0202689
860	0.0209151	0.0202674
861	0.0209136	0.0202658
862	0.020912	0.0202643
863	0.0209104	0.0202627
864	0.0209088	0.0202611
865	0.0209071	0.0202595
866	0.0209056	0.0202581
867	0.0209039	0.0202565
868	0.0209024	0.020255
869	0.0209008	0.0202535
870	0.0208992	0.0202519
871	0.0208976	0.0202503
872	0.0208961	0.0202487
873	0.0208945	0.0202471
874	0.020893	0.0202456
875	0.0208913	0.020244
876	0.0208896	0.0202425
877	0.0208882	0.020241
878	0.0208865	0.0202395
879	0.0208848	0.0202379
880	0.0208834	0.0202363
881	0.0208818	0.0202348
882	0.0208802	0.0202333
883	0.0208787	0.0202317
884	0.0208771	0.0202303
885	0.0208755	0.0202288
886	0.0208739	0.0202272
887	0.0208724	0.0202257
888	0.0208708	0.0202241
889	0.0208693	0.0202226
890	0.0208677	0.0202211
891	0.0208662	0.0202196
892	0.0208646	0.020218
893	0.0208631	0.0202165
894	0.0208615	0.0202149
895	0.0208599	0.0202134
896	0.0208583	0.0202119
897	0.0208568	0.0202105
898	0.0208553	0.0202089
899	0.0208538	0.0202074
900	0.0208523	0.0202059
901	0.0208506	0.0202044
902	0.0208492	0.0202029
903	0.0208476	0.0202014
904	0.0208461	0.0201999
905	0.0208445	0.0201984
906	0.020843	0.0201969
907	0.0208414	0.0201953
908	0.0208399	0.0201938
909	0.0208384	0.0201923
910	0.0208368	0.0201908
911	0.0208351	0.0201894
912	0.0208337	0.0201879
913	0.0208322	0.0201864
914	0.0208306	0.0201849
915	0.0208292	0.0201834
916	0.0208276	0.0201819
917	0.0208261	0.0201804
918	0.0208245	0.020179
919	0.0208231	0.0201775
920	0.0208215	0.020176
921	0.0208201	0.0201745
922	0.0208185	0.020173
923	0.020817	0.0201715
924	0.0208155	0.0201701
925	0.020814	0.0201686
926	0.0208126	0.0201671
927	0.020811	0.0201656
928	0.0208094	0.0201641
929	0.020808	0.0201627
930	0.0208065	0.0201611
931	0.0208049	0.0201597
932	0.0208034	0.0201582
933	0.0208019	0.0201567
934	0.0208004	0.0201553
935	0.0207988	0.0201538
936	0.0207974	0.0201525
937	0.0207959	0.020151
938	0.0207944	0.0201496
939	0.0207929	0.0201481
940	0.0207915	0.0201466
941	0.02079	0.0201452
942	0.0207885	0.0201437
943	0.020787	0.0201423
944	0.0207855	0.0201408
945	0.0207841	0.0201394
946	0.0207825	0.0201379
947	0.020781	0.0201364
948	0.0207795	0.0201349
949	0.020778	0.0201335
950	0.0207765	0.020132
951	0.020775	0.0201306
952	0.0207735	0.0201292
953	0.0207721	0.0201277
954	0.0207707	0.0201263
955	0.0207692	0.0201248
956	0.0207677	0.0201234
957	0.0207662	0.0201219
958	0.0207647	0.0201206
959	0.0207632	0.0201191
960	0.0207618	0.0201177
961	0.0207603	0.0201162
962	0.020759	0.0201148
963	0.0207573	0.0201133
964	0.020756	0.0201119
965	0.0207545	0.0201104
966	0.020753	0.020109
967	0.0207517	0.0201075
968	0.0207501	0.0201061
969	0.0207487	0.0201047
970	0.0207473	0.0201033
971	0.0207458	0.0201019
972	0.0207444	0.0201005
973	0.0207429	0.020099
974	0.0207414	0.0200977
975	0.02074	0.0200962
976	0.0207386	0.0200948
977	0.020737	0.0200934
978	0.0207357	0.0200919
979	0.0207342	0.0200905
980	0.0207329	0.0200891
981	0.0207313	0.0200877
982	0.0207299	0.0200863
983	0.0207284	0.0200849
984	0.0207269	0.0200835
985	0.0207256	0.0200821
986	0.0207241	0.0200807
987	0.0207227	0.0200793
988	0.0207211	0.0200779
989	0.0207197	0.0200765
990	0.0207184	0.0200752
991	0.0207169	0.0200737
992	0.0207155	0.0200723
993	0.0207141	0.0200709
994	0.0207127	0.0200695
995	0.0207113	0.0200681
996	0.0207097	0.0200668
997	0.0207083	0.0200653
998	0.0207069	0.0200639
999	0.0207055	0.0200626
1000	0.0207041	0.0200611
1001	0.0207027	0.0200598
1002	0.0207011	0.0200583
1003	0.0206998	0.020057
1004	0.0206985	0.0200555
1005	0.020697	0.0200542
1006	0.0206955	0.0200528
1007	0.0206942	0.0200514
1008	0.0206927	0.0200501
1009	0.0206913	0.0200487
1010	0.0206899	0.0200472
1011	0.0206885	0.0200458
1012	0.020687	0.0200445
1013	0.0206857	0.020043
1014	0.0206843	0.0200416
1015	0.0206829	0.0200403
1016	0.0206814	0.0200389
1017	0.0206801	0.0200375
1018	0.0206787	0.0200361
1019	0.0206771	0.0200348
1020	0.0206758	0.0200335
1021	0.0206744	0.0200322
1022	0.0206731	0.0200308
1023	0.0206716	0.0200295
1024	0.0206703	0.0200281
1025	0.0206688	0.0200267
1026	0.0206675	0.0200253
1027	0.0206661	0.020024
1028	0.0206647	0.0200226
1029	0.0206633	0.0200213
1030	0.020662	0.0200199
1031	0.0206606	0.0200185
1032	0.020659	0.0200172
1033	0.0206578	0.0200159
1034	0.0206563	0.0200145
1035	0.0206549	0.0200132
1036	0.0206536	0.0200119
1037	0.0206523	0.0200105
1038	0.0206508	0.0200092
1039	0.0206494	0.0200078
1040	0.0206481	0.0200064
1041	0.0206467	0.0200051
1042	0.0206453	0.0200037
1043	0.0206439	0.0200023
1044	0.0206426	0.020001
1045	0.0206412	0.0199997
1046	0.0206397	0.0199983
1047	0.0206385	0.0199969
1048	0.0206371	0.0199955
1049	0.0206358	0.0199942
1050	0.0206343	0.0199929
1051	0.020633	0.0199915
1052	0.0206316	0.0199902
1053	0.0206303	0.0199889
1054	0.0206289	0.0199876
1055	0.0206275	0.0199862
1056	0.0206262	0.0199849
1057	0.0206248	0.0199836
1058	0.0206234	0.0199823
1059	0.020622	0.0199809
1060	0.0206207	0.0199795
1061	0.0206194	0.0199782
1062	0.020618	0.0199769
1063	0.0206165	0.0199756
1064	0.0206153	0.0199743
1065	0.0206139	0.019973
1066	0.0206125	0.0199716
1067	0.0206111	0.0199702
1068	0.0206097	0.0199689
1069	0.0206083	0.0199676
1070	0.0206071	0.0199663
1071	0.0206057	0.019965
1072	0.0206044	0.0199636
1073	0.0206032	0.0199623
1074	0.0206018	0.019961
1075	0.0206004	0.0199597
1076	0.020599	0.0199584
1077	0.0205977	0.0199571
1078	0.0205963	0.0199558
1079	0.0205951	0.0199545
1080	0.0205937	0.0199532
1081	0.0205923	0.0199519
1082	0.0205909	0.0199506
1083	0.0205897	0.0199493
1084	0.0205883	0.0199479
1085	0.0205869	0.0199466
1086	0.0205857	0.0199452
1087	0.0205844	0.0199439
1088	0.0205829	0.0199427
1089	0.0205817	0.0199414
1090	0.0205804	0.01994
1091	0.0205789	0.0199388
1092	0.0205778	0.0199375
1093	0.0205764	0.0199362
1094	0.0205751	0.0199349
1095	0.0205739	0.0199335
1096	0.0205724	0.0199322
1097	0.0205711	0.0199309
1098	0.0205697	0.0199296
1099	0.0205685	0.0199283
1100	0.0205671	0.019927
1101	0.0205659	0.0199257
1102	0.0205646	0.0199244
1103	0.0205632	0.0199232
1104	0.0205618	0.0199219
1105	0.0205605	0.0199206
1106	0.0205592	0.0199193
1107	0.0205578	0.0199181
1108	0.0205566	0.0199168
1109	0.0205553	0.0199155
1110	0.0205539	0.0199142
1111	0.0205527	0.0199129
1112	0.0205514	0.0199116
1113	0.02055	0.0199103
1114	0.0205487	0.019909
1115	0.0205475	0.0199078
1116	0.0205461	0.0199065
1117	0.0205447	0.0199051
1118	0.0205435	0.0199038
1119	0.0205422	0.0199026
1120	0.020541	0.0199013
1121	0.0205397	0.0199
1122	0.0205383	0.0198988
1123	0.0205371	0.0198976
1124	0.0205357	0.0198963
1125	0.0205345	0.019895
1126	0.0205331	0.0198937
1127	0.0205319	0.0198925
1128	0.0205305	0.0198912
1129	0.0205293	0.0198899
1130	0.0205279	0.0198887
1131	0.0205267	0.0198874
1132	0.0205254	0.0198861
1133	0.0205241	0.0198849
1134	0.0205228	0.0198836
1135	0.0205214	0.0198824
1136	0.0205203	0.0198811
1137	0.0205189	0.0198798
1138	0.0205177	0.0198785
1139	0.0205163	0.0198773
1140	0.0205151	0.019876
1141	0.0205138	0.0198747
1142	0.0205124	0.0198735
1143	0.0205111	0.0198722
1144	0.0205099	0.0198709
1145	0.0205087	0.0198697
1146	0.0205075	0.0198685
1147	0.0205061	0.0198672
1148	0.0205048	0.0198659
1149	0.0205036	0.0198647
1150	0.0205022	0.0198634
1151	0.020501	0.0198622
1152	0.0204997	0.019861
1153	0.0204985	0.0198598
1154	0.0204972	0.0198585
1155	0.0204959	0.0198573
1156	0.0204947	0.0198561
1157	0.0204933	0.0198548
1158	0.020492	0.0198535
1159	0.0204908	0.0198523
1160	0.0204896	0.0198511
1161	0.0204883	0.0198498
1162	0.020487	0.0198485
1163	0.0204857	0.0198473
1164	0.0204845	0.0198461
1165	0.0204832	0.0198449
1166	0.020482	0.0198436
1167	0.0204808	0.0198424
1168	0.0204795	0.0198411
1169	0.0204781	0.0198399
1170	0.020477	0.0198386
1171	0.0204756	0.0198374
1172	0.0204745	0.0198362
1173	0.0204731	0.019835
1174	0.0204719	0.0198337
1175	0.0204707	0.0198325
1176	0.0204695	0.0198313
1177	0.0204681	0.0198301
1178	0.020467	0.0198289
1179	0.0204657	0.0198277
1180	0.0204644	0.0198265
1181	0.0204632	0.0198253
1182	0.0204619	0.019824
1183	0.0204607	0.0198228
1184	0.0204594	0.0198216
1185	0.0204581	0.0198204
1186	0.0204569	0.0198191
1187	0.0204557	0.0198178
1188	0.0204544	0.0198167
1189	0.0204532	0.0198155
1190	0.020452	0.0198143
1191	0.0204507	0.0198131
1192	0.0204495	0.0198119
1193	0.0204482	0.0198107
1194	0.020447	0.0198094
1195	0.0204458	0.0198082
1196	0.0204445	0.019807
1197	0.0204432	0.0198058
1198	0.020442	0.0198046
1199	0.0204408	0.0198034
1200	0.0204396	0.0198021
1201	0.0204384	0.0198009
1202	0.0204371	0.0197997
1203	0.0204359	0.0197985
1204	0.0204346	0.0197973
1205	0.0204335	0.0197961
1206	0.0204322	0.0197949
1207	0.020431	0.0197937
1208	0.0204297	0.0197925
1209	0.0204286	0.0197913
1210	0.0204273	0.0197901
1211	0.0204261	0.0197889
1212	0.0204249	0.0197877
1213	0.0204237	0.0197865
1214	0.0204224	0.0197853
1215	0.0204211	0.0197841
1216	0.02042	0.019783
1217	0.0204188	0.0197818
1218	0.0204175	0.0197805
1219	0.0204164	0.0197793
1220	0.0204151	0.0197781
1221	0.020414	0.0197769
1222	0.0204126	0.0197757
1223	0.0204115	0.0197745
1224	0.0204102	0.0197733
1225	0.020409	0.0197722
1226	0.0204078	0.0197709
1227	0.0204066	0.0197698
1228	0.0204053	0.0197686
1229	0.0204041	0.0197674
1230	0.020403	0.0197662
1231	0.0204018	0.0197651
1232	0.0204006	0.0197639
1233	0.0203993	0.0197627
1234	0.0203981	0.0197615
1235	0.020397	0.0197603
1236	0.0203957	0.0197591
1237	0.0203944	0.019758
1238	0.0203934	0.0197568
1239	0.0203922	0.0197556
1240	0.0203909	0.0197545
1241	0.0203898	0.0197533
1242	0.0203885	0.0197521
1243	0.0203874	0.0197509
1244	0.0203862	0.0197497
1245	0.020385	0.0197486
1246	0.0203838	0.0197473
1247	0.0203826	0.0197462
1248	0.0203813	0.019745
1249	0.0203801	0.0197438
1250	0.0203789	0.0197426
1251	0.0203778	0.0197414
1252	0.0203765	0.0197403
1253	0.0203754	0.0197391
1254	0.0203743	0.019738
1255	0.020373	0.0197368
1256	0.0203719	0.0197357
1257	0.0203707	0.0197345
1258	0.0203696	0.0197333
1259	0.0203684	0.0197321
1260	0.0203671	0.019731
1261	0.0203658	0.0197298
1262	0.0203647	0.0197287
1263	0.0203635	0.0197276
1264	0.0203623	0.0197264
1265	0.0203612	0.0197253
1266	0.0203601	0.0197241
1267	0.0203588	0.0197229
1268	0.0203576	0.0197218
1269	0.0203566	0.0197206
1270	0.0203553	0.0197194
1271	0.020354	0.0197182
1272	0.0203529	0.0197171
1273	0.0203517	0.019716
1274	0.0203506	0.0197148
1275	0.0203494	0.0197137
1276	0.0203482	0.0197125
1277	0.0203471	0.0197113
1278	0.0203458	0.0197102
1279	0.0203447	0.0197091
1280	0.0203435	0.0197079
1281	0.0203424	0.0197067
1282	0.0203412	0.0197056
1283	0.0203399	0.0197044
1284	0.0203388	0.0197033
1285	0.0203376	0.0197021
1286	0.0203365	0.019701
1287	0.0203353	0.0196999
1288	0.0203342	0.0196988
1289	0.020333	0.0196976
1290	0.0203319	0.0196965
1291	0.0203307	0.0196953
1292	0.0203295	0.0196942
1293	0.0203284	0.019693
1294	0.0203273	0.0196919
1295	0.020326	0.0196907
1296	0.0203249	0.0196896
1297	0.0203239	0.0196885
1298	0.0203227	0.0196873
1299	0.0203214	0.0196862
1300	0.0203203	0.0196851
1301	0.0203192	0.0196839
1302	0.020318	0.0196829
1303	0.0203168	0.0196817
1304	0.0203157	0.0196806
1305	0.0203145	0.0196795
1306	0.0203134	0.0196783
1307	0.0203122	0.0196771
1308	0.0203111	0.019676
1309	0.0203099	0.019675
1310	0.0203087	0.0196738
1311	0.0203076	0.0196726
1312	0.0203064	0.0196715
1313	0.0203054	0.0196704
1314	0.0203042	0.0196693
1315	0.0203031	0.0196682
1316	0.0203019	0.0196671
1317	0.0203008	0.019666
1318	0.0202996	0.0196648
1319	0.0202984	0.0196637
1320	0.0202974	0.0196626
1321	0.0202961	0.0196615
1322	0.020295	0.0196604
1323	0.020294	0.0196593
1324	0.0202928	0.0196582
1325	0.0202916	0.019657
1326	0.0202905	0.0196559
1327	0.0202893	0.0196548
1328	0.0202881	0.0196536
1329	0.0202871	0.0196526
1330	0.0202859	0.0196514
1331	0.0202848	0.0196503
1332	0.0202837	0.0196493
1333	0.0202825	0.0196481
1334	0.0202814	0.019647
1335	0.0202804	0.0196459
1336	0.0202791	0.0196448
1337	0.020278	0.0196437
1338	0.020277	0.0196426
1339	0.0202757	0.0196415
1340	0.0202748	0.0196404
1341	0.0202736	0.0196393
1342	0.0202723	0.0196382
1343	0.0202712	0.0196371
1344	0.0202702	0.0196359
1345	0.0202691	0.0196348
1346	0.0202679	0.0196337
1347	0.0202668	0.0196325
1348	0.0202658	0.0196314
1349	0.0202646	0.0196304
1350	0.0202635	0.0196292
1351	0.0202624	0.0196281
1352	0.0202612	0.019627
1353	0.0202601	0.0196259
1354	0.020259	0.0196248
1355	0.0202579	0.0196237
1356	0.0202568	0.0196226
1357	0.0202557	0.0196216
1358	0.0202545	0.0196205
1359	0.0202534	0.0196194
1360	0.0202522	0.0196183
1361	0.0202512	0.0196172
1362	0.0202501	0.0196162
1363	0.0202489	0.0196151
1364	0.0202478	0.019614
1365	0.0202467	0.0196129
1366	0.0202456	0.0196118
1367	0.0202445	0.0196107
1368	0.0202434	0.0196096
1369	0.0202422	0.0196085
1370	0.0202411	0.0196074
1371	0.0202402	0.0196063
1372	0.020239	0.0196052
1373	0.0202379	0.0196042
1374	0.0202367	0.0196031
1375	0.0202357	0.019602
1376	0.0202346	0.0196009
1377	0.0202335	0.0195999
1378	0.0202324	0.0195988
1379	0.0202313	0.0195977
1380	0.0202302	0.0195966
1381	0.0202291	0.0195955
1382	0.0202279	0.0195944
1383	0.0202269	0.0195933
1384	0.0202258	0.0195922
1385	0.0202247	0.0195912
1386	0.0202236	0.0195902
1387	0.0202224	0.0195891
1388	0.0202214	0.019588
1389	0.0202203	0.0195869
1390	0.0202193	0.0195859
1391	0.0202181	0.0195848
1392	0.0202171	0.0195837
1393	0.0202159	0.0195827
1394	0.0202148	0.0195816
1395	0.0202136	0.0195805
1396	0.0202126	0.0195794
1397	0.0202116	0.0195784
1398	0.0202105	0.0195773
1399	0.0202095	0.0195762
1400	0.0202083	0.0195752
1401	0.0202072	0.0195741
1402	0.0202061	0.019573
1403	0.0202051	0.019572
1404	0.0202039	0.0195709
1405	0.0202029	0.0195698
1406	0.0202018	0.0195687
1407	0.0202007	0.0195677
1408	0.0201997	0.0195666
1409	0.0201986	0.0195656
1410	0.0201976	0.0195645
1411	0.0201964	0.0195635
1412	0.0201954	0.0195625
1413	0.0201942	0.0195614
1414	0.0201932	0.0195603
1415	0.0201921	0.0195592
1416	0.0201911	0.0195582
1417	0.0201899	0.0195571
1418	0.0201888	0.0195561
1419	0.0201877	0.019555
1420	0.0201867	0.0195539
1421	0.0201856	0.0195528
1422	0.0201845	0.0195517
1423	0.0201835	0.0195507
1424	0.0201824	0.0195497
1425	0.0201814	0.0195487
1426	0.0201803	0.0195477
1427	0.0201792	0.0195466
1428	0.0201782	0.0195455
1429	0.020177	0.0195445
1430	0.0201759	0.0195434
1431	0.0201749	0.0195423
1432	0.0201739	0.0195413
1433	0.0201728	0.0195403
1434	0.0201717	0.0195392
1435	0.0201706	0.0195381
1436	0.0201696	0.0195371
1437	0.0201686	0.0195361
1438	0.0201675	0.0195351
1439	0.0201664	0.019534
1440	0.0201654	0.019533
1441	0.0201643	0.0195319
1442	0.0201633	0.0195309
1443	0.0201622	0.0195298
1444	0.0201611	0.0195288
1445	0.02016	0.0195278
1446	0.0201591	0.0195267
1447	0.020158	0.0195256
1448	0.0201568	0.0195246
1449	0.0201559	0.0195235
1450	0.0201548	0.0195225
1451	0.0201537	0.0195215
1452	0.0201526	0.0195205
1453	0.0201515	0.0195195
1454	0.0201505	0.0195184
1455	0.0201495	0.0195174
1456	0.0201485	0.0195164
1457	0.0201475	0.0195153
1458	0.0201463	0.0195143
1459	0.0201453	0.0195133
1460	0.0201442	0.0195122
1461	0.0201433	0.0195112
1462	0.0201422	0.0195102
1463	0.0201411	0.0195092
1464	0.0201401	0.0195081
1465	0.0201391	0.0195071
1466	0.0201381	0.0195061
1467	0.0201369	0.0195051
1468	0.020136	0.0195041
1469	0.0201348	0.0195031
1470	0.0201339	0.019502
1471	0.0201328	0.019501
1472	0.0201318	0.0195
1473	0.0201308	0.0194989
1474	0.0201297	0.0194979
1475	0.0201285	0.0194969
1476	0.0201276	0.0194959
1477	0.0201265	0.0194948
1478	0.0201255	0.0194938
1479	0.0201245	0.0194928
1480	0.0201234	0.0194918
1481	0.0201224	0.0194908
1482	0.0201213	0.0194897
1483	0.0201203	0.0194888
1484	0.0201192	0.0194877
1485	0.0201184	0.0194867
1486	0.0201172	0.0194856
1487	0.0201161	0.0194846
1488	0.0201152	0.0194836
1489	0.0201142	0.0194826
1490	0.0201131	0.0194815
1491	0.020112	0.0194805
1492	0.0201111	0.0194796
1493	0.02011	0.0194786
1494	0.0201089	0.0194775
1495	0.020108	0.0194765
1496	0.0201068	0.0194755
1497	0.0201059	0.0194745
1498	0.0201048	0.0194735
1499	0.0201038	0.0194724
1500	0.0201028	0.0194715
1501	0.0201018	0.0194706
1502	0.0201008	0.0194695
1503	0.0200996	0.0194685
1504	0.0200987	0.0194675
1505	0.0200977	0.0194664
1506	0.0200967	0.0194654
1507	0.0200957	0.0194644
1508	0.0200946	0.0194634
1509	0.0200936	0.0194625
1510	0.0200926	0.0194615
1511	0.0200915	0.0194605
1512	0.0200906	0.0194594
1513	0.0200896	0.0194584
1514	0.0200885	0.0194575
1515	0.0200875	0.0194565
1516	0.0200865	0.0194555
1517	0.0200855	0.0194545
1518	0.0200844	0.0194535
1519	0.0200834	0.0194525
1520	0.0200824	0.0194515
1521	0.0200815	0.0194505
1522	0.0200805	0.0194495
1523	0.0200793	0.0194485
1524	0.0200784	0.0194474
1525	0.0200774	0.0194465
1526	0.0200764	0.0194455
1527	0.0200754	0.0194445
1528	0.0200743	0.0194436
1529	0.0200733	0.0194426
1530	0.0200723	0.0194416
1531	0.0200714	0.0194405
1532	0.0200704	0.0194395
1533	0.0200693	0.0194385
1534	0.0200683	0.0194375
1535	0.0200673	0.0194365
1536	0.0200664	0.0194355
1537	0.0200654	0.0194345
1538	0.0200643	0.0194335
1539	0.0200632	0.0194325
1540	0.0200622	0.0194316
1541	0.0200613	0.0194306
1542	0.0200603	0.0194297
1543	0.0200593	0.0194287
1544	0.0200583	0.0194278
1545	0.0200573	0.0194268
1546	0.0200563	0.0194258
1547	0.0200552	0.0194248
1548	0.0200542	0.0194238
1549	0.0200532	0.0194228
1550	0.0200523	0.0194218
1551	0.0200512	0.0194208
1552	0.0200503	0.0194199
1553	0.0200493	0.0194189
1554	0.0200482	0.0194179
1555	0.0200473	0.019417
1556	0.0200463	0.019416
1557	0.0200453	0.0194149
1558	0.0200444	0.0194139
1559	0.0200434	0.019413
1560	0.0200423	0.019412
1561	0.0200412	0.0194111
1562	0.0200404	0.0194101
1563	0.0200393	0.0194091
1564	0.0200384	0.0194081
1565	0.0200374	0.0194072
1566	0.0200364	0.0194062
1567	0.0200355	0.0194052
1568	0.0200344	0.0194042
1569	0.0200334	0.0194032
1570	0.0200324	0.0194022
1571	0.0200315	0.0194013
1572	0.0200304	0.0194003
1573	0.0200295	0.0193994
1574	0.0200284	0.0193984
1575	0.0200275	0.0193975
1576	0.0200266	0.0193965
1577	0.0200255	0.0193955
1578	0.0200244	0.0193945
1579	0.0200235	0.0193936
1580	0.0200225	0.0193926
1581	0.0200217	0.0193917
1582	0.0200206	0.0193907
1583	0.0200196	0.0193898
1584	0.0200187	0.0193888
1585	0.0200178	0.0193878
1586	0.0200167	0.0193868
1587	0.0200157	0.0193858
1588	0.0200148	0.0193849
1589	0.0200138	0.0193839
1590	0.0200128	0.019383
1591	0.0200118	0.019382
1592	0.0200108	0.0193811
1593	0.0200099	0.0193801
1594	0.0200089	0.0193792
1595	0.0200079	0.0193782
1596	0.0200069	0.0193773
1597	0.0200061	0.0193763
1598	0.020005	0.0193753
1599	0.0200041	0.0193743
1600	0.0200031	0.0193734
1601	0.0200022	0.0193725
1602	0.0200011	0.0193716
1603	0.0200002	0.0193706
1604	0.0199992	0.0193697
