1	0.218204	0.211395
2	0.211395	0.204539
3	0.204539	0.197641
4	0.197641	0.190719
5	0.190719	0.183804
6	0.183804	0.178264
7	0.178264	0.173003
8	0.173003	0.167961
9	0.167961	0.163129
10	0.163129	0.158506
11	0.158506	0.154093
12	0.154093	0.149889
13	0.149889	0.145892
14	0.145892	0.1421
15	0.1421	0.138506
16	0.138506	0.135107
17	0.135107	0.131894
18	0.131894	0.128859
19	0.128859	0.125996
20	0.125996	0.123293
21	0.123293	0.120744
22	0.120744	0.118338
23	0.118338	0.116067
24	0.116067	0.113923
25	0.113923	0.111896
26	0.111896	0.10998
27	0.10998	0.108166
28	0.108166	0.106448
29	0.106447	0.104818
30	0.104818	0.103271
31	0.103271	0.1018
32	0.1018	0.100401
33	0.100401	0.099068
34	0.0990681	0.0977966
35	0.0977965	0.0965822
36	0.0965823	0.095421
37	0.0954211	0.0943093
38	0.0943093	0.0932437
39	0.0932436	0.0922208
40	0.0922208	0.0912378
41	0.0912378	0.0902921
42	0.0902921	0.089381
43	0.089381	0.0885023
44	0.0885024	0.0876539
45	0.0876539	0.0868338
46	0.0868338	0.08604
47	0.08604	0.085271
48	0.085271	0.084525
49	0.0845251	0.0838008
50	0.0838008	0.0830969
51	0.0830969	0.082412
52	0.082412	0.0817449
53	0.0817449	0.0810947
54	0.0810947	0.0804602
55	0.0804602	0.0798406
56	0.0798405	0.0792347
57	0.0792348	0.0786421
58	0.0786422	0.0780618
59	0.0780618	0.0774931
60	0.0774931	0.0769354
61	0.0769354	0.076388
62	0.076388	0.0758503
63	0.0758503	0.0753218
64	0.0753218	0.074802
65	0.074802	0.0742905
66	0.0742904	0.0737866
67	0.0737866	0.0732901
68	0.0732901	0.0728006
69	0.0728006	0.0723176
70	0.0723176	0.0718409
71	0.0718409	0.0713701
72	0.0713701	0.0709048
73	0.0709048	0.0704449
74	0.070445	0.0699902
75	0.0699901	0.0695402
76	0.0695402	0.0690948
77	0.0690948	0.0686537
78	0.0686537	0.0682169
79	0.0682169	0.067784
80	0.067784	0.0673549
81	0.0673549	0.0669295
82	0.0669295	0.0665076
83	0.0665076	0.066089
84	0.066089	0.0656737
85	0.0656737	0.0652615
86	0.0652615	0.0648522
87	0.0648522	0.0644458
88	0.0644458	0.0640422
89	0.0640422	0.0636413
90	0.0636413	0.0632431
91	0.0632431	0.0628473
92	0.0628473	0.0624541
93	0.0624541	0.0620632
94	0.0620632	0.0616748
95	0.0616748	0.0612886
96	0.0612886	0.0609047
97	0.0609047	0.060523
98	0.060523	0.0601435
99	0.0601435	0.0597661
100	0.0597661	0.0593909
101	0.0593909	0.0590177
102	0.0590177	0.0586467
103	0.0586467	0.0582777
104	0.0582777	0.0579108
105	0.0579108	0.0575459
106	0.0575459	0.0571831
107	0.0571831	0.0568222
108	0.0568222	0.0564635
109	0.0564635	0.0561067
110	0.0561067	0.055752
111	0.055752	0.0553992
112	0.0553993	0.0550486
113	0.0550486	0.0547
114	0.0547	0.0543534
115	0.0543534	0.0540089
116	0.0540089	0.0536665
117	0.0536665	0.0533262
118	0.0533262	0.0529879
119	0.0529879	0.0526518
120	0.0526518	0.0523178
121	0.0523178	0.051986
122	0.051986	0.0516563
123	0.0516563	0.0513288
124	0.0513287	0.0510034
125	0.0510034	0.0506803
126	0.0506803	0.0503594
127	0.0503594	0.0500407
128	0.0500407	0.0497243
129	0.0497243	0.0494101
130	0.0494101	0.0490982
131	0.0490982	0.0487886
132	0.0487887	0.0484814
133	0.0484814	0.0481764
134	0.0481764	0.0478738
135	0.0478738	0.0475736
136	0.0475736	0.0472757
137	0.0472757	0.0469802
138	0.0469802	0.0466871
139	0.0466871	0.0463963
140	0.0463964	0.0461081
141	0.0461081	0.0458222
142	0.0458222	0.0455387
143	0.0455387	0.0452577
144	0.0452577	0.0449791
145	0.0449791	0.044703
146	0.044703	0.0444293
147	0.0444293	0.0441581
148	0.0441581	0.0438893
149	0.0438893	0.0436231
150	0.043623	0.0433592
151	0.0433592	0.0430979
152	0.0430979	0.042839
153	0.042839	0.0425826
154	0.0425826	0.0423286
155	0.0423286	0.0420771
156	0.0420771	0.0418281
157	0.0418281	0.0415815
158	0.0415815	0.0413374
159	0.0413374	0.0410958
160	0.0410957	0.0408565
161	0.0408565	0.0406197
162	0.0406197	0.0403854
163	0.0403854	0.0401534
164	0.0401534	0.0399239
165	0.0399239	0.0396968
166	0.0396968	0.039472
167	0.039472	0.0392497
168	0.0392497	0.0390297
169	0.0390297	0.038812
170	0.0388121	0.0385968
171	0.0385968	0.0383838
172	0.0383838	0.0381732
173	0.0381732	0.0379648
174	0.0379648	0.0377588
175	0.0377588	0.037555
176	0.037555	0.0373535
177	0.0373535	0.0371543
178	0.0371542	0.0369572
179	0.0369572	0.0367624
180	0.0367624	0.0365698
181	0.0365698	0.0363793
182	0.0363793	0.036191
183	0.036191	0.0360049
184	0.0360049	0.0358209
185	0.0358209	0.035639
186	0.035639	0.0354591
187	0.0354591	0.0352814
188	0.0352814	0.0351057
189	0.0351057	0.034932
190	0.034932	0.0347604
191	0.0347604	0.0345907
192	0.0345907	0.034423
193	0.034423	0.0342573
194	0.0342573	0.0340935
195	0.0340935	0.0339317
196	0.0339317	0.0337717
197	0.0337717	0.0336136
198	0.0336136	0.0334574
199	0.0334574	0.033303
200	0.033303	0.0331504
201	0.0331504	0.0329997
202	0.0329997	0.0328507
203	0.0328507	0.0327035
204	0.0327035	0.032558
205	0.032558	0.0324142
206	0.0324142	0.0322722
207	0.0322722	0.0321318
208	0.0321318	0.0319931
209	0.0319931	0.031856
210	0.0318561	0.0317206
211	0.0317206	0.0315868
212	0.0315868	0.0314546
213	0.0314546	0.0313239
214	0.0313239	0.0311948
215	0.0311948	0.0310673
216	0.0310673	0.0309412
217	0.0309412	0.0308166
218	0.0308166	0.0306935
219	0.0306935	0.0305719
220	0.0305719	0.0304517
221	0.0304517	0.030333
222	0.030333	0.0302156
223	0.0302156	0.0300997
224	0.0300997	0.0299851
225	0.0299851	0.0298719
226	0.0298719	0.02976
227	0.02976	0.0296494
228	0.0296494	0.0295401
229	0.0295401	0.0294322
230	0.0294322	0.0293255
231	0.0293255	0.02922
232	0.02922	0.0291158
233	0.0291158	0.0290128
234	0.0290128	0.028911
235	0.028911	0.0288105
236	0.0288105	0.028711
237	0.0287111	0.0286128
238	0.0286128	0.0285157
239	0.0285157	0.0284198
240	0.0284198	0.0283249
241	0.0283249	0.0282312
242	0.0282312	0.0281385
243	0.0281385	0.0280469
244	0.028047	0.0279564
245	0.0279565	0.027867
246	0.027867	0.0277785
247	0.0277785	0.0276911
248	0.0276911	0.0276047
249	0.0276047	0.0275193
250	0.0275193	0.0274349
251	0.0274349	0.0273514
252	0.0273514	0.0272689
253	0.0272689	0.0271873
254	0.0271873	0.0271067
255	0.0271067	0.027027
256	0.027027	0.0269482
257	0.0269482	0.0268703
258	0.0268703	0.0267932
259	0.0267932	0.0267171
260	0.0267171	0.0266418
261	0.0266418	0.0265673
262	0.0265673	0.0264937
263	0.0264937	0.0264209
264	0.0264209	0.0263489
265	0.0263489	0.0262777
266	0.0262777	0.0262074
267	0.0262074	0.0261378
268	0.0261378	0.0260689
269	0.0260689	0.0260009
270	0.0260009	0.0259336
271	0.0259336	0.025867
272	0.025867	0.0258012
273	0.0258012	0.0257361
274	0.0257361	0.0256717
275	0.0256717	0.025608
276	0.025608	0.0255451
277	0.025545	0.0254827
278	0.0254827	0.0254211
279	0.0254211	0.0253602
280	0.0253602	0.0252999
281	0.0252999	0.0252402
282	0.0252403	0.0251813
283	0.0251813	0.0251229
284	0.0251229	0.0250652
285	0.0250652	0.0250081
286	0.0250081	0.0249516
287	0.0249516	0.0248957
288	0.0248957	0.0248404
289	0.0248404	0.0247857
290	0.0247857	0.0247315
291	0.0247315	0.024678
292	0.024678	0.024625
293	0.024625	0.0245725
294	0.0245725	0.0245207
295	0.0245207	0.0244693
296	0.0244693	0.0244185
297	0.0244185	0.0243683
298	0.0243682	0.0243185
299	0.0243185	0.0242693
300	0.0242693	0.0242205
301	0.0242205	0.0241723
302	0.0241723	0.0241246
303	0.0241246	0.0240774
304	0.0240774	0.0240306
305	0.0240306	0.0239844
306	0.0239844	0.0239386
307	0.0239386	0.0238933
308	0.0238933	0.0238484
309	0.0238484	0.023804
310	0.023804	0.02376
311	0.02376	0.0237165
312	0.0237165	0.0236734
313	0.0236734	0.0236308
314	0.0236308	0.0235886
315	0.0235886	0.0235468
316	0.0235468	0.0235054
317	0.0235054	0.0234645
318	0.0234645	0.0234239
319	0.0234239	0.0233837
320	0.0233837	0.023344
321	0.023344	0.0233046
322	0.0233046	0.0232656
323	0.0232656	0.023227
324	0.023227	0.0231888
325	0.0231888	0.023151
326	0.023151	0.0231135
327	0.0231135	0.0230764
328	0.0230764	0.0230396
329	0.0230396	0.0230032
330	0.0230032	0.0229672
331	0.0229672	0.0229315
332	0.0229315	0.0228961
333	0.0228961	0.0228611
334	0.0228611	0.0228264
335	0.0228264	0.0227921
336	0.022792	0.022758
337	0.022758	0.0227243
338	0.0227243	0.0226909
339	0.0226909	0.0226579
340	0.0226579	0.0226251
341	0.0226251	0.0225926
342	0.0225926	0.0225605
343	0.0225605	0.0225286
344	0.0225286	0.0224971
345	0.0224971	0.0224658
346	0.0224658	0.0224348
347	0.0224348	0.0224041
348	0.0224041	0.0223737
349	0.0223737	0.0223436
350	0.0223436	0.0223138
351	0.0223138	0.0222842
352	0.0222842	0.0222549
353	0.0222549	0.0222259
354	0.0222259	0.0221971
355	0.0221971	0.0221686
356	0.0221685	0.0221403
357	0.0221403	0.0221123
358	0.0221123	0.0220845
359	0.0220845	0.022057
360	0.022057	0.0220298
361	0.0220298	0.0220028
362	0.0220028	0.021976
363	0.021976	0.0219494
364	0.0219494	0.0219231
365	0.0219231	0.0218971
366	0.0218971	0.0218712
367	0.0218712	0.0218456
368	0.0218456	0.0218202
369	0.0218202	0.021795
370	0.021795	0.0217701
371	0.0217701	0.0217454
372	0.0217454	0.0217208
373	0.0217208	0.0216965
374	0.0216965	0.0216724
375	0.0216724	0.0216485
376	0.0216485	0.0216249
377	0.0216249	0.0216014
378	0.0216014	0.0215781
379	0.0215781	0.021555
380	0.021555	0.0215321
381	0.0215321	0.0215094
382	0.0215094	0.0214869
383	0.0214869	0.0214646
384	0.0214646	0.0214425
385	0.0214425	0.0214205
386	0.0214205	0.0213987
387	0.0213987	0.0213772
388	0.0213772	0.0213558
389	0.0213558	0.0213345
390	0.0213345	0.0213135
391	0.0213135	0.0212926
392	0.0212926	0.0212719
393	0.0212719	0.0212514
394	0.0212514	0.021231
395	0.021231	0.0212108
396	0.0212108	0.0211908
397	0.0211908	0.0211709
398	0.0211709	0.0211512
399	0.0211512	0.0211316
400	0.0211316	0.0211122
401	0.0211122	0.021093
402	0.021093	0.0210739
403	0.0210739	0.021055
404	0.021055	0.0210362
405	0.0210362	0.0210175
406	0.0210175	0.0209991
407	0.0209991	0.0209807
408	0.0209807	0.0209625
409	0.0209625	0.0209445
410	0.0209445	0.0209266
411	0.0209266	0.0209088
412	0.0209088	0.0208912
413	0.0208912	0.0208737
414	0.0208737	0.0208563
415	0.0208563	0.0208391
416	0.0208391	0.020822
417	0.020822	0.020805
418	0.020805	0.0207882
419	0.0207882	0.0207715
420	0.0207715	0.0207549
421	0.0207549	0.0207384
422	0.0207384	0.0207221
423	0.0207221	0.0207059
424	0.0207059	0.0206898
425	0.0206898	0.0206739
426	0.0206739	0.020658
427	0.020658	0.0206423
428	0.0206423	0.0206267
429	0.0206267	0.0206112
430	0.0206112	0.0205958
431	0.0205958	0.0205806
432	0.0205806	0.0205654
433	0.0205654	0.0205504
434	0.0205504	0.0205355
435	0.0205355	0.0205207
436	0.0205207	0.020506
437	0.020506	0.0204914
438	0.0204914	0.0204769
439	0.0204769	0.0204625
440	0.0204625	0.0204482
441	0.0204482	0.020434
442	0.020434	0.0204199
443	0.0204199	0.020406
444	0.020406	0.0203921
445	0.0203921	0.0203783
446	0.0203783	0.0203646
447	0.0203646	0.020351
448	0.020351	0.0203375
449	0.0203375	0.0203242
450	0.0203241	0.0203108
451	0.0203108	0.0202976
452	0.0202976	0.0202845
453	0.0202845	0.0202715
454	0.0202715	0.0202586
455	0.0202586	0.0202457
456	0.0202457	0.020233
457	0.020233	0.0202203
458	0.0202203	0.0202077
459	0.0202077	0.0201952
460	0.0201952	0.0201828
461	0.0201828	0.0201705
462	0.0201705	0.0201583
463	0.0201583	0.0201461
464	0.0201461	0.0201341
465	0.0201341	0.0201221
466	0.0201221	0.0201102
467	0.0201102	0.0200983
468	0.0200983	0.0200866
469	0.0200866	0.0200749
470	0.0200749	0.0200633
471	0.0200633	0.0200518
472	0.0200518	0.0200404
473	0.0200404	0.020029
474	0.020029	0.0200177
475	0.0200177	0.0200065
476	0.0200065	0.0199954
477	0.0199954	0.0199843
