1	0.290216	0.279813
2	0.279813	0.269773
3	0.269773	0.260252
4	0.260253	0.251261
5	0.251262	0.243011
6	0.243011	0.235717
7	0.235717	0.229407
8	0.229406	0.223774
9	0.223774	0.218541
10	0.21854	0.21362
11	0.21362	0.208977
12	0.208977	0.204572
13	0.204572	0.200361
14	0.200361	0.196364
15	0.196364	0.192554
16	0.192554	0.188922
17	0.188922	0.185459
18	0.185459	0.182139
19	0.182139	0.178945
20	0.178945	0.175866
21	0.175866	0.172889
22	0.172888	0.170003
23	0.170003	0.167205
24	0.167205	0.164486
25	0.164486	0.161843
26	0.161843	0.15927
27	0.15927	0.156762
28	0.156762	0.154316
29	0.154316	0.151927
30	0.151927	0.149593
31	0.149594	0.14731
32	0.14731	0.145076
33	0.145076	0.142889
34	0.142889	0.140745
35	0.140745	0.138643
36	0.138644	0.136582
37	0.136582	0.134559
38	0.134559	0.132573
39	0.132573	0.130623
40	0.130624	0.128708
41	0.128708	0.126826
42	0.126826	0.124977
43	0.124976	0.123159
44	0.123159	0.121372
45	0.121372	0.119615
46	0.119615	0.117888
47	0.117888	0.11619
48	0.11619	0.11452
49	0.11452	0.112879
50	0.112879	0.111264
51	0.111264	0.109677
52	0.109677	0.108116
53	0.108116	0.106581
54	0.106582	0.105073
55	0.105073	0.10359
56	0.10359	0.102133
57	0.102133	0.1007
58	0.1007	0.0992924
59	0.0992926	0.0979092
60	0.0979093	0.09655
61	0.0965503	0.095215
62	0.0952149	0.0939034
63	0.0939036	0.0926154
64	0.0926152	0.0913506
65	0.0913506	0.0901083
66	0.0901086	0.0888892
67	0.0888893	0.0876926
68	0.0876927	0.0865176
69	0.0865175	0.0853651
70	0.085365	0.0842339
71	0.0842344	0.0831246
72	0.0831246	0.0820356
73	0.0820354	0.0809681
74	0.080968	0.0799211
75	0.0799209	0.0788942
76	0.0788942	0.0778874
77	0.0778875	0.0769007
78	0.0769004	0.0759332
79	0.0759333	0.074985
80	0.0749852	0.0740559
81	0.0740559	0.0731453
82	0.0731453	0.0722532
83	0.0722533	0.0713792
84	0.0713792	0.070523
85	0.0705229	0.0696839
86	0.0696839	0.0688625
87	0.0688625	0.0680581
88	0.0680581	0.06727
89	0.06727	0.0664983
90	0.0664983	0.0657428
91	0.0657426	0.0650031
92	0.0650029	0.0642785
93	0.0642785	0.0635695
94	0.0635695	0.0628751
95	0.062875	0.0621953
96	0.0621955	0.0615301
97	0.0615301	0.0608789
98	0.0608787	0.0602415
99	0.0602412	0.0596174
100	0.0596173	0.0590062
101	0.0590064	0.0584082
102	0.0584082	0.0578229
103	0.0578228	0.0572499
104	0.0572499	0.056689
105	0.0566891	0.0561398
106	0.0561399	0.0556025
107	0.0556023	0.0550762
108	0.0550762	0.0545611
109	0.0545611	0.0540567
110	0.0540567	0.053563
111	0.053563	0.0530796
112	0.0530796	0.0526062
113	0.0526063	0.0521425
114	0.0521427	0.0516887
115	0.0516888	0.0512441
116	0.0512442	0.0508089
117	0.0508089	0.0503823
118	0.0503825	0.0499649
119	0.0499648	0.0495556
120	0.0495556	0.0491547
121	0.0491547	0.0487621
122	0.0487619	0.0483772
123	0.0483772	0.0480001
124	0.048	0.0476305
125	0.0476305	0.0472683
126	0.0472681	0.0469132
127	0.0469132	0.0465651
128	0.046565	0.0462239
129	0.0462239	0.0458894
130	0.0458893	0.0455612
131	0.0455612	0.0452394
132	0.0452395	0.0449237
133	0.0449237	0.0446143
134	0.0446141	0.0443105
135	0.0443105	0.0440122
136	0.0440123	0.0437199
137	0.0437198	0.0434328
138	0.0434328	0.0431511
139	0.0431512	0.0428745
140	0.0428746	0.0426031
141	0.0426031	0.0423363
142	0.0423363	0.0420746
143	0.0420745	0.0418173
144	0.0418174	0.0415648
145	0.0415649	0.0413167
146	0.0413169	0.0410729
147	0.041073	0.0408332
148	0.0408333	0.0405979
149	0.0405979	0.0403667
150	0.0403665	0.0401392
151	0.040139	0.0399154
152	0.0399154	0.0396955
153	0.0396956	0.0394793
154	0.0394793	0.0392667
155	0.0392666	0.0390575
156	0.0390575	0.0388517
157	0.0388517	0.0386492
158	0.0386492	0.0384499
159	0.0384499	0.0382539
160	0.0382538	0.0380608
161	0.0380609	0.0378708
162	0.0378709	0.0376839
163	0.0376839	0.0374997
164	0.0374998	0.0373185
165	0.0373185	0.03714
166	0.0371399	0.0369639
167	0.036964	0.0367906
168	0.0367907	0.03662
169	0.03662	0.0364517
170	0.0364517	0.036286
171	0.0362861	0.0361227
172	0.0361228	0.0359616
173	0.0359618	0.035803
174	0.0358031	0.0356468
175	0.0356467	0.0354924
176	0.0354924	0.0353403
177	0.0353402	0.0351903
178	0.0351903	0.0350425
179	0.0350424	0.0348966
180	0.0348965	0.0347526
181	0.0347527	0.0346106
182	0.0346105	0.0344706
183	0.0344705	0.0343323
184	0.0343323	0.0341959
185	0.034196	0.0340613
186	0.0340614	0.0339284
187	0.0339285	0.0337973
188	0.0337973	0.0336678
189	0.0336678	0.03354
190	0.0335399	0.0334137
191	0.0334138	0.0332891
192	0.0332892	0.0331662
193	0.033166	0.0330445
194	0.0330446	0.0329245
195	0.0329245	0.032806
196	0.032806	0.0326889
197	0.0326888	0.0325731
198	0.0325731	0.0324589
199	0.0324589	0.0323459
200	0.0323459	0.0322344
201	0.0322344	0.032124
202	0.0321241	0.0320151
203	0.0320151	0.0319074
204	0.0319074	0.0318011
205	0.0318011	0.0316958
206	0.0316957	0.0315917
207	0.0315917	0.031489
208	0.0314889	0.0313873
209	0.0313873	0.0312868
210	0.0312868	0.0311874
211	0.0311875	0.0310894
212	0.0310893	0.0309921
213	0.0309922	0.0308961
214	0.0308961	0.0308011
215	0.0308012	0.0307072
216	0.0307072	0.0306143
217	0.0306142	0.0305225
218	0.0305224	0.0304317
219	0.0304316	0.0303417
220	0.0303417	0.0302526
221	0.0302527	0.0301646
222	0.0301647	0.0300777
223	0.0300777	0.0299916
224	0.0299917	0.0299066
225	0.0299065	0.0298223
226	0.0298222	0.0297388
227	0.0297388	0.0296563
228	0.0296564	0.0295748
229	0.0295747	0.0294939
230	0.0294941	0.029414
231	0.0294141	0.029335
232	0.0293349	0.0292568
233	0.0292567	0.0291792
234	0.0291793	0.0291026
235	0.0291026	0.0290267
236	0.0290266	0.0289516
237	0.0289517	0.0288773
238	0.0288774	0.0288037
239	0.0288037	0.0287309
240	0.028731	0.028659
241	0.0286589	0.0285876
242	0.0285876	0.028517
243	0.028517	0.0284471
244	0.028447	0.0283779
245	0.0283779	0.0283094
246	0.0283094	0.0282416
247	0.0282416	0.0281744
248	0.0281744	0.028108
249	0.0281079	0.0280422
250	0.0280423	0.027977
251	0.027977	0.0279125
252	0.0279126	0.0278488
253	0.0278487	0.0277854
254	0.0277855	0.0277229
255	0.0277229	0.027661
256	0.027661	0.0275997
257	0.0275997	0.0275388
258	0.0275389	0.0274787
259	0.0274788	0.0274191
260	0.0274192	0.0273603
261	0.0273603	0.0273019
262	0.0273018	0.027244
263	0.0272439	0.0271867
264	0.0271866	0.0271301
265	0.0271301	0.0270741
266	0.0270739	0.0270184
267	0.0270184	0.0269633
268	0.0269634	0.0269089
269	0.0269089	0.0268549
270	0.0268548	0.0268015
271	0.0268014	0.0267484
272	0.0267485	0.0266961
273	0.0266961	0.0266442
274	0.0266441	0.0265928
275	0.0265927	0.0265418
276	0.0265418	0.0264915
277	0.0264914	0.0264415
278	0.0264416	0.0263921
279	0.0263921	0.0263432
280	0.0263431	0.0262946
281	0.0262947	0.0262465
282	0.0262466	0.026199
283	0.0261991	0.0261519
284	0.026152	0.0261053
285	0.0261053	0.0260591
286	0.026059	0.0260133
287	0.0260133	0.025968
288	0.025968	0.0259232
289	0.0259232	0.0258787
290	0.0258786	0.0258348
291	0.0258346	0.0257909
292	0.025791	0.0257478
293	0.0257479	0.0257051
294	0.0257051	0.0256628
295	0.0256627	0.0256208
296	0.0256208	0.0255793
297	0.0255793	0.025538
298	0.025538	0.0254973
299	0.0254973	0.0254569
300	0.0254569	0.0254169
301	0.0254169	0.0253773
302	0.0253773	0.0253381
303	0.0253381	0.0252993
304	0.0252993	0.0252608
305	0.0252607	0.0252226
306	0.0252227	0.0251849
307	0.025185	0.0251474
308	0.0251475	0.0251104
309	0.0251105	0.0250738
310	0.0250737	0.0250374
311	0.0250374	0.0250014
312	0.0250014	0.0249657
313	0.0249657	0.0249305
314	0.0249304	0.0248954
315	0.0248955	0.0248608
316	0.0248607	0.0248265
317	0.0248263	0.0247925
318	0.0247925	0.0247588
319	0.0247587	0.0247254
320	0.0247254	0.0246923
321	0.0246923	0.0246595
322	0.0246596	0.0246272
323	0.0246271	0.024595
324	0.024595	0.0245632
325	0.0245632	0.0245317
326	0.0245317	0.0245004
327	0.0245004	0.0244695
328	0.0244695	0.0244389
329	0.0244389	0.0244085
330	0.0244085	0.0243785
331	0.0243785	0.0243487
332	0.0243487	0.0243192
333	0.0243192	0.0242899
334	0.0242899	0.024261
335	0.0242609	0.0242323
336	0.0242324	0.0242038
337	0.0242038	0.0241756
338	0.0241757	0.0241478
339	0.0241478	0.0241202
340	0.0241202	0.0240927
341	0.0240928	0.0240657
342	0.0240656	0.0240387
343	0.0240388	0.0240121
344	0.0240122	0.0239858
345	0.0239858	0.0239597
346	0.0239596	0.0239337
347	0.0239337	0.0239081
348	0.0239081	0.0238827
349	0.0238827	0.0238575
350	0.0238575	0.0238325
351	0.0238326	0.0238078
352	0.0238078	0.0237833
353	0.0237834	0.023759
354	0.0237591	0.023735
355	0.023735	0.0237112
356	0.0237113	0.0236876
357	0.0236876	0.0236642
358	0.0236643	0.0236411
359	0.0236411	0.023618
360	0.0236181	0.0235953
361	0.0235953	0.0235728
362	0.0235728	0.0235505
363	0.0235505	0.0235284
364	0.0235283	0.0235064
365	0.0235064	0.0234847
366	0.0234847	0.0234631
367	0.0234631	0.0234418
368	0.0234418	0.0234206
369	0.0234207	0.0233997
370	0.0233997	0.0233789
371	0.023379	0.0233583
372	0.0233583	0.023338
373	0.023338	0.0233177
374	0.0233177	0.0232977
375	0.0232977	0.0232779
376	0.0232779	0.0232582
377	0.0232583	0.0232387
378	0.0232386	0.0232194
379	0.0232193	0.0232002
380	0.0232002	0.0231813
381	0.0231813	0.0231625
382	0.0231625	0.0231439
383	0.0231438	0.0231254
384	0.0231254	0.023107
385	0.023107	0.0230889
386	0.0230889	0.0230709
387	0.0230709	0.0230531
388	0.0230531	0.0230353
389	0.0230354	0.0230179
390	0.0230179	0.0230005
391	0.0230005	0.0229833
392	0.0229833	0.0229664
393	0.0229663	0.0229494
394	0.0229494	0.0229326
395	0.0229326	0.022916
396	0.022916	0.0228995
397	0.0228995	0.0228832
398	0.0228832	0.022867
399	0.022867	0.0228509
400	0.022851	0.0228352
401	0.0228352	0.0228194
402	0.0228193	0.0228037
403	0.0228037	0.0227882
404	0.0227882	0.0227729
405	0.0227729	0.0227577
406	0.0227576	0.0227425
407	0.0227425	0.0227276
408	0.0227275	0.0227127
409	0.0227127	0.022698
410	0.022698	0.0226835
411	0.0226834	0.022669
412	0.022669	0.0226547
413	0.0226547	0.0226405
414	0.0226404	0.0226264
415	0.0226263	0.0226124
416	0.0226124	0.0225985
417	0.0225984	0.0225848
418	0.0225848	0.0225712
419	0.0225712	0.0225577
420	0.0225577	0.0225443
421	0.0225443	0.022531
422	0.0225311	0.0225178
423	0.0225178	0.0225048
424	0.0225048	0.0224918
425	0.0224917	0.022479
426	0.022479	0.0224663
427	0.0224663	0.0224537
428	0.0224537	0.0224411
429	0.0224411	0.0224287
430	0.0224287	0.0224163
431	0.0224163	0.0224041
432	0.0224042	0.022392
433	0.022392	0.0223801
434	0.0223801	0.0223681
435	0.0223681	0.0223564
436	0.0223563	0.0223446
437	0.0223446	0.022333
438	0.022333	0.0223215
439	0.0223214	0.02231
440	0.02231	0.0222986
441	0.0222987	0.0222874
442	0.0222874	0.0222762
443	0.0222763	0.0222652
444	0.0222652	0.0222542
445	0.0222542	0.0222433
446	0.0222432	0.0222325
447	0.0222325	0.0222218
448	0.0222218	0.0222111
449	0.0222112	0.0222006
450	0.0222007	0.0221902
451	0.0221902	0.0221798
452	0.0221798	0.0221695
453	0.0221694	0.0221592
454	0.0221593	0.0221491
455	0.0221491	0.022139
456	0.022139	0.0221291
457	0.0221291	0.0221192
458	0.0221192	0.0221094
459	0.0221093	0.0220996
460	0.0220997	0.02209
461	0.0220899	0.0220804
462	0.0220804	0.0220709
463	0.0220709	0.0220614
464	0.0220614	0.0220521
465	0.0220521	0.0220428
466	0.0220427	0.0220335
467	0.0220335	0.0220244
468	0.0220244	0.0220153
469	0.0220153	0.0220063
470	0.0220063	0.0219974
471	0.0219973	0.0219885
472	0.0219885	0.0219797
473	0.0219797	0.0219709
474	0.0219709	0.0219623
475	0.0219623	0.0219537
476	0.0219537	0.0219451
477	0.0219451	0.0219366
478	0.0219366	0.0219282
479	0.0219282	0.0219198
480	0.0219198	0.0219116
481	0.0219116	0.0219033
482	0.0219034	0.0218951
483	0.0218952	0.021887
484	0.021887	0.0218791
485	0.021879	0.0218711
486	0.021871	0.0218632
487	0.0218631	0.0218553
488	0.0218553	0.0218475
489	0.0218475	0.0218397
490	0.0218397	0.0218321
491	0.0218321	0.0218244
492	0.0218243	0.0218168
493	0.0218168	0.0218093
494	0.0218092	0.0218018
495	0.0218018	0.0217944
496	0.0217944	0.021787
497	0.021787	0.0217797
498	0.0217797	0.0217724
499	0.0217724	0.0217652
500	0.0217652	0.0217582
501	0.0217581	0.021751
502	0.021751	0.0217439
503	0.021744	0.0217369
504	0.0217369	0.02173
505	0.02173	0.0217232
506	0.0217231	0.0217163
507	0.0217163	0.0217095
508	0.0217094	0.0217027
509	0.0217027	0.0216959
510	0.021696	0.0216893
511	0.0216894	0.0216827
512	0.0216826	0.0216762
513	0.0216761	0.0216696
514	0.0216696	0.021663
515	0.0216631	0.0216567
516	0.0216568	0.0216503
517	0.0216503	0.021644
518	0.021644	0.0216376
519	0.0216377	0.0216315
520	0.0216314	0.0216252
521	0.0216252	0.0216191
522	0.021619	0.0216129
523	0.0216128	0.0216068
524	0.0216068	0.0216008
525	0.0216008	0.0215947
526	0.0215948	0.0215888
527	0.0215888	0.0215829
528	0.0215829	0.021577
529	0.021577	0.0215712
530	0.0215711	0.0215653
531	0.0215652	0.0215596
532	0.0215595	0.0215538
533	0.0215538	0.0215481
534	0.0215481	0.0215426
535	0.0215425	0.0215369
536	0.0215369	0.0215314
537	0.0215314	0.0215257
538	0.0215258	0.0215203
539	0.0215203	0.0215148
540	0.0215148	0.0215094
541	0.0215094	0.021504
542	0.021504	0.0214986
543	0.0214987	0.0214933
544	0.0214932	0.021488
545	0.021488	0.0214828
546	0.0214827	0.0214775
547	0.0214775	0.0214723
548	0.0214723	0.0214672
549	0.0214671	0.021462
550	0.0214621	0.021457
551	0.021457	0.0214519
552	0.021452	0.0214469
553	0.0214469	0.0214419
554	0.0214419	0.0214369
555	0.0214369	0.021432
556	0.021432	0.0214271
557	0.0214271	0.0214222
558	0.0214222	0.0214174
559	0.0214173	0.0214126
560	0.0214125	0.0214078
561	0.0214078	0.0214031
562	0.0214031	0.0213983
563	0.0213983	0.0213936
564	0.0213936	0.0213889
565	0.0213889	0.0213844
566	0.0213844	0.0213797
567	0.0213797	0.0213751
568	0.0213751	0.0213705
569	0.0213706	0.021366
570	0.0213661	0.0213615
571	0.0213616	0.0213571
572	0.0213571	0.0213526
573	0.0213526	0.0213483
574	0.0213483	0.0213438
575	0.0213439	0.0213395
576	0.0213394	0.0213352
577	0.0213352	0.0213308
578	0.0213309	0.0213266
579	0.0213265	0.0213223
580	0.0213223	0.021318
581	0.0213181	0.0213139
582	0.0213138	0.0213098
583	0.0213098	0.0213055
584	0.0213056	0.0213014
585	0.0213014	0.0212973
586	0.0212973	0.0212932
587	0.0212932	0.0212892
588	0.0212891	0.0212851
589	0.0212851	0.021281
590	0.0212811	0.0212771
591	0.0212771	0.0212731
592	0.0212732	0.0212692
593	0.0212692	0.0212652
594	0.0212652	0.0212613
595	0.0212614	0.0212575
596	0.0212574	0.0212536
597	0.0212536	0.0212498
598	0.0212498	0.021246
599	0.0212459	0.0212421
600	0.0212421	0.0212383
601	0.0212384	0.0212347
602	0.0212346	0.0212308
603	0.0212309	0.0212271
604	0.0212272	0.0212235
605	0.0212235	0.0212198
606	0.0212198	0.0212162
607	0.0212161	0.0212125
608	0.0212126	0.021209
609	0.0212089	0.0212054
610	0.0212054	0.0212017
611	0.0212017	0.0211982
612	0.0211982	0.0211946
613	0.0211947	0.0211911
614	0.0211912	0.0211876
615	0.0211877	0.0211842
616	0.0211841	0.0211808
617	0.0211807	0.0211772
618	0.0211773	0.0211739
619	0.0211738	0.0211705
620	0.0211705	0.0211671
621	0.0211672	0.0211637
622	0.0211638	0.0211604
623	0.0211604	0.0211571
624	0.0211571	0.0211538
625	0.0211538	0.0211505
626	0.0211504	0.0211472
627	0.0211472	0.0211439
628	0.0211438	0.0211407
629	0.0211407	0.0211374
630	0.0211373	0.0211343
631	0.0211342	0.021131
632	0.021131	0.0211278
633	0.0211278	0.0211247
634	0.0211246	0.0211216
635	0.0211216	0.0211184
636	0.0211184	0.0211153
637	0.0211153	0.0211122
638	0.0211122	0.0211091
639	0.0211091	0.021106
640	0.0211061	0.021103
641	0.021103	0.0211
642	0.0211	0.021097
643	0.0210969	0.0210939
644	0.0210939	0.0210909
645	0.0210909	0.0210879
646	0.0210879	0.021085
647	0.021085	0.021082
648	0.021082	0.0210791
649	0.0210791	0.0210762
650	0.0210761	0.0210732
651	0.0210732	0.0210704
652	0.0210704	0.0210674
653	0.0210675	0.0210646
654	0.0210646	0.0210618
655	0.0210617	0.0210589
656	0.0210589	0.021056
657	0.0210561	0.0210533
658	0.0210533	0.0210505
659	0.0210505	0.0210477
660	0.0210478	0.0210449
661	0.0210449	0.0210422
662	0.0210422	0.0210394
663	0.0210393	0.0210367
664	0.0210366	0.0210339
665	0.021034	0.0210313
666	0.0210312	0.0210286
667	0.0210286	0.0210259
668	0.0210259	0.0210232
669	0.0210233	0.0210205
670	0.0210205	0.0210179
671	0.0210179	0.0210153
672	0.0210153	0.0210126
673	0.0210126	0.02101
674	0.02101	0.0210074
675	0.0210074	0.0210048
676	0.0210048	0.0210023
677	0.0210023	0.0209997
678	0.0209998	0.0209971
679	0.0209972	0.0209946
680	0.0209946	0.0209921
681	0.0209921	0.0209895
682	0.0209895	0.020987
683	0.020987	0.0209845
684	0.0209845	0.0209821
685	0.020982	0.0209796
686	0.0209795	0.020977
687	0.0209771	0.0209747
688	0.0209746	0.0209722
689	0.0209722	0.0209697
690	0.0209698	0.0209673
691	0.0209674	0.0209649
692	0.0209649	0.0209625
693	0.0209625	0.0209602
694	0.0209601	0.0209577
695	0.0209577	0.0209553
696	0.0209553	0.020953
697	0.020953	0.0209507
698	0.0209507	0.0209483
699	0.0209483	0.020946
700	0.020946	0.0209435
701	0.0209436	0.0209413
702	0.0209413	0.020939
703	0.020939	0.0209367
704	0.0209367	0.0209344
705	0.0209345	0.0209321
706	0.0209321	0.02093
707	0.0209299	0.0209276
708	0.0209276	0.0209254
709	0.0209254	0.0209231
710	0.0209231	0.0209209
711	0.0209209	0.0209187
712	0.0209187	0.0209164
713	0.0209164	0.0209142
714	0.0209143	0.020912
715	0.020912	0.0209099
716	0.0209098	0.0209077
717	0.0209077	0.0209055
718	0.0209055	0.0209033
719	0.0209033	0.0209011
720	0.0209011	0.020899
721	0.020899	0.0208969
722	0.0208968	0.0208947
723	0.0208947	0.0208926
724	0.0208925	0.0208905
725	0.0208904	0.0208883
726	0.0208884	0.0208863
727	0.0208863	0.0208842
728	0.0208842	0.0208821
729	0.0208821	0.02088
730	0.02088	0.020878
731	0.020878	0.0208759
732	0.020876	0.0208738
733	0.0208737	0.0208718
734	0.0208719	0.0208698
735	0.0208698	0.0208678
736	0.0208678	0.0208657
737	0.0208658	0.0208637
738	0.0208637	0.0208617
739	0.0208617	0.0208597
740	0.0208597	0.0208577
741	0.0208577	0.0208557
742	0.0208557	0.0208538
743	0.0208537	0.0208518
744	0.0208518	0.0208497
745	0.0208498	0.0208479
746	0.0208479	0.0208459
747	0.0208459	0.0208439
748	0.0208439	0.020842
749	0.020842	0.02084
750	0.02084	0.0208382
751	0.0208381	0.0208362
752	0.0208362	0.0208343
753	0.0208343	0.0208324
754	0.0208324	0.0208304
755	0.0208305	0.0208286
756	0.0208286	0.0208268
757	0.0208268	0.0208248
758	0.0208248	0.020823
759	0.020823	0.0208211
760	0.0208211	0.0208192
761	0.0208193	0.0208173
762	0.0208173	0.0208155
763	0.0208155	0.0208137
764	0.0208137	0.0208119
765	0.0208119	0.0208101
766	0.02081	0.0208083
767	0.0208082	0.0208064
768	0.0208064	0.0208046
769	0.0208046	0.0208028
770	0.0208027	0.020801
771	0.020801	0.0207992
772	0.0207992	0.0207974
773	0.0207974	0.0207956
774	0.0207956	0.0207938
775	0.0207938	0.020792
776	0.020792	0.0207902
777	0.0207903	0.0207885
778	0.0207885	0.0207868
779	0.0207867	0.020785
780	0.020785	0.0207832
781	0.0207832	0.0207815
782	0.0207815	0.0207798
783	0.0207798	0.020778
784	0.020778	0.0207763
785	0.0207764	0.0207745
786	0.0207747	0.0207728
787	0.0207728	0.0207712
788	0.0207712	0.0207695
789	0.0207695	0.0207677
790	0.0207678	0.0207661
791	0.0207661	0.0207644
792	0.0207644	0.0207627
793	0.0207627	0.020761
794	0.020761	0.0207594
795	0.0207594	0.0207577
796	0.0207577	0.020756
797	0.0207561	0.0207544
798	0.0207544	0.0207527
799	0.0207527	0.0207511
800	0.0207511	0.0207494
801	0.0207494	0.0207478
802	0.0207478	0.0207461
803	0.0207461	0.0207445
804	0.0207445	0.0207429
805	0.0207429	0.0207412
806	0.0207412	0.0207396
807	0.0207396	0.0207381
808	0.020738	0.0207364
809	0.0207364	0.0207349
810	0.0207348	0.0207332
811	0.0207333	0.0207316
812	0.0207317	0.0207301
813	0.0207301	0.0207284
814	0.0207285	0.0207268
815	0.0207269	0.0207253
816	0.0207253	0.0207237
817	0.0207237	0.0207222
818	0.0207222	0.0207206
819	0.0207207	0.020719
820	0.0207191	0.0207175
821	0.0207175	0.0207158
822	0.0207159	0.0207144
823	0.0207143	0.0207129
824	0.0207128	0.0207112
825	0.0207113	0.0207098
826	0.0207098	0.0207083
827	0.0207082	0.0207067
828	0.0207067	0.0207052
829	0.0207052	0.0207037
830	0.0207036	0.0207021
831	0.0207021	0.0207006
832	0.0207006	0.0206991
833	0.0206991	0.0206976
834	0.0206976	0.0206961
835	0.0206962	0.0206946
836	0.0206946	0.020693
837	0.020693	0.0206916
838	0.0206917	0.0206901
839	0.0206902	0.0206886
840	0.0206885	0.0206871
841	0.0206872	0.0206857
842	0.0206857	0.0206842
843	0.0206842	0.0206828
844	0.0206828	0.0206813
845	0.0206813	0.0206798
846	0.0206798	0.0206784
847	0.0206784	0.0206769
848	0.0206769	0.0206755
849	0.0206755	0.020674
850	0.020674	0.0206726
851	0.0206727	0.0206712
852	0.0206712	0.0206697
853	0.0206697	0.0206683
854	0.0206684	0.0206669
855	0.0206668	0.0206655
856	0.0206655	0.0206641
857	0.020664	0.0206626
858	0.0206625	0.0206611
859	0.0206611	0.0206597
860	0.0206598	0.0206583
861	0.0206583	0.0206569
862	0.0206569	0.0206555
863	0.0206556	0.0206541
864	0.0206541	0.0206527
865	0.0206527	0.0206513
866	0.0206513	0.0206499
867	0.0206499	0.0206486
868	0.0206486	0.0206472
869	0.0206472	0.0206458
870	0.0206458	0.0206444
871	0.0206444	0.020643
872	0.020643	0.0206416
873	0.0206416	0.0206403
874	0.0206403	0.0206389
875	0.0206389	0.0206375
876	0.0206376	0.0206362
877	0.0206362	0.0206348
878	0.0206347	0.0206335
879	0.0206335	0.0206321
880	0.0206321	0.0206308
881	0.0206308	0.0206294
882	0.0206294	0.0206281
883	0.0206281	0.0206268
884	0.0206267	0.0206254
885	0.0206254	0.0206241
886	0.020624	0.0206227
887	0.0206228	0.0206214
888	0.0206214	0.0206201
889	0.0206201	0.0206187
890	0.0206187	0.0206174
891	0.0206175	0.0206161
892	0.0206162	0.0206148
893	0.0206148	0.0206135
894	0.0206135	0.0206122
895	0.0206122	0.0206109
896	0.0206109	0.0206096
897	0.0206095	0.0206083
898	0.0206082	0.0206069
899	0.0206069	0.0206056
900	0.0206056	0.0206044
901	0.0206044	0.020603
902	0.0206031	0.0206018
903	0.0206018	0.0206005
904	0.0206004	0.0205991
905	0.0205992	0.0205979
906	0.0205979	0.0205966
907	0.0205966	0.0205953
908	0.0205953	0.0205941
909	0.0205941	0.0205927
910	0.0205927	0.0205915
911	0.0205914	0.0205902
912	0.0205902	0.0205889
913	0.020589	0.0205877
914	0.0205877	0.0205864
915	0.0205864	0.0205851
916	0.0205852	0.0205839
917	0.0205839	0.0205827
918	0.0205827	0.0205815
919	0.0205815	0.0205801
920	0.0205802	0.0205789
921	0.0205789	0.0205777
922	0.0205777	0.0205764
923	0.0205764	0.0205751
924	0.0205752	0.0205738
925	0.020574	0.0205726
926	0.0205727	0.0205714
927	0.0205715	0.0205702
928	0.0205703	0.020569
929	0.020569	0.0205678
930	0.0205677	0.0205665
931	0.0205665	0.0205653
932	0.0205653	0.0205641
933	0.0205641	0.0205629
934	0.0205629	0.0205617
935	0.0205617	0.0205604
936	0.0205605	0.0205593
937	0.0205592	0.020558
938	0.020558	0.0205568
939	0.0205568	0.0205556
940	0.0205556	0.0205544
941	0.0205544	0.0205532
942	0.0205532	0.020552
943	0.020552	0.0205507
944	0.0205507	0.0205496
945	0.0205496	0.0205484
946	0.0205484	0.0205472
947	0.0205472	0.020546
948	0.020546	0.0205448
949	0.0205447	0.0205435
950	0.0205436	0.0205424
951	0.0205424	0.0205412
952	0.0205412	0.02054
953	0.02054	0.0205389
954	0.0205389	0.0205377
955	0.0205376	0.0205366
956	0.0205365	0.0205354
957	0.0205353	0.0205342
958	0.0205341	0.020533
959	0.020533	0.0205318
960	0.0205318	0.0205306
961	0.0205307	0.0205295
962	0.0205295	0.0205284
963	0.0205283	0.0205272
964	0.0205272	0.020526
965	0.020526	0.0205248
966	0.0205249	0.0205237
967	0.0205237	0.0205225
968	0.0205226	0.0205214
969	0.0205214	0.0205202
970	0.0205203	0.0205191
971	0.0205191	0.020518
972	0.0205179	0.0205168
973	0.0205168	0.0205156
974	0.0205156	0.0205145
975	0.0205145	0.0205133
976	0.0205133	0.0205122
977	0.0205122	0.0205111
978	0.020511	0.02051
979	0.02051	0.0205088
980	0.0205088	0.0205077
981	0.0205076	0.0205066
982	0.0205066	0.0205055
983	0.0205054	0.0205043
984	0.0205043	0.0205031
985	0.0205031	0.020502
986	0.020502	0.0205009
987	0.0205009	0.0204998
988	0.0204998	0.0204987
989	0.0204987	0.0204975
990	0.0204975	0.0204964
991	0.0204963	0.0204952
992	0.0204953	0.0204942
993	0.0204942	0.0204931
994	0.0204931	0.020492
995	0.0204919	0.0204908
996	0.0204908	0.0204897
997	0.0204898	0.0204886
998	0.0204887	0.0204875
999	0.0204876	0.0204864
1000	0.0204865	0.0204853
1001	0.0204853	0.0204842
1002	0.0204842	0.0204832
1003	0.0204832	0.020482
1004	0.020482	0.0204809
1005	0.0204809	0.0204798
1006	0.0204799	0.0204788
1007	0.0204787	0.0204776
1008	0.0204776	0.0204765
1009	0.0204765	0.0204754
1010	0.0204755	0.0204743
1011	0.0204743	0.0204733
1012	0.0204733	0.0204722
1013	0.0204721	0.0204711
1014	0.0204711	0.02047
1015	0.02047	0.0204689
1016	0.0204689	0.0204679
1017	0.0204678	0.0204668
1018	0.0204667	0.0204656
1019	0.0204657	0.0204646
1020	0.0204646	0.0204635
1021	0.0204636	0.0204624
1022	0.0204624	0.0204614
1023	0.0204614	0.0204603
1024	0.0204603	0.0204593
1025	0.0204593	0.0204582
1026	0.0204582	0.0204571
1027	0.0204571	0.020456
1028	0.0204561	0.020455
1029	0.020455	0.0204539
1030	0.0204539	0.0204528
1031	0.0204529	0.0204518
1032	0.0204518	0.0204508
1033	0.0204508	0.0204497
1034	0.0204497	0.0204487
1035	0.0204486	0.0204476
1036	0.0204476	0.0204465
1037	0.0204465	0.0204454
1038	0.0204455	0.0204444
1039	0.0204444	0.0204434
1040	0.0204433	0.0204423
1041	0.0204423	0.0204413
1042	0.0204413	0.0204402
1043	0.0204402	0.0204392
1044	0.0204391	0.0204381
1045	0.0204382	0.0204371
1046	0.0204371	0.0204361
1047	0.020436	0.020435
1048	0.020435	0.0204339
1049	0.0204339	0.0204329
1050	0.020433	0.0204319
1051	0.0204318	0.0204309
1052	0.0204308	0.0204298
1053	0.0204298	0.0204288
1054	0.0204287	0.0204278
1055	0.0204278	0.0204267
1056	0.0204267	0.0204256
1057	0.0204256	0.0204247
1058	0.0204246	0.0204236
1059	0.0204236	0.0204226
1060	0.0204225	0.0204216
1061	0.0204216	0.0204205
1062	0.0204206	0.0204196
1063	0.0204195	0.0204185
1064	0.0204185	0.0204175
1065	0.0204175	0.0204164
1066	0.0204164	0.0204154
1067	0.0204155	0.0204144
1068	0.0204144	0.0204134
1069	0.0204134	0.0204123
1070	0.0204123	0.0204114
1071	0.0204114	0.0204103
1072	0.0204103	0.0204093
1073	0.0204093	0.0204084
1074	0.0204083	0.0204073
1075	0.0204073	0.0204063
1076	0.0204063	0.0204053
1077	0.0204053	0.0204043
1078	0.0204043	0.0204033
1079	0.0204033	0.0204023
1080	0.0204023	0.0204013
1081	0.0204012	0.0204003
1082	0.0204003	0.0203993
1083	0.0203993	0.0203983
1084	0.0203982	0.0203973
1085	0.0203972	0.0203963
1086	0.0203962	0.0203952
1087	0.0203953	0.0203943
1088	0.0203942	0.0203933
1089	0.0203933	0.0203922
1090	0.0203923	0.0203913
1091	0.0203913	0.0203904
1092	0.0203903	0.0203893
1093	0.0203893	0.0203883
1094	0.0203883	0.0203874
1095	0.0203873	0.0203864
1096	0.0203864	0.0203854
1097	0.0203853	0.0203844
1098	0.0203843	0.0203834
1099	0.0203834	0.0203824
1100	0.0203824	0.0203814
1101	0.0203814	0.0203804
1102	0.0203804	0.0203794
1103	0.0203794	0.0203785
1104	0.0203784	0.0203774
1105	0.0203775	0.0203765
1106	0.0203765	0.0203755
1107	0.0203755	0.0203745
1108	0.0203745	0.0203735
1109	0.0203736	0.0203725
1110	0.0203725	0.0203716
1111	0.0203716	0.0203706
1112	0.0203706	0.0203697
1113	0.0203697	0.0203687
1114	0.0203686	0.0203677
1115	0.0203677	0.0203667
1116	0.0203667	0.0203657
1117	0.0203657	0.0203647
1118	0.0203647	0.0203638
1119	0.0203638	0.0203629
1120	0.0203629	0.0203619
1121	0.0203619	0.020361
1122	0.0203609	0.02036
1123	0.02036	0.020359
1124	0.0203591	0.0203581
1125	0.0203581	0.0203571
1126	0.0203571	0.0203561
1127	0.0203561	0.0203552
1128	0.0203552	0.0203542
1129	0.0203541	0.0203533
1130	0.0203533	0.0203523
1131	0.0203523	0.0203513
1132	0.0203513	0.0203503
1133	0.0203503	0.0203494
1134	0.0203493	0.0203484
1135	0.0203484	0.0203475
1136	0.0203475	0.0203465
1137	0.0203466	0.0203456
1138	0.0203456	0.0203446
1139	0.0203447	0.0203437
1140	0.0203436	0.0203428
1141	0.0203428	0.0203418
1142	0.0203418	0.0203409
1143	0.0203408	0.0203399
1144	0.0203399	0.0203389
1145	0.0203389	0.020338
1146	0.020338	0.0203371
1147	0.020337	0.0203361
1148	0.0203361	0.0203351
1149	0.0203352	0.0203342
1150	0.0203342	0.0203332
1151	0.0203332	0.0203323
1152	0.0203323	0.0203314
1153	0.0203314	0.0203305
1154	0.0203304	0.0203295
1155	0.0203296	0.0203286
1156	0.0203285	0.0203276
1157	0.0203276	0.0203266
1158	0.0203267	0.0203257
1159	0.0203257	0.0203248
1160	0.0203248	0.0203239
1161	0.0203239	0.0203229
1162	0.0203229	0.020322
1163	0.020322	0.0203211
1164	0.0203211	0.0203202
1165	0.0203202	0.0203193
1166	0.0203193	0.0203183
1167	0.0203183	0.0203174
1168	0.0203174	0.0203165
1169	0.0203165	0.0203155
1170	0.0203155	0.0203147
1171	0.0203146	0.0203137
1172	0.0203137	0.0203127
1173	0.0203127	0.0203118
1174	0.0203119	0.0203109
1175	0.0203109	0.02031
1176	0.02031	0.020309
1177	0.020309	0.0203081
1178	0.0203081	0.0203072
1179	0.0203072	0.0203063
1180	0.0203063	0.0203053
1181	0.0203054	0.0203045
1182	0.0203045	0.0203035
1183	0.0203035	0.0203027
1184	0.0203026	0.0203017
1185	0.0203017	0.0203008
1186	0.0203008	0.0202999
1187	0.0202999	0.020299
1188	0.020299	0.0202981
1189	0.0202981	0.0202972
1190	0.0202971	0.0202963
1191	0.0202962	0.0202954
1192	0.0202953	0.0202944
1193	0.0202944	0.0202935
1194	0.0202935	0.0202926
1195	0.0202926	0.0202917
1196	0.0202917	0.0202908
1197	0.0202908	0.0202899
1198	0.0202899	0.020289
1199	0.0202889	0.020288
1200	0.020288	0.0202871
1201	0.020287	0.0202862
1202	0.0202862	0.0202853
1203	0.0202853	0.0202844
1204	0.0202844	0.0202835
1205	0.0202835	0.0202826
1206	0.0202826	0.0202817
1207	0.0202817	0.0202808
1208	0.0202808	0.0202799
1209	0.0202799	0.020279
1210	0.020279	0.0202782
1211	0.0202781	0.0202772
1212	0.0202773	0.0202763
1213	0.0202763	0.0202755
1214	0.0202754	0.0202746
1215	0.0202745	0.0202737
1216	0.0202737	0.0202728
1217	0.0202728	0.0202719
1218	0.0202718	0.020271
1219	0.0202709	0.0202701
1220	0.02027	0.0202692
1221	0.0202691	0.0202682
1222	0.0202682	0.0202673
1223	0.0202673	0.0202664
1224	0.0202664	0.0202655
1225	0.0202656	0.0202647
1226	0.0202647	0.0202638
1227	0.0202638	0.020263
1228	0.020263	0.0202621
1229	0.020262	0.0202612
1230	0.0202611	0.0202603
1231	0.0202603	0.0202594
1232	0.0202594	0.0202585
1233	0.0202585	0.0202577
1234	0.0202577	0.0202568
1235	0.0202568	0.0202558
1236	0.0202558	0.020255
1237	0.020255	0.0202541
1238	0.0202541	0.0202532
1239	0.0202532	0.0202523
1240	0.0202523	0.0202514
1241	0.0202514	0.0202506
1242	0.0202506	0.0202496
1243	0.0202496	0.0202488
1244	0.0202489	0.0202479
1245	0.0202479	0.0202471
1246	0.020247	0.0202462
1247	0.0202462	0.0202453
1248	0.0202453	0.0202445
1249	0.0202445	0.0202436
1250	0.0202436	0.0202427
1251	0.0202427	0.0202418
1252	0.0202418	0.0202409
1253	0.0202409	0.02024
1254	0.0202401	0.0202392
1255	0.0202392	0.0202384
1256	0.0202384	0.0202375
1257	0.0202375	0.0202366
1258	0.0202366	0.0202358
1259	0.0202357	0.0202349
1260	0.0202348	0.020234
1261	0.020234	0.0202331
1262	0.0202332	0.0202323
1263	0.0202323	0.0202314
1264	0.0202314	0.0202305
1265	0.0202305	0.0202297
1266	0.0202297	0.0202288
1267	0.0202288	0.0202279
1268	0.020228	0.020227
1269	0.0202271	0.0202262
1270	0.0202262	0.0202254
1271	0.0202254	0.0202245
1272	0.0202245	0.0202236
1273	0.0202236	0.0202228
1274	0.0202228	0.0202219
1275	0.020222	0.020221
1276	0.020221	0.0202202
1277	0.0202202	0.0202193
1278	0.0202193	0.0202185
1279	0.0202184	0.0202176
1280	0.0202176	0.0202167
1281	0.0202168	0.0202158
1282	0.0202159	0.020215
1283	0.020215	0.0202142
1284	0.0202142	0.0202133
1285	0.0202134	0.0202125
1286	0.0202125	0.0202116
1287	0.0202117	0.0202108
1288	0.0202107	0.0202099
1289	0.0202099	0.0202091
1290	0.0202091	0.0202082
1291	0.0202082	0.0202074
1292	0.0202074	0.0202066
1293	0.0202065	0.0202057
1294	0.0202057	0.0202048
1295	0.0202048	0.020204
1296	0.020204	0.0202031
1297	0.0202031	0.0202023
1298	0.0202023	0.0202014
1299	0.0202014	0.0202006
1300	0.0202007	0.0201998
1301	0.0201998	0.020199
1302	0.020199	0.0201981
1303	0.0201981	0.0201973
1304	0.0201972	0.0201964
1305	0.0201964	0.0201955
1306	0.0201956	0.0201947
1307	0.0201947	0.0201939
1308	0.0201938	0.0201931
1309	0.020193	0.0201922
1310	0.0201922	0.0201913
1311	0.0201914	0.0201905
1312	0.0201904	0.0201896
1313	0.0201896	0.0201888
1314	0.0201888	0.020188
1315	0.020188	0.0201871
1316	0.0201871	0.0201863
1317	0.0201863	0.0201854
1318	0.0201855	0.0201846
1319	0.0201846	0.0201837
1320	0.0201838	0.0201829
1321	0.0201829	0.0201822
1322	0.0201821	0.0201814
1323	0.0201814	0.0201805
1324	0.0201805	0.0201796
1325	0.0201797	0.0201788
1326	0.0201788	0.0201779
1327	0.0201779	0.0201771
1328	0.0201771	0.0201763
1329	0.0201763	0.0201755
1330	0.0201755	0.0201746
1331	0.0201746	0.0201738
1332	0.0201738	0.020173
1333	0.020173	0.0201721
1334	0.0201721	0.0201713
1335	0.0201713	0.0201705
1336	0.0201705	0.0201697
1337	0.0201697	0.0201688
1338	0.0201689	0.020168
1339	0.020168	0.0201672
1340	0.0201672	0.0201664
1341	0.0201664	0.0201656
1342	0.0201655	0.0201648
1343	0.0201648	0.0201639
1344	0.0201639	0.0201631
1345	0.0201631	0.0201622
1346	0.0201622	0.0201614
1347	0.0201615	0.0201606
1348	0.0201606	0.0201598
1349	0.0201598	0.020159
1350	0.020159	0.0201582
1351	0.0201581	0.0201574
1352	0.0201574	0.0201565
1353	0.0201565	0.0201557
1354	0.0201557	0.0201549
1355	0.0201549	0.0201541
1356	0.020154	0.0201532
1357	0.0201533	0.0201524
1358	0.0201524	0.0201516
1359	0.0201516	0.0201508
1360	0.0201508	0.02015
1361	0.02015	0.0201492
1362	0.0201492	0.0201483
1363	0.0201483	0.0201475
1364	0.0201475	0.0201467
1365	0.0201467	0.020146
1366	0.020146	0.0201451
1367	0.0201451	0.0201443
1368	0.0201443	0.0201435
1369	0.0201435	0.0201427
1370	0.0201427	0.0201419
1371	0.0201419	0.0201411
1372	0.0201411	0.0201402
1373	0.0201402	0.0201394
1374	0.0201394	0.0201387
1375	0.0201386	0.0201379
1376	0.0201379	0.0201371
1377	0.020137	0.0201362
1378	0.0201362	0.0201354
1379	0.0201354	0.0201347
1380	0.0201346	0.0201338
1381	0.0201338	0.020133
1382	0.020133	0.0201322
1383	0.0201322	0.0201314
1384	0.0201314	0.0201306
1385	0.0201306	0.0201297
1386	0.0201298	0.020129
1387	0.020129	0.0201281
1388	0.0201281	0.0201274
1389	0.0201274	0.0201266
1390	0.0201265	0.0201257
1391	0.0201258	0.020125
1392	0.020125	0.0201242
1393	0.0201242	0.0201234
1394	0.0201234	0.0201226
1395	0.0201225	0.0201218
1396	0.0201217	0.020121
1397	0.0201209	0.0201202
1398	0.0201202	0.0201194
1399	0.0201193	0.0201186
1400	0.0201186	0.0201178
1401	0.0201178	0.020117
1402	0.020117	0.0201161
1403	0.0201162	0.0201154
1404	0.0201154	0.0201146
1405	0.0201146	0.0201138
1406	0.0201138	0.020113
1407	0.020113	0.0201122
1408	0.0201122	0.0201114
1409	0.0201114	0.0201106
1410	0.0201106	0.0201098
1411	0.0201099	0.020109
1412	0.020109	0.0201083
1413	0.0201082	0.0201074
1414	0.0201074	0.0201066
1415	0.0201066	0.0201058
1416	0.0201059	0.020105
1417	0.0201051	0.0201043
1418	0.0201043	0.0201035
1419	0.0201035	0.0201027
1420	0.0201028	0.0201019
1421	0.0201019	0.0201011
1422	0.0201011	0.0201003
1423	0.0201004	0.0200996
1424	0.0200996	0.0200988
1425	0.0200988	0.020098
1426	0.020098	0.0200972
1427	0.0200972	0.0200964
1428	0.0200964	0.0200957
1429	0.0200957	0.0200949
1430	0.0200948	0.0200941
1431	0.0200941	0.0200933
1432	0.0200933	0.0200925
1433	0.0200926	0.0200918
1434	0.0200917	0.020091
1435	0.0200909	0.0200902
1436	0.0200902	0.0200894
1437	0.0200894	0.0200886
1438	0.0200886	0.0200878
1439	0.0200879	0.0200871
1440	0.020087	0.0200863
1441	0.0200862	0.0200855
1442	0.0200855	0.0200847
1443	0.0200847	0.0200839
1444	0.0200839	0.0200831
1445	0.0200831	0.0200823
1446	0.0200824	0.0200816
1447	0.0200816	0.0200808
1448	0.0200809	0.0200801
1449	0.0200801	0.0200793
1450	0.0200792	0.0200785
1451	0.0200785	0.0200777
1452	0.0200777	0.020077
1453	0.020077	0.0200762
1454	0.0200762	0.0200754
1455	0.0200754	0.0200746
1456	0.0200746	0.0200739
1457	0.0200739	0.0200731
1458	0.0200731	0.0200723
1459	0.0200723	0.0200715
1460	0.0200715	0.0200707
1461	0.0200707	0.02007
1462	0.02007	0.0200692
1463	0.0200693	0.0200685
1464	0.0200685	0.0200677
1465	0.0200677	0.0200669
1466	0.0200669	0.0200662
1467	0.0200662	0.0200654
1468	0.0200654	0.0200646
1469	0.0200647	0.0200639
1470	0.0200639	0.0200631
1471	0.020063	0.0200624
1472	0.0200624	0.0200616
1473	0.0200616	0.0200608
1474	0.0200608	0.0200601
1475	0.02006	0.0200593
1476	0.0200593	0.0200585
1477	0.0200586	0.0200578
1478	0.0200577	0.020057
1479	0.020057	0.0200562
1480	0.0200562	0.0200555
1481	0.0200555	0.0200547
1482	0.0200547	0.0200539
1483	0.0200539	0.0200532
1484	0.0200532	0.0200524
1485	0.0200524	0.0200517
1486	0.0200517	0.0200509
1487	0.0200509	0.0200501
1488	0.0200501	0.0200494
1489	0.0200493	0.0200487
1490	0.0200487	0.0200479
1491	0.0200479	0.0200471
1492	0.0200471	0.0200464
1493	0.0200464	0.0200456
1494	0.0200456	0.0200449
1495	0.0200448	0.0200441
1496	0.0200441	0.0200434
1497	0.0200434	0.0200426
1498	0.0200426	0.0200419
1499	0.0200418	0.0200411
1500	0.0200411	0.0200403
1501	0.0200403	0.0200396
1502	0.0200396	0.0200388
1503	0.0200388	0.0200381
1504	0.0200381	0.0200373
1505	0.0200373	0.0200365
1506	0.0200365	0.0200358
1507	0.0200358	0.020035
1508	0.020035	0.0200343
1509	0.0200343	0.0200335
1510	0.0200336	0.0200328
1511	0.0200327	0.020032
1512	0.020032	0.0200313
1513	0.0200313	0.0200305
1514	0.0200305	0.0200298
1515	0.0200298	0.020029
1516	0.0200291	0.0200283
1517	0.0200283	0.0200275
1518	0.0200275	0.0200268
1519	0.0200268	0.0200261
1520	0.0200261	0.0200254
1521	0.0200253	0.0200246
1522	0.0200246	0.0200239
1523	0.0200238	0.0200231
1524	0.0200231	0.0200224
1525	0.0200223	0.0200216
1526	0.0200217	0.0200209
1527	0.0200209	0.0200201
1528	0.0200201	0.0200194
1529	0.0200194	0.0200187
1530	0.0200187	0.0200179
1531	0.020018	0.0200172
1532	0.0200171	0.0200165
1533	0.0200164	0.0200157
1534	0.0200157	0.020015
1535	0.0200149	0.0200142
1536	0.0200142	0.0200135
1537	0.0200134	0.0200127
1538	0.0200127	0.020012
1539	0.020012	0.0200112
1540	0.0200112	0.0200105
1541	0.0200105	0.0200098
1542	0.0200097	0.020009
1543	0.020009	0.0200083
1544	0.0200083	0.0200076
1545	0.0200076	0.0200068
1546	0.0200068	0.0200061
1547	0.0200061	0.0200054
1548	0.0200054	0.0200047
1549	0.0200046	0.0200039
1550	0.0200039	0.0200032
1551	0.0200031	0.0200024
1552	0.0200024	0.0200017
1553	0.0200016	0.0200009
1554	0.0200009	0.0200002
1555	0.0200002	0.0199995
1556	0.0199995	0.0199988
