1	0.152615	0.147664
2	0.147664	0.142977
3	0.142977	0.138927
4	0.138927	0.135208
5	0.135207	0.131679
6	0.131679	0.128322
7	0.128322	0.125125
8	0.125125	0.122075
9	0.122075	0.119164
10	0.119164	0.116383
11	0.116383	0.113724
12	0.113723	0.111178
13	0.111178	0.108785
14	0.108785	0.106491
15	0.106491	0.104289
16	0.104289	0.1023
17	0.1023	0.100388
18	0.100388	0.0985452
19	0.0985452	0.096766
20	0.096766	0.095046
21	0.095046	0.0933819
22	0.0933819	0.0917707
23	0.0917708	0.0902098
24	0.0902097	0.0886964
25	0.0886965	0.0872285
26	0.0872285	0.085804
27	0.085804	0.0844209
28	0.0844209	0.0830775
29	0.0830776	0.0817722
30	0.0817723	0.0805037
31	0.0805037	0.0792702
32	0.0792702	0.0780707
33	0.0780707	0.0769037
34	0.0769037	0.0757681
35	0.0757682	0.0746629
36	0.0746629	0.073587
37	0.073587	0.0725392
38	0.0725392	0.0715188
39	0.0715188	0.0705248
40	0.0705249	0.0695564
41	0.0695564	0.0686127
42	0.0686127	0.067693
43	0.067693	0.0667964
44	0.0667964	0.0659224
45	0.0659223	0.06507
46	0.06507	0.0642388
47	0.0642389	0.0634281
48	0.0634281	0.0626373
49	0.0626373	0.0618656
50	0.0618657	0.0611129
51	0.0611128	0.060378
52	0.0603781	0.0596609
53	0.059661	0.058961
54	0.058961	0.0582776
55	0.0582776	0.0576105
56	0.0576104	0.0569589
57	0.0569589	0.0563227
58	0.0563226	0.0557012
59	0.0557012	0.0550941
60	0.0550941	0.0545012
61	0.054501	0.0539216
62	0.0539216	0.0533553
63	0.0533553	0.052802
64	0.0528021	0.0522613
65	0.0522613	0.0517325
66	0.0517325	0.0512157
67	0.0512158	0.0507104
68	0.0507105	0.0502164
69	0.0502163	0.0497331
70	0.0497332	0.0492606
71	0.0492606	0.0487984
72	0.0487984	0.0483463
73	0.0483463	0.047904
74	0.047904	0.0474712
75	0.0474711	0.0470477
76	0.0470477	0.0466331
77	0.0466332	0.0462276
78	0.0462276	0.0458305
79	0.0458304	0.0454418
80	0.0454417	0.0450612
81	0.0450612	0.0446885
82	0.0446886	0.0443238
83	0.0443237	0.0439663
84	0.0439663	0.0436164
85	0.0436164	0.0432735
86	0.0432735	0.0429376
87	0.0429377	0.0426087
88	0.0426085	0.0422862
89	0.0422862	0.0419703
90	0.0419703	0.0416607
91	0.0416607	0.0413572
92	0.0413572	0.0410597
93	0.0410597	0.0407682
94	0.0407681	0.0404823
95	0.0404823	0.040202
96	0.040202	0.0399271
97	0.0399271	0.0396575
98	0.0396576	0.0393932
99	0.0393932	0.0391338
100	0.0391339	0.0388795
101	0.0388795	0.0386299
102	0.0386299	0.0383851
103	0.0383851	0.0381448
104	0.0381448	0.0379091
105	0.037909	0.0376776
106	0.0376777	0.0374506
107	0.0374506	0.0372276
108	0.0372277	0.0370088
109	0.0370087	0.036794
110	0.036794	0.036583
111	0.036583	0.0363759
112	0.0363759	0.0361725
113	0.0361725	0.0359727
114	0.0359727	0.0357764
115	0.0357764	0.0355837
116	0.0355837	0.0353943
117	0.0353943	0.0352083
118	0.0352083	0.0350255
119	0.0350255	0.0348459
120	0.034846	0.0346694
121	0.0346695	0.034496
122	0.034496	0.0343255
123	0.0343255	0.0341579
124	0.0341579	0.0339931
125	0.0339932	0.0338312
126	0.0338312	0.033672
127	0.033672	0.0335154
128	0.0335154	0.0333614
129	0.0333614	0.03321
130	0.03321	0.033061
131	0.033061	0.0329146
132	0.0329146	0.0327704
133	0.0327704	0.0326287
134	0.0326287	0.0324893
135	0.0324893	0.032352
136	0.032352	0.032217
137	0.032217	0.0320841
138	0.0320841	0.0319534
139	0.0319533	0.0318247
140	0.0318247	0.031698
141	0.031698	0.0315734
142	0.0315733	0.0314506
143	0.0314506	0.0313298
144	0.0313297	0.0312107
145	0.0312108	0.0310936
146	0.0310936	0.0309782
147	0.0309782	0.0308646
148	0.0308646	0.0307528
149	0.0307528	0.0306426
150	0.0306425	0.030534
151	0.030534	0.0304271
152	0.0304271	0.0303217
153	0.0303217	0.0302179
154	0.0302179	0.0301157
155	0.0301157	0.0300149
156	0.030015	0.0299157
157	0.0299156	0.0298178
158	0.0298178	0.0297214
159	0.0297214	0.0296263
160	0.0296263	0.0295326
161	0.0295326	0.0294403
162	0.0294403	0.0293493
163	0.0293493	0.0292596
164	0.0292596	0.029171
165	0.0291711	0.0290838
166	0.0290838	0.0289978
167	0.0289978	0.028913
168	0.028913	0.0288293
169	0.0288293	0.0287468
170	0.0287468	0.0286654
171	0.0286654	0.0285851
172	0.0285851	0.0285059
173	0.028506	0.0284279
174	0.0284279	0.0283508
175	0.0283508	0.0282747
176	0.0282747	0.0281997
177	0.0281997	0.0281257
178	0.0281257	0.0280527
179	0.0280527	0.0279806
180	0.0279806	0.0279094
181	0.0279094	0.0278393
182	0.0278393	0.0277699
183	0.0277699	0.0277015
184	0.0277015	0.0276341
185	0.0276341	0.0275674
186	0.0275674	0.0275016
187	0.0275016	0.0274366
188	0.0274366	0.0273725
189	0.0273725	0.0273092
190	0.0273092	0.0272467
191	0.0272466	0.0271848
192	0.0271849	0.0271239
193	0.0271239	0.0270637
194	0.0270636	0.0270042
195	0.0270042	0.0269454
196	0.0269454	0.0268874
197	0.0268874	0.02683
198	0.02683	0.0267734
199	0.0267734	0.0267174
200	0.0267174	0.0266622
201	0.0266622	0.0266076
202	0.0266076	0.0265536
203	0.0265536	0.0265003
204	0.0265003	0.0264476
205	0.0264476	0.0263955
206	0.0263955	0.026344
207	0.0263441	0.0262932
208	0.0262932	0.0262429
209	0.026243	0.0261933
210	0.0261933	0.0261441
211	0.0261441	0.0260956
212	0.0260956	0.0260477
213	0.0260476	0.0260002
214	0.0260002	0.0259533
215	0.0259533	0.025907
216	0.025907	0.0258611
217	0.0258611	0.0258158
218	0.0258158	0.025771
219	0.025771	0.0257266
220	0.0257267	0.0256828
221	0.0256828	0.0256394
222	0.0256394	0.0255966
223	0.0255966	0.0255542
224	0.0255542	0.0255123
225	0.0255123	0.0254708
226	0.0254708	0.0254298
227	0.0254298	0.0253892
228	0.0253892	0.025349
229	0.025349	0.0253093
230	0.0253093	0.02527
231	0.02527	0.0252311
232	0.0252311	0.0251927
233	0.0251927	0.0251546
234	0.0251546	0.0251169
235	0.025117	0.0250797
236	0.0250797	0.0250429
237	0.0250429	0.0250064
238	0.0250064	0.0249703
239	0.0249703	0.0249345
240	0.0249345	0.0248991
241	0.0248991	0.0248641
242	0.0248642	0.0248295
243	0.0248295	0.0247952
244	0.0247952	0.0247612
245	0.0247612	0.0247276
246	0.0247276	0.0246944
247	0.0246944	0.0246614
248	0.0246614	0.0246288
249	0.0246288	0.0245966
250	0.0245965	0.0245646
251	0.0245646	0.0245329
252	0.0245329	0.0245016
253	0.0245016	0.0244706
254	0.0244706	0.0244399
255	0.0244398	0.0244094
256	0.0244094	0.0243793
257	0.0243793	0.0243494
258	0.0243494	0.0243199
259	0.0243199	0.0242906
260	0.0242906	0.0242616
261	0.0242616	0.0242329
262	0.0242329	0.0242045
263	0.0242045	0.0241763
264	0.0241763	0.0241484
265	0.0241484	0.0241208
266	0.0241208	0.0240934
267	0.0240934	0.0240662
268	0.0240663	0.0240394
269	0.0240394	0.0240127
270	0.0240127	0.0239864
271	0.0239863	0.0239602
272	0.0239602	0.0239343
273	0.0239343	0.0239086
274	0.0239086	0.0238833
275	0.0238832	0.023858
276	0.023858	0.0238331
277	0.0238331	0.0238083
278	0.0238084	0.0237838
279	0.0237838	0.0237595
280	0.0237595	0.0237354
281	0.0237354	0.0237116
282	0.0237116	0.0236879
283	0.0236879	0.0236644
284	0.0236644	0.0236412
285	0.0236412	0.0236182
286	0.0236182	0.0235953
287	0.0235953	0.0235726
288	0.0235727	0.0235502
289	0.0235502	0.023528
290	0.023528	0.0235059
291	0.0235059	0.0234841
292	0.023484	0.0234624
293	0.0234624	0.0234409
294	0.0234409	0.0234196
295	0.0234196	0.0233985
296	0.0233985	0.0233775
297	0.0233775	0.0233567
298	0.0233568	0.0233362
299	0.0233362	0.0233157
300	0.0233157	0.0232955
301	0.0232955	0.0232754
302	0.0232754	0.0232555
303	0.0232555	0.0232358
304	0.0232357	0.0232161
305	0.0232161	0.0231967
306	0.0231967	0.0231774
307	0.0231774	0.0231583
308	0.0231583	0.0231394
309	0.0231394	0.0231206
310	0.0231206	0.0231019
311	0.0231019	0.0230835
312	0.0230835	0.023065
313	0.0230651	0.0230469
314	0.0230469	0.0230288
315	0.0230289	0.0230109
316	0.0230109	0.0229932
317	0.0229932	0.0229755
318	0.0229755	0.022958
319	0.0229581	0.0229407
320	0.0229407	0.0229235
321	0.0229235	0.0229064
322	0.0229064	0.0228895
323	0.0228895	0.0228726
324	0.0228726	0.022856
325	0.022856	0.0228394
326	0.0228394	0.022823
327	0.022823	0.0228067
328	0.0228067	0.0227905
329	0.0227905	0.0227744
330	0.0227744	0.0227585
331	0.0227585	0.0227427
332	0.0227427	0.022727
333	0.022727	0.0227114
334	0.0227114	0.022696
335	0.022696	0.0226806
336	0.0226807	0.0226654
337	0.0226654	0.0226503
338	0.0226503	0.0226354
339	0.0226353	0.0226205
340	0.0226205	0.0226056
341	0.0226057	0.022591
342	0.022591	0.0225764
343	0.0225765	0.022562
344	0.022562	0.0225477
345	0.0225477	0.0225334
346	0.0225334	0.0225193
347	0.0225193	0.0225053
348	0.0225053	0.0224913
349	0.0224913	0.0224775
350	0.0224775	0.0224638
351	0.0224638	0.0224501
352	0.0224501	0.0224366
353	0.0224366	0.0224231
354	0.0224232	0.0224098
355	0.0224098	0.0223966
356	0.0223966	0.0223834
357	0.0223834	0.0223703
358	0.0223704	0.0223574
359	0.0223574	0.0223445
360	0.0223445	0.0223317
361	0.0223317	0.022319
362	0.022319	0.0223064
363	0.0223064	0.0222939
364	0.0222938	0.0222815
365	0.0222814	0.0222691
366	0.0222691	0.0222568
367	0.0222568	0.0222446
368	0.0222446	0.0222326
369	0.0222325	0.0222205
370	0.0222205	0.0222086
371	0.0222086	0.0221967
372	0.0221967	0.0221849
373	0.0221849	0.0221733
374	0.0221733	0.0221616
375	0.0221617	0.0221501
376	0.0221501	0.0221386
377	0.0221386	0.0221273
378	0.0221273	0.022116
379	0.022116	0.0221047
380	0.0221047	0.0220935
381	0.0220935	0.0220825
382	0.0220825	0.0220714
383	0.0220714	0.0220605
384	0.0220605	0.0220496
385	0.0220496	0.0220389
386	0.0220389	0.0220281
387	0.0220281	0.0220175
388	0.0220175	0.0220069
389	0.0220069	0.0219963
390	0.0219963	0.0219859
391	0.0219859	0.0219755
392	0.0219755	0.0219652
393	0.0219652	0.0219549
394	0.0219549	0.0219447
395	0.0219447	0.0219346
396	0.0219346	0.0219245
397	0.0219245	0.0219146
398	0.0219145	0.0219046
399	0.0219046	0.0218948
400	0.0218948	0.0218849
401	0.0218849	0.0218752
402	0.0218752	0.0218655
403	0.0218655	0.0218559
404	0.0218559	0.0218463
405	0.0218463	0.0218368
406	0.0218368	0.0218274
407	0.0218274	0.021818
408	0.021818	0.0218086
409	0.0218086	0.0217994
410	0.0217994	0.0217901
411	0.0217902	0.021781
412	0.021781	0.0217719
413	0.0217719	0.0217628
414	0.0217628	0.0217538
415	0.0217539	0.0217449
416	0.0217449	0.021736
417	0.021736	0.0217272
418	0.0217272	0.0217184
419	0.0217184	0.0217096
420	0.0217097	0.021701
421	0.021701	0.0216924
422	0.0216923	0.0216838
423	0.0216838	0.0216752
424	0.0216752	0.0216668
425	0.0216668	0.0216583
426	0.0216583	0.0216499
427	0.02165	0.0216416
428	0.0216416	0.0216333
429	0.0216333	0.0216251
430	0.0216251	0.0216169
431	0.0216169	0.0216088
432	0.0216088	0.0216007
433	0.0216007	0.0215927
434	0.0215927	0.0215847
435	0.0215847	0.0215767
436	0.0215767	0.0215688
437	0.0215688	0.0215609
438	0.0215609	0.0215531
439	0.0215531	0.0215453
440	0.0215453	0.0215376
441	0.0215377	0.02153
442	0.02153	0.0215223
443	0.0215223	0.0215147
444	0.0215147	0.0215072
445	0.0215072	0.0214997
446	0.0214997	0.0214922
447	0.0214922	0.0214847
448	0.0214847	0.0214773
449	0.0214773	0.02147
450	0.02147	0.0214627
451	0.0214627	0.0214554
452	0.0214554	0.0214482
453	0.0214482	0.021441
454	0.021441	0.0214338
455	0.0214338	0.0214267
456	0.0214268	0.0214197
457	0.0214197	0.0214127
458	0.0214126	0.0214057
459	0.0214057	0.0213987
460	0.0213987	0.0213918
461	0.0213918	0.0213849
462	0.0213849	0.021378
463	0.0213781	0.0213712
464	0.0213712	0.0213645
465	0.0213645	0.0213577
466	0.0213577	0.021351
467	0.021351	0.0213444
468	0.0213443	0.0213377
469	0.0213377	0.0213311
470	0.0213311	0.0213245
471	0.0213245	0.021318
472	0.021318	0.0213115
473	0.0213116	0.0213051
474	0.0213051	0.0212987
475	0.0212987	0.0212923
476	0.0212922	0.0212859
477	0.0212859	0.0212796
478	0.0212796	0.0212733
479	0.0212733	0.021267
480	0.021267	0.0212608
481	0.0212608	0.0212546
482	0.0212546	0.0212484
483	0.0212484	0.0212423
484	0.0212423	0.0212362
485	0.0212362	0.0212301
486	0.0212301	0.0212241
487	0.0212241	0.021218
488	0.0212181	0.021212
489	0.0212121	0.0212061
490	0.0212061	0.0212002
491	0.0212002	0.0211943
492	0.0211943	0.0211884
493	0.0211884	0.0211826
494	0.0211826	0.0211768
495	0.0211768	0.021171
496	0.021171	0.0211652
497	0.0211652	0.0211595
498	0.0211595	0.0211538
499	0.0211538	0.0211482
500	0.0211482	0.0211425
501	0.0211425	0.0211369
502	0.0211369	0.0211313
503	0.0211313	0.0211258
504	0.0211258	0.0211202
505	0.0211202	0.0211147
506	0.0211147	0.0211093
507	0.0211093	0.0211038
508	0.0211038	0.0210983
509	0.0210984	0.021093
510	0.021093	0.0210876
511	0.0210876	0.0210822
512	0.0210823	0.021077
513	0.0210769	0.0210716
514	0.0210716	0.0210663
515	0.0210663	0.0210611
516	0.0210611	0.0210559
517	0.0210559	0.0210507
518	0.0210507	0.0210455
519	0.0210455	0.0210403
520	0.0210403	0.0210353
521	0.0210353	0.0210301
522	0.0210302	0.0210251
523	0.021025	0.02102
524	0.02102	0.021015
525	0.021015	0.02101
526	0.02101	0.021005
527	0.021005	0.021
528	0.021	0.0209951
529	0.0209951	0.0209901
530	0.0209902	0.0209852
531	0.0209852	0.0209804
532	0.0209804	0.0209755
533	0.0209755	0.0209707
534	0.0209707	0.0209659
535	0.0209659	0.0209611
536	0.0209611	0.0209563
537	0.0209563	0.0209515
538	0.0209516	0.0209468
539	0.0209468	0.0209421
540	0.0209421	0.0209374
541	0.0209374	0.0209328
542	0.0209328	0.0209281
543	0.0209281	0.0209235
544	0.0209235	0.0209189
545	0.0209189	0.0209143
546	0.0209143	0.0209098
547	0.0209098	0.0209052
548	0.0209052	0.0209007
549	0.0209007	0.0208962
550	0.0208962	0.0208917
551	0.0208917	0.0208873
552	0.0208873	0.0208828
553	0.0208828	0.0208784
554	0.0208784	0.020874
555	0.020874	0.0208696
556	0.0208696	0.0208653
557	0.0208652	0.0208609
558	0.0208608	0.0208565
559	0.0208565	0.0208522
560	0.0208522	0.0208479
561	0.0208479	0.0208436
562	0.0208437	0.0208394
563	0.0208394	0.0208351
564	0.0208351	0.0208309
565	0.0208309	0.0208267
566	0.0208267	0.0208225
567	0.0208225	0.0208183
568	0.0208184	0.0208142
569	0.0208142	0.02081
570	0.0208101	0.0208059
571	0.0208059	0.0208018
572	0.0208018	0.0207978
573	0.0207977	0.0207936
574	0.0207936	0.0207896
575	0.0207896	0.0207856
576	0.0207855	0.0207816
577	0.0207816	0.0207776
578	0.0207775	0.0207735
579	0.0207735	0.0207696
580	0.0207695	0.0207656
581	0.0207656	0.0207617
582	0.0207617	0.0207578
583	0.0207577	0.0207538
584	0.0207538	0.02075
585	0.0207499	0.0207461
586	0.020746	0.0207422
587	0.0207422	0.0207383
588	0.0207383	0.0207345
589	0.0207345	0.0207307
590	0.0207307	0.0207269
591	0.0207269	0.0207231
592	0.0207231	0.0207193
593	0.0207193	0.0207155
594	0.0207155	0.0207118
595	0.0207118	0.020708
596	0.0207081	0.0207043
597	0.0207043	0.0207007
598	0.0207007	0.0206969
599	0.020697	0.0206933
600	0.0206933	0.0206896
601	0.0206896	0.020686
602	0.020686	0.0206823
603	0.0206824	0.0206787
604	0.0206787	0.0206751
605	0.0206751	0.0206715
606	0.0206715	0.0206679
607	0.0206679	0.0206644
608	0.0206644	0.0206608
609	0.0206608	0.0206572
610	0.0206573	0.0206537
611	0.0206538	0.0206502
612	0.0206502	0.0206467
613	0.0206467	0.0206432
614	0.0206432	0.0206398
615	0.0206398	0.0206363
616	0.0206363	0.0206328
617	0.0206329	0.0206294
618	0.0206294	0.020626
619	0.020626	0.0206225
620	0.0206226	0.0206192
621	0.0206192	0.0206158
622	0.0206158	0.0206124
623	0.0206124	0.0206091
624	0.020609	0.0206057
625	0.0206057	0.0206024
626	0.0206024	0.020599
627	0.020599	0.0205957
628	0.0205957	0.0205924
629	0.0205924	0.0205891
630	0.0205891	0.0205858
631	0.0205858	0.0205826
632	0.0205826	0.0205793
633	0.0205793	0.020576
634	0.0205761	0.0205728
635	0.0205728	0.0205696
636	0.0205696	0.0205664
637	0.0205664	0.0205632
638	0.0205632	0.02056
639	0.02056	0.0205568
640	0.0205568	0.0205536
641	0.0205537	0.0205505
642	0.0205505	0.0205474
643	0.0205473	0.0205442
644	0.0205442	0.0205411
645	0.0205411	0.020538
646	0.020538	0.0205349
647	0.0205349	0.0205318
648	0.0205318	0.0205287
649	0.0205287	0.0205256
650	0.0205256	0.0205226
651	0.0205226	0.0205195
652	0.0205195	0.0205165
653	0.0205165	0.0205134
654	0.0205135	0.0205104
655	0.0205104	0.0205074
656	0.0205074	0.0205044
657	0.0205044	0.0205014
658	0.0205014	0.0204984
659	0.0204984	0.0204955
660	0.0204955	0.0204925
661	0.0204925	0.0204896
662	0.0204895	0.0204866
663	0.0204866	0.0204837
664	0.0204837	0.0204808
665	0.0204807	0.0204778
666	0.0204778	0.020475
667	0.0204749	0.0204721
668	0.020472	0.0204692
669	0.0204692	0.0204663
670	0.0204663	0.0204634
671	0.0204634	0.0204606
672	0.0204605	0.0204577
673	0.0204577	0.0204549
674	0.0204549	0.020452
675	0.020452	0.0204492
676	0.0204492	0.0204464
677	0.0204464	0.0204436
678	0.0204436	0.0204408
679	0.0204408	0.020438
680	0.020438	0.0204352
681	0.0204352	0.0204324
682	0.0204324	0.0204297
683	0.0204297	0.020427
684	0.0204269	0.0204242
685	0.0204242	0.0204215
686	0.0204215	0.0204187
687	0.0204188	0.020416
688	0.020416	0.0204133
689	0.0204133	0.0204106
690	0.0204106	0.0204079
691	0.0204079	0.0204053
692	0.0204052	0.0204026
693	0.0204026	0.0203999
694	0.0203999	0.0203972
695	0.0203973	0.0203946
696	0.0203946	0.0203919
697	0.020392	0.0203893
698	0.0203893	0.0203867
699	0.0203867	0.020384
700	0.0203841	0.0203814
701	0.0203814	0.0203788
702	0.0203788	0.0203762
703	0.0203762	0.0203737
704	0.0203736	0.0203711
705	0.0203711	0.0203685
706	0.0203685	0.0203659
707	0.0203659	0.0203634
708	0.0203633	0.0203608
709	0.0203608	0.0203583
710	0.0203583	0.0203557
711	0.0203557	0.0203532
712	0.0203532	0.0203507
713	0.0203507	0.0203482
714	0.0203482	0.0203457
715	0.0203457	0.0203432
716	0.0203431	0.0203407
717	0.0203407	0.0203382
718	0.0203382	0.0203357
719	0.0203357	0.0203332
720	0.0203332	0.0203308
721	0.0203308	0.0203283
722	0.0203283	0.0203258
723	0.0203259	0.0203234
724	0.0203234	0.020321
725	0.020321	0.0203185
726	0.0203186	0.0203161
727	0.0203161	0.0203137
728	0.0203137	0.0203113
729	0.0203113	0.0203089
730	0.0203089	0.0203065
731	0.0203065	0.0203041
732	0.0203041	0.0203017
733	0.0203017	0.0202994
734	0.0202994	0.020297
735	0.020297	0.0202946
736	0.0202946	0.0202922
737	0.0202923	0.0202899
738	0.0202899	0.0202875
739	0.0202875	0.0202852
740	0.0202852	0.0202829
741	0.0202829	0.0202806
742	0.0202806	0.0202783
743	0.0202783	0.0202759
744	0.0202759	0.0202737
745	0.0202736	0.0202714
746	0.0202713	0.0202691
747	0.0202691	0.0202668
748	0.0202668	0.0202645
749	0.0202645	0.0202622
750	0.0202622	0.02026
751	0.0202599	0.0202577
752	0.0202577	0.0202554
753	0.0202554	0.0202531
754	0.0202532	0.0202509
755	0.0202509	0.0202487
756	0.0202487	0.0202464
757	0.0202464	0.0202442
758	0.0202442	0.020242
759	0.020242	0.0202398
760	0.0202398	0.0202375
761	0.0202376	0.0202354
762	0.0202353	0.0202331
763	0.0202331	0.0202309
764	0.020231	0.0202288
765	0.0202288	0.0202266
766	0.0202266	0.0202244
767	0.0202244	0.0202223
768	0.0202223	0.0202201
769	0.0202201	0.0202179
770	0.0202179	0.0202158
771	0.0202158	0.0202136
772	0.0202136	0.0202115
773	0.0202115	0.0202093
774	0.0202093	0.0202072
775	0.0202072	0.0202051
776	0.0202051	0.0202029
777	0.0202029	0.0202008
778	0.0202008	0.0201987
779	0.0201987	0.0201966
780	0.0201966	0.0201945
781	0.0201945	0.0201924
782	0.0201924	0.0201903
783	0.0201904	0.0201883
784	0.0201882	0.0201862
785	0.0201862	0.0201841
786	0.0201841	0.020182
787	0.020182	0.02018
788	0.02018	0.0201779
789	0.0201779	0.0201759
790	0.0201758	0.0201738
791	0.0201738	0.0201717
792	0.0201717	0.0201697
793	0.0201697	0.0201677
794	0.0201676	0.0201657
795	0.0201656	0.0201636
796	0.0201636	0.0201616
797	0.0201616	0.0201595
798	0.0201596	0.0201576
799	0.0201576	0.0201556
800	0.0201556	0.0201536
801	0.0201535	0.0201515
802	0.0201516	0.0201495
803	0.0201495	0.0201476
804	0.0201476	0.0201456
805	0.0201456	0.0201436
806	0.0201436	0.0201416
807	0.0201416	0.0201397
808	0.0201397	0.0201377
809	0.0201377	0.0201358
810	0.0201357	0.0201338
811	0.0201338	0.0201318
812	0.0201318	0.0201298
813	0.0201299	0.0201279
814	0.0201279	0.020126
815	0.020126	0.020124
816	0.0201241	0.0201221
817	0.0201221	0.0201202
818	0.0201202	0.0201183
819	0.0201183	0.0201164
820	0.0201164	0.0201145
821	0.0201145	0.0201126
822	0.0201126	0.0201107
823	0.0201106	0.0201087
824	0.0201088	0.0201069
825	0.0201068	0.020105
826	0.020105	0.0201031
827	0.0201031	0.0201012
828	0.0201012	0.0200993
829	0.0200993	0.0200974
830	0.0200974	0.0200956
831	0.0200956	0.0200937
832	0.0200937	0.0200918
833	0.0200919	0.02009
834	0.02009	0.0200881
835	0.0200881	0.0200863
836	0.0200863	0.0200844
837	0.0200844	0.0200826
838	0.0200826	0.0200808
839	0.0200808	0.0200789
840	0.0200789	0.0200771
841	0.0200771	0.0200753
842	0.0200753	0.0200734
843	0.0200734	0.0200716
844	0.0200716	0.0200698
845	0.0200698	0.020068
846	0.020068	0.0200662
847	0.0200662	0.0200644
848	0.0200644	0.0200626
849	0.0200626	0.0200608
850	0.0200608	0.020059
851	0.020059	0.0200572
852	0.0200572	0.0200555
853	0.0200555	0.0200537
854	0.0200537	0.0200519
855	0.0200519	0.0200501
856	0.0200501	0.0200483
857	0.0200484	0.0200466
858	0.0200466	0.0200449
859	0.0200448	0.0200431
860	0.0200431	0.0200413
861	0.0200413	0.0200396
862	0.0200396	0.0200378
863	0.0200378	0.0200361
864	0.0200361	0.0200344
865	0.0200343	0.0200326
866	0.0200326	0.0200309
867	0.0200309	0.0200292
868	0.0200291	0.0200274
869	0.0200274	0.0200257
870	0.0200257	0.020024
871	0.020024	0.0200223
872	0.0200223	0.0200206
873	0.0200206	0.0200189
874	0.0200188	0.0200172
875	0.0200171	0.0200154
876	0.0200154	0.0200138
877	0.0200138	0.0200121
878	0.020012	0.0200103
879	0.0200103	0.0200086
880	0.0200087	0.020007
881	0.020007	0.0200053
882	0.0200053	0.0200036
883	0.0200036	0.020002
884	0.020002	0.0200003
885	0.0200003	0.0199986
886	0.0199986	0.0199969
