1	0.119445	0.114909
2	0.114957	0.110665
3	0.11072	0.106646
4	0.106709	0.102842
5	0.102915	0.0992447
6	0.0993263	0.0958356
7	0.0959235	0.0926061
8	0.0926991	0.0895427
9	0.089643	0.0866372
10	0.086742	0.0838833
11	0.0839954	0.081275
12	0.0813913	0.0788019
13	0.0789246	0.076462
14	0.0765866	0.0742439
15	0.0743736	0.0721439
16	0.0722768	0.0701536
17	0.0702902	0.068268
18	0.0684077	0.0664791
19	0.0666231	0.0647834
20	0.0649301	0.0631745
21	0.0633224	0.0616453
22	0.0617955	0.060191
23	0.060344	0.0588079
24	0.0589632	0.0574898
25	0.0576472	0.0562331
26	0.0563923	0.0550335
27	0.0551949	0.0538876
28	0.0540498	0.0527923
29	0.0529556	0.0517427
30	0.0519064	0.0507363
31	0.0509019	0.0497714
32	0.0499376	0.0488442
33	0.0490115	0.0479533
34	0.0481213	0.0470959
35	0.0472641	0.0462699
36	0.0464389	0.0454735
37	0.0456433	0.044705
38	0.0448748	0.0439622
39	0.0441332	0.0432456
40	0.0434157	0.0425518
41	0.0427217	0.0418793
42	0.0420495	0.0412283
43	0.0413997	0.0405973
44	0.0407687	0.0399856
45	0.0401557	0.0393913
46	0.0395621	0.0388139
47	0.038984	0.0382524
48	0.0384241	0.037708
49	0.0378784	0.037177
50	0.0373477	0.036661
51	0.0368306	0.0361587
52	0.0363279	0.0356688
53	0.0358387	0.0351911
54	0.0353606	0.0347263
55	0.0348962	0.0342723
56	0.0344423	0.0338301
57	0.0339997	0.0333985
58	0.0335673	0.0329771
59	0.0331456	0.0325654
60	0.0327346	0.032164
61	0.0323326	0.0317717
62	0.0319403	0.0313881
63	0.0315565	0.0310138
64	0.0311821	0.0306479
65	0.0308159	0.0302901
66	0.0304579	0.0299405
67	0.030108	0.0295986
68	0.0297658	0.0292642
69	0.0294314	0.0289369
70	0.0291039	0.028617
71	0.0287837	0.0283037
72	0.02847	0.0279975
73	0.0281637	0.0276978
74	0.0278635	0.0274045
75	0.0275701	0.0271171
76	0.0272827	0.0268361
77	0.0270011	0.0265609
78	0.0267254	0.0262913
79	0.0264559	0.0260276
80	0.026192	0.0257691
81	0.0259332	0.0255159
82	0.0256794	0.0252682
83	0.025432	0.0250252
84	0.0251885	0.0247877
85	0.0249503	0.0245546
86	0.0247171	0.0243264
87	0.0244889	0.0241027
88	0.0242645	0.0238834
89	0.0240455	0.0236689
90	0.0238302	0.0234581
91	0.0236197	0.0232522
92	0.0234133	0.0230498
93	0.0232105	0.0228518
94	0.0230121	0.0226575
95	0.0228178	0.0224667
96	0.0226269	0.0222804
97	0.0224399	0.0220974
98	0.0222566	0.0219178
99	0.0220769	0.0217418
100	0.0219007	0.0215692
101	0.0217279	0.0214
102	0.0215583	0.0212341
103	0.0213923	0.0210714
104	0.021229	0.0209116
105	0.0210692	0.0207549
106	0.0209125	0.0206013
107	0.0207582	0.0204507
108	0.0206073	0.0203027
109	0.0204591	0.0201574
110	0.0203143	0.0200154
111	0.0201713	0.0198758
112	0.0200317	0.0197387
113	0.0198943	0.0196041
114	0.0197596	0.0194721
115	0.0196271	0.0193426
116	0.0194976	0.0192155
117	0.0193697	0.0190905
118	0.019245	0.0189681
119	0.0191223	0.0188479
120	0.0190018	0.0187294
121	0.0188836	0.0186138
122	0.0187673	0.0184998
123	0.018653	0.018388
124	0.0185413	0.0182783
125	0.0184313	0.0181706
126	0.0183236	0.0180648
127	0.0182174	0.017961
128	0.0181132	0.017859
129	0.0180109	0.0177587
130	0.0179109	0.0176603
131	0.0178122	0.0175634
132	0.0177151	0.0174685
133	0.0176198	0.0173751
134	0.0175263	0.0172833
135	0.0174342	0.0171931
136	0.0173438	0.0171046
137	0.0172554	0.0170177
138	0.0171682	0.0169321
139	0.0170825	0.016848
140	0.0169984	0.0167655
141	0.0169158	0.0166844
142	0.0168342	0.0166047
143	0.0167546	0.0165264
144	0.016676	0.0164492
145	0.0165988	0.0163735
146	0.0165228	0.0162991
147	0.0164477	0.0162258
148	0.0163747	0.0161537
149	0.0163026	0.0160831
150	0.0162315	0.0160134
151	0.0161618	0.0159451
152	0.0160933	0.0158778
153	0.0160259	0.0158115
154	0.0159595	0.0157465
155	0.0158944	0.0156823
156	0.01583	0.0156195
157	0.0157668	0.0155574
158	0.0157048	0.0154967
159	0.0156438	0.0154366
160	0.0155837	0.0153777
161	0.0155244	0.0153199
162	0.0154663	0.0152626
163	0.015409	0.0152064
164	0.0153528	0.0151512
165	0.0152972	0.0150966
166	0.0152428	0.0150431
167	0.015189	0.0149905
168	0.0151362	0.0149387
169	0.0150842	0.0148876
170	0.0150332	0.0148373
171	0.0149826	0.0147879
172	0.014933	0.0147393
173	0.0148842	0.0146913
174	0.0148363	0.0146442
175	0.014789	0.0145979
176	0.0147424	0.0145521
177	0.0146964	0.0145071
178	0.0146515	0.0144626
179	0.014607	0.0144189
180	0.0145631	0.0143759
181	0.0145201	0.0143334
182	0.0144774	0.0142917
183	0.0144355	0.0142506
184	0.0143945	0.0142103
185	0.0143538	0.0141704
186	0.0143139	0.0141312
187	0.0142744	0.0140924
188	0.0142358	0.0140544
189	0.0141973	0.0140167
190	0.0141598	0.0139798
191	0.0141224	0.0139432
192	0.0140859	0.0139073
193	0.0140499	0.0138719
194	0.0140145	0.0138369
195	0.0139796	0.0138026
196	0.013945	0.0137687
197	0.0139109	0.0137352
198	0.0138775	0.0137023
199	0.0138442	0.0136698
200	0.0138117	0.0136378
201	0.0137797	0.0136063
202	0.013748	0.0135752
203	0.0137168	0.0135446
204	0.0136859	0.0135143
205	0.0136559	0.0134846
206	0.0136257	0.0134551
207	0.0135963	0.0134262
208	0.0135672	0.0133976
209	0.0135386	0.0133695
210	0.0135102	0.0133415
211	0.0134823	0.0133142
212	0.0134549	0.0132871
213	0.0134277	0.0132604
214	0.013401	0.013234
215	0.0133743	0.0132081
216	0.0133484	0.0131826
217	0.0133226	0.0131572
218	0.0132972	0.0131323
219	0.0132723	0.0131076
220	0.0132477	0.0130834
221	0.0132231	0.0130595
222	0.0131991	0.0130359
223	0.0131754	0.0130126
224	0.0131521	0.0129895
225	0.0131291	0.0129667
226	0.0131061	0.0129443
227	0.0130836	0.0129222
228	0.0130615	0.0129004
229	0.0130395	0.0128788
230	0.0130178	0.0128576
231	0.0129965	0.0128366
232	0.0129755	0.0128158
233	0.0129546	0.0127954
234	0.0129341	0.0127752
235	0.0129137	0.0127552
236	0.0128938	0.0127356
237	0.012874	0.0127162
238	0.0128543	0.0126968
239	0.0128352	0.0126779
240	0.012816	0.0126591
241	0.0127973	0.0126406
242	0.0127788	0.0126224
243	0.0127602	0.0126042
244	0.0127421	0.0125866
245	0.0127242	0.0125689
246	0.0127067	0.0125515
247	0.0126892	0.0125343
248	0.012672	0.0125174
249	0.0126549	0.0125007
250	0.012638	0.012484
251	0.0126215	0.0124678
252	0.0126049	0.0124515
253	0.0125886	0.0124354
254	0.0125728	0.0124197
255	0.0125568	0.0124041
256	0.0125413	0.0123887
257	0.0125256	0.0123733
258	0.0125104	0.0123582
259	0.0124953	0.0123433
260	0.0124802	0.0123286
261	0.0124654	0.0123141
262	0.0124508	0.0122997
263	0.0124366	0.0122856
264	0.0124222	0.0122715
265	0.0124081	0.0122574
266	0.012394	0.0122437
267	0.0123803	0.0122301
268	0.0123666	0.0122168
269	0.0123533	0.0122035
270	0.0123399	0.0121904
271	0.0123267	0.0121773
272	0.0123137	0.0121646
273	0.0123005	0.0121519
274	0.012288	0.0121393
275	0.0122752	0.0121268
276	0.0122627	0.0121146
277	0.0122505	0.0121024
278	0.0122383	0.0120904
279	0.0122262	0.0120786
280	0.0122143	0.0120667
281	0.0122025	0.0120551
282	0.0121908	0.0120436
283	0.0121791	0.0120322
284	0.0121677	0.012021
285	0.0121564	0.0120098
286	0.0121454	0.0119987
287	0.0121342	0.0119878
288	0.0121232	0.011977
289	0.0121122	0.0119663
290	0.0121016	0.0119557
291	0.0120911	0.0119452
292	0.0120805	0.0119348
293	0.0120701	0.0119246
294	0.0120597	0.0119144
295	0.0120496	0.0119045
296	0.0120396	0.0118945
297	0.0120296	0.0118847
298	0.0120197	0.011875
299	0.0120099	0.0118653
300	0.0120002	0.0118558
301	0.0119908	0.0118464
302	0.0119811	0.011837
303	0.0119717	0.0118277
304	0.0119624	0.0118185
305	0.0119533	0.0118094
306	0.011944	0.0118005
307	0.0119351	0.0117916
308	0.0119261	0.0117827
309	0.0119173	0.011774
310	0.0119087	0.0117654
311	0.0118999	0.0117568
312	0.0118914	0.0117483
313	0.0118826	0.0117399
314	0.0118744	0.0117317
315	0.0118661	0.0117234
316	0.0118578	0.0117153
317	0.0118496	0.0117071
318	0.0118414	0.0116992
319	0.0118335	0.0116912
320	0.0118253	0.0116834
321	0.0118173	0.0116755
322	0.0118095	0.0116678
323	0.0118018	0.0116601
324	0.0117942	0.0116526
325	0.0117866	0.011645
326	0.0117791	0.0116375
327	0.0117717	0.0116302
328	0.0117644	0.0116229
329	0.0117569	0.0116157
330	0.0117496	0.0116085
331	0.0117424	0.0116014
332	0.0117352	0.0115943
333	0.0117281	0.0115873
334	0.0117211	0.0115804
335	0.0117141	0.0115735
336	0.0117073	0.0115668
337	0.0117004	0.01156
338	0.0116937	0.0115534
339	0.011687	0.0115467
340	0.0116802	0.0115402
341	0.0116737	0.0115336
342	0.0116672	0.0115272
343	0.0116608	0.0115207
344	0.0116543	0.0115144
345	0.0116479	0.0115081
346	0.0116417	0.0115019
347	0.0116352	0.0114956
348	0.0116293	0.0114895
349	0.011623	0.0114834
350	0.0116169	0.0114773
351	0.0116109	0.0114713
352	0.0116049	0.0114655
353	0.0115987	0.0114596
354	0.0115928	0.0114537
355	0.011587	0.011448
356	0.0115812	0.0114423
357	0.0115754	0.0114365
358	0.0115698	0.0114309
359	0.011564	0.0114253
360	0.0115585	0.0114197
361	0.0115528	0.0114141
362	0.0115475	0.0114086
363	0.0115419	0.0114032
364	0.0115366	0.0113978
365	0.011531	0.0113924
366	0.0115257	0.0113871
367	0.0115203	0.0113818
368	0.011515	0.0113766
369	0.0115098	0.0113715
370	0.0115045	0.0113663
371	0.0114993	0.0113612
372	0.0114942	0.0113561
373	0.0114892	0.0113511
374	0.011484	0.0113461
375	0.0114792	0.0113411
376	0.0114741	0.0113362
377	0.0114693	0.0113314
378	0.0114644	0.0113265
379	0.0114597	0.0113218
380	0.0114545	0.0113169
381	0.0114499	0.0113122
382	0.0114451	0.0113075
383	0.0114405	0.0113029
384	0.0114358	0.0112982
385	0.0114311	0.0112936
386	0.0114264	0.0112891
387	0.0114219	0.0112844
388	0.0114172	0.01128
389	0.0114127	0.0112754
390	0.0114084	0.011271
391	0.011404	0.0112666
392	0.0113995	0.0112622
393	0.011395	0.0112579
394	0.0113906	0.0112536
395	0.0113865	0.0112493
396	0.0113822	0.011245
397	0.0113777	0.0112408
398	0.0113736	0.0112367
399	0.0113694	0.0112324
400	0.0113651	0.0112283
401	0.0113609	0.0112241
402	0.0113569	0.0112201
403	0.0113527	0.011216
404	0.0113488	0.011212
405	0.0113447	0.0112079
406	0.0113407	0.011204
407	0.0113367	0.0112
408	0.0113327	0.0111961
409	0.0113288	0.0111923
410	0.0113249	0.0111884
411	0.0113209	0.0111845
412	0.0113172	0.0111807
413	0.0113134	0.0111769
414	0.0113096	0.0111731
415	0.011306	0.0111693
416	0.0113022	0.0111656
417	0.0112985	0.011162
418	0.0112946	0.0111583
419	0.0112908	0.0111545
420	0.0112872	0.0111509
421	0.0112836	0.0111473
422	0.01128	0.0111438
423	0.0112766	0.0111402
424	0.0112728	0.0111367
425	0.0112693	0.0111331
426	0.0112657	0.0111296
427	0.0112623	0.0111262
428	0.0112589	0.0111226
429	0.0112553	0.0111192
430	0.0112517	0.0111158
431	0.0112485	0.0111124
432	0.0112449	0.011109
433	0.0112416	0.0111057
434	0.0112384	0.0111023
435	0.011235	0.011099
436	0.0112316	0.0110957
437	0.0112282	0.0110924
438	0.0112251	0.0110892
439	0.0112219	0.011086
440	0.0112185	0.0110828
441	0.0112154	0.0110796
442	0.0112122	0.0110764
443	0.011209	0.0110733
444	0.0112059	0.0110701
445	0.0112029	0.011067
446	0.0111995	0.0110639
447	0.0111965	0.0110607
448	0.0111933	0.0110576
449	0.0111903	0.0110546
450	0.0111873	0.0110515
451	0.0111842	0.0110485
452	0.0111811	0.0110455
453	0.0111781	0.0110425
454	0.011175	0.0110396
455	0.0111721	0.0110367
456	0.0111689	0.0110337
457	0.0111661	0.0110307
458	0.0111632	0.0110278
459	0.0111603	0.011025
460	0.0111574	0.011022
461	0.0111546	0.0110192
462	0.0111517	0.0110164
463	0.0111489	0.0110136
464	0.0111461	0.0110108
465	0.0111432	0.0110079
466	0.0111403	0.0110052
467	0.0111377	0.0110024
468	0.0111349	0.0109996
469	0.011132	0.0109969
470	0.0111294	0.0109942
471	0.0111268	0.0109914
472	0.011124	0.0109888
473	0.0111212	0.0109861
474	0.0111186	0.0109834
475	0.0111162	0.0109806
476	0.0111134	0.0109781
477	0.0111107	0.0109755
478	0.0111082	0.0109729
479	0.0111056	0.0109702
480	0.0111029	0.0109677
481	0.0111003	0.0109652
482	0.0110977	0.0109626
483	0.0110951	0.01096
484	0.0110927	0.0109575
485	0.0110901	0.010955
486	0.0110875	0.0109524
487	0.011085	0.0109499
488	0.0110824	0.0109474
489	0.0110801	0.0109448
490	0.0110775	0.0109424
491	0.0110752	0.01094
492	0.0110727	0.0109375
493	0.0110701	0.0109351
494	0.0110677	0.0109327
495	0.0110654	0.0109303
496	0.0110629	0.010928
497	0.0110607	0.0109256
498	0.0110582	0.0109232
499	0.0110558	0.0109208
500	0.0110534	0.0109185
501	0.011051	0.0109162
502	0.0110488	0.0109138
503	0.0110464	0.0109115
504	0.0110441	0.0109092
505	0.0110417	0.010907
506	0.0110395	0.0109048
507	0.0110372	0.0109025
508	0.0110351	0.0109002
509	0.0110328	0.010898
510	0.0110305	0.0108957
511	0.0110282	0.0108934
512	0.0110259	0.0108912
513	0.0110239	0.010889
514	0.0110216	0.0108867
515	0.0110195	0.0108846
516	0.0110171	0.0108824
517	0.0110151	0.0108802
518	0.0110129	0.0108781
519	0.0110107	0.010876
520	0.0110085	0.0108738
521	0.0110066	0.0108718
522	0.0110045	0.0108697
523	0.0110023	0.0108676
524	0.0110001	0.0108655
525	0.010998	0.0108633
526	0.010996	0.0108613
527	0.010994	0.0108592
528	0.0109919	0.0108571
529	0.0109898	0.0108551
530	0.0109878	0.010853
531	0.0109856	0.010851
532	0.0109836	0.010849
533	0.0109818	0.0108469
534	0.0109797	0.0108449
535	0.0109776	0.010843
536	0.0109756	0.0108409
537	0.0109736	0.0108389
538	0.0109716	0.0108369
539	0.0109697	0.010835
540	0.0109678	0.010833
541	0.0109659	0.0108311
542	0.0109639	0.0108292
543	0.010962	0.0108272
544	0.01096	0.0108253
545	0.0109581	0.0108234
546	0.0109563	0.0108215
547	0.0109544	0.0108196
548	0.0109523	0.0108177
549	0.0109505	0.0108158
550	0.0109486	0.0108139
551	0.0109468	0.010812
552	0.0109448	0.0108101
553	0.0109429	0.0108083
554	0.0109412	0.0108064
555	0.0109393	0.0108045
556	0.0109374	0.0108027
557	0.0109357	0.010801
558	0.0109337	0.0107991
559	0.010932	0.0107973
560	0.0109301	0.0107956
561	0.0109284	0.0107938
562	0.0109266	0.0107919
563	0.0109247	0.0107902
564	0.010923	0.0107884
565	0.0109212	0.0107866
566	0.0109195	0.0107849
567	0.0109178	0.0107831
568	0.010916	0.0107814
569	0.0109142	0.0107797
570	0.0109125	0.0107779
571	0.0109109	0.0107761
572	0.0109091	0.0107744
573	0.0109073	0.0107727
574	0.0109055	0.010771
575	0.010904	0.0107692
576	0.0109023	0.0107675
577	0.0109005	0.0107659
578	0.0108989	0.0107642
579	0.0108972	0.0107625
580	0.0108956	0.0107609
581	0.0108938	0.0107592
582	0.0108921	0.0107576
583	0.0108904	0.010756
584	0.0108888	0.0107543
585	0.0108872	0.0107527
586	0.0108856	0.0107511
587	0.0108838	0.0107494
588	0.0108823	0.0107478
589	0.0108807	0.0107462
590	0.0108791	0.0107447
591	0.0108776	0.010743
592	0.0108759	0.0107414
593	0.0108743	0.0107398
594	0.0108727	0.0107383
595	0.0108713	0.0107367
596	0.0108697	0.0107352
597	0.0108682	0.0107336
598	0.0108667	0.010732
599	0.010865	0.0107305
600	0.0108634	0.010729
601	0.0108619	0.0107274
602	0.0108604	0.0107259
603	0.0108589	0.0107244
604	0.0108573	0.0107228
605	0.0108559	0.0107214
606	0.0108543	0.0107197
607	0.0108528	0.0107183
608	0.0108514	0.0107168
609	0.01085	0.0107153
610	0.0108484	0.0107137
611	0.010847	0.0107122
612	0.0108454	0.0107108
613	0.0108439	0.0107093
614	0.0108424	0.0107078
615	0.0108411	0.0107064
616	0.0108396	0.0107049
617	0.0108382	0.0107035
618	0.0108368	0.0107021
619	0.0108352	0.0107007
620	0.0108339	0.0106993
621	0.0108325	0.0106978
622	0.010831	0.0106963
623	0.0108297	0.0106949
624	0.0108282	0.0106935
625	0.0108267	0.0106921
626	0.0108252	0.0106907
627	0.0108239	0.0106893
628	0.0108225	0.0106879
629	0.010821	0.0106866
630	0.0108197	0.0106852
631	0.0108183	0.0106838
632	0.0108168	0.0106824
633	0.0108155	0.0106811
634	0.0108141	0.0106796
635	0.0108128	0.0106783
636	0.0108115	0.0106769
637	0.0108102	0.0106755
638	0.0108089	0.0106742
639	0.0108075	0.0106729
640	0.0108061	0.0106716
641	0.0108047	0.0106702
642	0.0108036	0.0106688
643	0.0108022	0.0106675
644	0.0108008	0.0106662
645	0.0107993	0.0106649
646	0.0107982	0.0106635
647	0.010797	0.0106622
648	0.0107956	0.0106609
649	0.0107944	0.0106596
650	0.0107931	0.0106583
651	0.0107919	0.010657
652	0.0107907	0.0106557
653	0.0107891	0.0106544
654	0.0107878	0.0106532
655	0.0107867	0.0106519
656	0.0107854	0.0106507
657	0.0107842	0.0106494
658	0.0107828	0.0106482
659	0.0107815	0.0106469
660	0.0107804	0.0106457
661	0.0107791	0.0106444
662	0.0107778	0.0106432
663	0.0107766	0.0106419
664	0.0107754	0.0106407
665	0.0107741	0.0106395
666	0.0107729	0.0106382
667	0.0107715	0.010637
668	0.0107705	0.0106359
669	0.0107693	0.0106347
670	0.010768	0.0106335
671	0.0107669	0.0106323
672	0.0107657	0.010631
673	0.0107645	0.0106298
674	0.0107633	0.0106287
675	0.0107621	0.0106275
676	0.0107608	0.0106263
677	0.0107597	0.0106251
678	0.0107587	0.0106239
679	0.0107574	0.0106227
680	0.0107563	0.0106215
681	0.0107551	0.0106204
682	0.0107537	0.0106193
683	0.0107526	0.0106181
684	0.0107516	0.0106169
685	0.0107505	0.0106157
686	0.0107493	0.0106146
687	0.0107482	0.0106134
688	0.010747	0.0106123
689	0.0107458	0.0106112
690	0.0107447	0.01061
691	0.0107435	0.0106089
692	0.0107425	0.0106078
693	0.0107414	0.0106067
694	0.0107401	0.0106055
695	0.0107392	0.0106045
696	0.010738	0.0106033
697	0.0107369	0.0106022
698	0.0107358	0.0106011
699	0.0107348	0.0106
700	0.0107335	0.0105989
701	0.0107326	0.0105978
702	0.0107315	0.0105967
703	0.0107303	0.0105957
704	0.0107292	0.0105945
705	0.0107282	0.0105935
706	0.0107271	0.0105924
707	0.0107261	0.0105913
708	0.0107249	0.0105902
709	0.0107239	0.0105892
710	0.0107228	0.0105881
711	0.0107218	0.0105871
712	0.0107206	0.010586
713	0.0107196	0.010585
714	0.0107186	0.0105839
715	0.0107175	0.0105829
716	0.0107163	0.0105818
717	0.0107153	0.0105808
718	0.0107145	0.0105797
719	0.0107135	0.0105787
720	0.0107123	0.0105777
721	0.0107113	0.0105767
722	0.0107102	0.0105756
723	0.0107092	0.0105746
724	0.0107082	0.0105736
725	0.0107072	0.0105725
726	0.0107062	0.0105715
727	0.0107052	0.0105705
728	0.0107042	0.0105695
729	0.0107033	0.0105684
730	0.0107022	0.0105674
731	0.0107013	0.0105665
732	0.0107003	0.0105655
733	0.0106994	0.0105645
734	0.0106982	0.0105635
735	0.0106973	0.0105626
736	0.0106963	0.0105616
737	0.0106953	0.0105606
738	0.0106945	0.0105596
739	0.0106935	0.0105586
740	0.0106924	0.0105576
741	0.0106915	0.0105567
742	0.0106905	0.0105557
743	0.0106895	0.0105548
744	0.0106887	0.0105538
745	0.0106877	0.0105529
746	0.0106868	0.0105519
747	0.0106857	0.010551
748	0.0106848	0.01055
749	0.0106839	0.010549
750	0.0106829	0.0105481
751	0.010682	0.0105471
752	0.010681	0.0105461
753	0.01068	0.0105452
754	0.010679	0.0105442
755	0.0106781	0.0105433
756	0.0106773	0.0105424
757	0.0106764	0.0105415
758	0.0106754	0.0105405
759	0.0106745	0.0105396
760	0.0106736	0.0105387
761	0.0106728	0.0105378
762	0.0106717	0.0105369
763	0.0106708	0.010536
764	0.0106701	0.0105351
765	0.010669	0.0105342
766	0.0106683	0.0105332
767	0.0106673	0.0105323
768	0.0106665	0.0105314
769	0.0106656	0.0105305
770	0.0106646	0.0105296
771	0.0106638	0.0105287
772	0.010663	0.0105279
773	0.010662	0.010527
774	0.0106611	0.0105261
775	0.0106603	0.0105253
776	0.0106594	0.0105244
777	0.0106583	0.0105235
778	0.0106577	0.0105227
779	0.0106569	0.0105218
780	0.0106558	0.0105209
781	0.0106551	0.0105201
782	0.0106541	0.0105192
783	0.0106532	0.0105183
784	0.0106524	0.0105175
785	0.0106517	0.0105166
786	0.0106507	0.0105158
787	0.0106498	0.0105149
788	0.0106491	0.0105141
789	0.0106481	0.0105132
790	0.0106473	0.0105125
791	0.0106465	0.0105116
792	0.0106456	0.0105108
793	0.010645	0.01051
794	0.0106441	0.0105091
795	0.0106431	0.0105083
796	0.0106425	0.0105075
797	0.0106416	0.0105066
798	0.0106408	0.0105058
799	0.0106401	0.010505
800	0.0106391	0.0105042
801	0.0106384	0.0105033
802	0.0106376	0.0105025
803	0.0106367	0.0105017
804	0.0106358	0.0105009
805	0.010635	0.0105001
806	0.0106343	0.0104992
807	0.0106334	0.0104984
808	0.0106326	0.0104976
809	0.0106318	0.0104968
810	0.0106311	0.010496
811	0.0106303	0.0104952
812	0.0106294	0.0104944
813	0.0106288	0.0104936
814	0.0106278	0.0104928
815	0.0106271	0.010492
816	0.0106263	0.0104913
817	0.0106255	0.0104905
818	0.0106247	0.0104897
819	0.0106239	0.0104889
820	0.0106232	0.0104881
821	0.0106226	0.0104874
822	0.0106217	0.0104866
823	0.0106208	0.0104858
824	0.0106202	0.0104851
825	0.0106193	0.0104843
826	0.0106185	0.0104836
827	0.0106178	0.0104828
828	0.0106171	0.010482
829	0.0106165	0.0104813
830	0.0106155	0.0104805
831	0.0106147	0.0104797
832	0.0106141	0.010479
833	0.0106133	0.0104783
834	0.0106126	0.0104775
835	0.0106117	0.0104767
836	0.0106112	0.010476
837	0.0106102	0.0104752
838	0.0106096	0.0104745
839	0.0106089	0.0104737
840	0.010608	0.010473
841	0.0106074	0.0104723
842	0.0106068	0.0104716
843	0.010606	0.0104708
844	0.0106052	0.0104701
845	0.0106045	0.0104694
846	0.0106038	0.0104687
847	0.0106032	0.0104679
848	0.0106024	0.0104672
849	0.0106017	0.0104664
850	0.010601	0.0104657
851	0.0106002	0.010465
852	0.0105995	0.0104643
853	0.0105988	0.0104636
854	0.0105982	0.0104629
855	0.0105973	0.0104622
856	0.0105967	0.0104615
857	0.0105959	0.0104608
858	0.0105953	0.0104601
859	0.0105947	0.0104594
860	0.0105939	0.0104587
861	0.0105932	0.010458
862	0.0105926	0.0104573
863	0.0105917	0.0104566
864	0.0105912	0.0104559
865	0.0105904	0.0104552
866	0.0105898	0.0104545
867	0.0105891	0.0104538
868	0.0105884	0.0104531
869	0.0105877	0.0104524
870	0.010587	0.0104517
871	0.0105863	0.010451
872	0.0105857	0.0104504
873	0.010585	0.0104497
874	0.0105844	0.0104491
875	0.0105836	0.0104484
876	0.010583	0.0104477
877	0.0105824	0.010447
878	0.0105816	0.0104463
879	0.010581	0.0104457
880	0.0105803	0.010445
881	0.0105796	0.0104444
882	0.0105789	0.0104437
883	0.0105782	0.010443
884	0.0105776	0.0104424
885	0.010577	0.0104417
886	0.0105763	0.0104411
887	0.0105757	0.0104404
888	0.010575	0.0104397
889	0.0105743	0.0104391
890	0.0105737	0.0104384
891	0.0105729	0.0104377
892	0.0105723	0.0104371
893	0.0105717	0.0104364
894	0.0105711	0.0104358
895	0.0105704	0.0104352
896	0.0105698	0.0104346
897	0.0105692	0.010434
898	0.0105686	0.0104333
899	0.0105679	0.0104327
900	0.0105673	0.010432
901	0.0105666	0.0104314
902	0.0105661	0.0104308
903	0.0105655	0.0104302
904	0.0105648	0.0104295
905	0.010564	0.0104289
906	0.0105635	0.0104282
907	0.0105628	0.0104276
908	0.0105622	0.010427
909	0.0105617	0.0104264
910	0.0105609	0.0104257
911	0.0105603	0.0104251
912	0.0105598	0.0104245
913	0.0105592	0.0104239
914	0.0105585	0.0104232
915	0.0105579	0.0104226
916	0.0105574	0.010422
917	0.0105569	0.0104214
918	0.0105561	0.0104208
919	0.0105554	0.0104202
920	0.0105549	0.0104196
921	0.0105545	0.010419
922	0.0105539	0.0104184
923	0.0105532	0.0104178
924	0.0105525	0.0104172
925	0.010552	0.0104166
926	0.0105514	0.010416
927	0.0105506	0.0104154
928	0.01055	0.0104148
929	0.0105496	0.0104143
930	0.0105489	0.0104136
931	0.0105484	0.0104131
932	0.0105478	0.0104124
933	0.0105472	0.0104118
934	0.0105466	0.0104112
935	0.0105458	0.0104107
936	0.0105454	0.0104101
937	0.0105449	0.0104095
938	0.0105443	0.0104089
939	0.0105437	0.0104083
940	0.0105432	0.0104077
941	0.0105425	0.0104071
942	0.0105419	0.0104066
943	0.0105413	0.010406
944	0.0105408	0.0104054
945	0.0105401	0.0104049
946	0.0105396	0.0104043
947	0.010539	0.0104037
948	0.0105385	0.0104032
949	0.010538	0.0104026
950	0.0105374	0.010402
951	0.0105367	0.0104015
952	0.0105362	0.0104009
953	0.0105355	0.0104003
954	0.0105351	0.0103997
955	0.0105346	0.0103992
956	0.010534	0.0103986
957	0.0105334	0.0103981
958	0.0105329	0.0103975
959	0.0105323	0.0103969
960	0.0105318	0.0103963
961	0.0105312	0.0103958
962	0.0105308	0.0103952
963	0.01053	0.0103947
964	0.0105296	0.0103941
965	0.010529	0.0103935
966	0.0105284	0.010393
967	0.0105278	0.0103924
968	0.0105274	0.0103919
969	0.0105268	0.0103913
970	0.0105263	0.0103908
971	0.0105256	0.0103903
972	0.0105251	0.0103897
973	0.0105245	0.0103892
974	0.0105241	0.0103886
975	0.0105236	0.0103881
976	0.010523	0.0103876
977	0.0105224	0.010387
978	0.010522	0.0103865
979	0.0105214	0.0103859
980	0.0105209	0.0103854
981	0.0105204	0.0103849
982	0.0105198	0.0103843
983	0.0105193	0.0103838
984	0.0105187	0.0103833
985	0.0105183	0.0103828
986	0.0105176	0.0103823
987	0.0105172	0.0103817
988	0.0105164	0.0103812
989	0.0105161	0.0103806
990	0.0105156	0.0103801
991	0.010515	0.0103795
992	0.0105146	0.010379
993	0.0105141	0.0103785
994	0.0105134	0.010378
995	0.010513	0.0103775
996	0.0105126	0.0103769
997	0.0105119	0.0103764
998	0.0105115	0.0103759
999	0.0105109	0.0103754
1000	0.0105104	0.0103748
1001	0.0105099	0.0103743
1002	0.0105094	0.0103738
1003	0.0105088	0.0103733
1004	0.0105084	0.0103728
1005	0.0105079	0.0103723
1006	0.0105073	0.0103717
1007	0.0105068	0.0103712
1008	0.0105064	0.0103707
1009	0.010506	0.0103702
1010	0.0105054	0.0103697
1011	0.0105048	0.0103693
1012	0.0105045	0.0103688
1013	0.0105039	0.0103683
1014	0.0105034	0.0103678
1015	0.0105027	0.0103673
1016	0.0105024	0.0103668
1017	0.0105018	0.0103663
1018	0.0105013	0.0103658
1019	0.0105009	0.0103653
1020	0.0105006	0.0103648
1021	0.0104999	0.0103643
1022	0.0104994	0.0103638
1023	0.0104989	0.0103633
1024	0.0104983	0.0103628
1025	0.0104979	0.0103623
1026	0.0104974	0.0103618
1027	0.0104969	0.0103613
1028	0.0104965	0.0103609
1029	0.0104961	0.0103604
1030	0.0104955	0.0103599
1031	0.0104949	0.0103594
1032	0.0104944	0.010359
1033	0.0104941	0.0103584
1034	0.0104936	0.010358
1035	0.0104931	0.0103575
1036	0.0104925	0.010357
1037	0.010492	0.0103565
1038	0.0104917	0.0103561
1039	0.0104912	0.0103556
1040	0.0104908	0.0103551
1041	0.0104901	0.0103546
1042	0.0104899	0.0103541
1043	0.0104892	0.0103537
1044	0.0104888	0.0103532
1045	0.0104882	0.0103527
1046	0.0104878	0.0103523
1047	0.0104873	0.0103518
1048	0.0104869	0.0103513
1049	0.0104865	0.0103508
1050	0.010486	0.0103504
1051	0.0104853	0.0103499
1052	0.010485	0.0103494
1053	0.0104846	0.0103489
1054	0.010484	0.0103485
1055	0.0104835	0.010348
1056	0.010483	0.0103475
1057	0.0104826	0.010347
1058	0.0104821	0.0103466
1059	0.0104816	0.0103461
1060	0.0104813	0.0103456
1061	0.0104807	0.0103451
1062	0.0104804	0.0103447
1063	0.0104797	0.0103442
1064	0.0104794	0.0103437
1065	0.0104791	0.0103433
1066	0.0104785	0.0103428
1067	0.0104779	0.0103424
1068	0.0104776	0.0103419
1069	0.0104771	0.0103415
1070	0.0104767	0.010341
1071	0.0104763	0.0103405
1072	0.0104758	0.0103401
1073	0.0104753	0.0103396
1074	0.0104748	0.0103392
1075	0.0104743	0.0103387
1076	0.0104739	0.0103383
1077	0.0104734	0.0103378
1078	0.0104731	0.0103374
1079	0.0104727	0.0103369
1080	0.0104721	0.0103364
1081	0.0104716	0.010336
1082	0.0104713	0.0103356
1083	0.0104709	0.0103351
1084	0.0104703	0.0103347
1085	0.0104698	0.0103342
1086	0.0104696	0.0103338
1087	0.0104692	0.0103334
1088	0.0104684	0.0103329
1089	0.010468	0.0103325
1090	0.0104678	0.010332
1091	0.0104673	0.0103316
1092	0.0104669	0.0103311
1093	0.0104664	0.0103307
1094	0.0104659	0.0103302
1095	0.0104655	0.0103298
1096	0.0104651	0.0103294
1097	0.0104645	0.0103289
1098	0.0104644	0.0103285
1099	0.0104638	0.0103281
1100	0.0104634	0.0103277
1101	0.0104629	0.0103272
1102	0.0104625	0.0103268
1103	0.010462	0.0103263
1104	0.0104616	0.0103259
1105	0.0104614	0.0103255
1106	0.0104608	0.0103251
1107	0.0104604	0.0103246
1108	0.0104599	0.0103242
1109	0.0104595	0.0103238
1110	0.0104592	0.0103233
1111	0.0104587	0.0103229
1112	0.0104583	0.0103225
1113	0.0104577	0.0103221
1114	0.0104573	0.0103216
1115	0.010457	0.0103212
1116	0.0104566	0.0103208
1117	0.0104562	0.0103203
1118	0.0104556	0.0103199
1119	0.0104552	0.0103195
1120	0.0104548	0.0103191
1121	0.0104543	0.0103186
1122	0.0104541	0.0103182
1123	0.0104535	0.0103177
1124	0.010453	0.0103173
1125	0.0104527	0.0103169
1126	0.0104523	0.0103165
1127	0.0104518	0.0103161
1128	0.0104515	0.0103157
1129	0.010451	0.0103152
1130	0.0104506	0.0103148
1131	0.0104501	0.0103144
1132	0.0104499	0.010314
1133	0.0104495	0.0103136
1134	0.0104489	0.0103132
1135	0.0104485	0.0103127
1136	0.0104482	0.0103123
1137	0.0104477	0.0103119
1138	0.0104474	0.0103115
1139	0.0104468	0.0103111
1140	0.0104466	0.0103108
1141	0.010446	0.0103103
1142	0.0104458	0.0103099
1143	0.0104453	0.0103095
1144	0.0104449	0.0103091
1145	0.0104444	0.0103087
1146	0.010444	0.0103083
1147	0.0104437	0.0103079
1148	0.0104433	0.0103075
1149	0.0104429	0.0103071
1150	0.0104423	0.0103067
1151	0.0104421	0.0103063
1152	0.0104415	0.0103058
1153	0.0104412	0.0103055
1154	0.0104407	0.0103051
1155	0.0104404	0.0103046
1156	0.01044	0.0103042
1157	0.0104396	0.0103038
1158	0.0104393	0.0103034
1159	0.0104388	0.010303
1160	0.0104384	0.0103026
1161	0.0104381	0.0103022
1162	0.0104377	0.0103018
1163	0.0104372	0.0103014
1164	0.0104367	0.010301
1165	0.0104365	0.0103006
1166	0.0104359	0.0103002
1167	0.0104357	0.0102998
1168	0.0104353	0.0102994
1169	0.0104349	0.010299
1170	0.0104345	0.0102986
1171	0.0104341	0.0102982
1172	0.0104336	0.0102979
1173	0.0104332	0.0102974
1174	0.0104329	0.010297
1175	0.0104325	0.0102966
1176	0.0104322	0.0102962
1177	0.0104316	0.0102959
1178	0.0104313	0.0102955
1179	0.0104309	0.0102951
1180	0.0104306	0.0102947
1181	0.0104301	0.0102943
1182	0.0104298	0.010294
1183	0.0104293	0.0102935
1184	0.0104289	0.0102932
1185	0.0104284	0.0102928
1186	0.0104281	0.0102924
1187	0.0104278	0.010292
1188	0.0104274	0.0102916
1189	0.010427	0.0102912
1190	0.0104266	0.0102908
1191	0.0104262	0.0102905
1192	0.0104259	0.0102901
1193	0.0104255	0.0102897
1194	0.0104251	0.0102893
1195	0.0104247	0.0102889
1196	0.0104244	0.0102885
1197	0.010424	0.0102882
1198	0.0104236	0.0102878
1199	0.0104232	0.0102874
1200	0.0104228	0.010287
1201	0.0104225	0.0102867
1202	0.010422	0.0102863
1203	0.0104216	0.0102859
1204	0.0104212	0.0102855
1205	0.0104209	0.0102851
1206	0.0104205	0.0102847
1207	0.0104203	0.0102843
1208	0.0104197	0.010284
1209	0.0104195	0.0102836
1210	0.0104191	0.0102833
1211	0.0104187	0.0102829
1212	0.0104182	0.0102825
1213	0.010418	0.0102821
1214	0.0104175	0.0102818
1215	0.0104172	0.0102814
1216	0.010417	0.0102811
1217	0.0104164	0.0102807
1218	0.010416	0.0102803
1219	0.0104156	0.0102799
1220	0.0104153	0.0102795
1221	0.0104149	0.0102792
1222	0.0104146	0.0102788
1223	0.0104142	0.0102784
1224	0.0104137	0.010278
1225	0.0104134	0.0102777
1226	0.0104131	0.0102773
1227	0.0104127	0.0102769
1228	0.0104123	0.0102766
1229	0.010412	0.0102762
1230	0.0104117	0.0102758
1231	0.0104114	0.0102755
1232	0.0104109	0.0102751
1233	0.0104105	0.0102747
1234	0.0104102	0.0102744
1235	0.0104098	0.010274
1236	0.0104094	0.0102736
1237	0.010409	0.0102733
1238	0.0104088	0.0102729
1239	0.0104084	0.0102725
1240	0.010408	0.0102722
1241	0.0104077	0.0102718
1242	0.0104074	0.0102715
1243	0.0104069	0.0102711
1244	0.0104066	0.0102708
1245	0.0104062	0.0102704
1246	0.0104059	0.0102701
1247	0.0104056	0.0102697
1248	0.0104051	0.0102694
1249	0.0104046	0.010269
1250	0.0104044	0.0102686
1251	0.010404	0.0102682
1252	0.0104037	0.0102679
1253	0.0104034	0.0102675
1254	0.010403	0.0102672
1255	0.0104025	0.0102668
1256	0.0104023	0.0102664
1257	0.0104019	0.0102661
1258	0.0104016	0.0102657
1259	0.0104012	0.0102654
1260	0.0104008	0.010265
1261	0.0104005	0.0102647
1262	0.0104001	0.0102643
1263	0.0103998	0.010264
1264	0.0103996	0.0102636
1265	0.010399	0.0102632
1266	0.0103987	0.0102629
1267	0.0103984	0.0102625
1268	0.010398	0.0102622
1269	0.0103977	0.0102618
1270	0.0103973	0.0102615
1271	0.0103969	0.0102611
1272	0.0103964	0.0102608
1273	0.0103963	0.0102604
1274	0.0103959	0.0102601
1275	0.0103954	0.0102597
1276	0.0103952	0.0102594
1277	0.0103947	0.010259
1278	0.0103944	0.0102587
1279	0.0103941	0.0102583
1280	0.0103938	0.010258
1281	0.0103935	0.0102576
1282	0.0103931	0.0102573
1283	0.0103928	0.0102569
1284	0.0103924	0.0102565
1285	0.0103921	0.0102562
1286	0.0103917	0.0102559
1287	0.0103914	0.0102555
1288	0.0103911	0.0102552
1289	0.0103907	0.0102549
1290	0.0103903	0.0102545
1291	0.0103901	0.0102542
1292	0.0103895	0.0102539
1293	0.0103893	0.0102535
1294	0.010389	0.0102531
1295	0.0103886	0.0102528
1296	0.0103883	0.0102524
1297	0.0103879	0.0102521
1298	0.0103876	0.0102517
1299	0.0103873	0.0102514
1300	0.0103867	0.0102511
1301	0.0103864	0.0102507
1302	0.0103862	0.0102504
1303	0.0103858	0.01025
1304	0.0103855	0.0102497
1305	0.0103851	0.0102494
1306	0.0103848	0.010249
1307	0.0103844	0.0102487
1308	0.0103841	0.0102484
1309	0.0103838	0.010248
1310	0.0103834	0.0102477
1311	0.0103831	0.0102474
1312	0.0103828	0.010247
1313	0.0103825	0.0102467
1314	0.0103822	0.0102463
1315	0.0103818	0.010246
1316	0.0103814	0.0102457
1317	0.0103811	0.0102453
1318	0.0103808	0.010245
1319	0.0103805	0.0102447
1320	0.01038	0.0102443
1321	0.0103797	0.010244
1322	0.0103794	0.0102436
1323	0.0103791	0.0102433
1324	0.0103787	0.010243
1325	0.0103783	0.0102426
1326	0.010378	0.0102423
1327	0.0103778	0.010242
1328	0.0103775	0.0102416
1329	0.010377	0.0102413
1330	0.0103767	0.010241
1331	0.0103763	0.0102406
1332	0.0103762	0.0102403
1333	0.0103759	0.0102399
1334	0.0103755	0.0102396
1335	0.0103751	0.0102393
1336	0.0103748	0.0102389
1337	0.0103744	0.0102386
1338	0.0103742	0.0102383
1339	0.0103737	0.0102379
1340	0.0103735	0.0102375
1341	0.0103731	0.0102372
1342	0.0103727	0.0102369
1343	0.0103725	0.0102366
1344	0.0103721	0.0102362
1345	0.0103718	0.0102359
1346	0.0103714	0.0102356
1347	0.0103711	0.0102353
1348	0.0103707	0.0102349
1349	0.0103705	0.0102346
1350	0.01037	0.0102343
1351	0.0103699	0.010234
1352	0.0103695	0.0102337
1353	0.0103692	0.0102333
1354	0.0103688	0.010233
1355	0.0103684	0.0102327
1356	0.010368	0.0102324
1357	0.0103678	0.010232
1358	0.0103677	0.0102317
1359	0.0103672	0.0102313
1360	0.0103668	0.010231
1361	0.0103666	0.0102307
1362	0.0103661	0.0102304
1363	0.0103659	0.01023
1364	0.0103656	0.0102297
1365	0.0103651	0.0102294
1366	0.0103649	0.0102291
1367	0.0103646	0.0102287
1368	0.0103643	0.0102284
1369	0.0103639	0.0102281
1370	0.0103636	0.0102278
1371	0.0103631	0.0102275
1372	0.0103629	0.0102272
1373	0.0103627	0.0102268
1374	0.0103622	0.0102265
1375	0.010362	0.0102262
1376	0.0103618	0.0102258
1377	0.0103612	0.0102256
1378	0.010361	0.0102252
1379	0.0103607	0.0102249
1380	0.0103604	0.0102246
1381	0.0103601	0.0102243
1382	0.0103597	0.010224
1383	0.0103594	0.0102237
1384	0.0103592	0.0102233
1385	0.0103588	0.010223
1386	0.0103585	0.0102227
1387	0.0103582	0.0102224
1388	0.0103579	0.010222
1389	0.0103576	0.0102217
1390	0.0103573	0.0102214
1391	0.010357	0.0102211
1392	0.0103566	0.0102208
1393	0.0103562	0.0102205
1394	0.0103558	0.0102201
1395	0.0103556	0.0102198
1396	0.0103553	0.0102195
1397	0.0103551	0.0102192
1398	0.0103547	0.0102189
1399	0.0103543	0.0102186
1400	0.0103541	0.0102182
1401	0.0103537	0.0102179
1402	0.0103534	0.0102177
1403	0.0103531	0.0102173
1404	0.0103528	0.010217
1405	0.0103526	0.0102167
1406	0.0103523	0.0102164
1407	0.0103518	0.0102161
1408	0.0103515	0.0102157
1409	0.0103512	0.0102154
1410	0.0103509	0.0102151
1411	0.0103506	0.0102148
1412	0.0103503	0.0102144
1413	0.01035	0.0102141
1414	0.0103497	0.0102138
1415	0.0103494	0.0102135
1416	0.0103489	0.0102132
1417	0.0103487	0.0102129
1418	0.0103484	0.0102126
1419	0.0103481	0.0102123
1420	0.0103478	0.010212
1421	0.0103476	0.0102117
1422	0.0103472	0.0102114
1423	0.010347	0.0102111
1424	0.0103465	0.0102108
1425	0.0103461	0.0102104
1426	0.010346	0.0102101
1427	0.0103456	0.0102098
1428	0.0103453	0.0102095
1429	0.0103449	0.0102092
1430	0.0103446	0.0102089
1431	0.0103443	0.0102086
1432	0.010344	0.0102083
1433	0.0103437	0.010208
1434	0.0103433	0.0102077
1435	0.0103433	0.0102073
1436	0.0103429	0.010207
1437	0.0103426	0.0102067
1438	0.0103422	0.0102064
1439	0.010342	0.0102061
1440	0.0103417	0.0102058
1441	0.0103414	0.0102055
1442	0.010341	0.0102052
1443	0.0103409	0.0102049
1444	0.0103403	0.0102046
1445	0.0103401	0.0102043
1446	0.0103398	0.0102039
1447	0.0103395	0.0102036
1448	0.0103391	0.0102033
1449	0.010339	0.010203
1450	0.0103386	0.0102027
1451	0.0103382	0.0102024
1452	0.0103379	0.0102021
1453	0.0103376	0.0102018
1454	0.0103374	0.0102015
1455	0.010337	0.0102012
1456	0.0103367	0.0102009
1457	0.0103363	0.0102006
1458	0.0103361	0.0102003
1459	0.0103359	0.0102
1460	0.0103356	0.0101997
1461	0.0103353	0.0101994
1462	0.010335	0.0101991
1463	0.0103346	0.0101987
1464	0.0103344	0.0101984
1465	0.0103341	0.0101981
1466	0.0103336	0.0101978
1467	0.0103335	0.0101975
1468	0.0103332	0.0101972
1469	0.0103329	0.0101969
1470	0.0103325	0.0101966
1471	0.0103323	0.0101964
1472	0.010332	0.0101961
1473	0.0103317	0.0101957
1474	0.0103314	0.0101954
1475	0.0103311	0.0101952
1476	0.0103308	0.0101949
1477	0.0103305	0.0101945
1478	0.0103302	0.0101942
1479	0.0103298	0.0101939
1480	0.0103295	0.0101936
1481	0.0103293	0.0101933
1482	0.0103291	0.010193
1483	0.0103287	0.0101927
1484	0.0103285	0.0101924
1485	0.0103281	0.0101921
1486	0.0103278	0.0101919
1487	0.0103276	0.0101916
1488	0.0103272	0.0101913
1489	0.010327	0.0101909
1490	0.0103267	0.0101907
1491	0.0103264	0.0101904
1492	0.010326	0.0101901
1493	0.0103256	0.0101898
1494	0.0103255	0.0101895
1495	0.0103252	0.0101892
1496	0.010325	0.0101889
1497	0.0103245	0.0101886
1498	0.0103243	0.0101883
1499	0.0103239	0.010188
1500	0.0103236	0.0101877
1501	0.0103235	0.0101874
1502	0.0103231	0.0101871
1503	0.0103228	0.0101868
1504	0.0103226	0.0101865
1505	0.0103222	0.0101862
1506	0.0103219	0.010186
1507	0.0103215	0.0101857
1508	0.0103214	0.0101854
1509	0.010321	0.0101851
1510	0.0103207	0.0101848
1511	0.0103205	0.0101845
1512	0.0103201	0.0101842
1513	0.0103197	0.0101839
1514	0.0103195	0.0101836
1515	0.0103193	0.0101834
1516	0.0103189	0.0101831
1517	0.0103187	0.0101828
1518	0.0103183	0.0101825
1519	0.0103181	0.0101822
1520	0.0103178	0.0101819
1521	0.0103176	0.0101816
1522	0.0103173	0.0101813
1523	0.010317	0.010181
1524	0.0103167	0.0101807
1525	0.0103163	0.0101804
1526	0.0103162	0.0101801
1527	0.0103158	0.0101799
1528	0.0103156	0.0101796
1529	0.0103153	0.0101793
1530	0.010315	0.010179
1531	0.0103146	0.0101787
1532	0.0103143	0.0101784
1533	0.010314	0.0101781
1534	0.0103137	0.0101778
1535	0.0103135	0.0101775
1536	0.0103132	0.0101773
1537	0.0103129	0.010177
1538	0.0103127	0.0101767
1539	0.0103123	0.0101764
1540	0.0103121	0.0101762
1541	0.0103118	0.0101758
1542	0.0103115	0.0101755
1543	0.0103111	0.0101752
1544	0.0103109	0.0101749
1545	0.0103106	0.0101746
1546	0.0103102	0.0101744
1547	0.0103099	0.010174
1548	0.0103097	0.0101738
1549	0.0103094	0.0101735
1550	0.0103091	0.0101732
1551	0.0103089	0.0101729
1552	0.0103085	0.0101726
1553	0.0103083	0.0101723
1554	0.010308	0.0101721
1555	0.0103077	0.0101718
1556	0.0103076	0.0101715
1557	0.0103071	0.0101712
1558	0.0103067	0.0101709
1559	0.0103066	0.0101707
1560	0.0103062	0.0101704
1561	0.0103059	0.0101701
1562	0.0103056	0.0101698
1563	0.0103054	0.0101696
1564	0.010305	0.0101693
1565	0.0103048	0.010169
1566	0.0103046	0.0101687
1567	0.0103043	0.0101684
1568	0.0103041	0.0101682
1569	0.0103037	0.0101679
1570	0.0103034	0.0101676
1571	0.010303	0.0101673
1572	0.0103028	0.010167
1573	0.0103026	0.0101667
1574	0.0103024	0.0101664
1575	0.010302	0.0101662
1576	0.0103018	0.0101659
1577	0.0103014	0.0101656
1578	0.0103012	0.0101653
1579	0.0103008	0.010165
1580	0.0103005	0.0101647
1581	0.0103003	0.0101645
1582	0.0103001	0.0101642
1583	0.0102998	0.0101639
1584	0.0102995	0.0101636
1585	0.0102993	0.0101633
1586	0.0102988	0.0101631
1587	0.0102987	0.0101628
1588	0.0102984	0.0101625
1589	0.0102982	0.0101622
1590	0.0102977	0.0101619
1591	0.0102975	0.0101617
1592	0.0102972	0.0101614
1593	0.0102969	0.0101611
1594	0.0102967	0.0101608
1595	0.0102964	0.0101605
1596	0.0102962	0.0101603
1597	0.0102958	0.01016
1598	0.0102956	0.0101597
1599	0.0102953	0.0101594
1600	0.010295	0.0101591
1601	0.0102947	0.0101589
1602	0.0102945	0.0101586
1603	0.0102943	0.0101583
1604	0.0102938	0.010158
1605	0.0102935	0.0101578
1606	0.0102933	0.0101575
1607	0.0102931	0.0101572
1608	0.0102927	0.0101569
1609	0.0102924	0.0101567
1610	0.0102921	0.0101564
1611	0.0102921	0.0101561
1612	0.0102916	0.0101558
1613	0.0102914	0.0101555
1614	0.0102911	0.0101552
1615	0.0102908	0.010155
1616	0.0102905	0.0101547
1617	0.0102904	0.0101544
1618	0.0102899	0.0101541
1619	0.0102898	0.0101539
1620	0.0102895	0.0101536
1621	0.0102892	0.0101533
1622	0.0102889	0.010153
1623	0.0102885	0.0101527
1624	0.0102883	0.0101525
1625	0.0102881	0.0101522
1626	0.0102877	0.010152
1627	0.0102875	0.0101517
1628	0.0102873	0.0101514
1629	0.010287	0.0101512
1630	0.0102867	0.0101509
1631	0.0102864	0.0101506
1632	0.010286	0.0101503
1633	0.0102857	0.0101501
1634	0.0102855	0.0101498
1635	0.0102853	0.0101495
1636	0.0102851	0.0101492
1637	0.0102848	0.0101489
1638	0.0102845	0.0101487
1639	0.0102842	0.0101484
1640	0.0102839	0.0101481
1641	0.0102836	0.0101479
1642	0.0102834	0.0101476
1643	0.0102831	0.0101473
1644	0.0102829	0.010147
1645	0.0102827	0.0101468
1646	0.0102823	0.0101465
1647	0.010282	0.0101462
1648	0.0102817	0.010146
1649	0.0102815	0.0101457
1650	0.0102812	0.0101454
1651	0.0102809	0.0101451
1652	0.0102806	0.0101449
1653	0.0102803	0.0101446
1654	0.01028	0.0101443
1655	0.0102799	0.010144
1656	0.0102795	0.0101438
1657	0.0102793	0.0101435
1658	0.0102789	0.0101432
1659	0.0102787	0.010143
1660	0.0102785	0.0101427
1661	0.0102782	0.0101424
1662	0.010278	0.0101421
1663	0.0102776	0.0101419
1664	0.0102774	0.0101416
1665	0.0102771	0.0101413
1666	0.0102767	0.010141
1667	0.0102767	0.0101408
1668	0.0102765	0.0101405
1669	0.0102762	0.0101403
1670	0.0102758	0.01014
1671	0.0102755	0.0101398
1672	0.0102753	0.0101395
1673	0.010275	0.0101392
1674	0.0102746	0.0101389
1675	0.0102744	0.0101386
1676	0.0102742	0.0101384
1677	0.0102739	0.0101381
1678	0.0102736	0.0101379
1679	0.0102733	0.0101376
1680	0.0102731	0.0101373
1681	0.0102728	0.0101371
1682	0.0102725	0.0101368
1683	0.0102724	0.0101365
1684	0.010272	0.0101362
1685	0.0102717	0.010136
1686	0.0102715	0.0101357
1687	0.0102713	0.0101354
1688	0.010271	0.0101352
1689	0.0102707	0.0101349
1690	0.0102705	0.0101346
1691	0.0102701	0.0101343
1692	0.01027	0.0101341
1693	0.0102697	0.0101338
1694	0.0102694	0.0101336
1695	0.0102692	0.0101333
1696	0.0102689	0.010133
1697	0.0102686	0.0101328
1698	0.0102685	0.0101325
1699	0.0102681	0.0101322
1700	0.0102678	0.0101319
1701	0.0102675	0.0101317
1702	0.0102673	0.0101314
1703	0.0102669	0.0101311
1704	0.0102669	0.0101309
1705	0.0102665	0.0101306
1706	0.0102662	0.0101304
1707	0.0102659	0.0101301
1708	0.0102655	0.0101298
1709	0.0102654	0.0101295
1710	0.010265	0.0101293
1711	0.0102648	0.010129
1712	0.0102647	0.0101287
1713	0.0102643	0.0101285
1714	0.0102639	0.0101282
1715	0.0102638	0.010128
1716	0.0102634	0.0101277
1717	0.0102632	0.0101275
1718	0.0102629	0.0101272
1719	0.0102628	0.0101269
1720	0.0102625	0.0101267
1721	0.0102621	0.0101264
1722	0.0102619	0.0101262
1723	0.0102618	0.0101259
1724	0.0102613	0.0101256
1725	0.0102611	0.0101254
1726	0.0102608	0.0101251
1727	0.0102607	0.0101248
1728	0.0102604	0.0101246
1729	0.0102602	0.0101243
1730	0.0102599	0.010124
1731	0.0102595	0.0101238
1732	0.0102594	0.0101235
1733	0.010259	0.0101232
1734	0.0102588	0.010123
1735	0.0102585	0.0101227
1736	0.0102582	0.0101224
1737	0.010258	0.0101222
1738	0.0102579	0.0101219
1739	0.0102574	0.0101216
1740	0.0102573	0.0101214
1741	0.010257	0.0101211
1742	0.0102566	0.0101209
1743	0.0102564	0.0101206
1744	0.0102562	0.0101203
1745	0.0102559	0.0101201
1746	0.0102557	0.0101198
1747	0.0102553	0.0101195
1748	0.0102551	0.0101193
1749	0.0102549	0.010119
1750	0.0102545	0.0101187
1751	0.0102543	0.0101185
1752	0.0102541	0.0101182
1753	0.0102537	0.010118
1754	0.0102537	0.0101177
1755	0.0102533	0.0101175
1756	0.010253	0.0101172
1757	0.0102527	0.010117
1758	0.0102524	0.0101167
1759	0.0102522	0.0101164
1760	0.010252	0.0101162
1761	0.0102517	0.0101159
1762	0.0102514	0.0101157
1763	0.0102512	0.0101154
1764	0.010251	0.0101151
1765	0.0102506	0.0101149
1766	0.0102503	0.0101146
1767	0.0102501	0.0101143
1768	0.0102498	0.0101141
1769	0.0102495	0.0101138
1770	0.0102494	0.0101136
1771	0.0102491	0.0101133
1772	0.0102489	0.0101131
1773	0.0102486	0.0101128
1774	0.0102483	0.0101126
1775	0.0102481	0.0101123
1776	0.0102479	0.010112
1777	0.0102475	0.0101118
1778	0.0102474	0.0101115
1779	0.0102471	0.0101113
1780	0.0102468	0.010111
1781	0.0102465	0.0101108
1782	0.0102463	0.0101106
1783	0.0102461	0.0101103
1784	0.0102459	0.01011
1785	0.0102455	0.0101098
1786	0.0102452	0.0101095
1787	0.010245	0.0101093
1788	0.0102448	0.010109
1789	0.0102445	0.0101088
1790	0.0102442	0.0101085
1791	0.0102441	0.0101082
1792	0.0102436	0.010108
1793	0.0102436	0.0101077
1794	0.0102432	0.0101075
1795	0.0102429	0.0101072
1796	0.0102428	0.010107
1797	0.0102425	0.0101067
1798	0.0102422	0.0101065
1799	0.010242	0.0101062
1800	0.0102416	0.010106
1801	0.0102414	0.0101057
1802	0.0102413	0.0101054
1803	0.010241	0.0101052
1804	0.0102407	0.0101049
1805	0.0102404	0.0101047
1806	0.0102403	0.0101044
1807	0.0102399	0.0101042
1808	0.0102397	0.0101039
1809	0.0102394	0.0101037
1810	0.0102392	0.0101034
1811	0.0102389	0.0101032
1812	0.0102387	0.010103
1813	0.0102385	0.0101027
1814	0.0102382	0.0101025
1815	0.0102378	0.0101022
1816	0.0102377	0.010102
1817	0.0102374	0.0101017
1818	0.0102372	0.0101014
1819	0.010237	0.0101012
1820	0.0102368	0.0101009
1821	0.0102364	0.0101007
1822	0.0102361	0.0101004
1823	0.0102359	0.0101002
1824	0.0102356	0.0100999
1825	0.0102353	0.0100997
1826	0.010235	0.0100994
1827	0.010235	0.0100992
1828	0.0102347	0.0100989
1829	0.0102343	0.0100987
1830	0.0102342	0.0100984
1831	0.0102339	0.0100981
1832	0.0102336	0.0100979
1833	0.0102334	0.0100976
1834	0.010233	0.0100974
1835	0.0102329	0.0100971
1836	0.0102326	0.0100969
1837	0.0102324	0.0100966
1838	0.010232	0.0100964
1839	0.0102318	0.0100961
1840	0.0102318	0.0100959
1841	0.0102314	0.0100956
1842	0.0102311	0.0100954
1843	0.0102309	0.0100951
1844	0.0102305	0.0100949
1845	0.0102305	0.0100946
1846	0.0102301	0.0100944
1847	0.01023	0.0100941
1848	0.0102296	0.0100939
1849	0.0102293	0.0100936
1850	0.0102292	0.0100934
1851	0.0102289	0.0100931
1852	0.0102286	0.0100929
1853	0.0102282	0.0100926
1854	0.0102282	0.0100924
1855	0.0102279	0.0100921
1856	0.0102276	0.0100919
1857	0.0102273	0.0100917
1858	0.010227	0.0100914
1859	0.0102268	0.0100912
1860	0.0102266	0.0100909
1861	0.0102264	0.0100907
1862	0.010226	0.0100904
1863	0.0102259	0.0100902
1864	0.0102256	0.0100899
1865	0.0102254	0.0100897
1866	0.0102251	0.0100894
1867	0.0102249	0.0100892
1868	0.0102247	0.0100889
1869	0.0102244	0.0100887
1870	0.010224	0.0100884
1871	0.0102239	0.0100882
1872	0.0102237	0.0100879
1873	0.0102234	0.0100877
1874	0.0102231	0.0100875
1875	0.0102229	0.0100872
1876	0.0102226	0.010087
1877	0.0102224	0.0100867
1878	0.0102222	0.0100865
1879	0.010222	0.0100862
1880	0.0102217	0.010086
1881	0.0102215	0.0100857
1882	0.0102211	0.0100855
1883	0.0102209	0.0100852
1884	0.0102207	0.010085
1885	0.0102203	0.0100847
1886	0.0102202	0.0100845
1887	0.0102199	0.0100842
1888	0.0102197	0.010084
1889	0.0102194	0.0100837
1890	0.0102192	0.0100835
1891	0.0102191	0.0100832
1892	0.0102186	0.010083
1893	0.0102185	0.0100827
1894	0.0102184	0.0100825
1895	0.0102179	0.0100823
1896	0.0102177	0.010082
1897	0.0102176	0.0100818
1898	0.0102173	0.0100815
1899	0.010217	0.0100813
1900	0.0102168	0.010081
1901	0.0102165	0.0100808
1902	0.0102164	0.0100806
1903	0.010216	0.0100803
1904	0.0102158	0.0100801
1905	0.0102156	0.0100799
1906	0.0102153	0.0100796
1907	0.0102151	0.0100794
1908	0.0102149	0.0100791
1909	0.0102147	0.0100789
1910	0.0102145	0.0100786
1911	0.0102142	0.0100784
1912	0.0102139	0.0100782
1913	0.0102135	0.0100779
1914	0.0102134	0.0100777
1915	0.010213	0.0100774
1916	0.0102131	0.0100772
1917	0.0102128	0.010077
1918	0.0102124	0.0100767
1919	0.0102121	0.0100765
1920	0.0102119	0.0100762
1921	0.0102117	0.010076
1922	0.0102116	0.0100758
1923	0.0102112	0.0100755
1924	0.0102109	0.0100753
1925	0.0102107	0.010075
1926	0.0102104	0.0100748
1927	0.0102101	0.0100746
1928	0.01021	0.0100743
1929	0.0102096	0.0100741
1930	0.0102095	0.0100738
1931	0.0102093	0.0100736
1932	0.0102091	0.0100734
1933	0.0102088	0.0100731
1934	0.0102085	0.0100729
1935	0.0102084	0.0100726
1936	0.010208	0.0100724
1937	0.0102078	0.0100722
1938	0.0102074	0.0100719
1939	0.0102074	0.0100717
1940	0.0102071	0.0100715
1941	0.0102068	0.0100713
1942	0.0102065	0.010071
1943	0.0102064	0.0100708
1944	0.0102061	0.0100705
1945	0.0102059	0.0100703
1946	0.0102055	0.01007
1947	0.0102053	0.0100698
1948	0.0102051	0.0100695
1949	0.0102049	0.0100693
1950	0.0102047	0.010069
1951	0.0102043	0.0100688
1952	0.0102041	0.0100686
1953	0.0102039	0.0100683
1954	0.0102037	0.0100681
1955	0.0102035	0.0100678
1956	0.0102032	0.0100676
1957	0.010203	0.0100673
1958	0.0102027	0.0100671
1959	0.0102025	0.0100669
1960	0.0102022	0.0100667
1961	0.010202	0.0100664
1962	0.0102017	0.0100662
1963	0.0102017	0.0100659
1964	0.0102014	0.0100657
1965	0.0102011	0.0100654
1966	0.0102007	0.0100652
1967	0.0102006	0.010065
1968	0.0102004	0.0100647
1969	0.0102002	0.0100645
1970	0.0101999	0.0100643
1971	0.0101996	0.010064
1972	0.0101995	0.0100638
1973	0.0101992	0.0100636
1974	0.0101989	0.0100633
1975	0.0101986	0.0100631
1976	0.0101985	0.0100628
1977	0.0101982	0.0100626
1978	0.0101979	0.0100623
1979	0.0101978	0.0100621
1980	0.0101974	0.0100619
1981	0.0101972	0.0100616
1982	0.010197	0.0100614
1983	0.0101968	0.0100612
1984	0.0101965	0.0100609
1985	0.0101963	0.0100607
1986	0.0101962	0.0100605
1987	0.0101958	0.0100602
1988	0.0101957	0.01006
1989	0.0101954	0.0100598
1990	0.0101951	0.0100595
1991	0.010195	0.0100593
1992	0.0101947	0.0100591
1993	0.0101945	0.0100588
1994	0.010194	0.0100586
1995	0.010194	0.0100583
1996	0.0101937	0.0100581
1997	0.0101935	0.0100579
1998	0.0101932	0.0100576
1999	0.0101929	0.0100574
2000	0.0101927	0.0100572
2001	0.0101926	0.0100569
2002	0.0101923	0.0100567
2003	0.0101921	0.0100565
2004	0.0101918	0.0100563
2005	0.0101917	0.010056
2006	0.0101914	0.0100558
2007	0.0101911	0.0100555
2008	0.010191	0.0100553
2009	0.0101907	0.0100551
2010	0.0101904	0.0100549
2011	0.0101902	0.0100546
2012	0.01019	0.0100544
2013	0.0101897	0.0100542
2014	0.0101895	0.0100539
2015	0.0101893	0.0100537
2016	0.010189	0.0100535
2017	0.0101888	0.0100532
2018	0.0101885	0.010053
2019	0.0101883	0.0100528
2020	0.0101881	0.0100525
2021	0.0101879	0.0100523
2022	0.0101876	0.0100521
2023	0.0101874	0.0100518
2024	0.0101871	0.0100516
2025	0.0101869	0.0100514
2026	0.0101867	0.0100511
2027	0.0101866	0.0100509
2028	0.0101863	0.0100507
2029	0.0101861	0.0100504
2030	0.0101858	0.0100502
2031	0.0101856	0.01005
2032	0.0101854	0.0100497
2033	0.0101851	0.0100495
2034	0.0101848	0.0100492
2035	0.0101846	0.010049
2036	0.0101843	0.0100488
2037	0.0101841	0.0100485
2038	0.010184	0.0100483
2039	0.0101837	0.0100481
2040	0.0101834	0.0100478
2041	0.0101832	0.0100476
2042	0.0101829	0.0100474
2043	0.0101828	0.0100471
2044	0.0101826	0.0100469
2045	0.0101822	0.0100467
2046	0.010182	0.0100464
2047	0.0101818	0.0100462
2048	0.0101817	0.010046
2049	0.0101813	0.0100457
2050	0.0101812	0.0100455
2051	0.0101811	0.0100453
2052	0.0101806	0.0100451
2053	0.0101805	0.0100448
2054	0.0101802	0.0100446
2055	0.0101799	0.0100444
2056	0.0101797	0.0100442
2057	0.0101795	0.0100439
2058	0.0101793	0.0100437
2059	0.0101791	0.0100435
2060	0.0101789	0.0100433
2061	0.0101786	0.010043
2062	0.0101784	0.0100428
2063	0.0101781	0.0100426
2064	0.0101778	0.0100424
2065	0.0101778	0.0100422
2066	0.0101775	0.0100419
2067	0.0101771	0.0100417
2068	0.0101772	0.0100415
2069	0.0101768	0.0100412
2070	0.0101765	0.010041
2071	0.0101763	0.0100408
2072	0.0101761	0.0100405
2073	0.0101759	0.0100403
2074	0.0101757	0.0100401
2075	0.0101753	0.0100398
2076	0.0101753	0.0100396
2077	0.0101748	0.0100394
2078	0.0101747	0.0100391
2079	0.0101746	0.0100389
2080	0.0101742	0.0100387
2081	0.0101741	0.0100385
2082	0.0101737	0.0100382
2083	0.0101735	0.010038
2084	0.0101734	0.0100378
2085	0.0101731	0.0100376
2086	0.0101729	0.0100373
2087	0.0101728	0.0100371
2088	0.0101725	0.0100369
2089	0.0101723	0.0100367
2090	0.010172	0.0100364
2091	0.0101718	0.0100362
2092	0.0101716	0.010036
2093	0.0101713	0.0100357
2094	0.0101711	0.0100355
2095	0.0101708	0.0100353
2096	0.0101705	0.010035
2097	0.0101703	0.0100348
2098	0.0101702	0.0100346
2099	0.0101698	0.0100343
2100	0.0101699	0.0100341
2101	0.0101696	0.0100339
2102	0.0101693	0.0100337
2103	0.0101691	0.0100334
2104	0.0101689	0.0100332
2105	0.0101686	0.010033
2106	0.0101683	0.0100328
2107	0.0101682	0.0100325
2108	0.0101679	0.0100323
2109	0.0101677	0.0100321
2110	0.0101674	0.0100319
2111	0.0101672	0.0100316
2112	0.0101671	0.0100314
2113	0.0101667	0.0100312
2114	0.0101665	0.0100309
2115	0.0101663	0.0100307
2116	0.010166	0.0100305
2117	0.0101658	0.0100303
2118	0.0101655	0.0100301
2119	0.0101653	0.0100298
2120	0.0101653	0.0100296
2121	0.0101649	0.0100294
2122	0.0101646	0.0100292
2123	0.0101643	0.010029
2124	0.0101643	0.0100287
2125	0.010164	0.0100285
2126	0.0101638	0.0100283
2127	0.0101636	0.0100281
2128	0.0101635	0.0100279
2129	0.0101631	0.0100276
2130	0.0101629	0.0100274
2131	0.0101627	0.0100272
2132	0.0101624	0.0100269
2133	0.0101622	0.0100267
2134	0.010162	0.0100265
2135	0.0101618	0.0100263
2136	0.0101616	0.0100261
2137	0.0101614	0.0100258
2138	0.0101611	0.0100256
2139	0.0101608	0.0100254
2140	0.0101606	0.0100252
2141	0.0101604	0.0100249
2142	0.0101602	0.0100247
2143	0.01016	0.0100245
2144	0.0101598	0.0100242
2145	0.0101595	0.010024
2146	0.0101593	0.0100238
2147	0.0101592	0.0100235
2148	0.0101589	0.0100233
2149	0.0101588	0.0100231
2150	0.0101586	0.0100229
2151	0.0101582	0.0100226
2152	0.010158	0.0100224
2153	0.0101577	0.0100222
2154	0.0101575	0.010022
2155	0.0101573	0.0100217
2156	0.0101571	0.0100215
2157	0.0101568	0.0100213
2158	0.0101567	0.0100211
2159	0.0101564	0.0100209
2160	0.0101562	0.0100207
2161	0.0101559	0.0100204
2162	0.0101557	0.0100202
2163	0.0101554	0.01002
2164	0.0101553	0.0100198
2165	0.0101552	0.0100196
2166	0.0101549	0.0100193
2167	0.0101547	0.0100191
2168	0.0101544	0.0100189
2169	0.0101542	0.0100187
2170	0.010154	0.0100185
2171	0.0101538	0.0100182
2172	0.0101534	0.010018
2173	0.0101534	0.0100178
2174	0.0101532	0.0100176
2175	0.0101528	0.0100173
2176	0.0101526	0.0100171
2177	0.0101525	0.0100169
2178	0.0101521	0.0100166
2179	0.010152	0.0100164
2180	0.0101518	0.0100162
2181	0.0101517	0.010016
2182	0.0101513	0.0100158
2183	0.0101512	0.0100155
2184	0.010151	0.0100153
2185	0.0101508	0.0100151
2186	0.0101504	0.0100149
2187	0.0101503	0.0100146
2188	0.0101499	0.0100144
2189	0.0101498	0.0100142
2190	0.0101496	0.010014
2191	0.0101494	0.0100137
2192	0.0101492	0.0100135
2193	0.0101489	0.0100133
2194	0.0101488	0.0100131
2195	0.0101484	0.0100129
2196	0.0101482	0.0100127
2197	0.0101479	0.0100124
2198	0.0101479	0.0100122
2199	0.0101476	0.010012
2200	0.0101473	0.0100118
2201	0.0101472	0.0100115
2202	0.0101469	0.0100113
2203	0.0101468	0.0100111
2204	0.0101464	0.0100109
2205	0.0101462	0.0100107
2206	0.010146	0.0100105
2207	0.0101458	0.0100102
2208	0.0101455	0.01001
2209	0.0101454	0.0100098
2210	0.010145	0.0100096
2211	0.0101448	0.0100094
2212	0.0101447	0.0100092
2213	0.0101444	0.0100089
2214	0.0101443	0.0100087
2215	0.0101441	0.0100086
2216	0.0101438	0.0100083
2217	0.0101437	0.0100081
2218	0.0101434	0.0100079
2219	0.0101432	0.0100077
2220	0.010143	0.0100075
2221	0.0101428	0.0100073
2222	0.0101426	0.010007
2223	0.0101422	0.0100068
2224	0.0101422	0.0100066
2225	0.0101419	0.0100064
2226	0.0101416	0.0100062
2227	0.0101415	0.0100059
2228	0.0101412	0.0100057
2229	0.0101411	0.0100055
2230	0.0101409	0.0100053
2231	0.0101404	0.0100051
2232	0.0101404	0.0100049
2233	0.0101402	0.0100046
2234	0.01014	0.0100044
2235	0.0101396	0.0100042
2236	0.0101395	0.010004
2237	0.0101392	0.0100038
2238	0.010139	0.0100036
2239	0.0101387	0.0100034
2240	0.0101386	0.0100031
2241	0.0101384	0.0100029
2242	0.0101382	0.0100027
2243	0.010138	0.0100025
2244	0.0101377	0.0100023
2245	0.0101376	0.0100021
2246	0.0101374	0.0100019
2247	0.010137	0.0100016
2248	0.0101369	0.0100014
2249	0.0101366	0.0100012
2250	0.0101365	0.010001
2251	0.0101362	0.0100007
2252	0.0101361	0.0100005
2253	0.0101359	0.0100003
2254	0.0101356	0.0100001
2255	0.0101355	0.00999987
2256	0.0101352	0.00999966
2257	0.0101349	0.00999945
2258	0.0101348	0.00999923
2259	0.0101345	0.00999901
2260	0.0101343	0.00999879
2261	0.0101341	0.00999857
2262	0.0101339	0.00999835
2263	0.0101337	0.00999815
2264	0.0101336	0.00999793
2265	0.0101332	0.00999771
2266	0.0101331	0.00999752
2267	0.0101329	0.00999731
2268	0.0101326	0.00999709
2269	0.0101325	0.00999688
2270	0.0101322	0.00999669
2271	0.0101319	0.00999647
2272	0.0101317	0.00999627
2273	0.0101316	0.00999604
2274	0.0101314	0.00999583
2275	0.0101312	0.00999562
2276	0.010131	0.00999542
2277	0.0101306	0.00999522
2278	0.0101307	0.00999499
2279	0.0101302	0.00999478
2280	0.01013	0.00999457
2281	0.0101298	0.00999436
2282	0.0101296	0.00999413
2283	0.0101295	0.00999392
2284	0.0101291	0.00999372
2285	0.0101291	0.00999351
2286	0.0101287	0.0099933
2287	0.0101286	0.00999308
2288	0.0101284	0.00999287
2289	0.0101282	0.00999266
2290	0.0101281	0.00999245
2291	0.0101278	0.00999222
2292	0.0101277	0.009992
2293	0.0101273	0.00999179
2294	0.0101271	0.00999159
2295	0.0101269	0.00999136
2296	0.0101266	0.00999116
2297	0.0101263	0.00999098
2298	0.0101261	0.00999076
2299	0.0101259	0.00999053
2300	0.0101257	0.00999031
2301	0.0101256	0.00999011
2302	0.0101253	0.0099899
2303	0.0101252	0.00998971
2304	0.0101249	0.00998949
2305	0.0101248	0.0099893
2306	0.0101245	0.00998907
2307	0.0101243	0.00998888
2308	0.0101241	0.00998867
2309	0.0101239	0.00998846
2310	0.0101237	0.00998824
2311	0.0101234	0.00998803
2312	0.0101231	0.00998782
2313	0.010123	0.00998761
2314	0.0101228	0.0099874
2315	0.0101226	0.00998717
2316	0.0101224	0.00998697
2317	0.0101222	0.00998675
2318	0.0101219	0.00998653
2319	0.0101218	0.00998633
2320	0.0101215	0.00998614
2321	0.0101212	0.00998594
2322	0.010121	0.00998574
2323	0.0101209	0.00998553
2324	0.0101207	0.00998532
2325	0.0101205	0.00998511
2326	0.0101203	0.0099849
2327	0.0101201	0.00998469
2328	0.01012	0.00998447
2329	0.0101196	0.00998427
2330	0.0101194	0.00998407
2331	0.0101191	0.00998386
2332	0.0101189	0.00998366
2333	0.0101187	0.00998345
2334	0.0101185	0.00998324
2335	0.0101185	0.00998303
2336	0.0101182	0.00998282
2337	0.010118	0.00998261
2338	0.0101178	0.00998241
2339	0.0101176	0.0099822
2340	0.0101172	0.00998199
2341	0.010117	0.00998179
2342	0.0101168	0.00998158
2343	0.0101166	0.00998138
2344	0.0101165	0.00998116
2345	0.0101163	0.00998096
2346	0.0101161	0.00998074
2347	0.0101159	0.00998052
2348	0.0101157	0.00998031
2349	0.0101155	0.00998011
2350	0.0101152	0.00997989
2351	0.0101149	0.00997969
2352	0.0101147	0.00997948
2353	0.0101145	0.00997927
2354	0.0101144	0.00997908
2355	0.0101142	0.00997888
2356	0.0101139	0.00997865
2357	0.0101138	0.00997845
2358	0.0101136	0.00997825
2359	0.0101133	0.00997804
2360	0.0101131	0.00997784
2361	0.0101129	0.00997762
2362	0.0101128	0.00997741
2363	0.0101126	0.00997719
2364	0.0101123	0.00997696
2365	0.0101121	0.00997674
2366	0.0101119	0.00997654
2367	0.0101117	0.00997634
2368	0.0101115	0.00997614
2369	0.0101114	0.00997596
2370	0.0101111	0.00997574
2371	0.0101109	0.00997552
2372	0.0101106	0.00997532
2373	0.0101103	0.00997512
2374	0.0101101	0.00997492
2375	0.0101101	0.00997469
2376	0.0101099	0.00997447
2377	0.0101096	0.00997427
2378	0.0101094	0.00997406
2379	0.0101091	0.00997386
2380	0.010109	0.00997366
2381	0.0101087	0.00997344
2382	0.0101085	0.00997325
2383	0.0101083	0.00997302
2384	0.0101081	0.00997282
2385	0.010108	0.00997262
2386	0.0101076	0.00997241
2387	0.0101075	0.00997219
2388	0.0101073	0.00997199
2389	0.0101071	0.00997179
2390	0.0101068	0.00997157
2391	0.0101067	0.00997138
2392	0.0101064	0.00997118
2393	0.0101063	0.00997099
2394	0.0101061	0.00997078
2395	0.0101058	0.00997058
2396	0.0101057	0.00997036
2397	0.0101056	0.00997015
2398	0.0101052	0.00996993
2399	0.010105	0.00996971
2400	0.0101048	0.00996951
2401	0.0101046	0.00996931
2402	0.0101045	0.0099691
2403	0.0101043	0.00996889
2404	0.0101042	0.00996869
2405	0.0101038	0.0099685
2406	0.0101035	0.00996829
2407	0.0101032	0.0099681
2408	0.0101032	0.0099679
2409	0.010103	0.00996769
2410	0.0101027	0.00996749
2411	0.0101027	0.00996728
2412	0.0101024	0.00996705
2413	0.0101022	0.00996685
2414	0.0101019	0.00996664
2415	0.0101018	0.00996647
2416	0.0101016	0.00996628
2417	0.0101012	0.00996607
2418	0.0101012	0.00996586
2419	0.010101	0.00996565
2420	0.0101007	0.00996544
2421	0.0101005	0.00996525
2422	0.0101004	0.00996505
2423	0.0101001	0.00996486
2424	0.0101	0.00996466
2425	0.0100997	0.00996443
2426	0.0100994	0.00996424
2427	0.0100992	0.00996402
2428	0.0100991	0.00996382
2429	0.0100989	0.0099636
2430	0.0100988	0.00996341
2431	0.0100985	0.00996324
2432	0.0100983	0.00996302
2433	0.010098	0.00996282
2434	0.0100977	0.00996264
2435	0.0100976	0.00996244
2436	0.0100975	0.00996223
2437	0.0100974	0.00996203
2438	0.010097	0.00996182
2439	0.0100968	0.00996161
2440	0.0100965	0.0099614
2441	0.0100964	0.00996119
2442	0.0100962	0.00996098
2443	0.0100961	0.00996078
2444	0.0100958	0.00996057
2445	0.0100955	0.00996038
2446	0.0100956	0.00996018
2447	0.0100952	0.00995997
2448	0.0100949	0.00995977
2449	0.0100948	0.00995957
2450	0.0100946	0.00995936
2451	0.0100944	0.00995917
2452	0.010094	0.00995898
2453	0.010094	0.00995878
2454	0.0100937	0.00995857
2455	0.0100936	0.00995838
2456	0.0100933	0.00995821
2457	0.0100934	0.009958
2458	0.0100931	0.0099578
2459	0.0100927	0.00995758
2460	0.0100925	0.00995739
2461	0.0100922	0.00995719
2462	0.0100923	0.00995698
2463	0.010092	0.00995677
2464	0.0100918	0.00995656
2465	0.0100915	0.00995635
2466	0.0100913	0.00995615
2467	0.0100912	0.00995594
2468	0.0100909	0.00995574
2469	0.0100908	0.00995553
2470	0.0100906	0.00995533
2471	0.0100903	0.00995513
2472	0.0100901	0.00995492
2473	0.01009	0.00995472
2474	0.0100896	0.00995452
2475	0.0100896	0.00995431
2476	0.0100893	0.0099541
2477	0.010089	0.00995392
2478	0.0100891	0.00995373
2479	0.0100887	0.00995353
2480	0.0100885	0.00995334
2481	0.0100882	0.00995312
2482	0.010088	0.00995291
2483	0.010088	0.00995272
2484	0.0100879	0.00995252
2485	0.0100874	0.00995232
2486	0.0100874	0.0099521
2487	0.0100872	0.00995192
2488	0.010087	0.00995172
2489	0.0100868	0.0099515
2490	0.0100867	0.0099513
2491	0.0100865	0.00995111
2492	0.0100864	0.00995089
2493	0.0100858	0.0099507
2494	0.0100857	0.00995051
2495	0.0100855	0.0099503
2496	0.0100854	0.00995011
2497	0.0100851	0.00994989
2498	0.010085	0.00994969
2499	0.0100846	0.00994948
2500	0.0100845	0.00994928
2501	0.0100843	0.00994909
2502	0.010084	0.00994889
2503	0.010084	0.00994868
2504	0.0100838	0.00994846
2505	0.0100834	0.00994827
2506	0.0100834	0.00994808
2507	0.010083	0.00994788
2508	0.0100829	0.00994769
2509	0.0100828	0.00994749
2510	0.0100827	0.00994731
2511	0.0100824	0.00994712
2512	0.0100822	0.00994694
2513	0.010082	0.00994673
2514	0.0100817	0.00994652
2515	0.0100815	0.00994632
2516	0.0100813	0.00994612
2517	0.0100812	0.00994592
2518	0.010081	0.00994573
2519	0.0100808	0.00994554
2520	0.0100806	0.00994535
2521	0.0100803	0.00994516
2522	0.01008	0.00994495
2523	0.0100799	0.00994475
2524	0.0100798	0.00994456
2525	0.0100796	0.00994436
2526	0.0100794	0.00994416
2527	0.0100793	0.00994396
2528	0.0100789	0.00994378
2529	0.0100788	0.00994357
2530	0.0100784	0.00994339
2531	0.0100784	0.00994318
2532	0.010078	0.00994299
2533	0.0100779	0.0099428
2534	0.0100778	0.0099426
2535	0.0100776	0.0099424
2536	0.0100773	0.00994221
2537	0.0100772	0.00994202
2538	0.0100769	0.00994183
2539	0.0100768	0.00994163
2540	0.0100765	0.00994143
2541	0.0100764	0.00994123
2542	0.0100763	0.00994104
2543	0.0100761	0.00994085
2544	0.0100756	0.00994066
2545	0.0100758	0.00994047
2546	0.0100754	0.00994028
2547	0.0100752	0.00994007
2548	0.010075	0.00993987
2549	0.0100747	0.00993968
2550	0.0100747	0.00993947
2551	0.0100743	0.00993928
2552	0.0100742	0.00993909
2553	0.0100738	0.00993888
2554	0.0100739	0.00993868
2555	0.0100736	0.00993846
2556	0.0100734	0.00993827
2557	0.0100733	0.00993808
2558	0.0100729	0.00993788
2559	0.0100729	0.00993766
2560	0.0100726	0.00993748
2561	0.0100724	0.00993729
2562	0.0100723	0.0099371
2563	0.0100721	0.00993691
2564	0.0100718	0.00993671
2565	0.0100716	0.00993651
2566	0.0100715	0.0099363
2567	0.0100714	0.0099361
2568	0.010071	0.00993591
2569	0.0100707	0.00993571
2570	0.0100706	0.00993551
2571	0.0100703	0.00993533
2572	0.0100702	0.00993513
2573	0.0100701	0.00993492
2574	0.0100699	0.00993471
2575	0.0100696	0.00993451
2576	0.0100695	0.0099343
2577	0.0100693	0.0099341
2578	0.0100691	0.00993391
2579	0.0100689	0.00993371
2580	0.0100687	0.00993351
2581	0.0100685	0.00993332
2582	0.0100681	0.00993311
2583	0.0100682	0.00993292
2584	0.010068	0.00993271
2585	0.0100678	0.00993251
2586	0.0100676	0.0099323
2587	0.0100672	0.0099321
2588	0.0100672	0.00993191
2589	0.010067	0.00993171
2590	0.0100667	0.00993151
2591	0.0100664	0.00993134
2592	0.0100665	0.00993114
2593	0.0100662	0.00993097
2594	0.010066	0.00993077
2595	0.0100659	0.00993059
2596	0.0100656	0.00993039
2597	0.0100654	0.00993019
2598	0.0100651	0.00993001
2599	0.0100651	0.00992983
2600	0.0100648	0.00992964
2601	0.0100646	0.00992945
2602	0.0100645	0.00992924
2603	0.0100643	0.00992905
2604	0.010064	0.00992884
2605	0.0100638	0.00992866
2606	0.0100637	0.00992845
2607	0.0100634	0.00992826
2608	0.0100632	0.00992807
2609	0.0100629	0.00992788
2610	0.0100629	0.0099277
2611	0.0100627	0.00992752
2612	0.0100624	0.00992732
2613	0.0100624	0.00992713
2614	0.010062	0.00992693
2615	0.0100618	0.00992673
2616	0.0100615	0.00992654
2617	0.0100615	0.00992634
2618	0.0100611	0.00992614
2619	0.010061	0.00992596
2620	0.0100609	0.00992577
2621	0.0100606	0.00992556
2622	0.0100605	0.00992537
2623	0.0100602	0.00992518
2624	0.0100601	0.00992498
2625	0.0100599	0.00992477
2626	0.0100598	0.00992458
2627	0.0100597	0.00992437
2628	0.0100594	0.00992418
2629	0.0100592	0.00992397
2630	0.0100589	0.00992378
2631	0.0100589	0.00992358
2632	0.0100586	0.00992338
2633	0.0100585	0.0099232
2634	0.0100582	0.00992301
2635	0.010058	0.00992282
2636	0.0100577	0.00992264
2637	0.0100576	0.00992247
2638	0.0100574	0.00992225
2639	0.0100572	0.00992207
2640	0.0100571	0.00992189
2641	0.0100569	0.00992171
2642	0.0100567	0.00992153
2643	0.0100564	0.00992133
2644	0.0100562	0.00992114
2645	0.0100561	0.00992095
2646	0.0100558	0.00992076
2647	0.0100558	0.00992057
2648	0.0100555	0.00992037
2649	0.0100552	0.00992019
2650	0.0100551	0.00992
2651	0.010055	0.0099198
2652	0.0100548	0.0099196
2653	0.0100545	0.00991939
2654	0.0100543	0.00991921
2655	0.0100543	0.00991902
2656	0.0100541	0.00991884
2657	0.0100538	0.00991866
2658	0.0100537	0.00991849
2659	0.0100534	0.00991828
2660	0.0100533	0.00991809
2661	0.0100529	0.00991791
2662	0.0100529	0.00991773
2663	0.0100527	0.00991753
2664	0.0100524	0.00991735
2665	0.0100521	0.00991715
2666	0.0100522	0.00991695
2667	0.0100518	0.00991678
2668	0.0100517	0.0099166
2669	0.0100515	0.00991641
2670	0.0100511	0.00991624
2671	0.0100511	0.00991605
2672	0.010051	0.00991586
2673	0.0100507	0.00991566
2674	0.0100506	0.00991546
2675	0.0100505	0.00991526
2676	0.0100502	0.00991506
2677	0.01005	0.00991489
2678	0.0100498	0.0099147
2679	0.0100496	0.00991451
2680	0.0100496	0.00991432
2681	0.0100492	0.00991414
2682	0.0100491	0.00991396
2683	0.0100489	0.00991376
2684	0.0100486	0.00991356
2685	0.0100485	0.00991337
2686	0.0100483	0.00991318
2687	0.0100481	0.009913
2688	0.010048	0.00991281
2689	0.0100477	0.00991264
2690	0.0100475	0.00991245
2691	0.0100473	0.00991225
2692	0.0100471	0.00991208
2693	0.0100471	0.0099119
2694	0.0100468	0.00991171
2695	0.0100467	0.00991153
2696	0.0100464	0.00991133
2697	0.0100462	0.00991112
2698	0.0100461	0.00991093
2699	0.0100458	0.00991075
2700	0.0100456	0.00991056
2701	0.0100454	0.00991038
2702	0.0100453	0.0099102
2703	0.0100452	0.00991001
2704	0.0100451	0.00990983
2705	0.0100448	0.00990965
2706	0.0100445	0.00990944
2707	0.0100443	0.00990926
2708	0.0100441	0.00990907
2709	0.0100439	0.0099089
2710	0.0100438	0.00990872
2711	0.0100436	0.00990853
2712	0.0100434	0.00990833
2713	0.0100433	0.00990815
2714	0.0100429	0.00990797
2715	0.0100428	0.00990778
2716	0.0100427	0.00990758
2717	0.0100425	0.0099074
2718	0.0100423	0.00990722
2719	0.0100421	0.00990701
2720	0.0100419	0.00990681
2721	0.0100416	0.00990665
2722	0.0100415	0.00990647
2723	0.0100414	0.00990628
2724	0.0100412	0.00990609
2725	0.010041	0.0099059
2726	0.0100407	0.00990571
2727	0.0100407	0.00990554
2728	0.0100404	0.00990534
2729	0.0100403	0.00990516
2730	0.0100401	0.00990498
2731	0.0100398	0.0099048
2732	0.0100396	0.0099046
2733	0.0100393	0.00990443
2734	0.0100394	0.00990424
2735	0.0100391	0.00990404
2736	0.010039	0.00990384
2737	0.0100389	0.00990365
2738	0.0100386	0.00990346
2739	0.0100382	0.00990327
2740	0.0100381	0.00990307
2741	0.010038	0.0099029
2742	0.0100378	0.00990271
2743	0.0100376	0.00990255
2744	0.0100374	0.00990237
2745	0.0100372	0.00990218
2746	0.010037	0.00990199
2747	0.0100369	0.0099018
2748	0.0100368	0.00990159
2749	0.0100364	0.00990142
2750	0.0100363	0.00990124
2751	0.010036	0.00990106
2752	0.0100359	0.00990085
2753	0.0100357	0.00990066
2754	0.0100355	0.00990046
2755	0.0100353	0.00990027
2756	0.0100351	0.0099001
2757	0.0100347	0.0098999
2758	0.0100347	0.0098997
2759	0.0100345	0.00989952
2760	0.0100344	0.00989933
2761	0.010034	0.00989916
2762	0.010034	0.00989897
2763	0.0100338	0.00989878
2764	0.0100337	0.00989861
2765	0.0100334	0.00989844
2766	0.0100333	0.00989826
2767	0.010033	0.00989808
2768	0.0100328	0.0098979
2769	0.0100328	0.00989771
2770	0.0100326	0.00989753
2771	0.0100324	0.00989735
2772	0.0100322	0.00989716
2773	0.0100319	0.00989699
2774	0.0100318	0.00989679
2775	0.0100317	0.00989661
2776	0.0100314	0.00989642
2777	0.0100312	0.00989622
2778	0.0100311	0.00989605
2779	0.0100309	0.00989587
2780	0.0100306	0.00989568
2781	0.0100304	0.0098955
2782	0.0100302	0.00989531
2783	0.0100301	0.00989513
2784	0.01003	0.00989493
2785	0.0100298	0.00989475
2786	0.0100295	0.00989458
2787	0.0100294	0.00989441
2788	0.0100293	0.00989424
2789	0.010029	0.00989405
2790	0.0100289	0.00989385
2791	0.0100286	0.00989368
2792	0.0100285	0.00989348
2793	0.0100283	0.0098933
2794	0.0100282	0.00989311
2795	0.0100279	0.00989293
2796	0.0100278	0.00989274
2797	0.0100277	0.00989255
2798	0.0100274	0.00989236
2799	0.0100271	0.00989218
2800	0.010027	0.009892
2801	0.0100268	0.00989184
2802	0.0100265	0.00989166
2803	0.0100265	0.00989147
2804	0.0100263	0.00989128
2805	0.0100261	0.00989112
2806	0.0100258	0.00989093
2807	0.0100257	0.00989074
2808	0.0100255	0.00989055
2809	0.0100254	0.00989037
2810	0.0100253	0.00989017
2811	0.0100251	0.00988999
2812	0.0100248	0.00988983
2813	0.0100246	0.00988963
2814	0.0100244	0.00988945
2815	0.0100244	0.00988925
2816	0.010024	0.00988907
2817	0.010024	0.0098889
2818	0.0100237	0.0098887
2819	0.0100236	0.00988852
2820	0.0100233	0.00988835
2821	0.0100232	0.00988816
2822	0.010023	0.00988799
2823	0.0100228	0.00988782
2824	0.0100228	0.00988764
2825	0.0100225	0.00988747
2826	0.0100224	0.00988729
2827	0.0100221	0.00988711
2828	0.0100219	0.00988692
2829	0.0100217	0.00988672
2830	0.0100216	0.00988654
2831	0.0100213	0.00988636
2832	0.0100211	0.00988616
2833	0.010021	0.00988599
2834	0.0100209	0.0098858
2835	0.0100207	0.00988562
2836	0.0100204	0.00988542
2837	0.0100202	0.00988524
2838	0.0100201	0.00988507
2839	0.0100198	0.00988489
2840	0.0100198	0.00988471
2841	0.0100196	0.00988454
2842	0.0100194	0.00988436
2843	0.0100193	0.00988418
2844	0.0100191	0.00988399
2845	0.0100188	0.00988381
2846	0.0100187	0.00988364
2847	0.0100183	0.00988345
2848	0.0100183	0.00988329
2849	0.010018	0.00988311
2850	0.0100179	0.00988291
2851	0.0100175	0.0098827
2852	0.0100175	0.00988252
2853	0.0100173	0.00988234
2854	0.0100172	0.00988217
2855	0.0100169	0.00988199
2856	0.0100168	0.0098818
2857	0.0100167	0.00988162
2858	0.0100165	0.00988145
2859	0.0100162	0.00988126
2860	0.0100162	0.00988106
2861	0.0100159	0.00988087
2862	0.0100157	0.00988071
2863	0.0100155	0.00988053
2864	0.0100155	0.00988037
2865	0.0100152	0.0098802
2866	0.010015	0.00988001
2867	0.0100148	0.00987983
2868	0.0100147	0.00987966
2869	0.0100145	0.00987947
2870	0.0100143	0.00987928
2871	0.0100141	0.0098791
2872	0.0100138	0.00987891
2873	0.0100137	0.00987872
2874	0.0100136	0.00987853
2875	0.0100133	0.00987837
2876	0.0100132	0.00987819
2877	0.010013	0.00987801
2878	0.0100127	0.00987781
2879	0.0100127	0.00987765
2880	0.0100124	0.00987747
2881	0.0100124	0.00987729
2882	0.010012	0.00987711
2883	0.0100118	0.00987692
2884	0.0100117	0.00987674
2885	0.0100116	0.00987657
2886	0.0100113	0.00987638
2887	0.0100111	0.0098762
2888	0.010011	0.00987602
2889	0.0100109	0.00987585
2890	0.0100106	0.00987567
2891	0.0100104	0.00987547
2892	0.0100102	0.00987531
2893	0.0100101	0.00987514
2894	0.0100098	0.00987496
2895	0.0100098	0.00987478
2896	0.0100096	0.00987459
2897	0.0100094	0.00987442
2898	0.0100092	0.00987425
2899	0.010009	0.00987407
2900	0.0100088	0.00987389
2901	0.0100087	0.00987371
2902	0.0100085	0.00987353
2903	0.0100082	0.00987333
2904	0.0100081	0.00987314
2905	0.010008	0.00987297
2906	0.0100077	0.00987281
2907	0.0100075	0.00987262
2908	0.0100074	0.00987244
2909	0.0100073	0.00987226
2910	0.010007	0.00987208
2911	0.0100068	0.0098719
2912	0.0100066	0.00987172
2913	0.0100066	0.00987156
2914	0.0100064	0.00987137
2915	0.0100061	0.0098712
2916	0.010006	0.00987101
2917	0.0100058	0.00987083
2918	0.0100056	0.00987064
2919	0.0100055	0.00987047
2920	0.0100052	0.00987027
2921	0.0100051	0.0098701
2922	0.010005	0.00986993
2923	0.0100046	0.00986974
2924	0.0100046	0.00986956
2925	0.0100043	0.00986939
2926	0.0100042	0.00986922
2927	0.0100039	0.00986906
2928	0.0100038	0.00986887
2929	0.0100037	0.00986868
2930	0.0100036	0.00986849
2931	0.0100033	0.00986831
2932	0.0100032	0.00986813
2933	0.0100029	0.00986794
2934	0.0100027	0.00986777
2935	0.0100024	0.0098676
2936	0.0100024	0.00986741
2937	0.0100021	0.00986725
2938	0.010002	0.00986708
2939	0.0100018	0.00986691
2940	0.0100016	0.00986674
2941	0.0100015	0.00986656
2942	0.0100013	0.00986639
2943	0.0100012	0.00986623
2944	0.010001	0.00986607
2945	0.0100008	0.00986591
2946	0.0100006	0.00986575
2947	0.0100004	0.00986558
2948	0.0100003	0.0098654
2949	0.0100002	0.00986522
2950	0.00999994	0.00986503
