1	0.175974	0.169045
2	0.171877	0.165135
3	0.167862	0.161309
4	0.16393	0.157573
5	0.160091	0.153936
6	0.156351	0.150401
7	0.152714	0.146972
8	0.149188	0.143652
9	0.145772	0.140443
10	0.142471	0.137347
11	0.139284	0.134363
12	0.136213	0.131491
13	0.133257	0.128728
14	0.130412	0.126073
15	0.127679	0.123523
16	0.125053	0.121074
17	0.122532	0.118721
18	0.120111	0.116463
19	0.117787	0.114293
20	0.115554	0.112207
21	0.113409	0.110202
22	0.111346	0.108272
23	0.109362	0.106413
24	0.107452	0.104622
25	0.105612	0.102893
26	0.103837	0.101223
27	0.102123	0.0996079
28	0.100467	0.0980443
29	0.0988647	0.0965284
30	0.097312	0.0950575
31	0.0958064	0.0936291
32	0.094345	0.0922399
33	0.0929245	0.0908871
34	0.091542	0.0895685
35	0.090196	0.0882823
36	0.0888831	0.0870258
37	0.0876025	0.0857982
38	0.086351	0.0845966
39	0.0851279	0.08342
40	0.0839304	0.0822676
41	0.0827582	0.081137
42	0.0816091	0.0800277
43	0.0804824	0.0789389
44	0.079377	0.0778697
45	0.0782918	0.0768181
46	0.0772258	0.0757848
47	0.0761782	0.0747679
48	0.0751486	0.0737672
49	0.0741356	0.0727829
50	0.0731393	0.0718141
51	0.072159	0.0708593
52	0.0711937	0.0699194
53	0.0702438	0.0689937
54	0.0693077	0.0680814
55	0.0683862	0.0671825
56	0.0674793	0.0662972
57	0.0665856	0.0654244
58	0.065705	0.064565
59	0.0648377	0.0637177
60	0.0639831	0.0628826
61	0.0631414	0.0620606
62	0.0623124	0.06125
63	0.0614957	0.0604515
64	0.0606907	0.0596647
65	0.0598982	0.0588899
66	0.0591173	0.0581265
67	0.058349	0.0573745
68	0.0575914	0.0566339
69	0.0568457	0.0559048
70	0.0561118	0.0551867
71	0.0553886	0.0544798
72	0.054677	0.053784
73	0.0539765	0.0530987
74	0.0532872	0.0524244
75	0.0526086	0.0517611
76	0.0519408	0.0511079
77	0.0512838	0.0504653
78	0.0506374	0.0498332
79	0.0500012	0.0492118
80	0.0493757	0.0486
81	0.0487603	0.0479982
82	0.0481549	0.0474067
83	0.0475596	0.0468245
84	0.0469742	0.0462528
85	0.0463986	0.0456902
86	0.0458329	0.0451371
87	0.0452765	0.0445937
88	0.0447294	0.0440594
89	0.0441917	0.0435341
90	0.0436634	0.0430179
91	0.0431441	0.0425108
92	0.0426336	0.042012
93	0.042132	0.0415221
94	0.0416389	0.0410408
95	0.0411546	0.0405677
96	0.0406789	0.0401029
97	0.0402111	0.0396464
98	0.0397514	0.0391978
99	0.0393001	0.0387571
100	0.0388567	0.0383243
101	0.0384208	0.037899
102	0.0379926	0.037481
103	0.0375722	0.0370708
104	0.0371588	0.0366677
105	0.036753	0.0362716
106	0.0363544	0.0358826
107	0.0359626	0.0355005
108	0.0355777	0.035125
109	0.0352001	0.0347565
110	0.0348287	0.0343943
111	0.0344639	0.0340388
112	0.0341057	0.0336891
113	0.0337538	0.0333459
114	0.0334081	0.0330088
115	0.0330684	0.0326775
116	0.0327347	0.0323522
117	0.0324068	0.0320325
118	0.0320848	0.0317185
119	0.0317683	0.03141
120	0.0314576	0.0311069
121	0.0311521	0.0308093
122	0.0308519	0.0305167
123	0.0305572	0.0302294
124	0.0302676	0.029947
125	0.0299828	0.0296695
126	0.0297032	0.0293968
127	0.0294284	0.0291291
128	0.0291583	0.0288657
129	0.0288929	0.028607
130	0.028632	0.028353
131	0.0283757	0.0281031
132	0.0281237	0.0278575
133	0.0278761	0.0276161
134	0.0276326	0.027379
135	0.0273934	0.0271458
136	0.0271582	0.0269165
137	0.0269269	0.0266914
138	0.0266996	0.0264699
139	0.0264763	0.0262522
140	0.0262566	0.0260379
141	0.0260406	0.0258275
142	0.0258282	0.0256208
143	0.0256193	0.0254173
144	0.0254139	0.0252171
145	0.0252121	0.0250204
146	0.0250134	0.024827
147	0.0248182	0.0246366
148	0.0246261	0.0244495
149	0.0244372	0.0242654
150	0.0242513	0.0240844
151	0.0240685	0.0239063
152	0.0238886	0.0237311
153	0.0237118	0.0235587
154	0.0235378	0.0233891
155	0.0233665	0.0232222
156	0.023198	0.0230582
157	0.0230322	0.0228967
158	0.0228691	0.0227379
159	0.0227086	0.0225814
160	0.0225506	0.0224275
161	0.022395	0.0222762
162	0.0222421	0.0221271
163	0.0220916	0.0219804
164	0.0219433	0.0218359
165	0.0217974	0.0216939
166	0.0216538	0.0215539
167	0.0215123	0.0214163
168	0.0213731	0.0212805
169	0.0212362	0.0211471
170	0.0211011	0.0210156
171	0.0209683	0.0208862
172	0.0208374	0.0207587
173	0.0207086	0.0206332
174	0.0205818	0.0205096
175	0.0204569	0.0203878
176	0.0203337	0.020268
177	0.0202124	0.0201498
178	0.0200931	0.0200335
179	0.0199754	0.0199189
180	0.0198596	0.0198061
181	0.0197455	0.0196949
182	0.0196331	0.0195853
183	0.0195222	0.0194775
184	0.0194131	0.0193712
185	0.0193056	0.0192664
186	0.0191996	0.0191631
187	0.0190953	0.0190614
188	0.0189923	0.0189612
189	0.0188909	0.0188624
190	0.0187911	0.0187649
191	0.0186925	0.0186691
192	0.0185954	0.0185744
193	0.0184997	0.0184811
194	0.0184054	0.0183892
195	0.0183124	0.0182987
196	0.0182206	0.0182093
197	0.0181304	0.0181213
198	0.0180412	0.0180344
199	0.0179533	0.0179488
200	0.0178668	0.0178644
201	0.0177814	0.0177812
202	0.0176971	0.0176991
203	0.017614	0.0176182
204	0.0175321	0.0175382
205	0.0174513	0.0174596
206	0.0173717	0.017382
207	0.0172931	0.0173054
208	0.0172155	0.0172298
209	0.0171391	0.0171552
210	0.0170636	0.0170817
211	0.0169891	0.0170093
212	0.0169158	0.0169377
213	0.0168434	0.0168672
214	0.0167719	0.0167976
215	0.0167015	0.0167288
216	0.0166318	0.016661
217	0.0165632	0.0165942
218	0.0164954	0.016528
219	0.0164286	0.016463
220	0.0163626	0.0163987
221	0.0162975	0.0163351
222	0.0162334	0.0162726
223	0.01617	0.0162107
224	0.0161074	0.0161498
225	0.0160455	0.0160895
226	0.0159845	0.01603
227	0.0159243	0.0159714
228	0.0158648	0.0159133
229	0.0158062	0.0158563
230	0.0157482	0.0157997
231	0.015691	0.015744
232	0.0156345	0.0156889
233	0.0155788	0.0156345
234	0.0155237	0.0155808
235	0.0154693	0.0155279
236	0.0154156	0.0154754
237	0.0153625	0.0154238
238	0.0153102	0.0153727
239	0.0152585	0.0153223
240	0.0152074	0.0152724
241	0.0151569	0.0152233
242	0.015107	0.0151747
243	0.0150578	0.0151266
244	0.0150091	0.0150793
245	0.0149611	0.0150323
246	0.0149136	0.0149861
247	0.0148667	0.0149404
248	0.0148204	0.0148952
249	0.0147746	0.0148506
250	0.0147293	0.0148064
251	0.0146847	0.0147629
252	0.0146406	0.0147198
253	0.0145968	0.0146773
254	0.0145537	0.0146353
255	0.0145111	0.0145936
256	0.014469	0.0145525
257	0.0144274	0.014512
258	0.0143862	0.0144717
259	0.0143456	0.0144322
260	0.0143054	0.014393
261	0.0142656	0.0143542
262	0.0142264	0.0143159
263	0.0141876	0.0142782
264	0.0141492	0.0142407
265	0.0141113	0.0142037
266	0.0140738	0.0141671
267	0.0140366	0.014131
268	0.014	0.0140951
269	0.0139637	0.0140598
270	0.0139279	0.0140248
271	0.0138924	0.0139902
272	0.0138574	0.0139561
273	0.0138227	0.0139222
274	0.0137885	0.0138888
275	0.0137546	0.0138558
276	0.013721	0.013823
277	0.0136879	0.0137907
278	0.0136551	0.0137587
279	0.0136227	0.0137271
280	0.0135907	0.0136958
281	0.0135589	0.0136648
282	0.0135275	0.0136342
283	0.0134965	0.013604
284	0.0134657	0.013574
285	0.0134353	0.0135443
286	0.0134052	0.013515
287	0.0133755	0.013486
288	0.0133461	0.0134573
289	0.0133169	0.0134289
290	0.0132882	0.0134008
291	0.0132597	0.013373
292	0.0132315	0.0133454
293	0.0132036	0.0133183
294	0.013176	0.0132913
295	0.0131486	0.0132647
296	0.0131215	0.0132383
297	0.0130948	0.0132121
298	0.0130684	0.0131863
299	0.0130421	0.0131607
300	0.0130162	0.0131353
301	0.0129906	0.0131103
302	0.0129651	0.0130855
303	0.0129399	0.0130609
304	0.0129151	0.0130366
305	0.0128904	0.0130126
306	0.012866	0.0129888
307	0.0128418	0.0129652
308	0.0128179	0.0129418
309	0.0127942	0.0129187
310	0.0127707	0.0128958
311	0.0127475	0.0128733
312	0.0127246	0.0128508
313	0.0127018	0.0128286
314	0.0126793	0.0128066
315	0.0126569	0.0127847
316	0.0126348	0.0127633
317	0.0126129	0.0127418
318	0.0125913	0.0127207
319	0.0125698	0.0126997
320	0.0125486	0.012679
321	0.0125275	0.0126585
322	0.0125067	0.0126381
323	0.012486	0.0126179
324	0.0124656	0.012598
325	0.0124453	0.0125782
326	0.0124252	0.0125586
327	0.0124054	0.0125392
328	0.0123857	0.01252
329	0.0123662	0.012501
330	0.0123469	0.0124821
331	0.0123277	0.0124634
332	0.0123088	0.012445
333	0.01229	0.0124265
334	0.0122714	0.0124084
335	0.0122529	0.0123904
336	0.0122347	0.0123726
337	0.0122165	0.0123549
338	0.0121986	0.0123374
339	0.0121808	0.01232
340	0.0121633	0.0123028
341	0.0121458	0.0122857
342	0.0121284	0.0122688
343	0.0121114	0.0122521
344	0.0120943	0.0122355
345	0.0120775	0.012219
346	0.0120608	0.0122028
347	0.0120443	0.0121866
348	0.0120278	0.0121706
349	0.0120116	0.0121548
350	0.0119955	0.012139
351	0.0119795	0.0121234
352	0.0119637	0.0121079
353	0.011948	0.0120926
354	0.0119325	0.0120774
355	0.0119171	0.0120623
356	0.0119018	0.0120475
357	0.0118866	0.0120326
358	0.0118716	0.0120179
359	0.0118567	0.0120034
360	0.0118419	0.0119889
361	0.0118273	0.0119746
362	0.0118127	0.0119605
363	0.0117984	0.0119464
364	0.0117841	0.0119324
365	0.0117699	0.0119186
366	0.0117559	0.0119049
367	0.011742	0.0118913
368	0.0117281	0.0118778
369	0.0117144	0.0118644
370	0.0117009	0.0118511
371	0.0116874	0.0118379
372	0.011674	0.0118249
373	0.0116608	0.0118119
374	0.0116477	0.0117991
375	0.0116346	0.0117864
376	0.0116217	0.0117737
377	0.0116088	0.0117612
378	0.0115961	0.0117487
379	0.0115835	0.0117364
380	0.0115709	0.0117242
381	0.0115585	0.0117121
382	0.0115462	0.0117
383	0.011534	0.011688
384	0.0115218	0.0116762
385	0.0115098	0.0116644
386	0.0114979	0.0116528
387	0.011486	0.0116412
388	0.0114743	0.0116296
389	0.0114627	0.0116183
390	0.0114511	0.0116069
391	0.0114395	0.0115957
392	0.0114281	0.0115845
393	0.0114168	0.0115734
394	0.0114056	0.0115625
395	0.0113945	0.0115516
396	0.0113834	0.0115408
397	0.0113724	0.01153
398	0.0113615	0.0115194
399	0.0113507	0.0115088
400	0.01134	0.0114983
401	0.0113293	0.0114879
402	0.0113187	0.0114775
403	0.0113082	0.0114673
404	0.0112978	0.0114571
405	0.0112874	0.0114469
406	0.0112771	0.0114369
407	0.011267	0.011427
408	0.0112569	0.011417
409	0.0112469	0.0114072
410	0.0112369	0.0113974
411	0.011227	0.0113877
412	0.0112172	0.0113781
413	0.0112073	0.0113685
414	0.0111976	0.0113591
415	0.0111881	0.0113496
416	0.0111785	0.0113403
417	0.011169	0.011331
418	0.0111596	0.0113218
419	0.0111502	0.0113126
420	0.0111409	0.0113036
421	0.0111317	0.0112945
422	0.0111225	0.0112855
423	0.0111134	0.0112767
424	0.0111044	0.0112678
425	0.0110954	0.0112589
426	0.0110865	0.0112502
427	0.0110775	0.0112415
428	0.0110688	0.011233
429	0.0110601	0.0112243
430	0.0110514	0.0112158
431	0.0110428	0.0112075
432	0.0110342	0.011199
433	0.0110257	0.0111907
434	0.0110172	0.0111824
435	0.0110088	0.0111742
436	0.0110004	0.011166
437	0.0109921	0.0111579
438	0.0109839	0.0111497
439	0.0109757	0.0111417
440	0.0109676	0.0111337
441	0.0109595	0.0111258
442	0.0109515	0.011118
443	0.0109435	0.0111102
444	0.0109355	0.0111024
445	0.0109277	0.0110947
446	0.0109198	0.0110869
447	0.010912	0.0110794
448	0.0109043	0.0110718
449	0.0108966	0.0110642
450	0.0108889	0.0110568
451	0.0108814	0.0110493
452	0.0108739	0.0110419
453	0.0108663	0.0110345
454	0.0108589	0.0110273
455	0.0108515	0.01102
456	0.0108441	0.0110127
457	0.0108368	0.0110055
458	0.0108295	0.0109984
459	0.0108223	0.0109913
460	0.0108151	0.0109842
461	0.0108079	0.0109772
462	0.0108008	0.0109702
463	0.0107937	0.0109633
464	0.0107868	0.0109563
465	0.0107797	0.0109495
466	0.0107728	0.0109427
467	0.0107659	0.010936
468	0.010759	0.0109292
469	0.0107522	0.0109225
470	0.0107454	0.0109158
471	0.0107387	0.0109092
472	0.0107319	0.0109026
473	0.0107253	0.0108961
474	0.0107186	0.0108896
475	0.010712	0.010883
476	0.0107054	0.0108766
477	0.0106989	0.0108702
478	0.0106924	0.0108638
479	0.0106859	0.0108574
480	0.0106795	0.0108511
481	0.0106731	0.0108449
482	0.0106668	0.0108386
483	0.0106604	0.0108324
484	0.0106541	0.0108262
485	0.0106479	0.0108201
486	0.0106418	0.010814
487	0.0106354	0.0108078
488	0.0106293	0.0108018
489	0.0106232	0.0107958
490	0.0106171	0.0107898
491	0.010611	0.0107838
492	0.0106051	0.0107779
493	0.010599	0.010772
494	0.010593	0.0107661
495	0.0105871	0.0107603
496	0.0105812	0.0107545
497	0.0105753	0.0107487
498	0.0105695	0.010743
499	0.0105637	0.0107371
500	0.0105578	0.0107315
501	0.010552	0.0107259
502	0.0105463	0.0107202
503	0.0105406	0.0107145
504	0.010535	0.010709
505	0.0105293	0.0107034
506	0.0105237	0.0106978
507	0.0105182	0.0106924
508	0.0105125	0.0106869
509	0.0105069	0.0106814
510	0.0105014	0.010676
511	0.0104959	0.0106706
512	0.0104904	0.0106652
513	0.010485	0.0106598
514	0.0104795	0.0106545
515	0.0104742	0.0106491
516	0.0104689	0.0106439
517	0.0104635	0.0106386
518	0.0104582	0.0106333
519	0.0104529	0.0106281
520	0.0104476	0.0106229
521	0.0104424	0.0106177
522	0.0104372	0.0106126
523	0.0104319	0.0106074
524	0.0104268	0.0106023
525	0.0104216	0.0105973
526	0.0104165	0.0105922
527	0.0104113	0.0105871
528	0.0104062	0.0105821
529	0.0104011	0.0105771
530	0.010396	0.0105722
531	0.0103911	0.0105672
532	0.0103861	0.0105622
533	0.0103811	0.0105573
534	0.0103761	0.0105524
535	0.0103712	0.0105475
536	0.0103662	0.0105427
537	0.0103614	0.0105377
538	0.0103565	0.010533
539	0.0103516	0.0105283
540	0.0103468	0.0105235
541	0.010342	0.0105187
542	0.0103371	0.0105139
543	0.0103324	0.0105092
544	0.0103276	0.0105044
545	0.0103229	0.0104998
546	0.0103181	0.0104952
547	0.0103134	0.0104904
548	0.0103087	0.0104858
549	0.010304	0.0104812
550	0.0102994	0.0104766
551	0.0102947	0.010472
552	0.0102901	0.0104675
553	0.0102855	0.0104629
554	0.0102809	0.0104583
555	0.0102764	0.0104539
556	0.0102718	0.0104493
557	0.0102673	0.0104449
558	0.0102627	0.0104404
559	0.0102582	0.0104359
560	0.0102537	0.0104315
561	0.0102493	0.0104271
562	0.0102448	0.0104227
563	0.0102404	0.0104183
564	0.010236	0.0104139
565	0.0102316	0.0104096
566	0.0102272	0.0104052
567	0.0102228	0.0104009
568	0.0102184	0.0103965
569	0.0102141	0.0103922
570	0.0102098	0.0103879
571	0.0102055	0.0103836
572	0.0102011	0.0103794
573	0.0101969	0.0103752
574	0.0101926	0.010371
575	0.0101884	0.0103667
576	0.0101841	0.0103625
577	0.0101799	0.0103583
578	0.0101757	0.0103542
579	0.0101715	0.01035
580	0.0101672	0.0103459
581	0.0101631	0.0103417
582	0.010159	0.0103376
583	0.0101548	0.0103335
584	0.0101507	0.0103294
585	0.0101465	0.0103253
586	0.0101424	0.0103212
587	0.0101383	0.0103171
588	0.0101343	0.0103131
589	0.0101302	0.010309
590	0.0101261	0.0103051
591	0.0101221	0.010301
592	0.010118	0.010297
593	0.0101141	0.0102931
594	0.01011	0.010289
595	0.010106	0.0102851
596	0.0101021	0.0102812
597	0.0100981	0.0102772
598	0.0100941	0.0102733
599	0.0100902	0.0102694
600	0.0100863	0.0102654
601	0.0100823	0.0102615
602	0.0100785	0.0102576
603	0.0100745	0.0102538
604	0.0100706	0.0102499
605	0.0100668	0.0102461
606	0.0100629	0.0102422
607	0.0100591	0.0102384
608	0.0100552	0.0102345
609	0.0100514	0.0102307
610	0.0100476	0.0102269
611	0.0100437	0.0102231
612	0.0100399	0.0102193
613	0.0100361	0.0102156
614	0.0100323	0.0102118
615	0.0100285	0.0102081
616	0.0100248	0.0102043
617	0.0100211	0.0102006
618	0.0100174	0.0101969
619	0.0100136	0.0101932
620	0.0100098	0.0101895
621	0.0100062	0.0101858
622	0.0100025	0.0101821
623	0.00999874	0.0101784
