1	0.14418	0.141875
2	0.142191	0.139987
3	0.14031	0.138198
4	0.138527	0.136501
5	0.136832	0.134889
6	0.135225	0.133359
7	0.133698	0.131902
8	0.132243	0.130513
9	0.130855	0.129184
10	0.129528	0.127912
11	0.128257	0.126695
12	0.127039	0.125522
13	0.125868	0.124395
14	0.124743	0.12331
15	0.123656	0.122265
16	0.12261	0.121252
17	0.121599	0.120275
18	0.12062	0.119329
19	0.119672	0.118412
20	0.118752	0.117522
21	0.117861	0.116654
22	0.116992	0.115813
23	0.11615	0.114994
24	0.11533	0.114193
25	0.114528	0.113412
26	0.113744	0.11265
27	0.112979	0.111904
28	0.112231	0.111173
29	0.111498	0.110457
30	0.110779	0.109754
31	0.110076	0.109064
32	0.109383	0.108387
33	0.108704	0.107721
34	0.108034	0.107066
35	0.107377	0.10642
36	0.10673	0.105785
37	0.106092	0.105159
38	0.105464	0.10454
39	0.104843	0.103928
40	0.10423	0.103324
41	0.103623	0.102729
42	0.103023	0.102138
43	0.102432	0.101556
44	0.101846	0.100978
45	0.101267	0.100403
46	0.100691	0.0998354
47	0.100119	0.0992727
48	0.0995537	0.0987127
49	0.0989932	0.0981567
50	0.0984358	0.0976061
51	0.0978807	0.0970575
52	0.0973295	0.096509
53	0.096781	0.0959663
54	0.0962375	0.0954268
55	0.0956935	0.0948875
56	0.0951526	0.0943521
57	0.094615	0.0938169
58	0.0940782	0.0932832
59	0.0935429	0.092752
60	0.0930102	0.0922225
61	0.0924776	0.0916941
62	0.091946	0.0911652
63	0.0914156	0.0906366
64	0.0908869	0.0901098
65	0.0903577	0.0895827
66	0.0898278	0.0890567
67	0.089299	0.088529
68	0.0887713	0.0880026
69	0.0882427	0.0874755
70	0.0877131	0.0869485
71	0.087184	0.0864205
72	0.0866554	0.0858927
73	0.0861246	0.0853633
74	0.0855937	0.0848334
75	0.0850637	0.0843038
76	0.084531	0.0837714
77	0.0839978	0.0832406
78	0.0834646	0.0827066
79	0.0829303	0.0821723
80	0.0823935	0.0816364
81	0.0818584	0.0811006
82	0.0813202	0.0805625
83	0.0807804	0.0800239
84	0.0802402	0.0794835
85	0.0796984	0.0789425
86	0.0791555	0.078398
87	0.0786105	0.077854
88	0.078066	0.0773095
89	0.0775189	0.0767612
90	0.0769707	0.076214
91	0.0764204	0.0756639
92	0.0758694	0.075114
93	0.0753177	0.0745617
94	0.0747637	0.0740071
95	0.0742105	0.0734527
96	0.0736546	0.0728984
97	0.0730973	0.0723413
98	0.0725398	0.0717825
99	0.0719807	0.0712227
100	0.0714205	0.0706629
101	0.0708593	0.0701017
102	0.0702971	0.0695398
103	0.0697346	0.0689774
104	0.0691696	0.0684147
105	0.0686072	0.0678502
106	0.0680424	0.0672852
107	0.0674763	0.0667202
108	0.0669115	0.066156
109	0.0663437	0.0655902
110	0.0657776	0.0650244
111	0.0652113	0.0644582
112	0.0646446	0.0638907
113	0.0640773	0.0633259
114	0.063511	0.0627605
115	0.0629441	0.0621951
116	0.0623778	0.0616293
117	0.0618132	0.0610649
118	0.0612468	0.0605021
119	0.0606819	0.0599384
120	0.0601188	0.0593773
121	0.0595557	0.0588157
122	0.0589945	0.0582559
123	0.0584338	0.0576969
124	0.0578742	0.0571402
125	0.0573157	0.0565838
126	0.056759	0.0560293
127	0.0562045	0.0554763
128	0.0556511	0.0549255
129	0.0550995	0.0543775
130	0.0545504	0.0538318
131	0.0540032	0.0532867
132	0.0534581	0.0527436
133	0.0529157	0.0522047
134	0.0523755	0.0516676
135	0.0518379	0.051133
136	0.0513025	0.0506016
137	0.0507694	0.0500723
138	0.0502408	0.0495462
139	0.0497141	0.0490234
140	0.0491894	0.0485036
141	0.0486699	0.0479872
142	0.0481531	0.0474741
143	0.0476388	0.0469643
144	0.0471292	0.0464581
145	0.0466221	0.0459556
146	0.046119	0.0454565
147	0.0456195	0.0449611
148	0.0451246	0.0444703
149	0.044632	0.0439824
150	0.044144	0.0434991
151	0.0436595	0.0430195
152	0.0431796	0.0425441
153	0.0427031	0.0420725
154	0.0422317	0.041605
155	0.0417636	0.0411424
156	0.0413	0.0406833
157	0.0408413	0.0402294
158	0.0403867	0.0397791
159	0.0399361	0.0393333
160	0.0394896	0.0388927
161	0.0390483	0.0384559
162	0.0386112	0.0380241
163	0.0381788	0.0375969
164	0.037751	0.0371741
165	0.0373275	0.0367555
166	0.0369087	0.0363418
167	0.036494	0.0359329
168	0.0360853	0.0355286
169	0.0356809	0.0351296
170	0.0352802	0.0347342
171	0.0348852	0.0343444
172	0.0344949	0.0339585
173	0.0341091	0.033578
174	0.0337273	0.0332022
175	0.033351	0.032831
176	0.0329795	0.032464
177	0.0326122	0.0321019
178	0.0322499	0.0317448
179	0.0318919	0.0313921
180	0.0315391	0.0310444
181	0.0311907	0.0307009
182	0.0308473	0.0303625
183	0.0305081	0.0300281
184	0.0301736	0.0296988
185	0.0298435	0.0293742
186	0.0295182	0.0290537
187	0.0291973	0.0287376
188	0.028881	0.0284259
189	0.0285693	0.028119
190	0.0282618	0.0278166
191	0.0279591	0.0275186
192	0.0276604	0.0272245
193	0.0273662	0.0269352
194	0.0270765	0.0266497
195	0.0267907	0.0263688
196	0.0265092	0.0260922
197	0.0262324	0.0258201
198	0.0259593	0.0255515
199	0.0256905	0.0252872
200	0.0254256	0.0250263
201	0.0251648	0.0247699
202	0.0249085	0.0245176
203	0.0246556	0.0242694
204	0.024407	0.0240247
205	0.0241619	0.0237841
206	0.023921	0.023547
207	0.023683	0.0233138
208	0.02345	0.0230843
209	0.02322	0.0228584
210	0.0229938	0.0226361
211	0.0227714	0.0224174
212	0.0225522	0.0222021
213	0.0223364	0.0219904
214	0.0221245	0.0217818
215	0.0219158	0.0215772
216	0.0217107	0.0213754
217	0.021509	0.021177
218	0.0213096	0.0209822
219	0.0211145	0.0207901
220	0.0209225	0.0206014
221	0.0207332	0.0204157
222	0.0205473	0.0202329
223	0.0203642	0.0200534
224	0.0201841	0.0198769
225	0.0200073	0.019703
226	0.0198331	0.0195321
227	0.019662	0.0193641
228	0.0194936	0.019199
229	0.0193282	0.0190362
230	0.0191652	0.0188766
231	0.019005	0.0187193
232	0.0188481	0.0185651
233	0.0186929	0.0184128
234	0.0185409	0.0182635
235	0.0183912	0.0181164
236	0.0182438	0.0179719
237	0.0180992	0.01783
238	0.0179566	0.0176903
239	0.017817	0.0175529
240	0.0176794	0.0174177
241	0.017544	0.0172851
242	0.0174109	0.0171546
243	0.0172801	0.0170262
244	0.0171514	0.0168999
245	0.017025	0.0167758
246	0.0169007	0.0166535
247	0.0167782	0.0165335
248	0.0166579	0.0164155
249	0.0165394	0.0162993
250	0.0164233	0.0161854
251	0.016309	0.0160732
252	0.0161966	0.0159629
253	0.016086	0.0158543
254	0.0159772	0.0157474
255	0.0158702	0.0156425
256	0.0157651	0.0155395
257	0.0156616	0.015438
258	0.0155601	0.0153382
259	0.0154597	0.0152402
260	0.0153616	0.0151436
261	0.0152646	0.0150487
262	0.0151699	0.0149552
263	0.0150761	0.0148635
264	0.0149841	0.0147732
265	0.0148935	0.0146843
266	0.0148046	0.014597
267	0.0147169	0.0145111
268	0.0146307	0.0144266
269	0.0145462	0.0143434
270	0.0144627	0.0142617
271	0.0143809	0.0141814
272	0.0143003	0.0141022
273	0.0142209	0.0140245
274	0.014143	0.0139479
275	0.0140663	0.0138727
276	0.0139907	0.0137986
277	0.0139166	0.0137257
278	0.0138436	0.0136541
279	0.0137716	0.0135836
280	0.013701	0.0135141
281	0.0136312	0.0134458
282	0.0135627	0.0133787
283	0.0134956	0.0133125
284	0.0134295	0.0132474
285	0.013364	0.0131835
286	0.0132999	0.0131206
287	0.0132367	0.0130586
288	0.0131746	0.0129975
289	0.0131133	0.0129376
290	0.0130532	0.0128786
291	0.0129939	0.0128206
292	0.0129357	0.0127634
293	0.0128783	0.0127071
294	0.0128219	0.0126517
295	0.0127663	0.0125971
296	0.0127116	0.0125434
297	0.012658	0.0124905
298	0.0126049	0.0124384
299	0.0125527	0.0123875
300	0.0125014	0.0123371
301	0.0124508	0.0122874
302	0.0124011	0.0122386
303	0.0123521	0.0121903
304	0.012304	0.0121431
305	0.0122561	0.0120967
306	0.0122096	0.0120509
307	0.0121637	0.0120057
308	0.0121183	0.0119613
309	0.0120737	0.0119175
310	0.0120297	0.0118743
311	0.0119866	0.0118319
312	0.0119439	0.0117899
313	0.0119019	0.0117489
314	0.0118607	0.0117083
315	0.01182	0.0116684
316	0.0117799	0.0116289
317	0.0117403	0.0115902
318	0.0117013	0.011552
319	0.0116631	0.0115146
320	0.0116253	0.0114775
321	0.0115883	0.0114409
322	0.0115516	0.0114049
323	0.0115157	0.0113696
324	0.01148	0.0113349
325	0.0114451	0.0113006
326	0.0114106	0.0112667
327	0.0113766	0.0112334
328	0.0113432	0.0112004
329	0.0113101	0.011168
330	0.0112778	0.0111362
331	0.0112458	0.0111048
332	0.0112143	0.0110739
333	0.0111831	0.0110433
334	0.0111524	0.0110133
335	0.0111222	0.0109837
336	0.0110925	0.0109545
337	0.0110632	0.0109256
338	0.0110342	0.0108973
339	0.0110059	0.0108693
340	0.0109777	0.0108418
341	0.01095	0.0108146
342	0.0109229	0.0107879
343	0.0108958	0.0107614
344	0.0108695	0.0107354
345	0.0108431	0.0107099
346	0.0108176	0.0106847
347	0.010792	0.0106596
348	0.0107671	0.0106351
349	0.0107423	0.0106109
350	0.0107181	0.010587
351	0.0106941	0.0105633
352	0.0106704	0.0105402
353	0.0106471	0.0105172
354	0.0106241	0.0104948
355	0.0106013	0.0104725
356	0.0105789	0.0104505
357	0.010557	0.0104288
358	0.0105352	0.0104074
359	0.0105137	0.0103864
360	0.0104925	0.0103656
361	0.0104717	0.0103451
362	0.0104511	0.0103249
363	0.0104307	0.0103049
364	0.0104107	0.0102853
365	0.0103909	0.010266
366	0.0103715	0.0102468
367	0.0103521	0.0102279
368	0.0103333	0.0102092
369	0.0103144	0.0101909
370	0.0102961	0.0101728
371	0.0102777	0.0101548
372	0.0102598	0.0101372
373	0.0102422	0.0101198
374	0.0102246	0.0101027
375	0.0102073	0.0100857
376	0.0101902	0.0100689
377	0.0101735	0.0100524
378	0.0101567	0.0100361
379	0.0101405	0.0100201
380	0.0101243	0.0100042
381	0.0101083	0.00998864
382	0.0100925	0.00997311
383	0.0100771	0.00995778
384	0.0100617	0.00994268
385	0.0100466	0.00992784
386	0.0100316	0.00991314
387	0.0100169	0.00989886
388	0.0100024	0.00988438
389	0.00998794	0.0098703
