1	0.161523	0.157376
2	0.15786	0.153899
3	0.154404	0.150607
4	0.15113	0.147477
5	0.148021	0.144505
6	0.145064	0.141665
7	0.142237	0.138954
8	0.139537	0.13636
9	0.136953	0.133872
10	0.134478	0.131491
11	0.132104	0.129197
12	0.129817	0.126989
13	0.127616	0.124857
14	0.12549	0.1228
15	0.123437	0.120812
16	0.121453	0.118891
17	0.119536	0.117032
18	0.11768	0.115231
19	0.115883	0.113485
20	0.11414	0.111794
21	0.112449	0.110152
22	0.110809	0.108557
23	0.109214	0.107008
24	0.107664	0.1055
25	0.106157	0.104031
26	0.104688	0.1026
27	0.103258	0.101206
28	0.101862	0.0998458
29	0.100501	0.0985173
30	0.0991714	0.0972171
31	0.0978714	0.0959473
32	0.0966	0.0947041
33	0.0953545	0.0934866
34	0.0941358	0.0922925
35	0.0929406	0.0911222
36	0.0917675	0.0899744
37	0.0906175	0.0888465
38	0.0894862	0.0877376
39	0.0883762	0.0866484
40	0.0872834	0.0855756
41	0.0862089	0.0845215
42	0.0851504	0.0834818
43	0.0841091	0.0824573
44	0.0830829	0.0814502
45	0.0820711	0.0804559
46	0.0810737	0.0794737
47	0.0800898	0.0785056
48	0.0791194	0.0775499
49	0.0781608	0.0766074
50	0.0772151	0.0756757
51	0.0762798	0.074755
52	0.0753574	0.0738464
53	0.0744447	0.0729474
54	0.0735425	0.0720593
55	0.0726511	0.0711816
56	0.0717704	0.0703135
57	0.0708998	0.0694547
58	0.070038	0.068606
59	0.0691853	0.067766
60	0.0683431	0.066936
61	0.0675094	0.0661147
62	0.0666855	0.0653018
63	0.0658697	0.0644982
64	0.0650624	0.0637028
65	0.0642655	0.0629164
66	0.0634759	0.0621382
67	0.062694	0.0613687
68	0.061921	0.0606069
69	0.0611567	0.0598539
70	0.0604004	0.0591085
71	0.0596531	0.0583719
72	0.0589131	0.0576441
73	0.0581818	0.0569233
74	0.0574584	0.0562103
75	0.0567431	0.0555053
76	0.0560361	0.0548095
77	0.0553371	0.0541211
78	0.0546458	0.0534406
79	0.0539629	0.0527682
80	0.0532872	0.0521036
81	0.0526206	0.0514472
82	0.0519612	0.0507979
83	0.0513096	0.0501577
84	0.0506663	0.0495244
85	0.0500307	0.0488998
86	0.0494033	0.0482826
87	0.0487839	0.0476729
88	0.0481718	0.0470707
89	0.0475676	0.0464774
90	0.0469714	0.0458914
91	0.0463831	0.0453124
92	0.0458019	0.0447417
93	0.0452285	0.0441786
94	0.0446636	0.0436236
95	0.0441059	0.0430753
96	0.0435556	0.0425355
97	0.0430134	0.0420026
98	0.0424783	0.0414774
99	0.041951	0.0409596
100	0.0414305	0.0404489
101	0.0409187	0.0399457
102	0.0404133	0.0394506
103	0.0399155	0.0389616
104	0.039425	0.0384805
105	0.038942	0.0380062
106	0.0384653	0.0375396
107	0.0379966	0.0370797
108	0.0375346	0.0366266
109	0.0370793	0.0361808
110	0.0366316	0.0357414
111	0.0361908	0.035309
112	0.0357564	0.0348834
113	0.0353287	0.0344644
114	0.0349079	0.034052
115	0.0344938	0.0336462
116	0.034086	0.033247
117	0.0336851	0.0328541
118	0.0332901	0.0324672
119	0.0329016	0.0320867
120	0.0325193	0.0317126
121	0.032143	0.0313444
122	0.0317735	0.0309828
123	0.0314096	0.0306266
124	0.031052	0.0302761
125	0.0306998	0.0299318
126	0.0303538	0.0295928
127	0.0300133	0.0292594
128	0.0296783	0.0289323
129	0.0293496	0.02861
130	0.0290258	0.0282938
131	0.0287078	0.0279824
132	0.0283948	0.0276763
133	0.028087	0.0273754
134	0.0277848	0.0270798
135	0.0274874	0.026789
136	0.0271953	0.0265034
137	0.026908	0.0262223
138	0.0266259	0.0259467
139	0.0263484	0.025675
140	0.0260755	0.0254087
141	0.0258073	0.0251466
142	0.0255442	0.0248888
143	0.0252853	0.024636
144	0.0250308	0.0243872
145	0.0247805	0.0241426
146	0.0245348	0.0239025
147	0.0242932	0.0236665
148	0.0240558	0.0234346
149	0.0238224	0.0232065
150	0.0235933	0.0229826
151	0.023368	0.0227626
152	0.0231468	0.0225464
153	0.022929	0.0223337
154	0.0227153	0.022125
155	0.0225052	0.0219198
156	0.0222988	0.0217183
157	0.022096	0.0215199
158	0.0218966	0.0213252
159	0.021701	0.0211339
160	0.0215081	0.0209462
161	0.0213191	0.0207615
162	0.0211332	0.02058
163	0.0209505	0.0204017
164	0.0207711	0.0202263
165	0.0205947	0.0200542
166	0.0204212	0.019885
167	0.0202508	0.0197185
168	0.0200833	0.0195552
169	0.0199189	0.0193946
170	0.0197573	0.0192367
171	0.0195982	0.0190815
172	0.0194421	0.0189291
173	0.0192886	0.0187793
174	0.0191376	0.0186321
175	0.0189895	0.0184873
176	0.0188437	0.018345
177	0.0187005	0.0182052
178	0.0185595	0.0180679
179	0.0184212	0.0179329
180	0.0182851	0.0178001
181	0.0181514	0.0176697
182	0.0180199	0.0175413
183	0.0178906	0.0174153
184	0.0177635	0.0172914
185	0.0176388	0.0171695
186	0.0175161	0.0170496
187	0.0173954	0.0169319
188	0.0172768	0.0168164
189	0.0171599	0.0167026
190	0.0170452	0.0165904
191	0.0169325	0.0164805
192	0.0168217	0.0163721
193	0.0167124	0.0162659
194	0.0166053	0.0161614
195	0.0164997	0.0160584
196	0.016396	0.0159575
197	0.0162942	0.0158579
198	0.0161938	0.0157601
199	0.0160951	0.015664
200	0.0159981	0.0155694
201	0.0159027	0.0154763
202	0.015809	0.0153849
203	0.0157166	0.0152949
204	0.0156258	0.0152062
205	0.0155366	0.0151191
206	0.0154486	0.0150334
207	0.0153622	0.0149492
208	0.0152771	0.0148664
209	0.0151933	0.0147847
210	0.0151111	0.0147046
211	0.0150302	0.0146257
212	0.0149504	0.0145479
213	0.0148721	0.0144717
214	0.0147949	0.0143963
215	0.0147191	0.0143224
216	0.0146441	0.0142495
217	0.0145708	0.0141781
218	0.0144983	0.0141075
219	0.014427	0.0140382
220	0.0143571	0.0139698
221	0.0142881	0.0139025
222	0.0142202	0.0138364
223	0.0141535	0.0137715
224	0.0140875	0.0137074
225	0.0140229	0.0136442
226	0.0139591	0.0135821
227	0.0138964	0.0135209
228	0.0138347	0.0134607
229	0.0137737	0.0134015
230	0.0137136	0.0133432
231	0.0136547	0.0132857
232	0.0135967	0.0132292
233	0.0135396	0.0131734
234	0.0134831	0.0131187
235	0.0134278	0.0130647
236	0.0133731	0.0130114
237	0.0133194	0.0129591
238	0.0132663	0.0129075
239	0.0132142	0.0128568
240	0.0131628	0.0128068
241	0.0131122	0.0127576
242	0.0130622	0.012709
243	0.0130133	0.0126611
244	0.0129647	0.0126141
245	0.0129172	0.0125677
246	0.0128702	0.0125219
247	0.012824	0.0124768
248	0.0127783	0.0124325
249	0.0127335	0.0123889
250	0.012689	0.0123459
251	0.0126455	0.0123033
252	0.0126026	0.0122617
253	0.0125603	0.0122203
254	0.0125185	0.0121797
255	0.0124773	0.0121396
256	0.0124367	0.0121002
257	0.0123968	0.0120614
258	0.0123575	0.0120231
259	0.0123187	0.0119853
260	0.0122804	0.0119481
261	0.0122426	0.0119113
262	0.0122054	0.0118751
263	0.0121687	0.0118397
264	0.0121326	0.0118044
265	0.0120971	0.0117697
266	0.0120619	0.0117357
267	0.0120272	0.0117019
268	0.0119931	0.0116689
269	0.0119594	0.0116362
270	0.0119262	0.0116038
271	0.0118934	0.0115718
272	0.0118611	0.0115406
273	0.0118292	0.0115096
274	0.0117978	0.0114791
275	0.0117669	0.0114489
276	0.0117364	0.0114194
277	0.0117062	0.01139
278	0.0116764	0.0113611
279	0.011647	0.0113325
280	0.0116182	0.0113044
281	0.0115897	0.0112768
282	0.0115614	0.0112494
283	0.0115336	0.0112224
284	0.0115063	0.0111957
285	0.0114792	0.0111696
286	0.0114525	0.0111436
287	0.0114262	0.0111179
288	0.0114002	0.0110927
289	0.0113745	0.0110679
290	0.0113493	0.0110433
291	0.0113242	0.0110191
292	0.0112995	0.0109952
293	0.0112752	0.0109716
294	0.0112513	0.0109483
295	0.0112276	0.0109252
296	0.0112041	0.0109024
297	0.0111811	0.0108801
298	0.0111582	0.010858
299	0.0111357	0.0108362
300	0.0111135	0.0108146
301	0.0110915	0.0107932
302	0.0110699	0.0107722
303	0.0110486	0.0107515
304	0.0110274	0.010731
305	0.0110065	0.0107109
306	0.010986	0.0106909
307	0.0109656	0.0106712
308	0.0109456	0.0106517
309	0.0109257	0.0106325
310	0.0109063	0.0106136
311	0.0108869	0.0105948
312	0.0108678	0.0105763
313	0.0108489	0.010558
314	0.0108302	0.0105399
315	0.0108119	0.0105221
316	0.0107937	0.0105045
317	0.0107757	0.0104871
318	0.010758	0.0104699
319	0.0107405	0.0104529
320	0.0107232	0.0104361
321	0.010706	0.0104195
322	0.0106892	0.0104032
323	0.0106725	0.010387
324	0.010656	0.010371
325	0.0106396	0.0103552
326	0.0106235	0.0103397
327	0.0106077	0.0103241
328	0.0105919	0.010309
329	0.0105763	0.0102939
330	0.0105611	0.010279
331	0.0105458	0.0102644
332	0.0105307	0.0102499
333	0.010516	0.0102355
334	0.0105013	0.0102213
335	0.0104868	0.0102073
336	0.0104725	0.0101934
337	0.0104583	0.0101797
338	0.0104444	0.0101662
339	0.0104306	0.0101527
340	0.0104169	0.0101395
341	0.0104034	0.0101263
342	0.01039	0.0101134
343	0.0103767	0.0101007
344	0.0103637	0.0100881
345	0.0103508	0.0100758
346	0.010338	0.0100632
347	0.0103253	0.010051
348	0.0103128	0.010039
349	0.0103005	0.0100272
350	0.0102881	0.0100152
351	0.0102761	0.0100035
352	0.0102642	0.00999198
353	0.0102523	0.00998047
354	0.0102407	0.00996919
355	0.0102292	0.00995797
356	0.0102176	0.00994688
357	0.0102064	0.00993596
358	0.0101952	0.0099252
359	0.0101841	0.00991447
360	0.0101732	0.00990389
361	0.0101622	0.00989342
362	0.0101516	0.009883
363	0.0101409	0.0098728
364	0.0101304	0.0098627
365	0.01012	0.00985271
366	0.0101098	0.0098427
367	0.0100996	0.00983291
368	0.0100895	0.00982321
369	0.0100795	0.0098136
370	0.0100697	0.00980411
371	0.01006	0.00979472
372	0.0100502	0.00978534
373	0.0100407	0.00977618
374	0.0100312	0.00976709
375	0.0100219	0.00975801
376	0.0100126	0.00974905
377	0.0100035	0.00974018
378	0.00999447	0.00973139
