1	0.149243	0.14444
2	0.144878	0.140248
3	0.1407	0.136235
4	0.136698	0.132403
5	0.132876	0.128746
6	0.129225	0.12525
7	0.125736	0.121899
8	0.122394	0.118695
9	0.119195	0.115632
10	0.116132	0.112702
11	0.113207	0.109891
12	0.110398	0.107194
13	0.107703	0.104603
14	0.105113	0.102116
15	0.102623	0.0997205
16	0.100229	0.0974162
17	0.0979224	0.0951985
18	0.0957018	0.093062
19	0.0935653	0.091006
20	0.091505	0.0890235
21	0.0895203	0.087114
22	0.0876078	0.0852748
23	0.0857648	0.0835008
24	0.0839873	0.0817901
25	0.0822717	0.0801391
26	0.080616	0.0785469
27	0.0790196	0.0770108
28	0.0774784	0.0755278
29	0.0759886	0.0740935
30	0.0745507	0.0727069
31	0.0731608	0.0713697
32	0.0718168	0.0700749
33	0.0705162	0.0688216
34	0.0692594	0.0676096
35	0.068041	0.0664364
36	0.0668618	0.0652996
37	0.0657201	0.0641975
38	0.0646127	0.0631303
39	0.0635394	0.062095
40	0.0624982	0.0610896
41	0.0614893	0.0601139
42	0.0605074	0.0591669
43	0.0595568	0.0582464
44	0.0586304	0.0573529
45	0.0577314	0.0564825
46	0.056857	0.0556368
47	0.0560066	0.0548142
48	0.0551792	0.0540131
49	0.0543722	0.0532329
50	0.0535869	0.0524727
51	0.0528219	0.0517309
52	0.0520774	0.0510084
53	0.0513484	0.0503037
54	0.0506402	0.0496153
55	0.0499471	0.0489439
56	0.049271	0.0482871
57	0.0486107	0.0476452
58	0.0479651	0.0470188
59	0.0473351	0.0464062
60	0.0467182	0.0458071
61	0.0461149	0.0452207
62	0.0455246	0.0446468
63	0.044946	0.0440849
64	0.0443808	0.0435339
65	0.0438269	0.0429955
66	0.043284	0.0424666
67	0.0427517	0.0419486
68	0.042231	0.0414408
69	0.0417196	0.0409431
70	0.0412183	0.0404543
71	0.0407264	0.0399737
72	0.0402442	0.0395035
73	0.0397698	0.0390412
74	0.0393048	0.0385882
75	0.0388484	0.0381428
76	0.0384	0.0377054
77	0.0379593	0.0372754
78	0.0375272	0.0368527
79	0.0371019	0.0364381
80	0.036684	0.03603
81	0.0362734	0.0356286
82	0.0358695	0.0352339
83	0.0354728	0.0348461
84	0.0350824	0.0344651
85	0.0346986	0.03409
86	0.0343208	0.0337216
87	0.0339502	0.0333586
88	0.0335852	0.0330014
89	0.033225	0.0326497
90	0.0328718	0.0323043
91	0.0325238	0.0319644
92	0.0321819	0.0316297
93	0.0318447	0.0312996
94	0.031513	0.0309756
95	0.031187	0.0306562
96	0.0308657	0.0303422
97	0.0305499	0.0300334
98	0.0302384	0.0297289
99	0.029932	0.0294294
100	0.0296307	0.029134
101	0.0293339	0.028844
102	0.0290421	0.0285579
103	0.0287545	0.0282764
104	0.0284713	0.0279991
105	0.0281924	0.0277268
106	0.0279184	0.0274579
107	0.0276477	0.0271936
108	0.027382	0.026933
109	0.0271196	0.026677
110	0.0268618	0.0264246
111	0.026608	0.0261763
112	0.0263584	0.0259323
113	0.0261121	0.025691
114	0.0258705	0.0254537
115	0.0256315	0.0252203
116	0.0253967	0.0249905
117	0.0251657	0.0247644
118	0.024938	0.024542
119	0.0247139	0.024323
120	0.0244938	0.0241069
121	0.0242762	0.0238944
122	0.0240629	0.023685
123	0.0238525	0.023479
124	0.0236451	0.0232762
125	0.0234411	0.0230763
126	0.0232403	0.02288
127	0.0230428	0.0226868
128	0.0228482	0.0224965
129	0.0226567	0.0223087
130	0.0224679	0.0221241
131	0.0222826	0.0219428
132	0.0220999	0.0217637
133	0.0219198	0.021588
134	0.0217429	0.0214145
135	0.0215685	0.021244
136	0.0213971	0.0210757
137	0.0212285	0.0209108
138	0.0210619	0.0207479
139	0.0208985	0.0205879
140	0.0207373	0.0204305
141	0.0205789	0.0202754
142	0.0204225	0.0201226
143	0.020269	0.0199718
144	0.0201177	0.0198239
145	0.019969	0.0196784
146	0.0198227	0.0195348
147	0.0196783	0.0193939
148	0.0195364	0.0192545
149	0.0193965	0.0191178
150	0.0192588	0.0189832
151	0.0191235	0.0188506
152	0.01899	0.0187201
153	0.0188588	0.0185915
154	0.0187298	0.018465
155	0.0186028	0.0183408
156	0.0184775	0.0182182
157	0.0183543	0.0180975
158	0.018233	0.0179789
159	0.0181136	0.0178618
160	0.0179961	0.0177465
161	0.0178806	0.0176334
162	0.0177663	0.0175217
163	0.017654	0.0174121
164	0.0175438	0.0173038
165	0.017435	0.0171975
166	0.0173281	0.0170929
167	0.0172227	0.0169897
168	0.0171191	0.0168879
169	0.0170169	0.016788
170	0.016916	0.0166893
171	0.0168172	0.0165925
172	0.0167198	0.0164969
173	0.0166236	0.0164028
174	0.0165293	0.0163103
175	0.0164361	0.016219
176	0.0163444	0.0161294
177	0.0162543	0.0160409
178	0.0161655	0.0159535
179	0.016078	0.015868
180	0.0159916	0.0157836
181	0.0159066	0.0157003
182	0.015823	0.0156184
183	0.0157407	0.0155379
184	0.0156596	0.0154584
185	0.0155795	0.0153801
186	0.015501	0.015303
187	0.0154236	0.0152268
188	0.0153471	0.015152
189	0.015272	0.0150785
190	0.0151979	0.0150058
191	0.015125	0.0149342
192	0.0150528	0.014864
193	0.0149823	0.0147945
194	0.0149122	0.0147261
195	0.0148435	0.0146588
196	0.0147759	0.0145922
197	0.0147093	0.0145268
198	0.0146434	0.0144623
199	0.0145786	0.0143989
200	0.0145148	0.0143365
201	0.0144517	0.0142746
202	0.0143897	0.0142139
203	0.0143287	0.0141541
204	0.0142688	0.014095
205	0.0142093	0.0140368
206	0.0141507	0.0139796
207	0.0140929	0.013923
208	0.0140363	0.0138671
209	0.0139803	0.0138124
210	0.0139253	0.0137584
211	0.0138709	0.0137048
212	0.0138172	0.0136523
213	0.0137642	0.0136004
214	0.0137122	0.0135494
215	0.0136608	0.0134989
216	0.0136102	0.0134492
217	0.0135602	0.0134002
218	0.0135109	0.0133519
219	0.0134624	0.0133043
220	0.0134145	0.0132572
221	0.0133673	0.0132109
222	0.013321	0.0131653
223	0.0132749	0.0131203
224	0.0132296	0.0130758
225	0.013185	0.0130318
226	0.0131408	0.0129888
227	0.0130976	0.012946
228	0.0130546	0.0129041
229	0.0130124	0.0128626
230	0.0129705	0.0128216
231	0.0129295	0.0127812
232	0.012889	0.0127412
233	0.0128488	0.012702
234	0.0128093	0.0126634
235	0.0127704	0.0126251
236	0.012732	0.0125874
237	0.012694	0.01255
238	0.0126565	0.0125133
239	0.0126196	0.012477
240	0.0125832	0.0124412
241	0.012547	0.0124059
242	0.0125117	0.012371
243	0.0124766	0.0123366
244	0.0124421	0.0123026
245	0.012408	0.0122691
246	0.0123744	0.0122361
247	0.012341	0.0122033
248	0.0123082	0.0121711
249	0.0122759	0.0121391
250	0.0122438	0.0121079
251	0.0122122	0.0120768
252	0.0121809	0.012046
253	0.0121502	0.0120158
254	0.0121199	0.0119859
255	0.0120899	0.0119564
256	0.0120602	0.0119274
257	0.0120309	0.0118984
258	0.0120019	0.01187
259	0.0119733	0.0118421
260	0.0119453	0.0118144
261	0.0119174	0.011787
262	0.0118901	0.0117599
263	0.0118628	0.0117332
264	0.011836	0.0117067
265	0.0118095	0.0116808
266	0.0117833	0.0116552
267	0.0117573	0.0116298
268	0.0117318	0.0116045
269	0.0117064	0.0115797
270	0.0116816	0.0115551
271	0.011657	0.0115307
272	0.0116325	0.0115068
273	0.0116086	0.0114832
274	0.0115846	0.0114597
275	0.0115612	0.0114365
276	0.0115378	0.0114137
277	0.011515	0.0113911
278	0.0114924	0.0113687
279	0.0114699	0.0113466
280	0.0114477	0.0113247
281	0.0114259	0.0113031
282	0.011404	0.0112819
283	0.0113826	0.0112609
284	0.0113615	0.0112399
285	0.0113406	0.0112193
286	0.0113199	0.0111989
287	0.0112992	0.0111787
288	0.0112791	0.0111589
289	0.011259	0.0111391
290	0.0112395	0.0111196
291	0.0112197	0.0111004
292	0.0112002	0.0110812
293	0.0111811	0.0110624
294	0.0111623	0.0110437
295	0.0111435	0.0110253
296	0.0111252	0.0110071
297	0.0111067	0.010989
298	0.0110886	0.0109712
299	0.0110707	0.0109534
300	0.0110529	0.0109361
301	0.0110352	0.0109188
302	0.011018	0.0109018
303	0.011001	0.0108846
304	0.0109839	0.010868
305	0.010967	0.0108514
306	0.0109503	0.010835
307	0.0109339	0.0108188
308	0.0109175	0.0108027
309	0.0109016	0.0107868
310	0.0108854	0.0107711
311	0.0108697	0.0107555
312	0.010854	0.0107402
313	0.0108386	0.0107248
314	0.0108233	0.0107097
315	0.0108081	0.0106949
316	0.0107929	0.0106801
317	0.0107781	0.0106654
318	0.0107635	0.0106509
319	0.0107488	0.0106365
320	0.0107346	0.0106222
321	0.0107202	0.0106081
322	0.010706	0.0105942
323	0.0106921	0.0105803
324	0.0106784	0.0105667
325	0.0106646	0.0105533
326	0.0106509	0.0105399
327	0.0106376	0.0105265
328	0.0106243	0.0105133
329	0.0106108	0.0105003
330	0.0105978	0.0104873
331	0.0105849	0.0104745
332	0.0105721	0.0104618
333	0.0105594	0.0104492
334	0.0105468	0.0104369
335	0.0105343	0.0104245
336	0.0105219	0.0104123
337	0.0105095	0.0104002
338	0.0104976	0.0103882
339	0.0104856	0.0103763
340	0.0104737	0.0103645
341	0.0104618	0.0103528
342	0.0104502	0.0103414
343	0.0104385	0.01033
344	0.010427	0.0103187
345	0.0104157	0.0103074
346	0.0104043	0.0102962
347	0.0103933	0.0102852
348	0.0103822	0.0102744
349	0.0103712	0.0102635
350	0.0103602	0.0102527
351	0.0103493	0.010242
352	0.0103387	0.0102314
353	0.0103281	0.0102209
354	0.0103176	0.0102105
355	0.0103073	0.0102003
356	0.0102968	0.01019
357	0.0102866	0.0101799
358	0.0102765	0.0101698
359	0.0102664	0.0101598
360	0.0102562	0.0101499
361	0.0102465	0.0101402
362	0.0102365	0.0101304
363	0.0102269	0.0101208
364	0.0102173	0.0101112
365	0.0102076	0.0101018
366	0.0101982	0.0100924
367	0.0101887	0.010083
368	0.0101794	0.0100738
369	0.0101701	0.0100647
370	0.0101609	0.0100556
371	0.0101518	0.0100465
372	0.0101427	0.0100377
373	0.0101337	0.0100287
374	0.0101248	0.0100198
375	0.010116	0.0100111
376	0.0101072	0.0100024
377	0.0100985	0.00999373
378	0.0100899	0.00998528
379	0.0100813	0.00997688
380	0.0100728	0.00996848
381	0.0100643	0.00996003
382	0.010056	0.00995172
383	0.0100477	0.00994352
384	0.0100394	0.00993543
385	0.0100313	0.00992745
386	0.0100231	0.00991939
387	0.0100151	0.00991137
388	0.0100069	0.00990337
389	0.00999894	0.00989542
