1	0.12972	0.125933
2	0.125673	0.122082
3	0.121843	0.118405
4	0.118185	0.114909
5	0.114705	0.111563
6	0.111373	0.108378
7	0.1082	0.105339
8	0.105171	0.102429
9	0.10227	0.0996441
10	0.0994929	0.096981
11	0.0968367	0.0944349
12	0.0942965	0.0920021
13	0.0918694	0.0896778
14	0.0895494	0.0874571
15	0.0873332	0.0853357
16	0.0852151	0.0833079
17	0.0831899	0.0813738
18	0.0812581	0.0795242
19	0.07941	0.0777545
20	0.0776413	0.0760593
21	0.0759473	0.0744353
22	0.0743235	0.0728778
23	0.0727655	0.0713831
24	0.0712711	0.0699475
25	0.0698352	0.0685678
26	0.0684546	0.0672404
27	0.0671261	0.0659624
28	0.065847	0.064731
29	0.0646146	0.0635437
30	0.0634263	0.0623979
31	0.0622784	0.0612907
32	0.0611701	0.0602209
33	0.0600984	0.0591858
34	0.0590619	0.0581842
35	0.058058	0.0572137
36	0.0570858	0.0562728
37	0.0561429	0.0553604
38	0.0552285	0.0544745
39	0.0543409	0.0536141
40	0.0534785	0.0527781
41	0.0526401	0.0519651
42	0.0518253	0.0511742
43	0.0510323	0.0504042
44	0.0502603	0.0496545
45	0.0495084	0.048924
46	0.0487758	0.048212
47	0.0480617	0.0475176
48	0.0473651	0.04684
49	0.0466854	0.0461785
50	0.0460221	0.0455329
51	0.0453743	0.044902
52	0.0447414	0.0442857
53	0.0441233	0.0436834
54	0.0435189	0.0430943
55	0.0429279	0.0425182
56	0.0423499	0.0419547
57	0.0417841	0.0414029
58	0.0412307	0.0408629
59	0.040689	0.0403343
60	0.0401586	0.0398164
61	0.039639	0.0393093
62	0.03913	0.0388124
63	0.0386313	0.0383251
64	0.0381426	0.0378476
65	0.0376636	0.0373798
66	0.037194	0.0369207
67	0.0367335	0.0364705
68	0.0362817	0.036029
69	0.0358387	0.0355958
70	0.0354042	0.0351706
71	0.0349777	0.0347536
72	0.0345591	0.0343442
73	0.0341484	0.0339423
74	0.0337453	0.0335478
75	0.0333496	0.0331604
76	0.0329611	0.0327801
77	0.0325796	0.0324065
78	0.0322049	0.0320398
79	0.0318372	0.0316794
80	0.0314756	0.0313255
81	0.0311209	0.0309779
82	0.0307721	0.0306364
83	0.0304297	0.0303008
84	0.0300931	0.0299711
85	0.0297626	0.029647
86	0.0294378	0.0293287
87	0.0291186	0.0290159
88	0.0288049	0.0287084
89	0.0284968	0.0284062
90	0.0281938	0.0281092
91	0.0278961	0.0278172
92	0.0276033	0.0275302
93	0.0273159	0.027248
94	0.0270333	0.0269708
95	0.0267554	0.0266982
96	0.0264822	0.0264303
97	0.0262138	0.0261669
98	0.0259497	0.0259079
99	0.0256903	0.0256533
100	0.0254352	0.0254029
101	0.0251845	0.0251567
102	0.024938	0.0249148
103	0.0246955	0.0246769
104	0.0244573	0.024443
105	0.024223	0.0242129
106	0.0239927	0.0239868
107	0.0237661	0.0237643
108	0.0235435	0.0235456
109	0.0233245	0.0233306
110	0.0231093	0.0231191
111	0.0228976	0.0229112
112	0.0226895	0.0227067
113	0.0224848	0.0225057
114	0.0222835	0.0223079
115	0.0220857	0.0221135
116	0.021891	0.0219223
117	0.0216997	0.0217342
118	0.0215115	0.0215493
119	0.0213264	0.0213674
120	0.0211446	0.0211885
121	0.0209656	0.0210127
122	0.0207896	0.0208396
123	0.0206165	0.0206695
124	0.0204464	0.0205022
125	0.020279	0.0203376
126	0.0201144	0.0201758
127	0.0199526	0.0200165
128	0.0197933	0.01986
129	0.0196367	0.0197059
130	0.0194828	0.0195545
131	0.0193313	0.0194055
132	0.0191823	0.0192589
133	0.0190358	0.0191148
134	0.0188917	0.018973
135	0.0187499	0.0188336
136	0.0186106	0.0186965
137	0.0184733	0.0185614
138	0.0183386	0.0184288
139	0.0182058	0.0182981
140	0.0180753	0.0181697
141	0.017947	0.0180433
142	0.0178207	0.017919
143	0.0176964	0.0177968
144	0.0175742	0.0176764
145	0.017454	0.0175581
146	0.0173357	0.0174416
147	0.0172193	0.017327
148	0.0171048	0.0172143
149	0.0169922	0.0171034
150	0.0168814	0.0169942
151	0.0167723	0.0168868
152	0.0166651	0.0167812
153	0.0165595	0.0166772
154	0.0164556	0.016575
155	0.0163535	0.0164743
156	0.0162529	0.0163752
157	0.0161539	0.0162777
158	0.0160566	0.0161818
159	0.0159607	0.0160873
160	0.0158664	0.0159945
161	0.0157735	0.015903
162	0.0156821	0.015813
163	0.0155923	0.0157244
164	0.0155038	0.0156372
165	0.0154167	0.0155513
166	0.015331	0.0154668
167	0.0152466	0.0153837
168	0.0151636	0.0153018
169	0.0150818	0.0152212
170	0.0150014	0.0151419
171	0.0149221	0.0150638
172	0.0148441	0.0149869
173	0.0147673	0.0149112
174	0.0146918	0.0148367
175	0.0146174	0.0147633
176	0.0145441	0.014691
177	0.0144719	0.0146199
178	0.0144009	0.0145499
179	0.014331	0.0144809
180	0.0142621	0.014413
181	0.0141943	0.014346
182	0.0141275	0.0142802
183	0.0140617	0.0142153
184	0.0139969	0.0141515
185	0.0139331	0.0140885
186	0.0138703	0.0140265
187	0.0138084	0.0139654
188	0.0137474	0.0139054
189	0.0136875	0.0138461
190	0.0136283	0.0137878
191	0.0135701	0.0137303
192	0.0135127	0.0136736
193	0.0134561	0.0136178
194	0.0134004	0.0135629
195	0.0133456	0.0135088
196	0.0132915	0.0134554
197	0.0132383	0.0134029
198	0.0131858	0.0133511
199	0.0131341	0.0133001
200	0.0130832	0.0132498
201	0.013033	0.0132002
202	0.0129835	0.0131514
203	0.0129348	0.0131032
204	0.0128867	0.0130559
205	0.0128394	0.0130091
206	0.0127927	0.012963
207	0.0127467	0.0129176
208	0.0127014	0.0128728
209	0.0126567	0.0128287
210	0.0126127	0.0127853
211	0.0125692	0.0127424
212	0.0125264	0.0127001
213	0.0124843	0.0126585
214	0.0124427	0.0126174
215	0.0124016	0.0125768
216	0.0123612	0.0125369
217	0.0123214	0.0124976
218	0.012282	0.0124587
219	0.0122433	0.0124205
220	0.0122051	0.0123827
221	0.0121674	0.0123455
222	0.0121302	0.0123088
223	0.0120936	0.0122726
224	0.0120575	0.0122369
225	0.0120218	0.0122017
226	0.0119867	0.012167
227	0.011952	0.0121327
228	0.0119178	0.0120989
229	0.0118841	0.0120655
230	0.0118508	0.0120327
231	0.0118179	0.0120003
232	0.0117856	0.0119683
233	0.0117537	0.0119367
234	0.0117221	0.0119056
235	0.0116911	0.0118749
236	0.0116604	0.0118445
237	0.0116301	0.0118146
238	0.0116002	0.0117851
239	0.0115708	0.011756
240	0.0115417	0.0117272
241	0.011513	0.0116988
242	0.0114847	0.0116709
243	0.0114567	0.0116433
244	0.0114291	0.011616
245	0.011402	0.0115891
246	0.0113751	0.0115625
247	0.0113485	0.0115363
248	0.0113224	0.0115104
249	0.0112965	0.0114849
250	0.011271	0.0114597
251	0.0112458	0.0114348
252	0.011221	0.0114102
253	0.0111965	0.011386
254	0.0111722	0.011362
255	0.0111483	0.0113383
256	0.0111247	0.011315
257	0.0111014	0.011292
258	0.0110784	0.0112692
259	0.0110557	0.0112467
260	0.0110332	0.0112245
261	0.011011	0.0112026
262	0.0109891	0.0111809
263	0.0109675	0.0111595
264	0.0109462	0.0111384
265	0.010925	0.0111175
266	0.0109042	0.0110969
267	0.0108836	0.0110765
268	0.0108633	0.0110565
269	0.0108432	0.0110366
270	0.0108234	0.011017
271	0.0108038	0.0109976
272	0.0107844	0.0109784
273	0.0107653	0.0109595
274	0.0107464	0.0109408
275	0.0107277	0.0109223
276	0.0107093	0.0109041
277	0.0106911	0.010886
278	0.010673	0.0108682
279	0.0106552	0.0108506
280	0.0106377	0.0108332
281	0.0106203	0.010816
282	0.0106031	0.010799
283	0.0105862	0.0107822
284	0.0105693	0.0107656
285	0.0105528	0.0107492
286	0.0105363	0.0107329
287	0.0105202	0.0107169
288	0.0105042	0.0107011
289	0.0104883	0.0106854
290	0.0104727	0.0106699
291	0.0104572	0.0106546
292	0.0104419	0.0106394
293	0.0104268	0.0106244
294	0.0104118	0.0106097
295	0.010397	0.010595
296	0.0103824	0.0105805
297	0.010368	0.0105663
298	0.0103537	0.0105521
299	0.0103395	0.0105381
300	0.0103256	0.0105242
301	0.0103118	0.0105106
302	0.0102981	0.0104971
303	0.0102846	0.0104836
304	0.0102712	0.0104704
305	0.010258	0.0104573
306	0.0102449	0.0104444
307	0.010232	0.0104315
308	0.0102192	0.0104188
309	0.0102065	0.0104063
310	0.010194	0.0103939
311	0.0101816	0.0103816
312	0.0101693	0.0103695
313	0.0101571	0.0103575
314	0.0101452	0.0103456
315	0.0101333	0.0103338
316	0.0101216	0.0103222
317	0.0101099	0.0103107
318	0.0100984	0.0102993
319	0.0100871	0.010288
320	0.0100758	0.0102768
321	0.0100646	0.0102658
322	0.0100536	0.0102548
323	0.0100427	0.010244
324	0.0100319	0.0102333
325	0.0100212	0.0102227
326	0.0100106	0.0102122
327	0.0100001	0.0102018
328	0.00998977	0.0101916
