1	0.234735	0.22491
2	0.224201	0.215145
3	0.214527	0.206145
4	0.205609	0.1979
5	0.197436	0.190317
6	0.189914	0.183418
7	0.183069	0.17711
8	0.176806	0.171376
9	0.171111	0.166102
10	0.165867	0.161261
11	0.161049	0.156796
12	0.156602	0.152669
13	0.15249	0.148811
14	0.148642	0.145189
15	0.145028	0.141774
16	0.141617	0.138523
17	0.138369	0.135447
18	0.135295	0.132513
19	0.132361	0.12971
20	0.129558	0.127031
21	0.126877	0.124452
22	0.124296	0.121967
23	0.121809	0.119569
24	0.119409	0.117259
25	0.117096	0.115031
26	0.114866	0.112876
27	0.112708	0.110789
28	0.110618	0.108765
29	0.108591	0.106802
30	0.106625	0.104896
31	0.104718	0.103047
32	0.102866	0.101251
33	0.101068	0.0995043
34	0.0993201	0.0978084
35	0.0976225	0.0961573
36	0.0959707	0.0945524
37	0.0943651	0.0929927
38	0.092804	0.0914744
39	0.0912858	0.0899975
40	0.0898098	0.0885608
41	0.0883728	0.0871625
42	0.0869752	0.0858012
43	0.0856148	0.0844772
44	0.0842918	0.0831871
45	0.0830028	0.0819308
46	0.0817482	0.0807067
47	0.0805259	0.0795153
48	0.0793364	0.0783547
49	0.0781782	0.0772244
50	0.0770495	0.0761219
51	0.0759496	0.0750478
52	0.074878	0.0740017
53	0.0738346	0.0729818
54	0.0728178	0.071988
55	0.0718267	0.0710193
56	0.0708608	0.0700749
57	0.0699202	0.0691544
58	0.0690031	0.0682566
59	0.0681089	0.0673822
60	0.0672378	0.0665294
61	0.0663885	0.0656979
62	0.0655607	0.0648867
63	0.0647536	0.0640966
64	0.063967	0.0633268
65	0.0632011	0.0625757
66	0.062454	0.0618435
67	0.061726	0.0611297
68	0.0610159	0.0604334
69	0.0603238	0.0597546
70	0.059649	0.0590924
71	0.0589909	0.0584469
72	0.0583493	0.0578178
73	0.0577245	0.0572041
74	0.057115	0.0566057
75	0.0565204	0.0560223
76	0.055941	0.0554532
77	0.0553759	0.0548983
78	0.0548251	0.0543575
79	0.0542883	0.0538308
80	0.0537657	0.0533173
81	0.0532559	0.0528159
82	0.0527587	0.0523272
83	0.0522737	0.0518498
84	0.0518004	0.0513845
85	0.0513386	0.0509298
86	0.0508877	0.0504864
87	0.0504481	0.0500537
88	0.0500189	0.0496312
89	0.0495999	0.0492188
90	0.049191	0.0488157
91	0.048792	0.0484225
92	0.0484019	0.0480386
93	0.0480219	0.0476638
94	0.0476502	0.047298
95	0.0472877	0.0469403
96	0.0469336	0.0465912
97	0.0465878	0.04625
98	0.0462501	0.0459165
99	0.0459199	0.0455909
100	0.0455972	0.0452725
101	0.0452821	0.0449619
102	0.0449745	0.0446584
103	0.0446737	0.0443614
104	0.0443797	0.044071
105	0.0440927	0.0437873
106	0.0438117	0.0435098
107	0.043537	0.0432385
108	0.0432685	0.0429732
109	0.043006	0.0427136
110	0.0427491	0.0424597
111	0.042498	0.0422111
112	0.0422522	0.0419685
113	0.0420118	0.0417305
114	0.0417766	0.041498
115	0.0415464	0.04127
116	0.0413212	0.0410472
117	0.0411007	0.0408292
118	0.0408847	0.0406154
119	0.0406737	0.0404064
120	0.0404668	0.0402017
121	0.0402644	0.0400009
122	0.0400661	0.0398045
123	0.0398721	0.039612
124	0.0396817	0.0394236
125	0.0394951	0.0392391
126	0.0393127	0.0390583
127	0.0391339	0.0388807
128	0.0389584	0.0387072
129	0.0387868	0.0385367
130	0.0386184	0.0383697
131	0.0384532	0.038206
132	0.0382914	0.0380453
133	0.0381326	0.0378878
134	0.0379769	0.0377335
135	0.0378244	0.0375819
136	0.0376746	0.0374335
137	0.0375279	0.0372878
138	0.0373837	0.0371447
139	0.0372424	0.0370043
140	0.0371037	0.0368665
141	0.0369675	0.0367312
142	0.0368339	0.0365988
143	0.0367027	0.0364684
144	0.0365742	0.0363404
145	0.0364477	0.0362148
146	0.0363235	0.0360914
147	0.0362015	0.0359702
148	0.0360818	0.0358513
149	0.0359642	0.0357342
150	0.0358487	0.0356193
151	0.0357353	0.0355065
152	0.0356235	0.0353954
153	0.0355139	0.0352865
154	0.0354062	0.0351793
155	0.0353004	0.0350739
156	0.0351963	0.0349703
157	0.0350938	0.0348683
158	0.0349933	0.0347682
159	0.0348942	0.0346698
160	0.0347969	0.0345729
161	0.0347011	0.0344775
162	0.0346071	0.0343839
163	0.0345146	0.0342916
164	0.0344232	0.0342009
165	0.0343338	0.0341118
166	0.0342456	0.0340237
167	0.0341589	0.0339373
168	0.0340733	0.0338522
169	0.0339893	0.0337684
170	0.0339065	0.0336862
171	0.0338251	0.0336048
172	0.033745	0.0335249
173	0.033666	0.0334464
174	0.0335884	0.0333687
175	0.0335118	0.0332926
176	0.0334365	0.0332175
177	0.0333623	0.0331433
178	0.0332892	0.0330705
179	0.0332171	0.0329986
180	0.033146	0.0329278
181	0.0330765	0.0328582
182	0.0330076	0.0327896
183	0.0329397	0.0327219
184	0.0328729	0.0326552
185	0.0328071	0.0325897
186	0.0327422	0.0325248
187	0.0326782	0.0324609
188	0.0326151	0.0323981
189	0.032553	0.0323359
190	0.0324917	0.0322748
191	0.0324314	0.0322145
192	0.0323717	0.0321552
193	0.032313	0.0320965
194	0.0322551	0.0320389
195	0.0321981	0.0319817
196	0.0321417	0.0319255
197	0.0320861	0.03187
198	0.0320313	0.0318153
199	0.0319772	0.0317612
200	0.0319238	0.0317078
201	0.0318712	0.0316553
202	0.0318194	0.0316034
203	0.0317681	0.0315522
204	0.0317177	0.0315018
205	0.0316678	0.0314519
206	0.0316186	0.0314028
207	0.03157	0.0313543
208	0.0315222	0.0313065
209	0.031475	0.0312593
210	0.0314283	0.0312125
211	0.0313821	0.0311667
212	0.0313369	0.0311213
213	0.0312919	0.0310762
214	0.0312475	0.0310319
215	0.0312037	0.0309882
216	0.0311606	0.0309449
217	0.0311179	0.0309022
218	0.0310756	0.0308601
219	0.0310341	0.0308184
220	0.0309929	0.0307773
221	0.0309523	0.0307366
222	0.0309121	0.0306966
223	0.0308726	0.0306568
224	0.0308334	0.0306177
225	0.0307946	0.0305789
226	0.0307564	0.0305408
227	0.0307185	0.0305029
228	0.0306811	0.0304655
229	0.0306444	0.0304285
230	0.0306078	0.0303922
231	0.0305719	0.030356
232	0.0305363	0.0303204
233	0.0305011	0.0302852
234	0.0304662	0.0302502
235	0.030432	0.0302157
236	0.030398	0.0301818
237	0.0303642	0.0301482
238	0.030331	0.0301149
239	0.0302982	0.0300822
240	0.0302656	0.0300496
241	0.0302337	0.0300173
242	0.0302018	0.0299855
243	0.0301705	0.029954
244	0.0301393	0.0299231
245	0.0301087	0.0298921
246	0.0300782	0.0298617
247	0.030048	0.0298316
248	0.0300184	0.0298019
249	0.029989	0.0297725
250	0.0299598	0.0297434
251	0.0299311	0.0297144
252	0.0299029	0.0296859
253	0.0298747	0.0296578
254	0.0298468	0.0296298
255	0.0298192	0.0296022
256	0.0297918	0.0295749
257	0.0297649	0.0295479
258	0.0297383	0.0295212
259	0.0297119	0.0294946
260	0.0296856	0.0294685
261	0.0296596	0.0294424
262	0.0296341	0.0294168
263	0.0296088	0.0293913
264	0.0295837	0.0293662
265	0.0295589	0.0293414
266	0.0295343	0.0293168
267	0.0295099	0.0292924
268	0.0294858	0.0292682
269	0.0294621	0.0292443
270	0.0294385	0.0292207
271	0.0294149	0.0291973
272	0.029392	0.0291739
273	0.0293691	0.029151
274	0.0293463	0.0291283
275	0.0293237	0.0291059
276	0.0293016	0.0290835
277	0.0292794	0.0290614
278	0.0292578	0.0290395
279	0.029236	0.0290178
280	0.0292147	0.0289965
281	0.0291936	0.0289752
282	0.0291726	0.0289541
283	0.0291518	0.0289332
284	0.0291313	0.0289126
285	0.0291109	0.0288922
286	0.0290907	0.028872
287	0.0290706	0.0288519
288	0.0290509	0.028832
289	0.0290311	0.0288122
290	0.0290117	0.0287927
291	0.0289924	0.0287733
292	0.0289734	0.0287543
293	0.0289545	0.0287354
294	0.0289358	0.0287164
295	0.0289171	0.0286977
296	0.0288987	0.0286793
297	0.0288804	0.028661
298	0.0288623	0.0286431
299	0.0288445	0.028625
300	0.0288266	0.0286072
301	0.0288091	0.0285895
302	0.0287918	0.0285721
303	0.0287744	0.0285547
304	0.0287573	0.0285374
305	0.0287403	0.0285204
306	0.0287234	0.0285036
307	0.0287067	0.0284867
308	0.0286902	0.0284703
309	0.0286738	0.0284538
310	0.0286576	0.0284373
311	0.0286415	0.0284213
312	0.0286254	0.0284053
313	0.0286095	0.0283893
314	0.028594	0.0283736
315	0.0285785	0.0283579
316	0.028563	0.0283424
317	0.0285477	0.0283271
318	0.0285326	0.0283118
319	0.0285175	0.0282968
320	0.0285026	0.0282818
321	0.0284877	0.028267
322	0.0284729	0.0282522
323	0.0284584	0.0282376
324	0.0284442	0.028223
325	0.0284296	0.0282088
326	0.0284154	0.0281945
327	0.0284015	0.0281804
328	0.0283876	0.0281664
329	0.0283736	0.0281524
330	0.02836	0.0281387
331	0.0283461	0.0281249
332	0.0283328	0.0281113
333	0.0283193	0.0280979
334	0.0283059	0.0280845
335	0.0282928	0.0280713
336	0.0282798	0.0280581
337	0.0282667	0.0280451
338	0.0282539	0.0280321
339	0.028241	0.0280193
340	0.0282283	0.0280066
341	0.0282157	0.0279939
342	0.0282032	0.0279814
343	0.0281908	0.0279689
344	0.0281784	0.0279567
345	0.0281665	0.0279444
346	0.0281543	0.0279321
347	0.0281423	0.02792
348	0.0281304	0.0279082
349	0.0281185	0.0278962
350	0.0281067	0.0278845
351	0.0280951	0.0278728
352	0.0280835	0.0278611
353	0.028072	0.0278497
354	0.0280606	0.0278382
355	0.0280493	0.0278269
356	0.028038	0.0278155
357	0.0280268	0.0278044
358	0.0280157	0.0277931
359	0.0280049	0.0277823
360	0.027994	0.0277712
361	0.027983	0.0277605
362	0.0279725	0.0277498
363	0.027962	0.027739
364	0.0279513	0.0277284
365	0.0279407	0.0277179
366	0.0279303	0.0277076
367	0.02792	0.027697
368	0.0279097	0.0276867
369	0.0278995	0.0276766
370	0.0278895	0.0276662
371	0.0278793	0.0276561
372	0.0278694	0.0276462
373	0.0278594	0.0276363
374	0.0278495	0.0276263
375	0.0278398	0.0276166
376	0.0278302	0.0276068
377	0.0278206	0.0275971
378	0.0278109	0.0275875
379	0.0278015	0.027578
380	0.0277921	0.0275685
381	0.0277827	0.0275591
382	0.0277734	0.0275497
383	0.0277641	0.0275406
384	0.027755	0.0275312
385	0.0277458	0.027522
386	0.0277367	0.027513
387	0.0277277	0.0275039
388	0.0277187	0.0274952
389	0.02771	0.0274862
390	0.0277011	0.0274772
391	0.0276923	0.0274685
392	0.0276837	0.0274599
393	0.0276752	0.0274511
394	0.0276664	0.0274424
395	0.0276579	0.0274339
396	0.0276495	0.0274253
397	0.0276412	0.0274169
398	0.0276328	0.0274086
399	0.0276245	0.0274002
400	0.0276162	0.0273919
401	0.0276081	0.0273836
402	0.0275999	0.0273755
403	0.0275917	0.0273674
404	0.0275837	0.0273593
405	0.0275758	0.0273512
406	0.0275678	0.0273433
407	0.0275599	0.0273354
408	0.027552	0.0273276
409	0.0275443	0.0273197
410	0.0275366	0.0273119
411	0.0275289	0.0273043
412	0.0275212	0.0272966
413	0.0275137	0.0272891
414	0.027506	0.0272815
415	0.0274986	0.0272739
416	0.0274912	0.0272664
417	0.0274838	0.0272591
418	0.0274765	0.0272517
419	0.027469	0.0272442
420	0.0274618	0.0272368
421	0.0274545	0.0272297
422	0.0274474	0.0272225
423	0.0274403	0.0272153
424	0.0274332	0.0272082
425	0.0274261	0.0272012
426	0.0274191	0.0271942
427	0.0274121	0.0271872
428	0.0274052	0.0271802
429	0.0273983	0.0271733
430	0.0273915	0.0271664
431	0.0273847	0.0271596
432	0.027378	0.0271528
433	0.0273713	0.0271461
434	0.0273646	0.0271393
435	0.0273579	0.0271327
436	0.0273513	0.0271259
437	0.0273449	0.0271196
438	0.0273382	0.0271129
439	0.0273318	0.0271064
440	0.0273252	0.0270999
441	0.0273188	0.0270935
442	0.0273125	0.027087
443	0.0273062	0.0270807
444	0.0273	0.0270744
445	0.0272937	0.0270681
446	0.0272875	0.0270619
447	0.0272813	0.0270557
448	0.0272751	0.0270496
449	0.0272691	0.0270434
450	0.0272627	0.0270372
451	0.0272568	0.0270312
452	0.0272509	0.0270251
453	0.0272449	0.027019
454	0.0272389	0.0270131
455	0.0272329	0.0270071
456	0.027227	0.0270014
457	0.0272213	0.0269954
458	0.0272155	0.0269896
459	0.0272096	0.0269838
460	0.0272038	0.026978
461	0.0271981	0.0269723
462	0.0271924	0.0269665
463	0.0271869	0.0269609
464	0.0271813	0.0269552
465	0.0271757	0.0269495
466	0.0271701	0.026944
467	0.0271644	0.0269383
468	0.027159	0.0269329
469	0.0271534	0.0269274
470	0.027148	0.0269219
471	0.0271427	0.0269165
472	0.0271372	0.026911
473	0.0271319	0.0269057
474	0.0271266	0.0269003
475	0.0271213	0.0268951
476	0.0271159	0.0268898
477	0.0271108	0.0268845
478	0.0271056	0.0268793
479	0.0271004	0.0268741
480	0.0270951	0.0268689
481	0.0270899	0.0268637
482	0.0270849	0.0268586
483	0.02708	0.0268535
484	0.0270748	0.0268484
485	0.0270698	0.0268434
486	0.0270647	0.0268384
487	0.0270599	0.0268333
488	0.0270547	0.0268284
489	0.0270499	0.0268235
490	0.0270449	0.0268184
491	0.0270402	0.0268137
492	0.0270352	0.0268088
493	0.0270305	0.026804
494	0.0270257	0.0267991
495	0.027021	0.0267943
496	0.0270161	0.0267895
497	0.0270114	0.0267848
498	0.0270066	0.0267801
499	0.0270021	0.0267755
500	0.0269973	0.0267708
501	0.0269927	0.0267661
502	0.0269881	0.0267615
503	0.0269835	0.0267568
504	0.0269789	0.0267523
505	0.0269744	0.0267477
506	0.0269699	0.0267432
507	0.0269655	0.0267388
508	0.0269609	0.0267342
509	0.0269567	0.0267297
510	0.0269521	0.0267252
511	0.0269475	0.0267209
512	0.0269434	0.0267166
513	0.026939	0.0267122
514	0.0269346	0.0267077
515	0.0269303	0.0267033
516	0.026926	0.0266991
517	0.0269216	0.0266947
518	0.0269174	0.0266906
519	0.0269131	0.0266863
520	0.0269089	0.026682
521	0.0269048	0.0266778
522	0.0269006	0.0266736
523	0.0268964	0.0266693
524	0.0268923	0.0266652
525	0.0268882	0.0266611
526	0.0268839	0.026657
527	0.02688	0.026653
528	0.026876	0.0266488
529	0.0268719	0.0266448
530	0.0268679	0.0266407
531	0.0268639	0.0266367
532	0.0268598	0.0266326
533	0.0268559	0.0266287
534	0.026852	0.0266248
535	0.0268481	0.0266208
536	0.0268442	0.0266169
537	0.0268402	0.026613
538	0.0268362	0.0266091
539	0.0268324	0.0266053
540	0.0268286	0.0266013
541	0.0268248	0.0265975
542	0.0268209	0.0265938
543	0.0268172	0.0265899
544	0.0268136	0.0265862
545	0.0268098	0.0265823
546	0.0268059	0.0265787
547	0.0268023	0.026575
548	0.0267986	0.0265711
549	0.0267948	0.0265675
550	0.0267911	0.0265638
551	0.0267877	0.0265601
552	0.0267838	0.0265563
553	0.0267801	0.0265527
554	0.0267768	0.0265492
555	0.026773	0.0265456
556	0.0267696	0.0265419
557	0.026766	0.0265384
558	0.0267624	0.0265349
559	0.0267589	0.0265314
560	0.0267554	0.0265278
561	0.0267519	0.0265242
562	0.0267484	0.0265207
563	0.0267449	0.0265173
564	0.0267414	0.0265137
565	0.026738	0.0265104
566	0.0267347	0.026507
567	0.0267313	0.0265036
568	0.0267278	0.0265002
569	0.0267245	0.0264968
570	0.0267213	0.0264935
571	0.0267178	0.0264903
572	0.0267145	0.0264868
573	0.0267111	0.0264836
574	0.0267078	0.0264802
575	0.0267045	0.0264768
576	0.0267013	0.0264736
577	0.0266981	0.0264703
578	0.0266948	0.0264671
579	0.0266915	0.0264638
580	0.0266883	0.0264606
581	0.0266851	0.0264573
582	0.026682	0.0264542
583	0.0266788	0.026451
584	0.0266757	0.0264478
585	0.0266726	0.0264446
586	0.0266694	0.0264414
587	0.0266662	0.0264382
588	0.0266631	0.0264353
589	0.02666	0.0264321
590	0.0266569	0.026429
591	0.0266539	0.0264259
592	0.0266508	0.0264228
593	0.0266478	0.0264197
594	0.0266448	0.0264167
595	0.0266417	0.0264137
596	0.0266387	0.0264106
597	0.0266358	0.0264076
598	0.0266326	0.0264046
599	0.0266297	0.0264016
600	0.0266268	0.0263987
601	0.0266238	0.0263958
602	0.0266208	0.0263929
603	0.0266178	0.0263898
604	0.0266151	0.026387
605	0.0266121	0.026384
606	0.0266092	0.0263811
607	0.0266064	0.0263781
608	0.0266035	0.0263754
609	0.0266006	0.0263725
610	0.0265976	0.0263696
611	0.0265949	0.0263667
612	0.0265922	0.0263639
613	0.0265893	0.0263612
614	0.0265866	0.0263583
615	0.0265837	0.0263555
616	0.0265811	0.0263527
617	0.0265782	0.02635
618	0.0265755	0.0263472
619	0.0265727	0.0263445
620	0.02657	0.0263417
621	0.0265673	0.026339
622	0.0265647	0.0263363
623	0.0265619	0.0263336
624	0.0265591	0.0263309
625	0.0265565	0.0263281
626	0.0265538	0.0263254
627	0.0265512	0.0263226
628	0.0265484	0.02632
629	0.0265458	0.0263174
630	0.0265433	0.0263148
631	0.0265406	0.0263121
632	0.0265381	0.0263095
633	0.0265355	0.0263069
634	0.0265329	0.0263043
635	0.0265304	0.0263017
636	0.0265277	0.0262993
637	0.0265251	0.0262967
638	0.0265226	0.0262942
639	0.02652	0.0262917
640	0.0265176	0.026289
641	0.0265151	0.0262864
642	0.0265125	0.0262838
643	0.02651	0.0262814
644	0.0265075	0.0262789
645	0.0265049	0.0262764
646	0.0265024	0.0262739
647	0.0265	0.0262714
648	0.0264977	0.026269
649	0.0264951	0.0262665
650	0.0264927	0.0262642
651	0.0264903	0.0262617
652	0.0264879	0.0262592
653	0.0264854	0.0262567
654	0.0264831	0.0262544
655	0.0264807	0.0262519
656	0.0264783	0.0262494
657	0.0264758	0.0262471
658	0.0264735	0.0262448
659	0.0264711	0.0262424
660	0.0264689	0.02624
661	0.0264663	0.0262377
662	0.026464	0.0262352
663	0.0264618	0.026233
664	0.0264595	0.0262306
665	0.0264571	0.0262284
666	0.0264548	0.026226
667	0.0264526	0.0262238
668	0.0264503	0.0262215
669	0.0264479	0.0262191
670	0.0264458	0.0262169
671	0.0264435	0.0262145
672	0.0264414	0.0262123
673	0.0264389	0.0262101
674	0.0264367	0.0262078
675	0.0264346	0.0262055
676	0.0264323	0.0262034
677	0.02643	0.0262012
678	0.0264279	0.026199
679	0.0264256	0.0261967
680	0.0264235	0.0261944
681	0.0264212	0.0261922
682	0.0264191	0.02619
683	0.0264169	0.026188
684	0.0264149	0.0261857
685	0.0264126	0.0261837
686	0.0264104	0.0261815
687	0.0264083	0.0261792
688	0.0264062	0.0261771
689	0.0264041	0.026175
690	0.0264021	0.0261728
691	0.0263999	0.0261708
692	0.0263977	0.0261686
693	0.0263957	0.0261666
694	0.0263936	0.0261645
695	0.0263915	0.0261624
696	0.0263895	0.0261602
697	0.0263875	0.0261582
698	0.0263853	0.0261561
699	0.0263831	0.0261541
700	0.0263812	0.0261521
701	0.0263792	0.02615
702	0.0263771	0.0261479
703	0.0263751	0.0261459
704	0.0263731	0.0261438
705	0.026371	0.0261417
706	0.026369	0.0261397
707	0.0263671	0.0261378
708	0.0263652	0.0261359
709	0.0263631	0.0261339
710	0.0263611	0.0261318
711	0.0263592	0.0261298
712	0.0263572	0.0261279
713	0.0263553	0.0261259
714	0.0263533	0.0261239
715	0.0263513	0.0261219
716	0.0263494	0.02612
717	0.0263475	0.026118
718	0.0263455	0.026116
719	0.0263436	0.0261141
720	0.0263416	0.0261122
721	0.0263398	0.0261103
722	0.0263378	0.0261084
723	0.026336	0.0261065
724	0.0263342	0.0261046
725	0.0263322	0.0261027
726	0.0263303	0.0261009
727	0.0263285	0.0260989
728	0.0263265	0.0260969
729	0.0263247	0.0260951
730	0.0263229	0.0260933
731	0.026321	0.0260915
732	0.0263192	0.0260897
733	0.0263173	0.0260877
734	0.0263156	0.0260858
735	0.0263137	0.0260842
736	0.0263119	0.0260823
737	0.02631	0.0260804
738	0.0263083	0.0260786
739	0.0263065	0.0260767
740	0.0263046	0.026075
741	0.0263028	0.0260732
742	0.026301	0.0260714
743	0.0262992	0.0260696
744	0.0262975	0.0260679
745	0.0262958	0.026066
746	0.026294	0.0260642
747	0.0262922	0.0260625
748	0.0262905	0.0260607
749	0.0262888	0.0260589
750	0.0262869	0.0260571
751	0.0262852	0.0260554
752	0.0262835	0.0260537
753	0.0262817	0.0260519
754	0.0262801	0.0260502
755	0.0262783	0.0260485
756	0.0262767	0.0260469
757	0.026275	0.0260451
758	0.0262732	0.0260433
759	0.0262715	0.0260416
760	0.0262698	0.0260399
761	0.0262681	0.0260383
762	0.0262665	0.0260365
763	0.0262647	0.0260349
764	0.0262631	0.0260331
765	0.0262614	0.0260314
766	0.0262597	0.0260297
767	0.026258	0.0260281
768	0.0262564	0.0260264
769	0.0262546	0.0260247
770	0.026253	0.026023
771	0.0262515	0.0260215
772	0.0262499	0.0260198
773	0.0262481	0.0260181
774	0.0262465	0.0260165
775	0.0262449	0.0260148
776	0.0262433	0.0260132
777	0.0262417	0.0260116
778	0.0262401	0.02601
779	0.0262385	0.0260083
780	0.0262369	0.0260068
781	0.0262354	0.0260052
782	0.0262337	0.0260035
783	0.0262321	0.0260018
784	0.0262306	0.0260003
785	0.0262289	0.0259987
786	0.0262274	0.0259971
787	0.0262259	0.0259955
788	0.0262242	0.025994
789	0.0262226	0.0259924
790	0.0262211	0.0259908
791	0.0262196	0.0259891
792	0.026218	0.0259877
793	0.0262165	0.0259862
794	0.026215	0.0259846
795	0.0262133	0.025983
796	0.026212	0.0259815
797	0.0262104	0.0259799
798	0.0262089	0.0259784
799	0.0262074	0.0259769
800	0.0262059	0.0259753
801	0.0262042	0.0259739
802	0.0262027	0.0259725
803	0.0262014	0.0259709
804	0.0261998	0.0259694
805	0.0261982	0.0259679
806	0.0261967	0.0259664
807	0.0261953	0.0259648
808	0.0261937	0.0259633
809	0.0261924	0.0259619
810	0.0261909	0.0259604
811	0.0261896	0.025959
812	0.026188	0.0259574
813	0.0261866	0.025956
814	0.0261851	0.0259545
815	0.0261836	0.0259531
816	0.0261821	0.0259516
817	0.0261807	0.0259501
818	0.0261793	0.0259486
819	0.0261779	0.0259472
820	0.0261765	0.0259458
821	0.0261751	0.0259444
822	0.0261736	0.0259428
823	0.0261721	0.0259414
824	0.0261706	0.0259401
825	0.0261694	0.0259387
826	0.0261679	0.0259372
827	0.0261665	0.0259356
828	0.0261651	0.0259344
829	0.0261637	0.0259329
830	0.0261623	0.0259314
831	0.0261609	0.0259301
832	0.0261595	0.0259287
833	0.0261581	0.0259273
834	0.0261567	0.025926
835	0.0261554	0.0259245
836	0.026154	0.0259231
837	0.0261526	0.0259218
838	0.0261513	0.0259204
839	0.0261497	0.025919
840	0.0261485	0.0259177
841	0.0261471	0.0259163
842	0.0261458	0.0259148
843	0.0261445	0.0259135
844	0.0261431	0.0259121
845	0.0261417	0.0259107
846	0.0261404	0.0259093
847	0.026139	0.0259079
848	0.0261377	0.0259067
849	0.0261363	0.0259053
850	0.0261351	0.025904
851	0.0261337	0.0259027
852	0.0261324	0.0259013
853	0.0261311	0.0259
854	0.0261297	0.0258985
855	0.0261285	0.0258972
856	0.0261271	0.0258959
857	0.0261257	0.0258946
858	0.0261245	0.0258933
859	0.0261232	0.0258921
860	0.0261218	0.0258907
861	0.0261205	0.0258894
862	0.0261192	0.025888
863	0.0261179	0.0258867
864	0.0261167	0.0258854
865	0.0261154	0.0258841
866	0.0261142	0.0258828
867	0.0261129	0.0258815
868	0.0261116	0.0258803
869	0.0261104	0.0258791
870	0.0261091	0.0258778
871	0.0261077	0.0258765
872	0.0261065	0.0258753
873	0.0261052	0.025874
874	0.026104	0.0258727
875	0.0261027	0.0258714
876	0.0261015	0.0258701
877	0.0261003	0.0258688
878	0.026099	0.0258676
879	0.0260978	0.0258664
880	0.0260965	0.0258651
881	0.0260953	0.0258639
882	0.026094	0.0258626
883	0.0260928	0.0258613
884	0.0260915	0.0258601
885	0.0260904	0.0258589
886	0.0260892	0.0258578
887	0.0260879	0.0258565
888	0.0260866	0.0258552
889	0.0260855	0.0258539
890	0.0260843	0.0258527
891	0.0260831	0.0258514
892	0.0260817	0.0258503
893	0.0260806	0.025849
894	0.0260795	0.0258478
895	0.0260783	0.0258465
896	0.026077	0.0258454
897	0.026076	0.0258441
898	0.0260747	0.025843
899	0.0260735	0.0258418
900	0.0260723	0.0258405
901	0.0260711	0.0258394
902	0.0260699	0.0258382
903	0.0260686	0.025837
904	0.0260676	0.0258357
905	0.0260663	0.0258346
906	0.0260652	0.0258334
907	0.0260642	0.0258322
908	0.0260629	0.025831
909	0.0260617	0.0258298
910	0.0260605	0.0258287
911	0.0260594	0.0258275
912	0.0260581	0.0258263
913	0.0260571	0.0258252
914	0.026056	0.025824
915	0.0260548	0.0258228
916	0.0260535	0.0258216
917	0.0260525	0.0258205
918	0.0260513	0.0258193
919	0.0260504	0.0258183
920	0.0260489	0.0258171
921	0.0260479	0.0258159
922	0.0260469	0.0258147
923	0.0260458	0.0258137
924	0.0260446	0.0258125
925	0.0260434	0.0258114
926	0.0260423	0.0258103
927	0.0260412	0.0258092
928	0.02604	0.025808
929	0.0260389	0.0258068
930	0.0260377	0.0258056
931	0.0260366	0.0258045
932	0.0260356	0.0258033
933	0.0260345	0.0258022
934	0.0260332	0.025801
935	0.0260322	0.0257999
936	0.0260312	0.0257988
937	0.0260301	0.0257978
938	0.026029	0.0257967
939	0.0260279	0.0257955
940	0.0260269	0.0257944
941	0.0260256	0.0257933
942	0.0260247	0.0257923
943	0.0260235	0.0257911
944	0.0260225	0.0257902
945	0.0260213	0.0257891
946	0.0260203	0.0257879
947	0.0260192	0.0257868
948	0.0260181	0.0257857
949	0.026017	0.0257846
950	0.026016	0.0257835
951	0.026015	0.0257825
952	0.0260139	0.0257814
953	0.0260128	0.0257802
954	0.0260116	0.0257791
955	0.0260107	0.0257781
956	0.0260096	0.0257771
957	0.0260085	0.025776
958	0.0260076	0.025775
959	0.0260065	0.0257739
960	0.0260055	0.0257728
961	0.0260044	0.0257717
962	0.0260033	0.0257707
963	0.0260024	0.0257696
964	0.0260012	0.0257685
965	0.0260003	0.0257675
966	0.0259992	0.0257664
967	0.0259982	0.0257653
968	0.0259971	0.0257643
969	0.0259961	0.0257632
970	0.0259951	0.0257622
971	0.0259939	0.0257612
972	0.0259929	0.0257603
973	0.025992	0.0257592
974	0.025991	0.0257582
975	0.0259898	0.0257572
976	0.0259889	0.0257561
977	0.0259878	0.025755
978	0.0259868	0.0257541
979	0.0259857	0.025753
980	0.0259848	0.025752
981	0.0259837	0.0257509
982	0.0259828	0.0257499
983	0.0259817	0.0257489
984	0.0259808	0.0257479
985	0.0259797	0.0257469
986	0.0259787	0.0257458
987	0.0259776	0.0257449
988	0.0259767	0.0257439
989	0.0259757	0.0257428
990	0.0259747	0.0257417
991	0.0259739	0.0257408
992	0.0259729	0.0257398
993	0.0259719	0.0257387
994	0.0259709	0.0257377
995	0.0259699	0.0257367
996	0.0259689	0.0257357
997	0.0259679	0.0257348
998	0.0259669	0.0257338
999	0.0259659	0.0257328
1000	0.0259649	0.0257318
1001	0.0259639	0.0257308
1002	0.0259629	0.0257298
1003	0.025962	0.0257288
1004	0.0259609	0.0257279
1005	0.02596	0.0257268
1006	0.0259591	0.0257258
1007	0.0259581	0.0257249
1008	0.0259572	0.0257239
1009	0.0259562	0.0257229
1010	0.0259553	0.025722
1011	0.0259543	0.025721
1012	0.0259533	0.02572
1013	0.0259525	0.0257191
1014	0.0259515	0.0257182
1015	0.0259504	0.0257172
1016	0.0259495	0.0257162
1017	0.0259485	0.0257151
1018	0.0259477	0.0257142
1019	0.0259468	0.0257133
1020	0.0259458	0.0257123
1021	0.0259448	0.0257114
1022	0.025944	0.0257104
1023	0.0259428	0.0257095
1024	0.025942	0.0257085
1025	0.0259412	0.0257075
1026	0.0259401	0.0257066
1027	0.0259393	0.0257057
1028	0.0259383	0.0257048
1029	0.0259373	0.0257038
1030	0.0259364	0.0257029
1031	0.0259355	0.0257019
1032	0.0259346	0.0257009
1033	0.0259337	0.0257
1034	0.0259328	0.025699
1035	0.0259317	0.0256981
1036	0.0259307	0.0256971
1037	0.0259299	0.0256963
1038	0.025929	0.0256954
1039	0.0259281	0.0256944
1040	0.0259271	0.0256935
1041	0.0259262	0.0256926
1042	0.0259253	0.0256917
1043	0.0259244	0.0256908
1044	0.0259235	0.0256899
1045	0.0259225	0.0256889
1046	0.0259216	0.025688
1047	0.0259209	0.0256871
1048	0.0259199	0.0256861
1049	0.0259191	0.0256851
1050	0.0259181	0.0256843
1051	0.0259172	0.0256834
1052	0.0259162	0.0256824
1053	0.0259154	0.0256816
1054	0.0259145	0.0256806
1055	0.0259136	0.0256798
1056	0.0259127	0.0256788
1057	0.0259118	0.0256779
1058	0.0259109	0.0256769
1059	0.02591	0.025676
1060	0.0259091	0.0256751
1061	0.0259083	0.0256742
1062	0.0259074	0.0256733
1063	0.0259065	0.0256724
1064	0.0259055	0.0256715
1065	0.0259047	0.0256705
1066	0.0259037	0.0256697
1067	0.0259029	0.0256688
1068	0.0259021	0.025668
1069	0.0259012	0.0256671
1070	0.0259003	0.0256662
1071	0.0258994	0.0256653
1072	0.0258986	0.0256643
1073	0.0258977	0.0256635
1074	0.0258969	0.0256626
1075	0.025896	0.0256617
1076	0.0258951	0.0256609
1077	0.0258941	0.02566
1078	0.0258933	0.0256591
1079	0.0258925	0.0256583
1080	0.0258917	0.0256574
1081	0.0258907	0.0256565
1082	0.0258899	0.0256557
1083	0.0258891	0.0256548
1084	0.0258882	0.0256539
1085	0.0258874	0.0256531
1086	0.0258864	0.0256523
1087	0.0258856	0.0256514
1088	0.0258848	0.0256505
1089	0.025884	0.0256496
1090	0.0258831	0.0256487
1091	0.0258822	0.0256479
1092	0.0258813	0.025647
1093	0.0258806	0.0256462
1094	0.0258798	0.0256453
1095	0.0258789	0.0256445
1096	0.0258781	0.0256436
1097	0.0258772	0.0256428
1098	0.0258764	0.0256419
1099	0.0258754	0.0256411
1100	0.0258747	0.0256402
1101	0.025874	0.0256393
1102	0.0258729	0.0256385
1103	0.0258721	0.0256376
1104	0.0258713	0.0256367
1105	0.0258706	0.025636
1106	0.0258697	0.0256351
1107	0.0258689	0.0256342
1108	0.0258679	0.0256334
1109	0.0258671	0.0256325
1110	0.0258664	0.0256316
1111	0.0258655	0.0256308
1112	0.0258648	0.02563
1113	0.0258638	0.0256291
1114	0.025863	0.0256283
1115	0.0258622	0.0256274
1116	0.0258614	0.0256265
1117	0.0258607	0.0256257
1118	0.0258598	0.0256249
1119	0.025859	0.0256241
1120	0.0258582	0.0256233
1121	0.0258574	0.0256224
1122	0.0258565	0.0256216
1123	0.0258558	0.0256208
1124	0.0258549	0.02562
1125	0.025854	0.0256192
1126	0.0258533	0.0256183
1127	0.0258524	0.0256175
1128	0.0258516	0.0256167
1129	0.025851	0.0256159
1130	0.02585	0.0256151
1131	0.0258493	0.0256143
1132	0.0258484	0.0256135
1133	0.0258476	0.0256127
1134	0.0258468	0.0256118
1135	0.025846	0.0256109
1136	0.0258452	0.0256102
1137	0.0258443	0.0256094
1138	0.0258436	0.0256086
1139	0.0258428	0.0256078
1140	0.0258421	0.025607
1141	0.0258413	0.0256061
1142	0.0258406	0.0256054
1143	0.0258396	0.0256046
1144	0.0258389	0.0256037
1145	0.0258381	0.0256029
1146	0.0258372	0.0256021
1147	0.0258365	0.0256013
1148	0.0258357	0.0256006
1149	0.0258349	0.0255998
1150	0.0258341	0.0255989
1151	0.0258333	0.0255981
1152	0.0258326	0.0255973
1153	0.0258318	0.0255965
1154	0.025831	0.0255957
1155	0.0258303	0.0255949
1156	0.0258295	0.025594
1157	0.0258287	0.0255933
1158	0.025828	0.0255925
1159	0.0258271	0.0255917
1160	0.0258263	0.025591
1161	0.0258255	0.0255902
1162	0.0258248	0.0255893
1163	0.0258241	0.0255886
1164	0.0258233	0.0255878
1165	0.0258224	0.025587
1166	0.0258217	0.0255862
1167	0.0258211	0.0255855
1168	0.0258202	0.0255846
1169	0.0258194	0.0255838
1170	0.0258187	0.0255831
1171	0.0258178	0.0255823
1172	0.0258171	0.0255815
1173	0.0258163	0.0255807
1174	0.0258155	0.0255799
1175	0.0258149	0.0255792
1176	0.025814	0.0255784
1177	0.0258132	0.0255777
1178	0.0258126	0.0255769
1179	0.0258118	0.0255762
1180	0.025811	0.0255755
1181	0.0258103	0.0255746
1182	0.0258094	0.0255739
1183	0.0258088	0.0255731
1184	0.025808	0.0255723
1185	0.0258074	0.0255715
1186	0.0258066	0.0255707
1187	0.0258057	0.0255699
1188	0.025805	0.0255691
1189	0.0258043	0.0255684
1190	0.0258035	0.0255676
1191	0.0258028	0.0255669
1192	0.0258021	0.0255661
1193	0.0258013	0.0255654
1194	0.0258007	0.0255646
1195	0.0257999	0.0255639
1196	0.0257991	0.025563
1197	0.0257983	0.0255623
1198	0.0257977	0.0255616
1199	0.0257969	0.0255609
1200	0.0257962	0.0255601
1201	0.0257955	0.0255593
1202	0.0257946	0.0255585
1203	0.025794	0.0255578
1204	0.0257931	0.025557
1205	0.0257925	0.0255564
1206	0.0257918	0.0255556
1207	0.0257909	0.0255548
1208	0.0257901	0.025554
1209	0.0257894	0.0255533
1210	0.0257887	0.0255526
1211	0.025788	0.0255519
1212	0.0257872	0.0255512
1213	0.0257865	0.0255504
1214	0.0257857	0.0255496
1215	0.0257851	0.0255489
1216	0.0257843	0.0255481
1217	0.0257837	0.0255474
1218	0.025783	0.0255466
1219	0.0257822	0.0255459
1220	0.0257815	0.0255452
1221	0.0257808	0.0255445
1222	0.02578	0.0255437
1223	0.0257792	0.025543
1224	0.0257785	0.0255422
1225	0.0257778	0.0255415
1226	0.025777	0.0255408
1227	0.0257764	0.0255401
1228	0.0257757	0.0255394
1229	0.025775	0.0255386
1230	0.0257744	0.0255379
1231	0.0257735	0.0255372
1232	0.0257729	0.0255364
1233	0.0257721	0.0255357
1234	0.0257714	0.025535
1235	0.0257709	0.0255343
1236	0.0257699	0.0255336
1237	0.0257692	0.0255328
1238	0.0257686	0.0255321
1239	0.0257679	0.0255313
1240	0.0257672	0.0255307
1241	0.0257665	0.0255299
1242	0.0257658	0.0255292
1243	0.0257651	0.0255285
1244	0.0257644	0.0255278
1245	0.0257637	0.025527
1246	0.0257629	0.0255263
1247	0.0257623	0.0255256
1248	0.0257615	0.0255249
1249	0.0257609	0.0255242
1250	0.0257601	0.0255235
1251	0.0257594	0.0255228
1252	0.0257588	0.025522
1253	0.025758	0.0255213
1254	0.0257574	0.0255206
1255	0.0257566	0.0255198
1256	0.0257559	0.0255191
1257	0.0257552	0.0255184
1258	0.0257546	0.0255178
1259	0.0257539	0.0255171
1260	0.0257532	0.0255164
1261	0.0257525	0.0255157
1262	0.0257518	0.025515
1263	0.0257511	0.0255143
1264	0.0257505	0.0255137
1265	0.0257497	0.0255129
1266	0.025749	0.0255122
1267	0.0257483	0.0255115
1268	0.0257476	0.0255108
1269	0.025747	0.02551
1270	0.0257462	0.0255093
1271	0.0257457	0.0255086
1272	0.0257449	0.0255079
1273	0.0257441	0.0255072
1274	0.0257435	0.0255065
1275	0.0257428	0.0255058
1276	0.0257422	0.0255051
1277	0.0257414	0.0255044
1278	0.0257408	0.0255038
1279	0.0257402	0.0255031
1280	0.0257395	0.0255024
1281	0.0257387	0.0255017
1282	0.025738	0.025501
1283	0.0257376	0.0255003
1284	0.0257367	0.0254996
1285	0.0257361	0.0254989
1286	0.0257353	0.0254982
1287	0.0257348	0.0254975
1288	0.025734	0.0254968
1289	0.0257333	0.0254961
1290	0.0257327	0.0254954
1291	0.025732	0.0254947
1292	0.0257312	0.0254941
1293	0.0257307	0.0254933
1294	0.0257301	0.0254927
1295	0.0257293	0.025492
1296	0.0257287	0.0254913
1297	0.0257281	0.0254906
1298	0.0257274	0.0254899
1299	0.0257268	0.0254892
1300	0.025726	0.0254886
1301	0.0257253	0.0254878
1302	0.0257247	0.0254872
1303	0.025724	0.0254865
1304	0.0257232	0.0254858
1305	0.0257226	0.0254851
1306	0.025722	0.0254845
1307	0.0257213	0.0254838
1308	0.0257207	0.0254831
1309	0.02572	0.0254825
1310	0.0257193	0.0254819
1311	0.0257187	0.0254812
1312	0.025718	0.0254805
1313	0.0257174	0.0254798
1314	0.0257167	0.0254791
1315	0.0257161	0.0254785
1316	0.0257154	0.0254778
1317	0.0257146	0.0254771
1318	0.0257142	0.0254765
1319	0.0257134	0.0254758
1320	0.0257128	0.0254752
1321	0.0257122	0.0254745
1322	0.0257114	0.0254739
1323	0.0257108	0.0254732
1324	0.0257101	0.0254725
1325	0.0257095	0.0254719
1326	0.0257089	0.0254713
1327	0.0257081	0.0254705
1328	0.0257076	0.0254698
1329	0.0257069	0.0254691
1330	0.0257062	0.0254685
1331	0.0257056	0.0254679
1332	0.0257049	0.0254672
1333	0.0257042	0.0254666
1334	0.0257036	0.0254659
1335	0.0257031	0.0254652
1336	0.0257024	0.0254646
1337	0.0257017	0.0254639
1338	0.0257011	0.0254632
1339	0.0257004	0.0254626
1340	0.0256997	0.0254619
1341	0.0256992	0.0254612
1342	0.0256985	0.0254605
1343	0.0256978	0.0254599
1344	0.0256972	0.0254593
1345	0.0256965	0.0254586
1346	0.0256959	0.0254579
1347	0.0256953	0.0254572
1348	0.0256946	0.0254566
1349	0.025694	0.0254559
1350	0.0256934	0.0254553
1351	0.0256927	0.0254547
1352	0.0256921	0.0254541
1353	0.0256915	0.0254535
1354	0.0256909	0.0254528
1355	0.0256904	0.0254522
1356	0.0256897	0.0254515
1357	0.025689	0.0254508
1358	0.0256883	0.0254502
1359	0.0256877	0.0254496
1360	0.0256871	0.0254489
1361	0.0256865	0.0254483
1362	0.025686	0.0254477
1363	0.0256852	0.025447
1364	0.0256845	0.0254464
1365	0.0256839	0.0254457
1366	0.0256833	0.025445
1367	0.0256826	0.0254444
1368	0.025682	0.0254437
1369	0.0256814	0.0254431
1370	0.0256807	0.0254426
1371	0.0256801	0.0254419
1372	0.0256796	0.0254412
1373	0.0256789	0.0254405
1374	0.0256783	0.0254399
1375	0.0256777	0.0254392
1376	0.025677	0.0254386
1377	0.0256765	0.025438
1378	0.0256758	0.0254373
1379	0.0256752	0.0254367
1380	0.0256746	0.025436
1381	0.0256738	0.0254354
1382	0.0256734	0.0254348
1383	0.0256728	0.0254341
1384	0.0256721	0.0254335
1385	0.0256714	0.0254329
1386	0.0256709	0.0254323
1387	0.0256702	0.0254317
1388	0.0256696	0.0254312
1389	0.0256688	0.0254305
1390	0.0256683	0.0254299
1391	0.0256677	0.0254293
1392	0.0256672	0.0254287
1393	0.0256666	0.025428
1394	0.0256659	0.0254274
1395	0.0256654	0.0254268
1396	0.0256645	0.0254261
1397	0.025664	0.0254254
1398	0.0256635	0.0254248
1399	0.0256628	0.0254242
1400	0.0256623	0.0254236
1401	0.0256616	0.025423
1402	0.025661	0.0254223
1403	0.0256605	0.0254217
1404	0.0256598	0.025421
1405	0.0256592	0.0254204
1406	0.0256586	0.0254198
1407	0.0256579	0.0254191
1408	0.0256574	0.0254185
1409	0.0256568	0.0254179
1410	0.0256562	0.0254173
1411	0.0256556	0.0254167
1412	0.025655	0.025416
1413	0.0256543	0.0254154
1414	0.0256538	0.0254149
1415	0.0256533	0.0254143
1416	0.0256527	0.0254137
1417	0.025652	0.025413
1418	0.0256514	0.0254124
1419	0.0256507	0.0254118
1420	0.0256502	0.0254112
1421	0.0256496	0.0254106
1422	0.0256489	0.02541
1423	0.0256485	0.0254094
1424	0.0256478	0.0254088
1425	0.0256472	0.0254082
1426	0.0256464	0.0254076
1427	0.025646	0.0254069
1428	0.0256453	0.0254063
1429	0.0256448	0.0254057
1430	0.025644	0.0254052
1431	0.0256435	0.0254045
1432	0.025643	0.0254039
1433	0.0256424	0.0254034
1434	0.0256418	0.0254027
1435	0.0256412	0.0254022
1436	0.0256408	0.0254016
1437	0.0256402	0.025401
1438	0.0256395	0.0254004
1439	0.0256389	0.0253997
1440	0.0256383	0.0253992
1441	0.0256377	0.0253986
1442	0.0256372	0.0253979
1443	0.0256365	0.0253973
1444	0.0256359	0.0253967
1445	0.0256353	0.025396
1446	0.0256347	0.0253954
1447	0.0256341	0.0253948
1448	0.0256337	0.0253942
1449	0.0256331	0.0253937
1450	0.0256324	0.0253931
1451	0.0256318	0.0253925
1452	0.0256313	0.0253919
1453	0.0256307	0.0253912
1454	0.0256301	0.0253906
1455	0.0256295	0.02539
1456	0.025629	0.0253895
1457	0.0256283	0.0253889
1458	0.0256278	0.0253883
1459	0.0256271	0.0253877
1460	0.0256266	0.0253871
1461	0.025626	0.0253865
1462	0.0256254	0.0253859
1463	0.0256249	0.0253853
1464	0.0256243	0.0253847
1465	0.0256238	0.0253841
1466	0.0256231	0.0253835
1467	0.0256225	0.025383
1468	0.025622	0.0253824
1469	0.0256214	0.0253818
1470	0.0256207	0.0253812
1471	0.0256202	0.0253807
1472	0.0256196	0.02538
1473	0.025619	0.0253795
1474	0.0256185	0.0253789
1475	0.0256179	0.0253783
1476	0.0256173	0.0253777
1477	0.0256168	0.0253772
1478	0.0256163	0.0253766
1479	0.0256156	0.025376
1480	0.0256151	0.0253755
1481	0.0256146	0.0253749
1482	0.0256139	0.0253743
1483	0.0256135	0.0253737
1484	0.0256128	0.0253731
1485	0.0256123	0.0253725
1486	0.0256116	0.0253719
1487	0.0256109	0.0253712
1488	0.0256105	0.0253707
1489	0.02561	0.0253701
1490	0.0256094	0.0253695
1491	0.0256088	0.025369
1492	0.0256082	0.0253683
1493	0.0256077	0.0253678
1494	0.0256072	0.0253672
1495	0.0256066	0.0253666
1496	0.025606	0.025366
1497	0.0256054	0.0253654
1498	0.0256048	0.0253648
1499	0.0256044	0.0253643
1500	0.0256038	0.0253637
1501	0.0256032	0.0253632
1502	0.0256027	0.0253627
1503	0.0256021	0.0253621
1504	0.0256016	0.0253615
1505	0.025601	0.025361
1506	0.0256006	0.0253604
1507	0.0255999	0.0253598
1508	0.0255993	0.0253592
1509	0.0255987	0.0253586
1510	0.0255982	0.0253581
1511	0.0255976	0.0253575
1512	0.025597	0.0253569
1513	0.0255964	0.0253564
1514	0.0255959	0.0253558
1515	0.0255954	0.0253552
1516	0.0255948	0.0253546
1517	0.0255943	0.0253541
1518	0.0255937	0.0253535
1519	0.0255931	0.025353
1520	0.0255925	0.0253525
1521	0.0255921	0.0253519
1522	0.0255915	0.0253514
1523	0.0255909	0.0253507
1524	0.0255904	0.0253501
1525	0.0255898	0.0253496
1526	0.0255892	0.025349
1527	0.0255887	0.0253485
1528	0.0255883	0.0253479
1529	0.0255877	0.0253473
1530	0.025587	0.0253468
1531	0.0255865	0.0253462
1532	0.025586	0.0253457
1533	0.0255855	0.0253451
1534	0.0255851	0.0253445
1535	0.0255843	0.0253439
1536	0.0255838	0.0253434
1537	0.0255832	0.0253429
1538	0.0255826	0.0253423
1539	0.0255821	0.0253418
1540	0.0255817	0.0253413
1541	0.025581	0.0253407
1542	0.0255805	0.0253402
1543	0.02558	0.0253396
1544	0.0255793	0.0253389
1545	0.0255788	0.0253383
1546	0.0255783	0.0253378
1547	0.0255778	0.0253372
1548	0.0255774	0.0253367
1549	0.0255767	0.0253362
1550	0.0255762	0.0253356
1551	0.0255757	0.025335
1552	0.0255752	0.0253344
1553	0.0255745	0.0253339
1554	0.0255739	0.0253334
1555	0.0255734	0.0253328
1556	0.0255729	0.0253323
1557	0.0255724	0.0253318
1558	0.0255719	0.0253312
1559	0.0255712	0.0253307
1560	0.0255707	0.0253301
1561	0.0255702	0.0253295
1562	0.0255696	0.0253289
1563	0.025569	0.0253284
1564	0.0255686	0.0253278
1565	0.025568	0.0253273
1566	0.0255675	0.0253267
1567	0.025567	0.0253261
1568	0.0255665	0.0253256
1569	0.025566	0.0253251
1570	0.0255653	0.0253245
1571	0.025565	0.025324
1572	0.0255643	0.0253235
1573	0.0255638	0.0253229
1574	0.0255632	0.0253224
1575	0.0255628	0.0253219
1576	0.0255622	0.0253214
1577	0.0255616	0.0253208
1578	0.0255611	0.0253203
1579	0.0255606	0.0253197
1580	0.02556	0.0253191
1581	0.0255594	0.0253186
1582	0.025559	0.025318
1583	0.0255584	0.0253175
1584	0.0255579	0.025317
1585	0.0255574	0.0253165
1586	0.0255569	0.0253159
1587	0.0255564	0.0253153
1588	0.0255558	0.0253148
1589	0.0255554	0.0253143
1590	0.0255548	0.0253137
1591	0.0255543	0.0253132
1592	0.0255537	0.0253127
1593	0.0255531	0.0253121
1594	0.0255527	0.0253116
1595	0.0255521	0.0253111
1596	0.0255517	0.0253105
1597	0.0255512	0.02531
1598	0.0255506	0.0253095
1599	0.0255501	0.025309
1600	0.0255496	0.0253084
1601	0.0255492	0.0253079
1602	0.0255486	0.0253073
1603	0.025548	0.0253068
1604	0.0255474	0.0253063
1605	0.025547	0.0253058
1606	0.0255464	0.0253052
1607	0.0255457	0.0253047
1608	0.0255453	0.0253042
1609	0.0255448	0.0253037
1610	0.0255444	0.0253032
1611	0.0255438	0.0253026
1612	0.0255433	0.0253022
1613	0.0255428	0.0253016
1614	0.0255422	0.0253011
1615	0.0255418	0.0253006
1616	0.0255412	0.0253001
1617	0.0255408	0.0252995
1618	0.0255402	0.025299
1619	0.0255396	0.0252985
1620	0.0255392	0.025298
1621	0.0255387	0.0252975
1622	0.0255382	0.0252969
1623	0.0255376	0.0252964
1624	0.0255371	0.0252958
1625	0.0255367	0.0252953
1626	0.0255362	0.0252947
1627	0.0255356	0.0252942
1628	0.025535	0.0252937
1629	0.0255346	0.0252931
1630	0.0255341	0.0252926
1631	0.0255336	0.0252921
1632	0.025533	0.0252915
1633	0.0255325	0.025291
1634	0.025532	0.0252905
1635	0.0255316	0.0252899
1636	0.0255311	0.0252894
1637	0.0255304	0.0252889
1638	0.0255299	0.0252884
1639	0.0255294	0.0252878
1640	0.0255289	0.0252873
1641	0.0255285	0.0252869
1642	0.025528	0.0252864
1643	0.0255276	0.0252858
1644	0.025527	0.0252853
1645	0.0255265	0.0252848
1646	0.0255259	0.0252843
1647	0.0255256	0.0252837
1648	0.0255248	0.0252832
1649	0.0255245	0.0252827
1650	0.025524	0.0252822
1651	0.0255234	0.0252816
1652	0.0255228	0.0252812
1653	0.0255223	0.0252807
1654	0.0255218	0.0252801
1655	0.0255214	0.0252796
1656	0.0255209	0.0252791
1657	0.0255203	0.0252786
1658	0.0255199	0.0252781
1659	0.0255195	0.0252775
1660	0.0255189	0.025277
1661	0.0255184	0.0252765
1662	0.025518	0.025276
1663	0.0255175	0.0252756
1664	0.0255169	0.0252751
1665	0.0255165	0.0252745
1666	0.0255159	0.025274
1667	0.0255154	0.0252735
1668	0.025515	0.0252729
1669	0.0255144	0.0252725
1670	0.0255139	0.0252719
1671	0.0255134	0.0252714
1672	0.0255129	0.0252709
1673	0.0255124	0.0252704
1674	0.0255119	0.0252699
1675	0.0255114	0.0252694
1676	0.0255108	0.0252689
1677	0.0255105	0.0252683
1678	0.02551	0.0252679
1679	0.0255094	0.0252674
1680	0.0255088	0.0252669
1681	0.0255085	0.0252664
1682	0.0255079	0.0252658
1683	0.0255074	0.0252653
1684	0.025507	0.0252648
1685	0.0255065	0.0252643
1686	0.025506	0.0252638
1687	0.0255056	0.0252633
1688	0.0255051	0.0252628
1689	0.0255046	0.0252623
1690	0.025504	0.0252618
1691	0.0255035	0.0252613
1692	0.025503	0.0252608
1693	0.0255025	0.0252603
1694	0.025502	0.0252598
1695	0.0255016	0.0252593
1696	0.025501	0.0252587
1697	0.0255006	0.0252583
1698	0.0255002	0.0252578
1699	0.0254996	0.0252573
1700	0.0254991	0.0252568
1701	0.0254988	0.0252563
1702	0.0254981	0.0252558
1703	0.0254977	0.0252553
1704	0.0254973	0.0252549
1705	0.0254966	0.0252543
1706	0.0254963	0.0252538
1707	0.0254957	0.0252534
1708	0.0254953	0.0252529
1709	0.0254947	0.0252524
1710	0.0254942	0.0252519
1711	0.0254939	0.0252514
1712	0.0254933	0.025251
1713	0.0254929	0.0252504
1714	0.0254923	0.0252499
1715	0.0254919	0.0252495
1716	0.0254913	0.025249
1717	0.0254909	0.0252485
1718	0.0254904	0.025248
1719	0.02549	0.0252475
1720	0.0254895	0.025247
1721	0.025489	0.0252465
1722	0.0254885	0.025246
1723	0.0254881	0.0252455
1724	0.0254875	0.025245
1725	0.025487	0.0252446
1726	0.0254866	0.0252441
1727	0.025486	0.0252436
1728	0.0254856	0.0252431
1729	0.0254852	0.0252426
1730	0.0254846	0.0252421
1731	0.0254841	0.0252417
1732	0.0254837	0.0252412
1733	0.0254832	0.0252407
1734	0.0254826	0.0252402
1735	0.0254823	0.0252397
1736	0.0254817	0.0252392
1737	0.0254814	0.0252388
1738	0.0254809	0.0252382
1739	0.0254804	0.0252377
1740	0.0254799	0.0252373
1741	0.0254794	0.0252368
1742	0.025479	0.0252363
1743	0.0254785	0.0252358
1744	0.025478	0.0252353
1745	0.0254777	0.0252348
1746	0.0254771	0.0252343
1747	0.0254766	0.0252337
1748	0.0254761	0.0252333
1749	0.0254756	0.0252328
1750	0.0254752	0.0252324
1751	0.0254747	0.0252319
1752	0.0254743	0.0252314
1753	0.0254737	0.0252309
1754	0.0254733	0.0252305
1755	0.0254729	0.02523
1756	0.0254724	0.0252295
1757	0.0254719	0.025229
1758	0.0254714	0.0252285
1759	0.0254708	0.0252281
1760	0.0254705	0.0252276
1761	0.02547	0.0252271
1762	0.0254695	0.0252266
1763	0.0254691	0.0252261
1764	0.0254687	0.0252256
1765	0.0254682	0.0252252
1766	0.0254676	0.0252247
1767	0.0254673	0.0252242
1768	0.0254667	0.0252237
1769	0.0254664	0.0252232
1770	0.0254657	0.0252227
1771	0.0254653	0.0252223
1772	0.0254648	0.0252218
1773	0.0254644	0.0252213
1774	0.025464	0.0252209
1775	0.0254635	0.0252204
1776	0.025463	0.0252199
1777	0.0254625	0.0252194
1778	0.0254621	0.0252189
1779	0.0254617	0.0252185
1780	0.0254612	0.025218
1781	0.0254607	0.0252175
1782	0.0254604	0.025217
1783	0.0254599	0.0252165
1784	0.0254594	0.0252161
1785	0.0254589	0.0252157
1786	0.0254585	0.0252152
1787	0.025458	0.0252147
1788	0.0254575	0.0252142
1789	0.0254571	0.0252137
1790	0.0254566	0.0252132
1791	0.0254561	0.0252127
1792	0.0254556	0.0252123
1793	0.0254552	0.0252118
1794	0.0254548	0.0252114
1795	0.0254543	0.0252109
1796	0.0254539	0.0252104
1797	0.0254535	0.02521
1798	0.0254529	0.0252095
1799	0.0254525	0.025209
1800	0.025452	0.0252086
1801	0.0254515	0.0252082
1802	0.0254511	0.0252077
1803	0.0254507	0.0252072
1804	0.0254502	0.0252067
1805	0.0254499	0.0252063
1806	0.0254493	0.0252058
1807	0.0254489	0.0252053
1808	0.0254484	0.0252049
1809	0.025448	0.0252044
1810	0.0254475	0.025204
1811	0.0254471	0.0252035
1812	0.0254467	0.0252031
1813	0.0254462	0.0252026
1814	0.0254458	0.0252021
1815	0.0254453	0.0252017
1816	0.0254447	0.0252012
1817	0.0254444	0.0252007
1818	0.0254439	0.0252003
1819	0.0254435	0.0251998
1820	0.0254431	0.0251994
1821	0.0254425	0.0251989
1822	0.0254421	0.0251985
1823	0.0254418	0.025198
1824	0.0254412	0.0251976
1825	0.0254408	0.0251971
1826	0.0254402	0.0251967
1827	0.0254399	0.0251962
1828	0.0254395	0.0251957
1829	0.0254389	0.0251953
1830	0.0254385	0.0251948
1831	0.025438	0.0251944
1832	0.0254377	0.0251939
1833	0.0254371	0.0251934
1834	0.0254367	0.0251929
1835	0.0254363	0.0251925
1836	0.0254357	0.025192
1837	0.0254354	0.0251916
1838	0.0254349	0.0251911
1839	0.0254344	0.0251907
1840	0.025434	0.0251902
1841	0.0254335	0.0251898
1842	0.0254331	0.0251894
1843	0.0254327	0.0251889
1844	0.0254322	0.0251884
1845	0.0254317	0.025188
1846	0.0254314	0.0251876
1847	0.0254309	0.0251871
1848	0.0254305	0.0251867
1849	0.0254301	0.0251862
1850	0.0254297	0.0251858
1851	0.0254291	0.0251853
1852	0.0254287	0.0251848
1853	0.0254283	0.0251844
1854	0.0254278	0.025184
1855	0.0254274	0.0251835
1856	0.025427	0.025183
1857	0.0254265	0.0251826
1858	0.0254261	0.0251821
1859	0.0254257	0.0251817
1860	0.0254252	0.0251812
1861	0.0254248	0.0251807
1862	0.0254244	0.0251803
1863	0.025424	0.0251799
1864	0.0254234	0.0251794
1865	0.0254229	0.025179
1866	0.0254225	0.0251785
1867	0.0254222	0.0251781
1868	0.0254217	0.0251777
1869	0.0254214	0.0251772
1870	0.0254209	0.0251767
1871	0.0254204	0.0251763
1872	0.02542	0.0251758
1873	0.0254195	0.0251754
1874	0.0254192	0.025175
1875	0.0254187	0.0251745
1876	0.0254182	0.0251741
1877	0.0254177	0.0251737
1878	0.0254173	0.0251732
1879	0.0254169	0.0251728
1880	0.0254165	0.0251723
1881	0.025416	0.0251719
1882	0.0254156	0.0251715
1883	0.0254152	0.025171
1884	0.0254148	0.0251706
1885	0.0254144	0.0251701
1886	0.0254141	0.0251696
1887	0.0254135	0.0251692
1888	0.0254132	0.0251688
1889	0.0254126	0.0251684
1890	0.0254121	0.0251679
1891	0.0254117	0.0251675
1892	0.0254115	0.025167
1893	0.0254109	0.0251665
1894	0.0254105	0.0251661
1895	0.0254101	0.0251657
1896	0.0254096	0.0251653
1897	0.0254092	0.0251648
1898	0.0254087	0.0251644
1899	0.0254084	0.025164
1900	0.025408	0.0251635
1901	0.0254076	0.0251631
1902	0.0254071	0.0251626
1903	0.0254067	0.0251622
1904	0.0254062	0.0251618
1905	0.0254058	0.0251613
1906	0.0254053	0.0251609
1907	0.0254049	0.0251604
1908	0.0254045	0.02516
1909	0.0254041	0.0251596
1910	0.0254036	0.0251591
1911	0.0254033	0.0251586
1912	0.0254028	0.0251582
1913	0.0254024	0.0251578
1914	0.0254021	0.0251574
1915	0.0254015	0.025157
1916	0.0254011	0.0251565
1917	0.0254007	0.0251561
1918	0.0254002	0.0251557
1919	0.0253998	0.0251552
1920	0.0253994	0.0251548
1921	0.0253988	0.0251543
1922	0.0253987	0.0251539
1923	0.0253981	0.0251535
1924	0.0253977	0.025153
1925	0.0253973	0.0251526
1926	0.0253969	0.0251521
1927	0.0253965	0.0251517
1928	0.0253961	0.0251512
1929	0.0253957	0.0251508
1930	0.0253952	0.0251504
1931	0.0253947	0.02515
1932	0.0253944	0.0251496
1933	0.0253939	0.0251491
1934	0.0253936	0.0251487
1935	0.0253931	0.0251484
1936	0.0253927	0.0251479
1937	0.0253923	0.0251475
1938	0.0253918	0.0251471
1939	0.0253914	0.0251467
1940	0.0253911	0.0251462
1941	0.0253907	0.0251457
1942	0.0253901	0.0251453
1943	0.0253897	0.0251449
1944	0.0253893	0.0251444
1945	0.0253889	0.025144
1946	0.0253886	0.0251436
1947	0.0253881	0.0251431
1948	0.0253876	0.0251427
1949	0.0253872	0.0251423
1950	0.0253868	0.0251419
1951	0.0253865	0.0251415
1952	0.025386	0.0251411
1953	0.0253856	0.0251406
1954	0.0253852	0.0251403
1955	0.0253847	0.0251399
1956	0.0253843	0.0251395
1957	0.025384	0.025139
1958	0.0253835	0.0251386
1959	0.0253832	0.0251382
1960	0.0253827	0.0251377
1961	0.0253823	0.0251373
1962	0.0253819	0.0251369
1963	0.0253815	0.0251365
1964	0.0253811	0.0251361
1965	0.0253807	0.0251356
1966	0.0253802	0.0251353
1967	0.0253799	0.0251348
1968	0.0253794	0.0251344
1969	0.025379	0.025134
1970	0.0253785	0.0251335
1971	0.0253782	0.0251331
1972	0.0253778	0.0251327
1973	0.0253773	0.0251323
1974	0.0253769	0.0251319
1975	0.0253766	0.0251315
1976	0.0253761	0.025131
1977	0.0253757	0.0251306
1978	0.0253753	0.0251301
1979	0.025375	0.0251297
1980	0.0253746	0.0251294
1981	0.0253742	0.025129
1982	0.0253738	0.0251286
1983	0.0253733	0.0251281
1984	0.025373	0.0251277
1985	0.0253725	0.0251273
1986	0.0253721	0.0251269
1987	0.0253717	0.0251265
1988	0.0253713	0.025126
1989	0.0253709	0.0251256
1990	0.0253704	0.0251252
1991	0.0253701	0.0251248
1992	0.0253697	0.0251244
1993	0.0253694	0.025124
1994	0.0253688	0.0251236
1995	0.0253684	0.0251232
1996	0.025368	0.0251228
1997	0.0253676	0.0251223
1998	0.0253672	0.0251219
1999	0.025367	0.0251215
2000	0.0253665	0.0251211
2001	0.0253661	0.0251207
2002	0.0253656	0.0251202
2003	0.0253652	0.0251198
2004	0.0253649	0.0251194
2005	0.0253644	0.025119
2006	0.025364	0.0251186
2007	0.0253635	0.0251182
2008	0.0253632	0.0251177
2009	0.0253629	0.0251173
2010	0.0253625	0.0251169
2011	0.0253621	0.0251165
2012	0.0253618	0.0251161
2013	0.0253612	0.0251157
2014	0.0253609	0.0251153
2015	0.0253605	0.0251149
2016	0.02536	0.0251145
2017	0.0253597	0.0251141
2018	0.0253594	0.0251137
2019	0.0253589	0.0251133
2020	0.0253585	0.0251129
2021	0.025358	0.0251125
2022	0.0253576	0.0251121
2023	0.0253574	0.0251117
2024	0.0253568	0.0251112
2025	0.0253564	0.0251108
2026	0.0253563	0.0251104
2027	0.0253557	0.0251101
2028	0.0253554	0.0251096
2029	0.0253548	0.0251092
2030	0.0253545	0.0251088
2031	0.0253541	0.0251084
2032	0.0253538	0.025108
2033	0.0253534	0.0251075
2034	0.025353	0.0251072
2035	0.0253525	0.0251067
2036	0.0253523	0.0251064
2037	0.0253519	0.025106
2038	0.0253514	0.0251056
2039	0.025351	0.0251052
2040	0.0253506	0.0251048
2041	0.0253502	0.0251043
2042	0.0253498	0.025104
2043	0.0253494	0.0251035
2044	0.025349	0.0251031
2045	0.0253487	0.0251027
2046	0.0253484	0.0251024
2047	0.0253478	0.025102
2048	0.0253475	0.0251016
2049	0.025347	0.0251012
2050	0.0253467	0.0251007
2051	0.0253463	0.0251003
2052	0.025346	0.0250999
2053	0.0253455	0.0250996
2054	0.0253451	0.0250992
2055	0.0253447	0.0250987
2056	0.0253444	0.0250983
2057	0.0253438	0.025098
2058	0.0253435	0.0250976
2059	0.0253431	0.0250972
2060	0.0253427	0.0250968
2061	0.0253424	0.0250964
2062	0.025342	0.025096
2063	0.0253416	0.0250956
2064	0.0253413	0.0250953
2065	0.0253409	0.0250949
2066	0.0253405	0.0250945
2067	0.0253401	0.0250941
2068	0.0253397	0.0250937
2069	0.0253394	0.0250933
2070	0.0253389	0.0250929
2071	0.0253385	0.0250925
2072	0.0253381	0.0250921
2073	0.0253378	0.0250917
2074	0.0253374	0.0250913
2075	0.025337	0.0250909
2076	0.0253366	0.0250905
2077	0.0253363	0.0250902
2078	0.0253359	0.0250898
2079	0.0253355	0.0250894
2080	0.0253351	0.025089
2081	0.0253347	0.0250886
2082	0.0253344	0.0250882
2083	0.025334	0.0250878
2084	0.0253336	0.0250874
2085	0.0253332	0.025087
2086	0.0253328	0.0250867
2087	0.0253324	0.0250863
2088	0.0253321	0.0250859
2089	0.0253317	0.0250854
2090	0.0253312	0.025085
2091	0.0253309	0.0250846
2092	0.0253306	0.0250843
2093	0.0253303	0.0250838
2094	0.0253298	0.0250835
2095	0.0253294	0.0250831
2096	0.0253291	0.0250827
2097	0.0253287	0.0250823
2098	0.0253283	0.0250819
2099	0.0253279	0.0250815
2100	0.0253275	0.0250811
2101	0.0253272	0.0250807
2102	0.0253269	0.0250804
2103	0.0253265	0.02508
2104	0.0253259	0.0250796
2105	0.0253256	0.0250792
2106	0.0253252	0.0250788
2107	0.0253249	0.0250784
2108	0.0253245	0.025078
2109	0.0253241	0.0250777
2110	0.0253237	0.0250773
2111	0.0253233	0.0250769
2112	0.0253231	0.0250766
2113	0.0253226	0.0250762
2114	0.0253221	0.0250758
2115	0.0253218	0.0250754
2116	0.0253214	0.025075
2117	0.0253211	0.0250747
2118	0.0253207	0.0250743
2119	0.0253203	0.0250739
2120	0.02532	0.0250735
2121	0.0253196	0.0250731
2122	0.0253193	0.0250727
2123	0.0253189	0.0250723
2124	0.0253185	0.0250719
2125	0.0253181	0.0250715
2126	0.0253177	0.0250711
2127	0.0253174	0.0250707
2128	0.025317	0.0250703
2129	0.0253167	0.0250699
2130	0.0253163	0.0250696
2131	0.0253158	0.0250692
2132	0.0253154	0.0250688
2133	0.0253151	0.0250684
2134	0.0253148	0.025068
2135	0.0253145	0.0250677
2136	0.0253141	0.0250673
2137	0.0253136	0.0250669
2138	0.0253133	0.0250665
2139	0.0253129	0.0250661
2140	0.0253124	0.0250657
2141	0.0253121	0.0250654
2142	0.0253119	0.025065
2143	0.0253114	0.0250646
2144	0.025311	0.0250643
2145	0.0253107	0.0250639
2146	0.0253104	0.0250635
2147	0.0253099	0.0250632
2148	0.0253096	0.0250628
2149	0.0253092	0.0250624
2150	0.0253088	0.0250621
2151	0.0253084	0.0250617
2152	0.0253082	0.0250613
2153	0.0253079	0.0250609
2154	0.0253074	0.0250605
2155	0.025307	0.0250601
2156	0.0253067	0.0250598
2157	0.0253062	0.0250594
2158	0.025306	0.0250591
2159	0.0253056	0.0250587
2160	0.0253053	0.0250584
2161	0.0253048	0.025058
2162	0.0253045	0.0250576
2163	0.0253041	0.0250572
2164	0.0253038	0.0250569
2165	0.0253033	0.0250565
2166	0.0253031	0.0250561
2167	0.0253027	0.0250557
2168	0.0253024	0.0250554
2169	0.0253019	0.025055
2170	0.0253015	0.0250546
2171	0.0253012	0.0250542
2172	0.0253008	0.0250539
2173	0.0253005	0.0250535
2174	0.0253001	0.0250531
2175	0.0252998	0.0250527
2176	0.0252995	0.0250523
2177	0.025299	0.025052
2178	0.0252988	0.0250516
2179	0.0252983	0.0250513
2180	0.025298	0.0250509
2181	0.0252977	0.0250505
2182	0.0252971	0.0250502
2183	0.0252969	0.0250498
2184	0.0252964	0.0250495
2185	0.0252961	0.0250491
2186	0.0252959	0.0250487
2187	0.0252954	0.0250484
2188	0.025295	0.025048
2189	0.0252947	0.0250477
2190	0.0252945	0.0250473
2191	0.025294	0.025047
2192	0.0252937	0.0250466
2193	0.0252933	0.0250462
2194	0.0252929	0.0250459
2195	0.0252926	0.0250455
2196	0.0252921	0.0250451
2197	0.0252919	0.0250447
2198	0.0252916	0.0250444
2199	0.0252913	0.025044
2200	0.0252909	0.0250437
2201	0.0252904	0.0250433
2202	0.02529	0.0250429
2203	0.0252897	0.0250426
2204	0.0252893	0.0250422
2205	0.025289	0.0250419
2206	0.0252887	0.0250415
2207	0.0252883	0.0250411
2208	0.025288	0.0250407
2209	0.0252876	0.0250404
2210	0.0252872	0.02504
2211	0.025287	0.0250397
2212	0.0252867	0.0250393
2213	0.0252862	0.0250389
2214	0.0252859	0.0250385
2215	0.0252855	0.0250381
2216	0.0252851	0.0250378
2217	0.0252848	0.0250375
2218	0.0252844	0.0250371
2219	0.0252841	0.0250368
2220	0.0252837	0.0250364
2221	0.0252834	0.025036
2222	0.0252831	0.0250357
2223	0.0252827	0.0250353
2224	0.0252823	0.025035
2225	0.0252819	0.0250346
2226	0.0252817	0.0250342
2227	0.0252813	0.0250339
2228	0.0252809	0.0250335
2229	0.0252805	0.0250332
2230	0.0252801	0.0250329
2231	0.0252798	0.0250325
2232	0.0252796	0.0250321
2233	0.0252792	0.0250318
2234	0.0252789	0.0250314
2235	0.0252785	0.025031
2236	0.0252782	0.0250306
2237	0.0252778	0.0250303
2238	0.0252774	0.0250299
2239	0.0252772	0.0250296
2240	0.0252767	0.0250292
2241	0.0252764	0.0250288
2242	0.0252761	0.0250285
2243	0.0252758	0.0250281
2244	0.0252754	0.0250278
2245	0.0252751	0.0250274
2246	0.0252747	0.0250271
2247	0.0252744	0.0250267
2248	0.025274	0.0250263
2249	0.0252735	0.025026
2250	0.0252733	0.0250256
2251	0.0252729	0.0250252
2252	0.0252725	0.0250249
2253	0.0252721	0.0250246
2254	0.0252719	0.0250242
2255	0.0252715	0.0250239
2256	0.0252711	0.0250235
2257	0.0252708	0.0250232
2258	0.0252706	0.0250228
2259	0.0252701	0.0250225
2260	0.0252698	0.0250221
2261	0.0252695	0.0250218
2262	0.0252692	0.0250214
2263	0.0252689	0.025021
2264	0.0252686	0.0250207
2265	0.0252681	0.0250204
2266	0.0252677	0.0250199
2267	0.0252674	0.0250196
2268	0.025267	0.0250193
2269	0.0252667	0.0250189
2270	0.0252664	0.0250186
2271	0.025266	0.0250183
2272	0.0252657	0.025018
2273	0.0252654	0.0250176
2274	0.025265	0.0250173
2275	0.0252648	0.025017
2276	0.0252644	0.0250166
2277	0.025264	0.0250162
2278	0.0252637	0.0250159
2279	0.0252632	0.0250156
2280	0.0252629	0.0250152
2281	0.0252626	0.0250148
2282	0.0252623	0.0250144
2283	0.0252619	0.0250141
2284	0.0252616	0.0250138
2285	0.0252613	0.0250134
2286	0.0252608	0.025013
2287	0.0252606	0.0250127
2288	0.0252602	0.0250124
2289	0.0252599	0.025012
2290	0.0252596	0.0250117
2291	0.0252592	0.0250113
2292	0.0252589	0.025011
2293	0.0252586	0.0250107
2294	0.0252581	0.0250103
2295	0.0252578	0.0250099
2296	0.0252576	0.0250096
2297	0.0252572	0.0250093
2298	0.0252568	0.0250089
2299	0.0252566	0.0250086
2300	0.0252563	0.0250083
2301	0.0252559	0.0250079
2302	0.0252556	0.0250076
2303	0.0252552	0.0250072
2304	0.0252548	0.0250069
2305	0.0252546	0.0250066
2306	0.0252542	0.0250063
2307	0.0252538	0.0250059
2308	0.0252535	0.0250056
2309	0.0252533	0.0250052
2310	0.0252529	0.0250049
2311	0.0252526	0.0250045
2312	0.0252523	0.0250042
2313	0.0252519	0.0250039
2314	0.0252515	0.0250035
2315	0.0252513	0.0250032
2316	0.0252509	0.0250028
2317	0.0252504	0.0250025
2318	0.0252501	0.0250021
2319	0.0252498	0.0250018
2320	0.0252495	0.0250014
2321	0.0252492	0.025001
2322	0.0252489	0.0250007
2323	0.0252485	0.0250004
2324	0.0252482	0.025
2325	0.0252479	0.0249997
2326	0.0252475	0.0249994
2327	0.0252473	0.024999
2328	0.0252469	0.0249987
2329	0.0252466	0.0249984
2330	0.0252462	0.0249981
2331	0.0252459	0.0249977
2332	0.0252455	0.0249974
2333	0.0252453	0.0249971
2334	0.025245	0.0249968
2335	0.0252446	0.0249964
2336	0.0252444	0.024996
2337	0.0252439	0.0249957
2338	0.0252435	0.0249954
2339	0.0252433	0.024995
2340	0.0252429	0.0249947
2341	0.0252426	0.0249943
2342	0.0252422	0.0249939
2343	0.0252419	0.0249936
2344	0.0252415	0.0249932
2345	0.0252413	0.0249929
2346	0.0252409	0.0249926
2347	0.0252406	0.0249922
2348	0.0252403	0.0249919
2349	0.0252399	0.0249916
2350	0.0252395	0.0249912
2351	0.0252394	0.0249909
2352	0.025239	0.0249906
2353	0.0252386	0.0249903
2354	0.0252384	0.0249899
2355	0.0252379	0.0249896
2356	0.0252377	0.0249893
2357	0.0252372	0.024989
2358	0.025237	0.0249886
2359	0.0252367	0.0249883
2360	0.0252364	0.024988
2361	0.025236	0.0249876
2362	0.0252358	0.0249873
2363	0.0252354	0.024987
2364	0.0252351	0.0249867
2365	0.0252347	0.0249863
2366	0.0252344	0.024986
2367	0.0252341	0.0249857
2368	0.0252338	0.0249854
2369	0.0252334	0.024985
2370	0.0252332	0.0249847
2371	0.0252327	0.0249844
2372	0.0252325	0.024984
2373	0.0252321	0.0249837
2374	0.0252318	0.0249834
2375	0.0252315	0.024983
2376	0.0252311	0.0249827
2377	0.025231	0.0249824
2378	0.0252305	0.0249821
2379	0.0252302	0.0249818
2380	0.0252299	0.0249814
2381	0.0252295	0.0249811
2382	0.0252293	0.0249808
2383	0.025229	0.0249804
2384	0.0252286	0.02498
2385	0.0252284	0.0249797
2386	0.025228	0.0249794
2387	0.0252278	0.0249791
2388	0.0252274	0.0249788
2389	0.025227	0.0249785
2390	0.0252266	0.0249781
2391	0.0252265	0.0249778
2392	0.025226	0.0249775
2393	0.0252258	0.0249772
2394	0.0252253	0.0249769
2395	0.0252251	0.0249765
2396	0.0252248	0.0249762
2397	0.0252245	0.0249759
2398	0.0252241	0.0249755
2399	0.0252239	0.0249752
2400	0.0252236	0.0249748
2401	0.0252232	0.0249745
2402	0.0252228	0.0249742
2403	0.0252226	0.0249739
2404	0.0252222	0.0249736
2405	0.025222	0.0249732
2406	0.0252216	0.0249729
2407	0.0252214	0.0249726
2408	0.025221	0.0249722
2409	0.0252207	0.0249719
2410	0.0252203	0.0249716
2411	0.0252199	0.0249713
2412	0.0252198	0.024971
2413	0.0252195	0.0249706
2414	0.0252191	0.0249703
2415	0.0252188	0.02497
2416	0.0252185	0.0249697
2417	0.0252182	0.0249693
2418	0.0252178	0.024969
2419	0.0252176	0.0249687
2420	0.0252173	0.0249684
2421	0.0252169	0.0249681
2422	0.0252166	0.0249678
2423	0.0252162	0.0249674
2424	0.025216	0.0249671
2425	0.0252156	0.0249668
2426	0.0252153	0.0249665
2427	0.0252149	0.0249661
2428	0.0252147	0.0249658
2429	0.0252144	0.0249655
2430	0.025214	0.0249652
2431	0.0252138	0.0249648
2432	0.0252134	0.0249645
2433	0.0252132	0.0249642
2434	0.0252128	0.0249639
2435	0.0252125	0.0249636
2436	0.0252122	0.0249632
2437	0.025212	0.0249629
2438	0.0252116	0.0249626
2439	0.0252112	0.0249622
2440	0.0252109	0.0249619
2441	0.0252106	0.0249616
2442	0.0252102	0.0249613
2443	0.0252101	0.0249609
2444	0.0252097	0.0249606
2445	0.0252093	0.0249603
2446	0.0252091	0.0249599
2447	0.0252087	0.0249596
2448	0.0252084	0.0249593
2449	0.0252081	0.024959
2450	0.0252078	0.0249587
2451	0.0252075	0.0249584
2452	0.0252071	0.0249581
2453	0.0252069	0.0249578
2454	0.0252067	0.0249575
2455	0.0252062	0.0249571
2456	0.0252059	0.0249568
2457	0.0252056	0.0249565
2458	0.0252054	0.0249561
2459	0.0252051	0.0249559
2460	0.0252049	0.0249556
2461	0.0252046	0.0249553
2462	0.0252042	0.0249549
2463	0.0252039	0.0249547
2464	0.0252036	0.0249544
2465	0.0252032	0.0249541
2466	0.025203	0.0249538
2467	0.0252026	0.0249535
2468	0.0252023	0.0249532
2469	0.0252021	0.0249528
2470	0.0252017	0.0249525
2471	0.0252015	0.0249522
2472	0.0252012	0.0249519
2473	0.0252008	0.0249516
2474	0.0252006	0.0249513
2475	0.0252002	0.024951
2476	0.0251998	0.0249507
2477	0.0251996	0.0249504
2478	0.0251993	0.02495
2479	0.025199	0.0249497
2480	0.0251986	0.0249494
2481	0.0251984	0.0249491
2482	0.0251981	0.0249487
2483	0.0251978	0.0249484
2484	0.0251975	0.0249482
2485	0.0251972	0.0249478
2486	0.0251969	0.0249475
2487	0.0251964	0.0249472
2488	0.0251963	0.0249469
2489	0.025196	0.0249466
2490	0.0251957	0.0249463
2491	0.0251954	0.024946
2492	0.025195	0.0249457
2493	0.0251947	0.0249454
2494	0.0251944	0.0249451
2495	0.0251943	0.0249448
2496	0.0251938	0.0249445
2497	0.0251936	0.0249442
2498	0.0251933	0.0249439
2499	0.0251929	0.0249436
2500	0.0251926	0.0249433
2501	0.0251924	0.024943
2502	0.0251921	0.0249427
2503	0.0251917	0.0249424
2504	0.0251914	0.0249421
2505	0.0251911	0.0249418
2506	0.0251908	0.0249414
2507	0.0251905	0.0249411
2508	0.0251903	0.0249408
2509	0.0251898	0.0249405
2510	0.0251896	0.0249403
2511	0.0251893	0.02494
2512	0.025189	0.0249396
2513	0.0251887	0.0249393
2514	0.0251884	0.024939
2515	0.025188	0.0249387
2516	0.0251878	0.0249384
2517	0.0251875	0.0249381
2518	0.0251873	0.0249378
2519	0.025187	0.0249375
2520	0.0251867	0.0249372
2521	0.0251863	0.0249369
2522	0.0251861	0.0249366
2523	0.0251858	0.0249363
2524	0.0251855	0.024936
2525	0.025185	0.0249357
2526	0.0251849	0.0249354
2527	0.0251845	0.024935
2528	0.0251842	0.0249348
2529	0.025184	0.0249345
2530	0.0251837	0.0249342
2531	0.0251834	0.0249339
2532	0.0251831	0.0249336
2533	0.0251828	0.0249332
2534	0.0251825	0.0249329
2535	0.0251821	0.0249326
2536	0.0251819	0.0249323
2537	0.0251815	0.024932
2538	0.0251813	0.0249317
2539	0.0251809	0.0249314
2540	0.0251807	0.0249311
2541	0.0251804	0.0249308
2542	0.0251802	0.0249305
2543	0.0251799	0.0249302
2544	0.0251795	0.0249299
2545	0.0251793	0.0249296
2546	0.0251789	0.0249293
2547	0.0251787	0.0249289
2548	0.0251784	0.0249287
2549	0.0251781	0.0249283
2550	0.0251777	0.0249281
2551	0.0251775	0.0249278
2552	0.0251772	0.0249275
2553	0.0251768	0.0249272
2554	0.0251766	0.0249269
2555	0.0251764	0.0249266
2556	0.025176	0.0249263
2557	0.0251757	0.024926
2558	0.0251754	0.0249257
2559	0.0251751	0.0249254
2560	0.0251747	0.0249251
2561	0.0251746	0.0249248
2562	0.0251743	0.0249245
2563	0.025174	0.0249242
2564	0.0251738	0.0249239
2565	0.0251734	0.0249235
2566	0.025173	0.0249233
2567	0.0251728	0.024923
2568	0.0251725	0.0249227
2569	0.0251723	0.0249224
2570	0.0251719	0.0249221
2571	0.0251717	0.0249218
2572	0.0251714	0.0249215
2573	0.025171	0.0249212
2574	0.0251708	0.0249209
2575	0.0251705	0.0249206
2576	0.0251702	0.0249203
2577	0.02517	0.02492
2578	0.0251697	0.0249197
2579	0.0251694	0.0249195
2580	0.0251691	0.0249191
2581	0.0251687	0.0249188
2582	0.0251685	0.0249185
2583	0.0251682	0.0249183
2584	0.025168	0.024918
2585	0.0251676	0.0249177
2586	0.0251674	0.0249174
2587	0.0251669	0.024917
2588	0.0251668	0.0249168
2589	0.0251665	0.0249165
2590	0.0251663	0.0249162
2591	0.025166	0.0249159
2592	0.0251656	0.0249156
2593	0.0251654	0.0249153
2594	0.0251651	0.024915
2595	0.0251649	0.0249147
2596	0.0251645	0.0249144
2597	0.0251643	0.0249141
2598	0.025164	0.0249138
2599	0.0251636	0.0249135
2600	0.0251634	0.0249133
2601	0.0251632	0.024913
2602	0.0251629	0.0249127
2603	0.0251625	0.0249124
2604	0.0251621	0.0249122
2605	0.0251619	0.0249119
2606	0.0251618	0.0249116
2607	0.0251614	0.0249113
2608	0.0251611	0.024911
2609	0.0251609	0.0249107
2610	0.0251605	0.0249104
2611	0.0251603	0.0249101
2612	0.0251599	0.0249098
2613	0.0251597	0.0249095
2614	0.0251594	0.0249092
2615	0.0251591	0.0249089
2616	0.0251587	0.0249086
2617	0.0251586	0.0249083
2618	0.0251583	0.024908
2619	0.025158	0.0249077
2620	0.0251577	0.0249074
2621	0.0251574	0.0249072
2622	0.0251572	0.0249069
2623	0.0251569	0.0249066
2624	0.0251566	0.0249063
2625	0.0251564	0.024906
2626	0.0251561	0.0249058
2627	0.0251557	0.0249055
2628	0.0251555	0.0249052
2629	0.0251552	0.0249049
2630	0.0251549	0.0249046
2631	0.0251546	0.0249044
2632	0.0251544	0.0249041
2633	0.0251541	0.0249038
2634	0.0251539	0.0249035
2635	0.0251534	0.0249032
2636	0.0251531	0.0249029
2637	0.025153	0.0249027
2638	0.0251526	0.0249024
2639	0.0251523	0.0249021
2640	0.0251522	0.0249018
2641	0.0251519	0.0249015
2642	0.0251515	0.0249012
2643	0.0251512	0.0249009
2644	0.025151	0.0249007
2645	0.0251507	0.0249003
2646	0.0251505	0.0249
2647	0.0251501	0.0248997
2648	0.0251498	0.0248995
2649	0.0251495	0.0248992
2650	0.0251493	0.0248989
2651	0.0251491	0.0248986
2652	0.0251488	0.0248983
2653	0.0251485	0.0248981
2654	0.0251482	0.0248978
2655	0.0251479	0.0248975
2656	0.0251476	0.0248972
2657	0.0251474	0.0248969
2658	0.0251472	0.0248967
2659	0.0251469	0.0248964
2660	0.0251466	0.0248961
2661	0.0251464	0.0248958
2662	0.025146	0.0248955
2663	0.0251458	0.0248952
2664	0.0251455	0.024895
2665	0.0251452	0.0248946
2666	0.0251449	0.0248943
2667	0.0251446	0.0248941
2668	0.0251443	0.0248938
2669	0.0251441	0.0248935
2670	0.0251438	0.0248932
2671	0.0251435	0.0248929
2672	0.0251432	0.0248926
2673	0.025143	0.0248924
2674	0.0251427	0.0248921
2675	0.0251424	0.0248918
2676	0.0251421	0.0248915
2677	0.0251418	0.0248912
2678	0.0251415	0.024891
2679	0.0251412	0.0248907
2680	0.0251409	0.0248904
2681	0.0251407	0.0248902
2682	0.0251405	0.0248899
2683	0.0251402	0.0248896
2684	0.0251399	0.0248893
2685	0.0251396	0.024889
2686	0.0251395	0.0248888
2687	0.0251391	0.0248885
2688	0.0251388	0.0248882
2689	0.0251386	0.024888
2690	0.0251382	0.0248877
2691	0.025138	0.0248874
2692	0.0251378	0.0248871
2693	0.0251374	0.0248869
2694	0.0251373	0.0248866
2695	0.0251369	0.0248863
2696	0.0251367	0.024886
2697	0.0251364	0.0248857
2698	0.0251361	0.0248855
2699	0.0251359	0.0248852
2700	0.0251356	0.0248849
2701	0.0251354	0.0248846
2702	0.0251351	0.0248843
2703	0.0251349	0.024884
2704	0.0251345	0.0248837
2705	0.0251341	0.0248835
2706	0.025134	0.0248832
2707	0.0251337	0.0248829
2708	0.0251335	0.0248826
2709	0.0251332	0.0248824
2710	0.0251329	0.0248821
2711	0.0251327	0.0248818
2712	0.0251324	0.0248815
2713	0.0251321	0.0248813
2714	0.0251318	0.024881
2715	0.0251315	0.0248807
2716	0.0251314	0.0248805
2717	0.0251311	0.0248802
2718	0.0251308	0.0248799
2719	0.0251305	0.0248797
2720	0.0251303	0.0248794
2721	0.02513	0.0248791
2722	0.0251298	0.0248788
2723	0.0251295	0.0248786
2724	0.0251291	0.0248783
2725	0.025129	0.024878
2726	0.0251287	0.0248777
2727	0.0251283	0.0248774
2728	0.0251281	0.0248771
2729	0.0251278	0.0248768
2730	0.0251276	0.0248766
2731	0.0251274	0.0248763
2732	0.025127	0.0248761
2733	0.0251268	0.0248758
2734	0.0251265	0.0248756
2735	0.0251263	0.0248753
2736	0.025126	0.024875
2737	0.0251258	0.0248747
2738	0.0251255	0.0248745
2739	0.0251252	0.0248742
2740	0.0251249	0.0248739
2741	0.0251247	0.0248737
2742	0.0251243	0.0248734
2743	0.0251242	0.0248732
2744	0.0251239	0.0248728
2745	0.0251235	0.0248725
2746	0.0251234	0.0248723
2747	0.0251231	0.024872
2748	0.0251228	0.0248717
2749	0.0251225	0.0248714
2750	0.0251223	0.0248712
2751	0.0251221	0.0248709
2752	0.0251217	0.0248706
2753	0.0251215	0.0248704
2754	0.0251212	0.0248701
2755	0.025121	0.0248698
2756	0.0251207	0.0248695
2757	0.0251205	0.0248693
2758	0.0251202	0.024869
2759	0.0251199	0.0248688
2760	0.0251196	0.0248685
2761	0.0251193	0.0248682
2762	0.0251192	0.024868
2763	0.0251189	0.0248677
2764	0.0251187	0.0248674
2765	0.0251184	0.0248671
2766	0.0251179	0.0248668
2767	0.0251178	0.0248665
2768	0.0251177	0.0248663
2769	0.0251173	0.0248661
2770	0.025117	0.0248658
2771	0.0251168	0.0248656
2772	0.0251165	0.0248653
2773	0.0251163	0.024865
2774	0.0251161	0.0248648
2775	0.0251158	0.0248646
2776	0.0251155	0.0248643
2777	0.0251152	0.024864
2778	0.025115	0.0248637
2779	0.0251147	0.0248635
2780	0.0251145	0.0248632
2781	0.0251141	0.024863
2782	0.025114	0.0248627
2783	0.0251137	0.0248624
2784	0.0251134	0.0248621
2785	0.0251131	0.0248619
2786	0.025113	0.0248616
2787	0.0251127	0.0248614
2788	0.0251125	0.0248611
2789	0.0251122	0.0248608
2790	0.0251119	0.0248606
2791	0.0251116	0.0248603
2792	0.0251114	0.02486
2793	0.0251112	0.0248598
2794	0.0251109	0.0248595
2795	0.0251105	0.0248593
2796	0.0251103	0.024859
2797	0.02511	0.0248587
2798	0.0251099	0.0248585
2799	0.0251096	0.0248582
2800	0.0251093	0.024858
2801	0.0251091	0.0248577
2802	0.0251088	0.0248575
2803	0.0251085	0.0248572
2804	0.0251083	0.024857
2805	0.025108	0.0248567
2806	0.0251078	0.0248565
2807	0.0251075	0.0248562
2808	0.0251072	0.0248559
2809	0.025107	0.0248556
2810	0.0251067	0.0248553
2811	0.0251065	0.0248551
2812	0.0251062	0.0248549
2813	0.0251059	0.0248546
2814	0.0251057	0.0248544
2815	0.0251055	0.0248541
2816	0.0251052	0.0248538
2817	0.0251049	0.0248536
2818	0.0251047	0.0248533
2819	0.0251044	0.0248531
2820	0.0251041	0.0248528
2821	0.0251039	0.0248525
2822	0.0251037	0.0248523
2823	0.0251034	0.024852
2824	0.0251032	0.0248518
2825	0.0251028	0.0248515
2826	0.0251026	0.0248512
2827	0.0251023	0.024851
2828	0.0251021	0.0248507
2829	0.0251019	0.0248505
2830	0.0251016	0.0248502
2831	0.0251014	0.0248499
2832	0.0251012	0.0248497
2833	0.0251009	0.0248495
2834	0.0251007	0.0248492
2835	0.0251004	0.0248489
2836	0.0251	0.0248487
2837	0.0250999	0.0248484
2838	0.0250996	0.0248482
2839	0.0250993	0.0248479
2840	0.0250991	0.0248476
2841	0.0250988	0.0248473
2842	0.0250985	0.0248471
2843	0.0250984	0.0248468
2844	0.0250981	0.0248466
2845	0.0250979	0.0248464
2846	0.0250976	0.0248461
2847	0.0250974	0.0248458
2848	0.0250971	0.0248456
2849	0.0250968	0.0248453
2850	0.0250966	0.0248451
2851	0.0250964	0.0248448
2852	0.0250961	0.0248446
2853	0.0250959	0.0248443
2854	0.0250956	0.0248441
2855	0.0250955	0.0248438
2856	0.025095	0.0248435
2857	0.0250948	0.0248433
2858	0.0250946	0.024843
2859	0.0250943	0.0248428
2860	0.0250941	0.0248425
2861	0.0250939	0.0248422
2862	0.0250937	0.024842
2863	0.0250935	0.0248417
2864	0.0250931	0.0248414
2865	0.0250929	0.0248412
2866	0.0250926	0.0248409
2867	0.0250924	0.0248407
2868	0.0250922	0.0248405
2869	0.0250919	0.0248402
2870	0.0250916	0.02484
2871	0.0250913	0.0248397
2872	0.0250912	0.0248394
2873	0.0250909	0.0248392
2874	0.0250907	0.0248389
2875	0.0250904	0.0248387
2876	0.0250902	0.0248385
2877	0.0250899	0.0248382
2878	0.0250897	0.024838
2879	0.0250895	0.0248377
2880	0.0250891	0.0248375
2881	0.0250889	0.0248372
2882	0.0250888	0.0248369
2883	0.0250885	0.0248366
2884	0.0250883	0.0248363
2885	0.025088	0.0248361
2886	0.0250877	0.0248358
2887	0.0250875	0.0248356
2888	0.0250873	0.0248353
2889	0.025087	0.0248351
2890	0.0250868	0.0248348
2891	0.0250864	0.0248346
2892	0.0250863	0.0248343
2893	0.025086	0.0248341
2894	0.0250857	0.0248338
2895	0.0250856	0.0248335
2896	0.0250853	0.0248333
2897	0.025085	0.024833
2898	0.0250847	0.0248328
2899	0.0250846	0.0248325
2900	0.0250843	0.0248323
2901	0.025084	0.0248321
2902	0.0250838	0.0248318
2903	0.0250835	0.0248316
2904	0.0250833	0.0248313
2905	0.0250831	0.0248311
2906	0.0250829	0.0248308
2907	0.0250827	0.0248306
2908	0.0250824	0.0248303
2909	0.0250821	0.0248301
2910	0.0250818	0.0248298
2911	0.0250816	0.0248296
2912	0.0250814	0.0248293
2913	0.0250812	0.0248291
2914	0.0250809	0.0248288
2915	0.0250808	0.0248286
2916	0.0250803	0.0248283
2917	0.02508	0.0248281
2918	0.0250799	0.0248278
2919	0.0250795	0.0248276
2920	0.0250794	0.0248273
2921	0.0250792	0.0248271
2922	0.025079	0.0248269
2923	0.0250787	0.0248266
2924	0.0250784	0.0248263
2925	0.0250782	0.024826
2926	0.0250779	0.0248258
2927	0.0250777	0.0248256
2928	0.0250774	0.0248253
2929	0.0250771	0.0248251
2930	0.0250771	0.0248248
2931	0.0250768	0.0248246
2932	0.0250765	0.0248243
2933	0.0250763	0.0248241
2934	0.0250761	0.0248239
2935	0.0250758	0.0248236
2936	0.0250756	0.0248234
2937	0.0250754	0.0248231
2938	0.0250751	0.0248229
2939	0.0250748	0.0248227
2940	0.0250746	0.0248224
2941	0.0250743	0.0248222
2942	0.0250741	0.024822
2943	0.0250739	0.0248217
2944	0.0250736	0.0248214
2945	0.0250733	0.0248212
2946	0.0250732	0.0248209
2947	0.0250729	0.0248207
2948	0.0250726	0.0248204
2949	0.0250724	0.0248202
2950	0.0250721	0.02482
2951	0.0250719	0.0248198
2952	0.0250716	0.0248196
2953	0.0250715	0.0248193
2954	0.0250713	0.0248191
2955	0.025071	0.0248188
2956	0.0250708	0.0248186
2957	0.0250705	0.0248184
2958	0.0250702	0.0248181
2959	0.0250699	0.0248179
2960	0.0250697	0.0248176
2961	0.0250696	0.0248174
2962	0.0250693	0.0248172
2963	0.025069	0.0248169
2964	0.0250689	0.0248167
2965	0.0250686	0.0248164
2966	0.0250685	0.0248162
2967	0.0250682	0.0248159
2968	0.0250681	0.0248157
2969	0.0250677	0.0248155
2970	0.0250675	0.0248152
2971	0.0250672	0.024815
2972	0.025067	0.0248147
2973	0.0250668	0.0248145
2974	0.0250665	0.0248142
2975	0.0250664	0.0248139
2976	0.0250661	0.0248137
2977	0.0250658	0.0248135
2978	0.0250656	0.0248132
2979	0.0250653	0.024813
2980	0.0250651	0.0248128
2981	0.0250649	0.0248125
2982	0.0250647	0.0248123
2983	0.0250645	0.0248121
2984	0.0250643	0.0248118
2985	0.025064	0.0248116
2986	0.0250637	0.0248114
2987	0.0250635	0.0248111
2988	0.0250633	0.0248109
2989	0.0250631	0.0248107
2990	0.0250627	0.0248104
2991	0.0250626	0.0248102
2992	0.0250623	0.0248099
2993	0.025062	0.0248097
2994	0.0250619	0.0248094
2995	0.0250616	0.0248092
2996	0.0250614	0.024809
2997	0.0250612	0.0248088
2998	0.025061	0.0248085
2999	0.0250607	0.0248083
3000	0.0250606	0.0248081
3001	0.0250604	0.0248078
3002	0.02506	0.0248076
3003	0.0250599	0.0248073
3004	0.0250596	0.0248071
3005	0.0250592	0.0248068
3006	0.0250591	0.0248066
3007	0.0250588	0.0248063
3008	0.0250587	0.0248061
3009	0.0250585	0.0248059
3010	0.0250581	0.0248057
3011	0.025058	0.0248054
3012	0.0250577	0.0248052
3013	0.0250574	0.0248049
3014	0.0250573	0.0248047
3015	0.025057	0.0248044
3016	0.0250568	0.0248042
3017	0.0250565	0.024804
3018	0.0250563	0.0248037
3019	0.025056	0.0248035
3020	0.0250559	0.0248033
3021	0.0250557	0.0248031
3022	0.0250554	0.0248028
3023	0.0250551	0.0248026
3024	0.025055	0.0248024
3025	0.0250547	0.0248022
3026	0.0250545	0.0248019
3027	0.0250543	0.0248017
3028	0.025054	0.0248015
3029	0.0250538	0.0248012
3030	0.0250535	0.024801
3031	0.0250533	0.0248008
3032	0.0250531	0.0248005
3033	0.0250528	0.0248003
3034	0.0250526	0.0248
3035	0.0250524	0.0247998
3036	0.0250523	0.0247995
3037	0.025052	0.0247993
3038	0.0250518	0.024799
3039	0.0250515	0.0247988
3040	0.0250513	0.0247986
3041	0.025051	0.0247983
3042	0.0250507	0.0247982
3043	0.0250506	0.0247979
3044	0.0250504	0.0247976
3045	0.0250502	0.0247974
3046	0.0250501	0.0247971
3047	0.0250497	0.0247969
3048	0.0250495	0.0247967
3049	0.0250492	0.0247964
3050	0.0250491	0.0247962
3051	0.0250488	0.024796
3052	0.0250487	0.0247957
3053	0.0250484	0.0247955
3054	0.0250481	0.0247953
3055	0.0250479	0.024795
3056	0.0250477	0.0247948
3057	0.0250475	0.0247946
3058	0.0250472	0.0247943
3059	0.025047	0.0247941
3060	0.0250466	0.0247939
3061	0.0250465	0.0247937
3062	0.0250463	0.0247935
3063	0.0250461	0.0247932
3064	0.0250458	0.024793
3065	0.0250457	0.0247928
3066	0.0250454	0.0247926
3067	0.0250452	0.0247923
3068	0.0250449	0.0247921
3069	0.0250447	0.0247919
3070	0.0250446	0.0247917
3071	0.0250444	0.0247914
3072	0.0250441	0.0247912
3073	0.0250439	0.024791
3074	0.0250437	0.0247907
3075	0.0250434	0.0247905
3076	0.0250432	0.0247903
3077	0.025043	0.02479
3078	0.0250427	0.0247898
3079	0.0250425	0.0247895
3080	0.0250422	0.0247893
3081	0.0250421	0.0247891
3082	0.0250418	0.0247889
3083	0.0250415	0.0247887
3084	0.0250415	0.0247884
3085	0.0250413	0.0247882
3086	0.0250409	0.024788
3087	0.0250407	0.0247877
3088	0.0250406	0.0247875
3089	0.0250403	0.0247873
3090	0.02504	0.024787
3091	0.0250398	0.0247868
3092	0.0250397	0.0247866
3093	0.0250393	0.0247863
3094	0.0250393	0.0247861
3095	0.0250389	0.0247859
3096	0.0250388	0.0247856
3097	0.0250385	0.0247854
3098	0.0250383	0.0247852
3099	0.025038	0.024785
3100	0.025038	0.0247848
3101	0.0250376	0.0247845
3102	0.0250374	0.0247843
3103	0.0250371	0.024784
3104	0.025037	0.0247838
3105	0.0250367	0.0247836
3106	0.0250365	0.0247833
3107	0.0250363	0.0247831
3108	0.025036	0.0247829
3109	0.0250357	0.0247827
3110	0.0250356	0.0247825
3111	0.0250353	0.0247822
3112	0.0250351	0.024782
3113	0.025035	0.0247818
3114	0.0250348	0.0247815
3115	0.0250346	0.0247813
3116	0.0250343	0.0247811
3117	0.0250341	0.0247809
3118	0.0250339	0.0247807
3119	0.0250337	0.0247805
3120	0.0250335	0.0247802
3121	0.0250332	0.02478
3122	0.025033	0.0247798
3123	0.0250327	0.0247795
3124	0.0250325	0.0247793
3125	0.0250322	0.0247791
3126	0.0250321	0.0247789
3127	0.0250319	0.0247787
3128	0.0250317	0.0247785
3129	0.0250314	0.0247783
3130	0.0250312	0.024778
3131	0.025031	0.0247778
3132	0.0250308	0.0247776
3133	0.0250304	0.0247773
3134	0.0250304	0.0247771
3135	0.0250301	0.0247769
3136	0.02503	0.0247767
3137	0.0250298	0.0247764
3138	0.0250295	0.0247762
3139	0.0250293	0.024776
3140	0.0250291	0.0247758
3141	0.0250288	0.0247756
3142	0.0250287	0.0247754
3143	0.0250283	0.0247751
3144	0.0250283	0.0247749
3145	0.025028	0.0247747
3146	0.0250278	0.0247744
3147	0.0250275	0.0247742
3148	0.0250274	0.024774
3149	0.0250272	0.0247738
3150	0.025027	0.0247735
3151	0.0250268	0.0247733
3152	0.0250266	0.0247731
3153	0.0250262	0.0247728
3154	0.025026	0.0247726
3155	0.0250257	0.0247724
3156	0.0250256	0.0247722
3157	0.0250254	0.024772
3158	0.0250252	0.0247718
3159	0.0250249	0.0247715
3160	0.0250247	0.0247713
3161	0.0250245	0.0247711
3162	0.0250243	0.0247709
3163	0.025024	0.0247706
3164	0.0250239	0.0247704
3165	0.0250236	0.0247702
3166	0.0250235	0.02477
3167	0.0250233	0.0247698
3168	0.0250231	0.0247696
3169	0.0250228	0.0247694
3170	0.0250227	0.0247691
3171	0.0250223	0.0247689
3172	0.0250222	0.0247687
3173	0.025022	0.0247686
3174	0.0250218	0.0247683
3175	0.0250216	0.0247681
3176	0.0250214	0.0247679
3177	0.0250211	0.0247677
3178	0.0250209	0.0247674
3179	0.0250206	0.0247672
3180	0.0250206	0.0247671
3181	0.0250204	0.0247669
3182	0.0250201	0.0247667
3183	0.0250198	0.0247664
3184	0.0250197	0.0247662
3185	0.0250194	0.024766
3186	0.0250192	0.0247658
3187	0.025019	0.0247656
3188	0.0250187	0.0247654
3189	0.0250185	0.0247651
3190	0.0250184	0.0247649
3191	0.0250181	0.0247647
3192	0.025018	0.0247645
3193	0.0250177	0.0247642
3194	0.0250174	0.024764
3195	0.0250173	0.0247638
3196	0.0250171	0.0247636
3197	0.0250168	0.0247633
3198	0.0250166	0.0247631
3199	0.0250164	0.0247628
3200	0.0250162	0.0247626
3201	0.025016	0.0247624
3202	0.0250159	0.0247622
3203	0.0250157	0.024762
3204	0.0250154	0.0247618
3205	0.0250152	0.0247615
3206	0.025015	0.0247613
3207	0.0250148	0.0247611
3208	0.0250146	0.0247609
3209	0.0250144	0.0247607
3210	0.0250141	0.0247604
3211	0.0250139	0.0247603
3212	0.0250137	0.02476
3213	0.0250135	0.0247598
3214	0.0250133	0.0247596
3215	0.0250132	0.0247594
3216	0.025013	0.0247591
3217	0.0250127	0.0247589
3218	0.0250124	0.0247587
3219	0.0250123	0.0247585
3220	0.025012	0.0247583
3221	0.0250117	0.0247581
3222	0.0250116	0.0247579
3223	0.0250113	0.0247577
3224	0.0250113	0.0247575
3225	0.025011	0.0247573
3226	0.0250107	0.0247571
3227	0.0250105	0.0247569
3228	0.0250104	0.0247567
3229	0.0250101	0.0247564
3230	0.0250098	0.0247562
3231	0.0250098	0.024756
3232	0.0250095	0.0247558
3233	0.0250094	0.0247556
3234	0.0250091	0.0247553
3235	0.025009	0.0247551
3236	0.0250086	0.0247549
3237	0.0250084	0.0247547
3238	0.0250082	0.0247545
3239	0.0250081	0.0247543
3240	0.0250079	0.0247541
3241	0.0250076	0.0247539
3242	0.0250075	0.0247537
3243	0.0250073	0.0247534
3244	0.025007	0.0247532
3245	0.0250069	0.024753
3246	0.0250067	0.0247528
3247	0.0250064	0.0247526
3248	0.0250062	0.0247524
3249	0.025006	0.0247522
3250	0.0250059	0.024752
3251	0.0250056	0.0247518
3252	0.0250054	0.0247516
3253	0.0250052	0.0247514
3254	0.025005	0.0247512
3255	0.0250047	0.0247509
3256	0.0250046	0.0247507
3257	0.0250042	0.0247505
3258	0.0250041	0.0247503
3259	0.0250039	0.02475
3260	0.0250037	0.0247498
3261	0.0250035	0.0247496
3262	0.0250033	0.0247494
3263	0.0250031	0.0247492
3264	0.025003	0.0247489
3265	0.0250027	0.0247488
3266	0.0250025	0.0247486
3267	0.0250023	0.0247483
3268	0.025002	0.0247481
3269	0.0250019	0.0247479
3270	0.0250016	0.0247477
3271	0.0250015	0.0247475
3272	0.0250013	0.0247473
3273	0.0250011	0.0247471
3274	0.0250008	0.0247469
3275	0.0250006	0.0247467
3276	0.0250004	0.0247465
3277	0.0250002	0.0247463
3278	0.0250001	0.0247461
3279	0.0249998	0.0247459
