1	0.251529	0.235027
2	0.239337	0.223617
3	0.227661	0.213003
4	0.216788	0.203235
5	0.206777	0.194391
6	0.197708	0.186513
7	0.189631	0.179503
8	0.182442	0.173307
9	0.176088	0.167759
10	0.1704	0.16271
11	0.165225	0.158107
12	0.16051	0.153901
13	0.1562	0.150025
14	0.152233	0.146431
15	0.148554	0.143073
16	0.145118	0.139919
17	0.141893	0.136938
18	0.138846	0.134108
19	0.135954	0.131422
20	0.133212	0.128869
21	0.130607	0.126436
22	0.128125	0.124114
23	0.125757	0.12189
24	0.123491	0.119759
25	0.12132	0.117712
26	0.119237	0.11574
27	0.117231	0.113839
28	0.115299	0.112006
29	0.113436	0.110233
30	0.111637	0.10852
31	0.109899	0.106861
32	0.108215	0.105251
33	0.106584	0.10369
34	0.105002	0.102175
35	0.103468	0.1007
36	0.101977	0.0992664
37	0.100527	0.0978688
38	0.0991144	0.0965062
39	0.0977378	0.095177
40	0.0963956	0.0938775
41	0.0950846	0.0926071
42	0.0938041	0.0913637
43	0.0925509	0.0901479
44	0.091326	0.0889568
45	0.0901263	0.0877889
46	0.0889516	0.0866445
47	0.0877997	0.0855211
48	0.0866698	0.0844198
49	0.085563	0.0833381
50	0.0844763	0.0822754
51	0.0834095	0.0812314
52	0.0823611	0.0802046
53	0.0813304	0.0791949
54	0.080317	0.0782012
55	0.0793211	0.0772236
56	0.0783409	0.0762623
57	0.0773769	0.0753157
58	0.0764291	0.0743839
59	0.0754956	0.0734683
60	0.0745789	0.0725669
61	0.0736759	0.0716795
62	0.0727877	0.0708054
63	0.0719128	0.0699456
64	0.0710524	0.069099
65	0.0702062	0.0682659
66	0.0693728	0.0674457
67	0.0685524	0.0666383
68	0.0677453	0.0658435
69	0.0669506	0.0650613
70	0.0661686	0.064291
71	0.0653988	0.0635333
72	0.0646414	0.0627882
73	0.0638966	0.0620547
74	0.0631639	0.0613338
75	0.0624438	0.0606251
76	0.0617356	0.059928
77	0.0610392	0.0592428
78	0.060355	0.0585695
79	0.0596824	0.057908
80	0.0590216	0.057258
81	0.0583725	0.0566197
82	0.0577347	0.0559925
83	0.0571087	0.0553769
84	0.0564941	0.0547725
85	0.0558903	0.0541795
86	0.0552974	0.0535967
87	0.0547163	0.0530254
88	0.0541456	0.0524647
89	0.0535861	0.0519151
90	0.053037	0.0513762
91	0.0524989	0.0508478
92	0.0519713	0.0503299
93	0.0514541	0.0498218
94	0.0509471	0.0493239
95	0.0504501	0.0488362
96	0.0499631	0.0483582
97	0.0494856	0.0478897
98	0.0490181	0.0474308
99	0.0485598	0.0469814
100	0.0481112	0.0465415
101	0.0476722	0.0461106
102	0.0472421	0.0456888
103	0.0468207	0.0452757
104	0.0464083	0.0448712
105	0.0460045	0.0444754
106	0.0456092	0.0440875
107	0.0452221	0.043708
108	0.0448431	0.0433366
109	0.0444723	0.042973
110	0.0441092	0.0426172
111	0.0437542	0.0422687
112	0.0434064	0.0419283
113	0.043066	0.0415946
114	0.0427328	0.0412679
115	0.0424069	0.0409486
116	0.0420877	0.0406357
117	0.0417757	0.0403297
118	0.0414698	0.0400302
119	0.0411709	0.0397371
120	0.0408781	0.0394504
121	0.0405917	0.0391695
122	0.0403115	0.0388949
123	0.0400371	0.0386261
124	0.0397685	0.038363
125	0.0395057	0.0381052
126	0.0392485	0.0378531
127	0.0389965	0.0376063
128	0.0387503	0.0373649
129	0.0385086	0.0371283
130	0.0382725	0.0368967
131	0.0380412	0.03667
132	0.0378148	0.0364482
133	0.0375934	0.0362311
134	0.0373763	0.0360183
135	0.0371636	0.0358101
136	0.0369554	0.0356061
137	0.0367519	0.0354065
138	0.0365524	0.0352106
139	0.0363567	0.0350193
140	0.0361653	0.0348317
141	0.035978	0.034648
142	0.0357942	0.0344678
143	0.0356143	0.0342915
144	0.035438	0.0341187
145	0.0352655	0.0339494
146	0.0350962	0.0337836
147	0.0349302	0.033621
148	0.0347679	0.0334618
149	0.0346086	0.0333056
150	0.0344524	0.0331526
151	0.0342994	0.0330023
152	0.0341493	0.0328551
153	0.034002	0.0327108
154	0.0338578	0.0325694
155	0.0337164	0.0324306
156	0.0335777	0.0322945
157	0.0334416	0.0321611
158	0.0333081	0.0320302
159	0.0331772	0.0319019
160	0.0330487	0.031776
161	0.0329226	0.0316522
162	0.032799	0.0315309
163	0.0326776	0.031412
164	0.0325587	0.0312951
165	0.0324417	0.0311805
166	0.0323271	0.0310679
167	0.0322145	0.0309574
168	0.0321039	0.030849
169	0.0319954	0.0307426
170	0.0318887	0.030638
171	0.0317842	0.0305354
172	0.0316812	0.0304346
173	0.0315805	0.0303356
174	0.0314812	0.0302383
175	0.0313839	0.0301426
176	0.0312882	0.0300488
177	0.0311942	0.0299566
178	0.0311019	0.029866
179	0.0310111	0.0297769
180	0.0309219	0.0296895
181	0.0308343	0.0296034
182	0.030748	0.0295188
183	0.0306634	0.0294356
184	0.0305801	0.029354
185	0.0304983	0.0292738
186	0.0304179	0.0291948
187	0.0303387	0.0291172
188	0.0302609	0.0290407
189	0.0301843	0.0289657
190	0.030109	0.0288917
191	0.0300349	0.0288191
192	0.0299621	0.0287476
193	0.0298903	0.0286772
194	0.0298199	0.028608
195	0.0297506	0.02854
196	0.0296822	0.028473
197	0.029615	0.028407
198	0.0295489	0.028342
199	0.0294838	0.0282782
200	0.0294197	0.0282154
201	0.0293567	0.0281534
202	0.0292944	0.0280923
203	0.0292334	0.0280323
204	0.0291731	0.0279733
205	0.0291139	0.027915
206	0.0290554	0.0278579
207	0.0289977	0.0278011
208	0.0289413	0.0277456
209	0.0288855	0.0276907
210	0.0288304	0.0276369
211	0.0287764	0.0275838
212	0.0287229	0.0275313
213	0.0286703	0.0274797
214	0.0286184	0.0274287
215	0.0285675	0.0273786
216	0.0285171	0.0273293
217	0.0284676	0.0272806
218	0.0284185	0.0272325
219	0.0283703	0.0271852
220	0.0283228	0.0271384
221	0.0282759	0.0270924
222	0.0282297	0.0270471
223	0.0281841	0.0270025
224	0.0281392	0.0269584
225	0.0280949	0.0269148
226	0.0280513	0.026872
227	0.0280081	0.0268297
228	0.0279655	0.0267878
229	0.0279236	0.0267468
230	0.0278823	0.0267061
231	0.0278413	0.0266662
232	0.0278011	0.0266265
233	0.0277614	0.0265875
234	0.0277222	0.026549
235	0.0276837	0.026511
236	0.0276454	0.0264735
237	0.0276077	0.0264366
238	0.0275705	0.0264001
239	0.0275337	0.026364
240	0.0274975	0.0263284
241	0.0274617	0.0262933
242	0.0274264	0.0262587
243	0.0273915	0.0262243
244	0.0273571	0.0261904
245	0.027323	0.0261572
246	0.0272895	0.0261242
247	0.0272563	0.0260917
248	0.0272235	0.0260595
249	0.0271911	0.0260277
250	0.0271592	0.0259963
251	0.0271277	0.0259654
252	0.0270965	0.0259347
253	0.0270657	0.0259044
254	0.0270352	0.0258746
255	0.0270049	0.025845
256	0.0269754	0.025816
257	0.026946	0.0257871
258	0.0269171	0.0257586
259	0.0268883	0.0257304
260	0.0268599	0.0257026
261	0.0268319	0.025675
262	0.0268043	0.0256479
263	0.026777	0.0256211
264	0.0267498	0.0255945
265	0.026723	0.0255683
266	0.0266966	0.0255423
267	0.0266706	0.0255167
268	0.0266447	0.0254913
269	0.0266191	0.0254661
270	0.0265939	0.0254413
271	0.026569	0.0254169
272	0.0265441	0.0253926
273	0.0265197	0.0253687
274	0.0264955	0.0253449
275	0.0264716	0.0253214
276	0.026448	0.0252982
277	0.0264246	0.0252753
278	0.0264014	0.0252525
279	0.0263785	0.0252301
280	0.026356	0.0252079
281	0.0263337	0.0251859
282	0.0263113	0.0251642
283	0.0262896	0.0251426
284	0.0262677	0.0251212
285	0.0262464	0.0251002
286	0.026225	0.0250794
287	0.0262039	0.0250587
288	0.0261832	0.0250383
289	0.0261626	0.0250179
290	0.0261422	0.0249981
291	0.026122	0.0249783
292	0.0261021	0.0249587
293	0.0260824	0.0249393
294	0.0260627	0.0249201
295	0.0260434	0.0249011
296	0.0260242	0.0248822
297	0.0260053	0.0248637
298	0.0259864	0.0248451
299	0.0259678	0.0248268
300	0.0259495	0.0248087
301	0.025931	0.0247908
302	0.0259131	0.0247732
303	0.0258951	0.0247556
304	0.0258774	0.0247381
305	0.0258599	0.0247209
306	0.0258425	0.0247038
307	0.0258251	0.0246869
308	0.025808	0.0246702
309	0.0257913	0.0246536
310	0.0257746	0.0246373
311	0.025758	0.0246209
312	0.0257415	0.0246047
313	0.0257253	0.0245888
314	0.0257091	0.024573
315	0.0256931	0.0245573
316	0.0256774	0.0245419
317	0.0256616	0.0245265
318	0.0256461	0.0245111
319	0.0256306	0.0244961
320	0.0256154	0.0244811
321	0.0256003	0.0244663
322	0.0255853	0.0244515
323	0.0255705	0.0244371
324	0.0255558	0.0244226
325	0.0255411	0.0244083
326	0.0255268	0.024394
327	0.0255123	0.02438
328	0.0254983	0.024366
329	0.0254841	0.0243523
330	0.0254701	0.0243384
331	0.0254562	0.024325
332	0.0254427	0.0243115
333	0.0254291	0.0242982
334	0.0254157	0.024285
335	0.0254022	0.0242718
336	0.0253889	0.0242588
337	0.0253758	0.0242459
338	0.0253628	0.0242331
339	0.0253498	0.0242205
340	0.0253371	0.0242079
341	0.0253243	0.0241954
342	0.0253117	0.0241832
343	0.0252992	0.0241708
344	0.0252868	0.0241587
345	0.0252746	0.0241467
346	0.0252624	0.0241347
347	0.0252502	0.0241228
348	0.0252384	0.0241111
349	0.0252266	0.0240995
350	0.0252147	0.0240878
351	0.025203	0.0240764
352	0.0251915	0.0240651
353	0.0251799	0.0240537
354	0.0251686	0.0240425
355	0.0251572	0.0240316
356	0.025146	0.0240204
357	0.0251348	0.0240095
358	0.0251238	0.0239987
359	0.0251128	0.0239879
360	0.0251021	0.0239771
361	0.0250912	0.0239666
362	0.0250804	0.0239562
363	0.0250699	0.0239457
364	0.0250592	0.0239353
365	0.0250488	0.0239249
366	0.0250384	0.0239147
367	0.0250281	0.0239047
368	0.0250178	0.0238947
369	0.0250079	0.0238848
370	0.0249977	0.0238749
