1634 3 3
0.0655313 0.0874151 0.149034
-0.643282 2.28979 -1.99558
0.0271376 0.097353 0.145018
-0.271854 2.48385 -1.74439
0.0691203 0.0871755 0.142509
-0.670388 2.39192 -1.79493
0.0349796 0.118212 0.147237
-0.287696 2.04999 -2.26012
0.0508671 0.0999905 0.149925
-0.470598 2.21367 -2.09605
0.0404574 0.0970271 0.141234
-0.39505 2.493 -1.68339
0.0247574 0.0954782 0.146639
-0.253712 2.48643 -1.76593
0.0345967 0.10787 0.147584
-0.310361 2.25818 -2.00808
0.0363561 0.118794 0.145939
-0.296992 2.08036 -2.19892
0.0680965 0.0930682 0.141308
-0.631675 2.35467 -1.81578
0.0284386 0.0986064 0.152186
-0.280786 2.31556 -2.01917
0.0367525 0.0931668 0.142931
-0.375739 2.52826 -1.67625
0.0268256 0.0967602 0.158161
-0.270445 2.08677 -2.42117
0.052584 0.101315 0.143901
-0.478743 2.32466 -1.88234
0.0257468 0.0952318 0.156387
-0.264047 2.25002 -2.16885
0.0385163 0.102395 0.146302
-0.359782 2.34815 -1.89255
0.0346599 0.102524 0.150582
-0.326005 2.26671 -2.04583
0.0620203 0.101543 0.147452
-0.548306 2.15239 -2.13069
0.0279789 0.0969779 0.148156
-0.280881 2.42951 -1.84055
0.043825 0.0860881 0.157421
-0.470879 2.24728 -2.19307
0.0297359 0.0891032 0.143539
-0.322102 2.59147 -1.6335
0.0333834 0.12143 0.145501
-0.268291 2.05074 -2.23144
0.0495891 0.125971 0.14135
-0.375024 1.92466 -2.34438
0.0523987 0.0865553 0.149979
-0.544365 2.38921 -1.90766
0.0298077 0.101967 0.155973
-0.284403 2.06285 -2.40566
0.0713295 0.109485 0.14133
-0.577429 2.07894 -2.13254
0.0379079 0.0919096 0.156419
-0.391191 2.23355 -2.18893
0.039516 0.0932344 0.148172
-0.400883 2.42485 -1.84518
0.0603218 0.099147 0.141431
-0.546579 2.34174 -1.83065
0.0714619 0.0852683 0.153544
-0.697534 2.07555 -2.33699
0.0343303 0.101806 0.154363
-0.325238 2.14459 -2.25966
0.0225849 0.123556 0.143927
-0.180795 2.11719 -2.12128
0.0431998 0.0948984 0.140916
-0.427188 2.50838 -1.6656
0.0689608 0.0927717 0.142575
-0.639224 2.32793 -1.8605
0.038728 0.105137 0.148159
-0.352933 2.265 -2.00928
0.0341305 0.11227 0.144238
-0.295127 2.26714 -1.94889
0.0233337 0.0984032 0.142816
-0.232823 2.5182 -1.6832
0.0345667 0.0912528 0.157528
-0.362099 2.22225 -2.22531
0.0523721 0.116 0.14653
-0.424086 1.90332 -2.46198
0.0715222 0.0851433 0.152345
-0.698672 2.14632 -2.21994
0.0373253 0.102956 0.149714
-0.3478 2.26807 -2.03028
0.024277 0.0928748 0.145179
-0.255674 2.54245 -1.69662
0.0447799 0.0973625 0.153372
-0.43108 2.19609 -2.17623
0.0499726 0.095705 0.14317
-0.481212 2.42558 -1.77162
0.0291667 0.104352 0.147187
-0.272546 2.34546 -1.90844
0.044274 0.123908 0.142735
-0.343176 1.99932 -2.25917
0.0481106 0.10413 0.144772
-0.43281 2.29853 -1.92237
0.0391396 0.0909453 0.154648
-0.406405 2.30363 -2.07538
0.0551402 0.104461 0.14745
-0.485681 2.17093 -2.1079
0.024387 0.101524 0.143493
-0.235742 2.46669 -1.73806
0.0397795 0.0958879 0.147255
-0.393246 2.40834 -1.84698
0.0387298 0.0950737 0.155647
-0.38684 2.19844 -2.21626
0.0544314 0.103315 0.148671
-0.484895 2.15994 -2.14064
0.0572207 0.109936 0.143748
-0.479906 2.15832 -2.06788
0.0595804 0.0940901 0.147627
-0.564494 2.28908 -1.97464
0.0470163 0.0941946 0.152019
-0.462959 2.27677 -2.05856
0.0554405 0.0885979 0.148517
-0.559141 2.37335 -1.90041
0.0242315 0.108135 0.141919
-0.220444 2.40785 -1.77139
0.0426614 0.11724 0.141281
-0.348986 2.20287 -1.98046
0.0435097 0.105555 0.150451
-0.390979 2.15396 -2.17735
0.0251005 0.0865001 0.145445
-0.282423 2.6054 -1.65082
0.0349188 0.112109 0.1507
-0.301948 2.04849 -2.32148
0.029815 0.100303 0.145681
-0.288932 2.42641 -1.80652
0.0557033 0.0941547 0.148172
-0.534231 2.30794 -1.96265
0.0223568 0.106781 0.145911
-0.206388 2.36036 -1.87441
0.0429752 0.104044 0.148548
-0.391703 2.24583 -2.03688
0.0662463 0.101354 0.149068
-0.578912 2.01847 -2.33485
0.0336945 0.10957 0.150183
-0.298338 2.15357 -2.17334
0.0455006 0.111822 0.141366
-0.386441 2.27055 -1.90531
0.0299303 0.0995812 0.141538
-0.291972 2.50266 -1.67902
0.047645 0.087202 0.147241
-0.500056 2.46665 -1.79256
0.0399916 0.119962 0.142281
-0.321783 2.14595 -2.06203
0.0586142 0.105279 0.144684
-0.508012 2.20122 -2.03027
0.0400865 0.112551 0.144194
-0.342154 2.23162 -1.98809
0.0452717 0.101437 0.150853
-0.419775 2.2058 -2.1207
0.0347995 0.129637 0.141687
-0.262257 1.95577 -2.30455
0.0344025 0.123244 0.145471
-0.272212 1.98052 -2.32842
0.0496934 0.121872 0.144052
-0.387171 1.89546 -2.4313
0.0328562 0.0959455 0.141305
-0.32993 2.53743 -1.64602
0.028586 0.132348 0.141734
-0.212724 1.88677 -2.4068
0.0418608 0.0876274 0.14608
-0.44566 2.51448 -1.73334
0.0219814 0.0865146 0.154858
-0.248813 2.43726 -1.94557
0.0396422 0.111337 0.142973
-0.342059 2.27983 -1.91721
0.0625637 0.116842 0.14282
-0.491607 1.95748 -2.31943
0.0223911 0.100414 0.153457
-0.219399 2.27509 -2.08538
0.0248144 0.106121 0.145875
-0.229705 2.3627 -1.87153
0.0497492 0.0952872 0.150803
-0.481169 2.27315 -2.04229
0.058886 0.0938331 0.143137
-0.560439 2.38769 -1.80774
0.0497917 0.0999513 0.153843
-0.462174 2.02313 -2.4189
0.0223747 0.119184 0.14914
-0.185572 2.00429 -2.35646
0.0491414 0.0873019 0.158281
-0.512685 2.08043 -2.43356
0.0352972 0.0936383 0.150773
-0.360482 2.38732 -1.92231
0.0562069 0.0896692 0.143542
-0.559911 2.44761 -1.7562
0.0550331 0.0906335 0.143123
-0.5457 2.45183 -1.74646
0.0255277 0.0890714 0.143487
-0.279117 2.60653 -1.62113
0.0319671 0.0999668 0.156617
-0.309501 2.04073 -2.45356
0.0275885 0.0864106 0.150417
-0.309043 2.51349 -1.80181
0.0346831 0.0861066 0.155825
-0.382912 2.36405 -2.03403
0.0400744 0.0914238 0.152561
-0.413112 2.34872 -1.99086
0.0258145 0.113295 0.145177
-0.224027 2.26553 -1.96415
0.0554308 0.0857551 0.144322
-0.573829 2.48228 -1.73579
0.0290031 0.094578 0.152715
-0.297554 2.35805 -1.98397
0.0522769 0.0975119 0.145645
-0.492115 2.34299 -1.88824
0.0277196 0.0867606 0.141151
-0.309245 2.65721 -1.55022
0.0586354 0.087587 0.140743
-0.589929 2.49685 -1.67337
0.0501135 0.111647 0.141856
-0.421903 2.23276 -1.95406
0.0413059 0.0999947 0.153851
-0.391732 2.15117 -2.24138
0.0397636 0.096845 0.154161
-0.389602 2.2172 -2.16512
0.048133 0.0991121 0.144566
-0.452095 2.37042 -1.84493
0.0385992 0.097545 0.154725
-0.3768 2.1894 -2.20959
0.0668219 0.0890042 0.141945
-0.643995 2.40082 -1.77855
0.0294607 0.109027 0.145687
-0.263912 2.30718 -1.92633
0.0483097 0.10783 0.142305
-0.421205 2.29351 -1.8932
0.0406648 0.0861026 0.144587
-0.44123 2.56078 -1.67302
0.0498896 0.0934409 0.144352
-0.490411 2.43267 -1.78154
0.0423238 0.118979 0.141843
-0.341765 2.16067 -2.03805
0.0625773 0.102936 0.141272
-0.546226 2.2766 -1.89744
0.0343282 0.113716 0.149611
-0.293178 2.0683 -2.27495
0.0312843 0.121912 0.146205
-0.251193 2.01778 -2.28769
0.0551718 0.0860301 0.153013
-0.57024 2.29966 -2.05048
0.0253362 0.11227 0.140744
-0.221954 2.36752 -1.79528
0.0411802 0.109098 0.14573
-0.360927 2.24575 -1.99433
0.0558111 0.106329 0.14268
-0.483361 2.2545 -1.94102
0.0680477 0.0921111 0.143197
-0.636267 2.33249 -1.86435
0.0420541 0.122304 0.142916
-0.331184 2.05932 -2.18091
0.0323991 0.0989597 0.147723
-0.316398 2.39489 -1.86705
0.0250335 0.112152 0.143387
-0.21961 2.32297 -1.8769
0.0367344 0.121926 0.145416
-0.292635 2.00876 -2.28759
0.0460444 0.119368 0.144567
-0.368147 2.03177 -2.24259
0.0290057 0.0856749 0.143769
-0.326443 2.62661 -1.61012
0.0333704 0.100824 0.148433
-0.319629 2.35073 -1.92195
0.0482494 0.0980693 0.149514
-0.457221 2.27697 -2.01721
0.0502191 0.0980299 0.147647
-0.473426 2.30817 -1.95438
0.0409446 0.0872704 0.145773
-0.438681 2.52808 -1.71731
0.0532726 0.103783 0.141513
-0.474237 2.33132 -1.84252
0.0460492 0.0912841 0.151967
-0.467209 2.32727 -2.00307
0.0518637 0.110583 0.146396
-0.438544 2.11616 -2.15974
0.060355 0.0869797 0.155488
-0.606619 2.12271 -2.31101
0.0393871 0.0906989 0.144872
-0.40969 2.51304 -1.71686
0.0367904 0.0869492 0.142375
-0.400282 2.60321 -1.60779
0.0352395 0.105563 0.142606
-0.322193 2.38976 -1.79838
0.0223571 0.120363 0.144356
-0.183654 2.17247 -2.0596
0.0502513 0.102087 0.146814
-0.457421 2.2683 -1.98519
0.0245543 0.0961532 0.157367
-0.250023 2.19254 -2.25877
0.06688 0.0997894 0.149424
-0.590453 2.03206 -2.32184
0.0221434 0.101539 0.145152
-0.214716 2.44513 -1.78138
0.0379372 0.105334 0.14783
-0.345698 2.27455 -1.99365
0.0423734 0.0896487 0.152638
-0.441538 2.35656 -1.98416
0.0509905 0.0870018 0.156575
-0.530125 2.19565 -2.23834
0.0477557 0.107294 0.147291
-0.418765 2.18951 -2.08306
0.0223257 0.123566 0.141268
-0.178749 2.18827 -1.99732
0.0297722 0.109927 0.147995
-0.264491 2.237 -2.03836
0.0283931 0.0857392 0.16037
-0.319791 2.23086 -2.27919
0.0601282 0.0994613 0.149528
-0.543751 2.14153 -2.1776
0.05025 0.0960693 0.145062
-0.481925 2.38617 -1.83637
0.0256482 0.0853001 0.155107
-0.292082 2.43368 -1.95347
0.0247786 0.0856359 0.154333
-0.281656 2.45105 -1.92344
0.0253441 0.0861894 0.153517
-0.28599 2.46088 -1.9
0.0317768 0.105556 0.151883
-0.292413 2.18729 -2.16058
0.0542164 0.0875087 0.142408
-0.554674 2.50229 -1.69129
0.0304407 0.0875175 0.140757
-0.334735 2.64547 -1.55325
0.0256295 0.114745 0.146596
-0.219753 2.20645 -2.05242
0.0452563 0.104598 0.147849
-0.408349 2.23939 -2.0334
0.0338119 0.109702 0.145862
-0.298978 2.27349 -1.96535
0.0517217 0.0956263 0.141425
-0.495809 2.44393 -1.73051
0.052438 0.0979119 0.145281
-0.491692 2.34385 -1.88209
0.0314692 0.116395 0.147352
-0.264053 2.11936 -2.17059
0.0682975 0.0945467 0.147225
-0.625581 2.20707 -2.06124
0.0616826 0.0861083 0.145154
-0.621607 2.4187 -1.80621
0.0363664 0.0852636 0.141617
-0.403155 2.63312 -1.57442
0.0598156 0.0879154 0.145267
-0.597434 2.41111 -1.81508
0.041602 0.0917201 0.148021
-0.425823 2.43496 -1.8334
0.033008 0.0866174 0.148484
-0.364089 2.52554 -1.76073
0.0517207 0.0923765 0.145825
-0.510405 2.40724 -1.8269
0.0432036 0.100855 0.151354
-0.404724 2.21623 -2.11674
0.0279677 0.0976529 0.14527
-0.278933 2.47317 -1.75755
0.0415872 0.119444 0.143491
-0.335047 2.11071 -2.12307
0.0706217 0.0994605 0.147411
-0.617437 2.08043 -2.22211
0.0337171 0.094367 0.151274
-0.343162 2.37406 -1.94363
0.0568378 0.10645 0.149733
-0.490427 1.97499 -2.4104
0.0255192 0.119391 0.147639
-0.210575 2.06696 -2.24376
0.0346493 0.10842 0.148123
-0.309326 2.23476 -2.04293
0.0359061 0.111034 0.145807
-0.312766 2.24245 -1.99919
0.0516477 0.0920372 0.14677
-0.511371 2.39402 -1.85361
0.0636696 0.089183 0.148654
-0.620008 2.29373 -1.98536
0.0357404 0.126369 0.142325
-0.275627 2.02587 -2.21678
0.0279111 0.116406 0.145805
-0.235332 2.18688 -2.06368
0.0520149 0.122054 0.140915
-0.402857 2.04131 -2.17572
0.0310251 0.0977527 0.141645
-0.307328 2.51858 -1.66668
0.0370085 0.125119 0.143234
-0.287587 2.01246 -2.2486
0.0506981 0.102308 0.145122
-0.460075 2.29951 -1.92634
0.0339705 0.118894 0.143663
-0.278305 2.16635 -2.05696
0.0291073 0.115638 0.150019
-0.246589 2.02456 -2.34304
0.024315 0.0952747 0.143252
-0.249876 2.54512 -1.66665
0.0490377 0.110144 0.1442
-0.418868 2.21189 -2.01084
0.0462271 0.0990266 0.149859
-0.436749 2.26811 -2.03256
0.0395059 0.126372 0.14161
-0.30299 2.02278 -2.21047
0.0284436 0.111041 0.150232
-0.250761 2.15184 -2.17634
0.0695757 0.0909503 0.149363
-0.653023 2.18502 -2.12114
0.0261228 0.122452 0.142379
-0.210181 2.16854 -2.03611
0.0295464 0.11152 0.14972
-0.258993 2.15412 -2.16495
0.0494207 0.0856091 0.147142
-0.523548 2.47493 -1.78366
0.0415938 0.0933593 0.141425
-0.419125 2.52612 -1.65724
0.0436627 0.0924806 0.154188
-0.441102 2.26243 -2.11279
0.0265851 0.0912247 0.143827
-0.283571 2.57481 -1.65075
0.0691688 0.0965858 0.14481
-0.621475 2.22919 -1.99972
0.0633382 0.104393 0.144588
-0.545353 2.17253 -2.06291
0.0426142 0.102969 0.140747
-0.392391 2.41834 -1.74554
0.0256082 0.0952246 0.150905
-0.262709 2.40451 -1.90776
0.0297715 0.104385 0.155116
-0.277833 2.04218 -2.41748
0.0708319 0.102332 0.147261
-0.605457 2.00624 -2.32128
0.0611673 0.101425 0.147124
-0.542679 2.17426 -2.09882
0.0413838 0.10633 0.141379
-0.371163 2.37104 -1.80026
0.0264492 0.104692 0.14239
-0.24746 2.43824 -1.74895
0.0313285 0.0930815 0.143347
-0.324662 2.54503 -1.66808
0.0442307 0.105951 0.152094
-0.395469 2.04774 -2.34829
0.0391851 0.094563 0.156803
-0.392842 2.14217 -2.31233
0.0257961 0.0977602 0.153555
-0.257991 2.30192 -2.05756
0.0244402 0.123884 0.143519
-0.194782 2.11455 -2.11863
0.0709109 0.101678 0.148027
-0.608982 1.96425 -2.39554
0.0690747 0.0928003 0.149443
-0.639867 2.15706 -2.15673
0.0307861 0.086789 0.145738
-0.340877 2.57839 -1.676
0.0411297 0.105316 0.14297
-0.372321 2.35816 -1.83491
0.0340645 0.0874958 0.141181
-0.371271 2.62599 -1.57366
0.0315098 0.128476 0.141399
-0.240511 2.03443 -2.1918
0.0410631 0.105002 0.152658
-0.372785 2.085 -2.3069
0.0611668 0.0875975 0.141937
-0.609564 2.46037 -1.72229
0.0689707 0.116067 0.142166
-0.536167 1.8496 -2.47133
0.0396847 0.107519 0.143345
-0.353582 2.32835 -1.87072
0.035932 0.101527 0.14343
-0.340158 2.42479 -1.776
0.0316837 0.0947314 0.153372
-0.322762 2.32642 -2.0281
0.0614939 0.118724 0.142891
-0.477908 1.8726 -2.44731
0.0389188 0.0948523 0.147556
-0.389362 2.41988 -1.8405
0.055328 0.0869301 0.15485
-0.566802 2.22391 -2.16997
0.0602535 0.0976185 0.152186
-0.552996 2.04402 -2.35536
0.0502074 0.0945944 0.141683
-0.487956 2.46108 -1.71818
0.0337379 0.118366 0.144039
-0.277667 2.16782 -2.06059
0.0357822 0.114344 0.143707
-0.30328 2.23686 -1.9752
0.0424613 0.10373 0.14978
-0.388536 2.22 -2.08626
0.0492594 0.121943 0.140821
-0.38391 2.07423 -2.13143
0.0476355 0.0935339 0.146997
-0.471049 2.39754 -1.85356
0.0441426 0.103755 0.152247
-0.402252 2.10918 -2.26664
0.0314422 0.109481 0.14101
-0.279667 2.37998 -1.7864
0.0565596 0.096226 0.153345
-0.531385 2.07704 -2.33103
0.0268334 0.0968387 0.152104
-0.270312 2.35027 -1.98151
0.0595406 0.0935866 0.151277
-0.566619 2.19466 -2.14122
0.0557594 0.0992509 0.141234
-0.51186 2.37716 -1.7922
0.0504579 0.121082 0.141947
-0.39484 2.04496 -2.18572
0.0394408 0.0878312 0.14516
-0.422066 2.53942 -1.69884
0.0305617 0.117684 0.142604
-0.254081 2.23038 -1.96708
0.0363889 0.0871136 0.140918
-0.395687 2.62393 -1.57157
0.0496564 0.098662 0.150459
-0.466283 2.23032 -2.0853
0.0382432 0.0952559 0.141387
-0.38178 2.52133 -1.66081
0.051214 0.107426 0.149794
-0.444865 2.04983 -2.3035
0.0341404 0.0924563 0.148635
-0.353729 2.45117 -1.82791
0.0550612 0.0991902 0.152644
-0.506756 2.05983 -2.34165
0.0438435 0.0950019 0.156277
-0.432377 2.10505 -2.35182
0.0307777 0.117352 0.143335
-0.256492 2.21865 -1.99072
0.0320772 0.107159 0.149783
-0.290852 2.22421 -2.08139
0.0705447 0.101093 0.148558
-0.609263 1.9406 -2.44094
0.0357552 0.10527 0.152918
-0.327427 2.11853 -2.26657
0.0462289 0.0936625 0.145815
-0.458489 2.42653 -1.80836
0.0448924 0.0909056 0.146039
-0.458703 2.46239 -1.7785
0.0327145 0.100177 0.149665
-0.315648 2.33541 -1.95696
0.0383138 0.095338 0.152602
-0.38212 2.3023 -2.04052
0.0391913 0.0859848 0.158229
-0.427661 2.25336 -2.20297
0.0294715 0.0936601 0.152778
-0.304855 2.36717 -1.97584
0.0599008 0.0979185 0.148022
-0.549008 2.21981 -2.05862
0.0338924 0.11528 0.143348
-0.285943 2.23885 -1.9679
0.0213589 0.104189 0.146806
-0.202201 2.38192 -1.86603
0.0303419 0.106045 0.14452
-0.278677 2.36958 -1.84512
0.0223021 0.108517 0.144682
-0.202695 2.35958 -1.85748
0.0566353 0.104033 0.150103
-0.498533 2.05029 -2.3083
0.039867 0.0998555 0.148274
-0.379857 2.33458 -1.93614
0.0313689 0.109595 0.147236
-0.278773 2.25451 -2.00692
0.0489351 0.0996013 0.149314
-0.456671 2.25348 -2.04029
0.023814 0.09035 0.149996
-0.257713 2.48901 -1.81579
0.0623068 0.0953649 0.152063
-0.578728 2.08369 -2.29764
0.0334592 0.0953955 0.141335
-0.337336 2.54085 -1.64355
0.0561169 0.0892156 0.144848
-0.561473 2.43109 -1.79009
0.0682851 0.112196 0.142001
-0.546737 2.03825 -2.19543
0.029391 0.110874 0.151051
-0.259126 2.11504 -2.23754
0.05582 0.0893621 0.150694
-0.558347 2.31092 -1.99931
0.0339362 0.0919956 0.145124
-0.353402 2.51891 -1.71552
0.0640216 0.0952791 0.140894
-0.591643 2.36935 -1.79545
0.0408193 0.0992483 0.141289
-0.390197 2.46433 -1.70988
0.0387014 0.10212 0.149928
-0.362256 2.26761 -2.03422
0.0502532 0.122207 0.143119
-0.390135 1.95553 -2.32688
0.0220434 0.0986675 0.149068
-0.219801 2.40931 -1.87381
0.0252886 0.100221 0.149221
-0.247169 2.37483 -1.90988
0.0338957 0.117234 0.148192
-0.281454 2.03953 -2.29028
0.0705556 0.101332 0.142581
-0.608227 2.1968 -2.00548
0.048003 0.0966873 0.150505
-0.460826 2.27354 -2.03697
0.0237181 0.0855181 0.147578
-0.270546 2.58573 -1.69848
0.0345774 0.103145 0.14927
-0.323457 2.29153 -1.9974
0.0333243 0.111016 0.145314
-0.291618 2.26729 -1.96419
0.0330734 0.126576 0.143423
-0.255579 1.99079 -2.2815
0.0301837 0.0911995 0.144601
-0.319616 2.5508 -1.68133
0.0506095 0.101401 0.142688
-0.462929 2.35935 -1.82981
0.0317294 0.0928207 0.155502
-0.329383 2.29178 -2.10429
0.0250492 0.120159 0.142908
-0.205524 2.20271 -2.00316
0.0303005 0.116423 0.144058
-0.254613 2.22011 -1.99931
0.0654663 0.0941469 0.145522
-0.607608 2.28308 -1.94988
0.0571801 0.0871442 0.141595
-0.580689 2.49873 -1.68324
0.0712224 0.0947929 0.146395
-0.644363 2.19282 -2.06547
0.0414568 0.0994304 0.147948
-0.395027 2.33859 -1.92701
0.0625238 0.0922043 0.153785
-0.595877 2.04667 -2.38298
0.0508933 0.0978906 0.14777
-0.479441 2.30244 -1.96238
0.0319437 0.0868317 0.153591
-0.352515 2.42521 -1.93378
0.0277028 0.096303 0.149224
-0.280101 2.41812 -1.86785
0.0536434 0.100208 0.143542
-0.491502 2.33881 -1.86262
0.0299626 0.0919423 0.153196
-0.315032 2.378 -1.97228
0.062393 0.108804 0.146908
-0.520666 1.9895 -2.33927
0.0340992 0.0903778 0.154242
-0.360783 2.35264 -2.01635
0.0231439 0.103492 0.145569
-0.22001 2.40952 -1.82098
0.0511273 0.115018 0.141864
-0.418283 2.1683 -2.0292
0.0287194 0.124841 0.143343
-0.226114 2.0762 -2.16512
0.0251926 0.104781 0.143165
-0.235952 2.42833 -1.76896
0.0327803 0.111877 0.143217
-0.285026 2.30051 -1.8983
0.0408884 0.109916 0.141122
-0.356136 2.32903 -1.83963
0.0388829 0.106812 0.146187
-0.349118 2.28461 -1.95797
0.03552 0.0900885 0.146762
-0.375565 2.50626 -1.75056
0.0710825 0.0968321 0.145763
-0.633234 2.17981 -2.07151
0.0255416 0.0951389 0.146872
-0.262282 2.48396 -1.77159
0.0302985 0.0883354 0.144766
-0.330419 2.57897 -1.66112
0.0391887 0.0858491 0.159185
-0.428233 2.2068 -2.28107
0.0485728 0.0932553 0.15487
-0.480195 2.17712 -2.22772
0.0399958 0.109244 0.143915
-0.350957 2.29034 -1.919
0.0476034 0.0967623 0.143402
-0.457197 2.42339 -1.77694
0.0437584 0.096184 0.154648
-0.426958 2.17511 -2.226
0.0594381 0.102922 0.141856
-0.523716 2.29118 -1.88957
0.0513146 0.0923408 0.150401
-0.507216 2.31386 -1.99142
0.0596245 0.0979721 0.143736
-0.546709 2.31962 -1.88531
0.0690009 0.0869613 0.147298
-0.670745 2.30235 -1.95534
0.0507329 0.11535 0.141539
-0.414352 2.17341 -2.0186
0.0240175 0.112788 0.143332
-0.20981 2.31785 -1.88152
0.0454414 0.0911377 0.147044
-0.462528 2.43856 -1.81527
0.0413657 0.101159 0.150064
-0.388171 2.26249 -2.04215
0.050867 0.0989691 0.145451
-0.47476 2.33742 -1.89117
0.032832 0.102956 0.146847
-0.308699 2.35667 -1.89193
0.0402492 0.0892882 0.148265
-0.423501 2.46594 -1.80882
0.0299718 0.117845 0.146089
-0.249053 2.13904 -2.12623
0.0276537 0.110267 0.147499
-0.245721 2.25341 -2.01215
0.0669144 0.0882185 0.146838
-0.648924 2.31697 -1.9329
0.0495516 0.124321 0.141517
-0.379279 1.98037 -2.26728
0.0619177 0.100779 0.149073
-0.550934 2.1088 -2.21203
0.0512391 0.117625 0.142015
-0.410825 2.11356 -2.09832
0.0398183 0.0953415 0.154965
-0.395619 2.21357 -2.18458
0.0555855 0.0975367 0.142047
-0.517988 2.38567 -1.79476
0.0404203 0.113601 0.147212
-0.34184 2.12434 -2.16205
0.0363341 0.0890099 0.150998
-0.387558 2.43522 -1.88031
0.0421045 0.0926379 0.155636
-0.426595 2.21846 -2.19159
0.0355521 0.0982023 0.149495
-0.34735 2.35332 -1.93585
0.0396643 0.090756 0.145625
-0.412027 2.49866 -1.74024
0.0676142 0.102328 0.147863
-0.5839 2.03711 -2.2881
0.0503827 0.105115 0.150826
-0.446958 2.07103 -2.29252
0.0372175 0.100559 0.151713
-0.354472 2.25168 -2.08163
0.0479631 0.109365 0.14529
-0.413299 2.20599 -2.03352
0.0468961 0.101769 0.142337
-0.431806 2.38365 -1.80072
0.0235101 0.110174 0.144255
-0.210238 2.34028 -1.87111
0.0259758 0.115627 0.142982
-0.220982 2.27438 -1.92327
0.0302142 0.109684 0.140985
-0.268798 2.38232 -1.78376
0.0456574 0.123268 0.142557
-0.354723 2.01192 -2.23918
0.0680638 0.105157 0.144098
-0.574447 2.11959 -2.12078
0.0242495 0.111206 0.143184
-0.214698 2.34317 -1.85314
0.0313315 0.090678 0.154226
-0.332682 2.3627 -2.00582
0.0421686 0.0929271 0.157684
-0.425994 2.05606 -2.45576
0.0365684 0.101524 0.152058
-0.34573 2.22817 -2.11469
0.070598 0.0910503 0.148199
-0.659544 2.2067 -2.07674
0.0653482 0.0879258 0.14551
-0.639148 2.36159 -1.86734
0.0336382 0.0959347 0.157498
-0.337241 2.10872 -2.37377
0.0520432 0.0886302 0.1572
-0.53095 2.09076 -2.39261
0.0220239 0.114649 0.147776
-0.189786 2.18909 -2.09106
0.0352429 0.0854673 0.153503
-0.391112 2.42818 -1.92947
0.0285283 0.121902 0.147168
-0.22989 1.97935 -2.35836
0.0236922 0.104403 0.155004
-0.223152 2.11744 -2.30831
0.0219362 0.118574 0.148181
-0.182933 2.08537 -2.22809
0.0623831 0.0960006 0.147159
-0.576248 2.24787 -2.01323
0.0406649 0.092538 0.140864
-0.414037 2.54786 -1.63129
0.0272668 0.0977922 0.141398
-0.271918 2.53477 -1.64953
0.0604973 0.0910331 0.145124
-0.586545 2.37252 -1.85081
0.070169 0.0902039 0.146702
-0.661115 2.26259 -1.98984
0.0268571 0.0978851 0.156737
-0.267784 2.17067 -2.27345
0.0322373 0.0885566 0.14689
-0.349118 2.5349 -1.72838
0.0588474 0.0872155 0.144503
-0.593568 2.4395 -1.7773
0.0262169 0.105663 0.153556
-0.243206 2.14834 -2.2395
0.0507011 0.0900267 0.142583
-0.512905 2.49488 -1.70021
0.0286603 0.0945744 0.142874
-0.294248 2.54502 -1.6614
0.0262546 0.0924247 0.152923
-0.276774 2.39324 -1.95257
0.0424898 0.0998232 0.154632
-0.402422 2.09515 -2.33132
0.0489516 0.107969 0.149487
-0.425667 2.08215 -2.25415
0.0471566 0.0884949 0.143101
-0.4896 2.5242 -1.68207
0.0533192 0.0881373 0.14617
-0.544056 2.43912 -1.80178
0.0372801 0.0930668 0.145721
-0.381001 2.48209 -1.75619
0.028857 0.0906782 0.143169
-0.308101 2.5831 -1.63476
0.0589802 0.0857049 0.142731
-0.602747 2.4836 -1.71224
0.0476518 0.119033 0.144386
-0.380787 2.03146 -2.24024
0.0436077 0.0888022 0.145302
-0.456474 2.50541 -1.72967
0.0363484 0.0951453 0.145207
-0.36492 2.47079 -1.75877
0.0373849 0.105823 0.141962
-0.339591 2.38754 -1.79178
0.0595771 0.0930688 0.154382
-0.569413 2.02013 -2.4348
0.0253201 0.0972781 0.150363
-0.254636 2.39009 -1.91295
0.0670411 0.101179 0.14176
-0.585183 2.25193 -1.93122
0.048837 0.0876055 0.15289
-0.508556 2.33307 -2.01272
0.035928 0.0887671 0.141179
-0.38459 2.60509 -1.5896
0.0681269 0.0933896 0.142132
-0.630246 2.33602 -1.84604
0.0591347 0.0922938 0.15436
-0.569826 2.07351 -2.35614
0.047963 0.0890841 0.155072
-0.493895 2.25187 -2.1413
0.0501108 0.0968764 0.143972
-0.477364 2.3968 -1.81049
0.0432791 0.100541 0.144555
-0.406488 2.38085 -1.8344
0.0413696 0.0976841 0.141628
-0.400603 2.47488 -1.70491
0.0700496 0.0957001 0.150563
-0.631862 2.00687 -2.37853
0.0229143 0.101453 0.145908
-0.222134 2.4307 -1.8058
0.0292806 0.117145 0.149123
-0.244934 2.02831 -2.32188
0.0247571 0.094464 0.152904
-0.256315 2.37169 -1.97348
0.0353635 0.0921991 0.158834
-0.36625 2.07182 -2.46071
0.0658974 0.0879079 0.142331
-0.643257 2.41398 -1.77112
0.0412982 0.0984234 0.145544
-0.397286 2.40058 -1.82924
0.0563917 0.113164 0.141757
-0.4623 2.15974 -2.03799
0.0401897 0.130575 0.140866
-0.298587 1.89337 -2.38324
0.0469105 0.111715 0.149224
-0.397553 2.00183 -2.36154
0.0568526 0.106033 0.142001
-0.492171 2.26471 -1.92037
0.066893 0.0962252 0.144591
-0.607478 2.26196 -1.95966
0.0278693 0.0860642 0.151041
-0.313164 2.50442 -1.81976
0.0557055 0.0972367 0.153432
-0.520244 2.05068 -2.37009
0.0466607 0.0994229 0.149684
-0.4388 2.26347 -2.03493
0.0538379 0.0880051 0.156561
-0.549021 2.13389 -2.31832
0.0516039 0.0946478 0.143892
-0.499166 2.4155 -1.79131
0.0320016 0.0975205 0.141601
-0.317081 2.51827 -1.66635
0.0481559 0.0915661 0.150064
-0.484163 2.35491 -1.94327
0.0605267 0.100511 0.14375
-0.542027 2.27774 -1.93036
0.0305632 0.101742 0.143285
-0.291824 2.44657 -1.75357
0.0476817 0.097298 0.154837
-0.455663 2.08363 -2.35159
0.036373 0.0982059 0.145998
-0.35471 2.41953 -1.81767
0.0349443 0.101524 0.146894
-0.331497 2.36578 -1.88341
0.0523918 0.102955 0.145856
-0.470729 2.26152 -1.97851
0.021651 0.116102 0.150563
-0.184364 2.0308 -2.34399
0.0621881 0.101129 0.150404
-0.551331 2.016 -2.36233
0.0540537 0.0980546 0.146354
-0.503811 2.30811 -1.93512
0.0555442 0.0977795 0.143411
-0.516599 2.35899 -1.84018
0.0214321 0.0888717 0.158402
-0.236639 2.30215 -2.15107
0.0375704 0.110898 0.14555
-0.326648 2.24172 -1.99623
0.0239342 0.0894893 0.158615
-0.261337 2.27201 -2.18963
0.0262621 0.124784 0.142601
-0.207434 2.114 -2.10609
0.0315421 0.128262 0.142035
-0.241135 2.01491 -2.22734
0.0511861 0.104701 0.143994
-0.454712 2.28538 -1.92548
0.034091 0.0959311 0.144511
-0.34145 2.48295 -1.7379
0.0427733 0.103834 0.152304
-0.390757 2.11921 -2.25442
0.0391479 0.0864991 0.148432
-0.424999 2.49975 -1.78171
0.0237291 0.123248 0.143894
-0.190204 2.12027 -2.11693
0.0576158 0.090719 0.150294
-0.56583 2.28716 -2.01852
0.0326584 0.0962705 0.152958
-0.327054 2.30995 -2.03842
0.0689535 0.0954537 0.144046
-0.625586 2.26447 -1.94911
0.0553901 0.12085 0.142902
-0.429767 1.93163 -2.35828
0.0488361 0.0922124 0.149497
-0.48705 2.35463 -1.93455
0.0451698 0.111694 0.144849
-0.3843 2.19729 -2.03728
0.0334945 0.108063 0.147329
-0.300564 2.26693 -1.99446
0.0540968 0.0995367 0.14616
-0.497828 2.29141 -1.95018
0.0315415 0.0993811 0.141943
-0.307324 2.49297 -1.69307
0.0446997 0.109448 0.143077
-0.387737 2.27707 -1.92166
0.0626058 0.100065 0.14191
-0.559069 2.30297 -1.8777
0.0232257 0.125223 0.142982
-0.18339 2.10612 -2.1215
0.0270593 0.0955066 0.148432
-0.276088 2.44594 -1.82956
0.0225148 0.100835 0.153375
-0.21968 2.27001 -2.08962
0.0565884 0.0856265 0.146997
-0.583982 2.42895 -1.82355
0.0494373 0.0868912 0.155398
-0.51728 2.26242 -2.13533
0.0358978 0.08786 0.152408
-0.387881 2.42083 -1.91734
0.0373135 0.0982058 0.145303
-0.363106 2.42763 -1.7999
0.0419141 0.0870275 0.158464
-0.448836 2.19511 -2.2795
0.0220501 0.0888645 0.160776
-0.243219 2.16396 -2.37719
0.0475319 0.108905 0.140854
-0.411532 2.31026 -1.85571
0.0578004 0.0911761 0.146009
-0.565004 2.37484 -1.86131
0.0579741 0.0874977 0.155444
-0.585167 2.15216 -2.27102
0.0581838 0.0854978 0.145795
-0.597538 2.44048 -1.79502
0.0316114 0.115809 0.142919
-0.26647 2.25014 -1.9492
0.0519654 0.09443 0.140984
-0.503078 2.46294 -1.70704
0.0406814 0.0882061 0.153662
-0.432135 2.36006 -1.99843
0.066682 0.0988751 0.148339
-0.593342 2.11395 -2.19334
0.0507316 0.122161 0.142549
-0.393614 1.98398 -2.2777
0.022971 0.0920321 0.147337
-0.2446 2.52009 -1.74752
0.061372 0.0891903 0.146389
-0.602696 2.36294 -1.87881
0.0299073 0.0948493 0.158027
-0.305446 2.14334 -2.33779
0.0237648 0.095214 0.145883
-0.244596 2.50544 -1.73817
0.0419364 0.112505 0.145657
-0.356799 2.18384 -2.06511
0.0236612 0.126059 0.144006
-0.185541 2.0467 -2.2139
0.0618704 0.0965363 0.149229
-0.569954 2.18626 -2.11747
0.0476582 0.0872449 0.153988
-0.499965 2.31666 -2.04938
0.0249402 0.0979745 0.150776
-0.249264 2.37279 -1.93674
0.0264357 0.087175 0.158237
-0.294435 2.31368 -2.13497
0.0606827 0.0911545 0.142764
-0.587342 2.41163 -1.77932
0.0334989 0.100699 0.143063
-0.321149 2.45162 -1.74582
0.0225059 0.133059 0.141364
-0.167556 1.94445 -2.31588
0.0650733 0.0981896 0.142504
-0.585273 2.29535 -1.89396
0.0445633 0.0875487 0.144744
-0.470831 2.52287 -1.70663
0.0257945 0.103303 0.143351
-0.244694 2.44233 -1.75843
0.0490002 0.102862 0.144301
-0.444564 2.32005 -1.89281
0.0427701 0.0920843 0.146346
-0.434819 2.45513 -1.78962
0.0469307 0.0936804 0.14924
-0.464421 2.35401 -1.93114
0.0238664 0.117363 0.149715
-0.20062 2.02576 -2.3359
0.0547282 0.0961154 0.146828
-0.517617 2.31906 -1.93054
0.0406182 0.0984234 0.144309
-0.391397 2.42612 -1.7871
0.0335452 0.111363 0.14633
-0.29258 2.23654 -2.01364
0.0478767 0.0956195 0.149306
-0.464208 2.32005 -1.9674
0.0378984 0.112273 0.146607
-0.325546 2.18828 -2.07407
0.028777 0.125991 0.145162
-0.224553 1.93968 -2.38296
0.0640904 0.0971754 0.141529
-0.583048 2.33477 -1.83916
0.0292112 0.116259 0.143239
-0.246164 2.24618 -1.9581
0.0405078 0.0958914 0.147263
-0.399695 2.40432 -1.85097
0.0353626 0.104027 0.143321
-0.327682 2.39709 -1.80109
0.0350916 0.0883207 0.143388
-0.378194 2.58123 -1.63937
0.0532819 0.112125 0.147256
-0.443611 2.01901 -2.3032
0.0411643 0.110794 0.141152
-0.355733 2.31454 -1.85519
0.0244695 0.0976674 0.142058
-0.245486 2.53506 -1.65836
0.0667065 0.097743 0.149604
-0.598863 2.08254 -2.25563
0.0246127 0.114509 0.143652
-0.211719 2.28307 -1.92317
0.0228714 0.114035 0.148307
-0.197939 2.18178 -2.10817
0.0351891 0.0990595 0.152633
-0.341329 2.26119 -2.08658
0.0337226 0.0876066 0.141105
-0.367449 2.62729 -1.57162
0.0429703 0.106662 0.145407
-0.382973 2.28036 -1.95118
0.0671429 0.0907076 0.152797
-0.637208 2.07136 -2.3284
0.0472251 0.0863914 0.151438
-0.500261 2.39482 -1.92591
0.0513103 0.0857626 0.157112
-0.539156 2.18932 -2.25746
0.0476536 0.0979015 0.142102
-0.452992 2.43094 -1.75186
0.061629 0.0992648 0.143611
-0.555613 2.2885 -1.9167
0.0700741 0.0927252 0.146535
-0.64715 2.23285 -2.02092
0.0525563 0.0898159 0.141461
-0.529434 2.50282 -1.67783
0.0521787 0.0852983 0.140957
-0.548993 2.55941 -1.623
0.06593 0.0877543 0.153218
-0.644334 2.14175 -2.24173
0.0240765 0.105335 0.155229
-0.224711 2.05709 -2.39789
0.0337514 0.115462 0.14457
-0.284391 2.20785 -2.02086
0.0350888 0.0994523 0.141918
-0.339185 2.47831 -1.70579
0.0499685 0.124757 0.142273
-0.38096 1.90074 -2.39424
0.0483395 0.100437 0.141768
-0.448569 2.40146 -1.77553
0.0425403 0.0954341 0.153306
-0.419319 2.25131 -2.10965
0.0259839 0.0894963 0.155225
-0.282566 2.3754 -2.01139
0.0443304 0.0966161 0.142578
-0.430173 2.45717 -1.73401
0.0230215 0.10341 0.144251
-0.219051 2.43419 -1.7787
0.052396 0.101272 0.142184
-0.477453 2.35822 -1.82405
0.0307278 0.118702 0.148127
-0.253305 2.0221 -2.31348
0.0537741 0.0993939 0.153268
-0.495923 2.01601 -2.41768
0.0238454 0.0911499 0.142824
-0.255872 2.59886 -1.61753
0.0532503 0.0935621 0.150324
-0.517422 2.28329 -2.02325
0.0546543 0.092787 0.150226
-0.532314 2.28533 -2.01942
0.0473879 0.106558 0.143154
-0.418449 2.30113 -1.89675
0.0636986 0.0852225 0.155535
-0.64186 2.10092 -2.34184
0.0440112 0.110523 0.14935
-0.378962 2.07658 -2.2593
0.0428981 0.0941985 0.154596
-0.427337 2.22445 -2.16455
0.066423 0.0881435 0.141655
-0.645787 2.41825 -1.75783
0.0248847 0.11357 0.149112
-0.215704 2.15591 -2.15276
0.048124 0.0918232 0.155072
-0.482737 2.20165 -2.20113
0.0212638 0.12022 0.140964
-0.175063 2.25604 -1.91586
0.0330502 0.112202 0.143513
-0.286459 2.28844 -1.91539
0.0337205 0.104195 0.152934
-0.312991 2.16113 -2.21173
0.0283705 0.0920746 0.156466
-0.298894 2.28884 -2.12616
0.0602604 0.0976006 0.140974
-0.553128 2.36924 -1.79662
0.0282874 0.0982707 0.142411
-0.280275 2.51063 -1.68409
0.0446799 0.101777 0.15286
-0.413669 2.12233 -2.26048
0.0299674 0.105124 0.150497
-0.277701 2.25002 -2.06329
0.04133 0.117572 0.146276
-0.338036 2.05481 -2.23815
0.0508104 0.0938943 0.15444
-0.496019 2.15837 -2.24331
0.0234818 0.105074 0.143186
-0.219866 2.42931 -1.76834
0.0337908 0.088028 0.146296
-0.366519 2.54421 -1.71176
0.0375673 0.0965523 0.15447
-0.371064 2.22731 -2.15881
0.028776 0.109942 0.145276
-0.255997 2.30473 -1.92298
0.0597647 0.0963936 0.146077
-0.555001 2.29113 -1.94927
0.0528913 0.112468 0.145424
-0.439588 2.09853 -2.16739
0.0235646 0.119241 0.143907
-0.195107 2.20087 -2.01948
0.0392781 0.091181 0.146409
-0.406748 2.48243 -1.76603
0.0240614 0.0868609 0.156901
-0.270235 2.37177 -2.04719
0.0559263 0.0926905 0.142898
-0.542891 2.42624 -1.76724
0.0612253 0.111357 0.142009
-0.502698 2.14013 -2.06532
0.0511142 0.09418 0.14522
-0.497244 2.40073 -1.82442
0.056602 0.104336 0.140801
-0.497063 2.31312 -1.85199
0.0437493 0.0876559 0.152416
-0.462929 2.37906 -1.9578
0.05854 0.113557 0.142716
-0.47598 2.10506 -2.11899
0.0395522 0.108237 0.142776
-0.350347 2.32959 -1.86154
0.0228348 0.104174 0.153583
-0.215785 2.19886 -2.17669
0.0661578 0.113828 0.141423
-0.526488 2.05075 -2.17053
0.0329021 0.0892565 0.155962
-0.353169 2.32541 -2.07663
0.0231038 0.0971283 0.147019
-0.233529 2.4647 -1.79098
0.060332 0.0898225 0.148227
-0.591466 2.32524 -1.94517
0.0276059 0.0997957 0.149919
-0.269875 2.35691 -1.93892
0.028199 0.120016 0.142333
-0.230774 2.20611 -1.99119
0.0220734 0.1024 0.155259
-0.212313 2.16762 -2.24737
0.0273293 0.108535 0.149399
-0.246675 2.23411 -2.06375
0.0254781 0.124302 0.14155
-0.202169 2.15594 -2.03968
0.0463186 0.0969374 0.148632
-0.445746 2.32788 -1.94866
0.0437992 0.0956376 0.149588
-0.429462 2.3401 -1.95089
0.0505897 0.101048 0.143964
-0.464169 2.34063 -1.86665
0.0466192 0.0877378 0.148109
-0.488409 2.45091 -1.82003
0.0280035 0.0992778 0.142526
-0.274929 2.49787 -1.69679
0.0394511 0.0861955 0.152282
-0.429233 2.42515 -1.91114
0.0415342 0.0924236 0.147345
-0.422346 2.43966 -1.81877
0.0665467 0.115721 0.142037
-0.521881 1.96544 -2.29608
0.0319596 0.116945 0.144014
-0.266775 2.20412 -2.01721
0.0409045 0.0985162 0.150757
-0.393545 2.28817 -2.02494
0.0497029 0.0891911 0.153339
-0.508402 2.2918 -2.06477
0.0496919 0.0917802 0.144013
-0.496234 2.45871 -1.75263
0.0324341 0.12543 0.142015
-0.253041 2.08438 -2.13531
0.0320412 0.110627 0.151878
-0.281919 2.05017 -2.34078
0.0644488 0.0994003 0.150256
-0.575233 2.03918 -2.32657
0.0315192 0.0984133 0.153712
-0.309952 2.25891 -2.10819
0.0616619 0.0932865 0.147203
-0.584066 2.29152 -1.96558
0.0452711 0.0872879 0.153215
-0.478449 2.3541 -1.99665
0.050641 0.0894839 0.143533
-0.514986 2.48617 -1.72117
0.0356497 0.0895813 0.156085
-0.378746 2.30069 -2.10566
0.055559 0.099983 0.152
-0.507197 2.0716 -2.31309
0.0704482 0.0934537 0.147641
-0.645948 2.18737 -2.09102
0.0222339 0.108688 0.15403
-0.201782 2.04358 -2.39249
0.066225 0.104839 0.144104
-0.56339 2.14698 -2.08686
0.0370313 0.0858207 0.143988
-0.40736 2.58995 -1.64117
0.0504893 0.0947908 0.142006
-0.489417 2.45203 -1.73088
0.0670641 0.0907826 0.144656
-0.636251 2.32928 -1.88821
0.0425018 0.11193 0.142883
-0.362901 2.25627 -1.94187
0.027397 0.0859678 0.152618
-0.308514 2.47544 -1.87143
0.0461237 0.0970159 0.142315
-0.443794 2.44679 -1.73997
0.0641725 0.0985253 0.147668
-0.57731 2.17537 -2.10592
0.0341881 0.0914921 0.140905
-0.357606 2.58718 -1.59987
0.0349139 0.129626 0.141895
-0.2631 1.94154 -2.32816
0.0600074 0.100797 0.148241
-0.536978 2.16287 -2.13017
0.0576106 0.110129 0.14731
-0.481973 2.00974 -2.31716
0.0229194 0.106524 0.149375
-0.211926 2.28606 -2.00502
0.0329212 0.0895708 0.146485
-0.352218 2.52775 -1.72821
0.065164 0.0906828 0.150491
-0.623095 2.20595 -2.1145
0.0360546 0.113491 0.1446
-0.307604 2.22916 -1.99671
0.0253231 0.0861144 0.155912
-0.286002 2.40434 -1.99613
0.0416751 0.10233 0.141212
-0.38675 2.42372 -1.74664
0.0341396 0.113959 0.14544
-0.29107 2.21068 -2.03027
0.0419102 0.115919 0.146259
-0.346925 2.09333 -2.18696
0.0236446 0.111952 0.146284
-0.208144 2.27004 -1.97537
0.0292168 0.0851284 0.143366
-0.330612 2.63739 -1.59631
0.0474982 0.105194 0.147943
-0.424125 2.21009 -2.06875
0.0420946 0.106819 0.151174
-0.375386 2.1059 -2.25174
0.0646367 0.109639 0.144545
-0.532694 2.05279 -2.21394
0.0475666 0.103848 0.149405
-0.429522 2.18958 -2.11631
0.0414444 0.115408 0.142609
-0.344769 2.2118 -1.98845
0.0710234 0.0976535 0.14723
-0.628814 2.11956 -2.16842
0.0309673 0.103385 0.143901
-0.29103 2.41371 -1.79314
0.0403933 0.10347 0.142732
-0.372193 2.39059 -1.7993
0.0432765 0.100934 0.152356
-0.405052 2.1782 -2.18004
0.0542972 0.0919871 0.152268
-0.533235 2.24192 -2.10232
0.0592314 0.0968043 0.150015
-0.5491 2.18464 -2.13224
0.0227725 0.0867324 0.15381
-0.256765 2.45642 -1.90919
0.0480691 0.0995157 0.143802
-0.44998 2.3796 -1.825
0.0566806 0.113268 0.145158
-0.463977 2.04437 -2.23468
0.0260311 0.0908784 0.158599
-0.278969 2.23519 -2.2327
0.0484918 0.111433 0.144808
-0.410449 2.17811 -2.05943
0.0542297 0.125318 0.140813
-0.408407 1.90303 -2.36803
0.0232344 0.102024 0.155817
-0.223915 2.13897 -2.29594
0.0254109 0.110624 0.145202
-0.225789 2.30846 -1.91794
0.0425716 0.107905 0.148463
-0.375781 2.18319 -2.10894
0.0586234 0.0940616 0.144117
-0.557336 2.36938 -1.83961
0.0290999 0.093253 0.147205
-0.302477 2.48821 -1.77289
0.0371279 0.0997879 0.143698
-0.356198 2.43657 -1.76866
0.0647995 0.108393 0.146642
-0.538817 1.9687 -2.36498
0.0273241 0.101442 0.154889
-0.263112 2.17832 -2.22659
0.0393678 0.128465 0.142032
-0.297362 1.92546 -2.35372
0.0405819 0.0884989 0.157744
-0.429948 2.21648 -2.23696
0.0568891 0.0984437 0.1445
-0.524 2.31972 -1.89599
0.0352329 0.0868386 0.150885
-0.385434 2.46823 -1.84852
0.0455595 0.128614 0.140874
-0.340441 1.9039 -2.36766
0.0421902 0.0946021 0.152824
-0.419502 2.28213 -2.06644
0.0685418 0.0871827 0.144987
-0.66626 2.35207 -1.86947
0.0717833 0.096307 0.149489
-0.640524 2.02788 -2.32891
0.0369975 0.0996879 0.142836
-0.355376 2.45262 -1.74175
0.0479095 0.086902 0.145223
-0.503844 2.50304 -1.73056
0.0224133 0.0957498 0.141623
-0.229942 2.5692 -1.62416
0.0244945 0.0924748 0.142315
-0.258931 2.58993 -1.61729
0.0378398 0.0953845 0.143484
-0.377665 2.48949 -1.71753
0.0314594 0.0954956 0.145081
-0.318236 2.48927 -1.74051
0.0441767 0.0976482 0.141992
-0.424853 2.45514 -1.72784
0.0228228 0.0901429 0.147737
-0.247974 2.53514 -1.74115
0.0324446 0.102624 0.152964
-0.306208 2.20196 -2.16176
0.0665734 0.0952967 0.148868
-0.609779 2.16477 -2.13785
0.0290152 0.0883819 0.152002
-0.317208 2.4539 -1.88
0.0407614 0.103691 0.14719
-0.374548 2.29838 -1.95798
0.0280666 0.112441 0.148882
-0.244612 2.17192 -2.12931
0.0673233 0.112357 0.142111
-0.539826 2.04418 -2.18913
0.0340702 0.100417 0.14197
-0.327101 2.47014 -1.71386
0.0456712 0.0878522 0.147777
-0.479412 2.46138 -1.80544
0.0231838 0.12603 0.144554
-0.18192 2.02589 -2.2504
0.0222469 0.106967 0.15449
-0.205056 2.077 -2.35383
0.0387455 0.104688 0.147589
-0.354473 2.28574 -1.9777
0.0283223 0.114998 0.149413
-0.241478 2.0891 -2.24364
0.0358958 0.114298 0.149011
-0.304301 2.06829 -2.26474
0.0225932 0.0851182 0.149513
-0.25945 2.56015 -1.74921
0.0228289 0.0868895 0.14809
-0.256928 2.56503 -1.72259
0.0709521 0.0972142 0.14866
-0.630482 2.06935 -2.2574
0.0550287 0.0869051 0.152435
-0.564477 2.30508 -2.03463
0.0361712 0.125937 0.141821
-0.279689 2.0535 -2.17263
0.0225599 0.116709 0.145805
-0.190945 2.20298 -2.04465
0.028662 0.112656 0.143526
-0.249136 2.29965 -1.90354
0.0454644 0.0875522 0.152493
-0.478955 2.36746 -1.97066
0.0580291 0.0915404 0.14657
-0.564987 2.35762 -1.88686
0.0588532 0.107857 0.141538
-0.499503 2.23097 -1.95175
0.0416144 0.0901595 0.143936
-0.43243 2.52295 -1.69495
0.0270807 0.103731 0.148071
-0.255366 2.34367 -1.92365
0.063198 0.105293 0.148129
-0.540575 2.01435 -2.32446
0.0214756 0.101657 0.150686
-0.208195 2.33376 -1.97508
0.0278111 0.0956744 0.142003
-0.282889 2.5484 -1.64645
0.0556159 0.0865979 0.156036
-0.570894 2.17314 -2.25582
0.0254841 0.124005 0.141988
-0.202686 2.15064 -2.05221
0.0268667 0.0853143 0.151063
-0.305083 2.51593 -1.81048
0.0550164 0.0930727 0.15467
-0.533859 2.10549 -2.31786
0.0228158 0.107738 0.150708
-0.208687 2.22884 -2.09114
0.0290625 0.114256 0.149728
-0.249082 2.08939 -2.24859
0.0676182 0.0943503 0.141319
-0.621828 2.34338 -1.82746
0.0619216 0.101918 0.149525
-0.545961 2.05762 -2.28806
0.0369719 0.0941382 0.152865
-0.374233 2.32074 -2.02529
0.0299034 0.0954064 0.142871
-0.303734 2.53123 -1.6729
0.0473991 0.0906876 0.144434
-0.481613 2.4777 -1.74147
0.0410074 0.10118 0.151384
-0.385058 2.22578 -2.10602
0.0233305 0.114106 0.144591
-0.201684 2.27398 -1.94641
0.0498659 0.10414 0.143611
-0.446571 2.31016 -1.89352
0.0706566 0.0935644 0.150535
-0.646799 2.06564 -2.29474
0.0294941 0.0921066 0.157452
-0.309899 2.24373 -2.19789
0.0378016 0.116598 0.14199
-0.313513 2.22648 -1.96304
0.0644369 0.0972039 0.141176
-0.585394 2.33782 -1.83126
0.0647659 0.107603 0.144599
-0.541811 2.09534 -2.15904
0.0438874 0.0965483 0.149465
-0.426643 2.32987 -1.95958
0.0536108 0.113254 0.143113
-0.442116 2.14743 -2.07202
0.0260181 0.0930461 0.152682
-0.272661 2.39159 -1.95003
0.0687339 0.0939002 0.143608
-0.631874 2.29607 -1.90851
0.0288992 0.0899782 0.154935
-0.310773 2.36446 -2.01695
0.0407993 0.0954771 0.140771
-0.403834 2.51593 -1.6571
0.0213004 0.106099 0.143573
-0.198125 2.4154 -1.78693
0.0451226 0.092302 0.146485
-0.454695 2.43696 -1.80844
0.0564025 0.0882335 0.147309
-0.568775 2.39486 -1.86084
0.0552087 0.105618 0.143715
-0.481657 2.24766 -1.96315
0.0679008 0.11391 0.14328
-0.537541 1.9159 -2.38763
0.068204 0.0862007 0.142482
-0.669367 2.41073 -1.7763
0.0427281 0.0903237 0.14542
-0.441861 2.49134 -1.74363
0.028509 0.0856428 0.152375
-0.321345 2.4801 -1.86316
0.0447804 0.0997195 0.144032
-0.422075 2.39235 -1.81567
0.0347709 0.08801 0.145844
-0.376257 2.54765 -1.70219
0.040435 0.102188 0.14814
-0.376789 2.30079 -1.96981
0.021264 0.0855004 0.158119
-0.243755 2.36365 -2.08015
0.0254084 0.087525 0.14522
-0.282533 2.59709 -1.65377
0.0404808 0.0920273 0.147178
-0.414405 2.45293 -1.80404
0.0415516 0.125643 0.142522
-0.319388 1.98321 -2.27838
0.041897 0.10087 0.147693
-0.393675 2.32143 -1.94105
0.0413554 0.0960806 0.144005
-0.406456 2.45583 -1.75515
0.0440948 0.112144 0.148953
-0.37463 2.04842 -2.29091
0.066791 0.0894185 0.146507
-0.641545 2.31039 -1.93496
0.0392455 0.108902 0.149265
-0.345888 2.16176 -2.148
0.0456066 0.113147 0.147135
-0.383153 2.09182 -2.20272
0.0502699 0.0858841 0.140858
-0.529557 2.56643 -1.61591
0.0514495 0.102312 0.144254
-0.465941 2.31201 -1.90063
0.0365277 0.0979059 0.156069
-0.357095 2.12626 -2.31823
0.0259623 0.0996529 0.143556
-0.254862 2.48381 -1.72358
0.0344398 0.0981739 0.145514
-0.337391 2.43732 -1.79386
0.0458027 0.0938304 0.141135
-0.454117 2.50334 -1.67295
0.0413124 0.0909023 0.155598
-0.426565 2.25742 -2.14489
0.0557249 0.0936512 0.154256
-0.536754 2.10528 -2.30994
0.0369933 0.0871492 0.146291
-0.401432 2.53982 -1.71528
0.0343785 0.0921527 0.145426
-0.357069 2.51035 -1.72722
0.0333894 0.10122 0.151258
-0.31863 2.27601 -2.04662
0.0502181 0.0895517 0.156734
-0.511076 2.13729 -2.31741
0.031607 0.0916387 0.150705
-0.332132 2.43097 -1.87946
0.0442906 0.103184 0.146834
-0.405457 2.29244 -1.95905
0.0558645 0.0862587 0.14163
-0.574714 2.51621 -1.66852
0.0624631 0.086701 0.152361
-0.624315 2.23816 -2.10827
0.0216628 0.09315 0.143057
-0.228497 2.57933 -1.63615
0.0311994 0.114445 0.150027
-0.266148 2.04896 -2.3088
0.0583332 0.110332 0.143266
-0.486347 2.15358 -2.06671
0.028311 0.107227 0.153077
-0.258137 2.11773 -2.27059
0.025852 0.115116 0.150188
-0.220908 2.06147 -2.29434
0.0579509 0.117993 0.143718
-0.456534 1.94412 -2.3529
0.0289715 0.0865498 0.145414
-0.323014 2.59261 -1.66012
0.0564052 0.095826 0.147104
-0.532011 2.3038 -1.95088
0.0472587 0.106523 0.151527
-0.41756 2.0181 -2.38024
0.0382123 0.0909525 0.152873
-0.397743 2.35804 -1.98671
0.0242927 0.107613 0.148247
-0.222019 2.29145 -1.98155
0.0351528 0.110637 0.148562
-0.307642 2.17823 -2.1165
0.0215707 0.110321 0.151979
-0.193092 2.13223 -2.23155
0.0231119 0.0872538 0.141836
-0.258935 2.65649 -1.56042
0.0298725 0.10257 0.155587
-0.2834 2.07799 -2.37531
0.0247627 0.0888357 0.157988
-0.271846 2.30414 -2.14014
0.0382667 0.0945559 0.144341
-0.384551 2.48327 -1.73519
0.0677318 0.0985929 0.149763
-0.601937 2.02836 -2.33307
0.0219955 0.104257 0.143701
-0.207926 2.43546 -1.76974
0.0540097 0.0981332 0.150196
-0.503128 2.20855 -2.10653
0.0278273 0.123559 0.142842
-0.221519 2.12616 -2.09437
0.0673558 0.0871185 0.144106
-0.658154 2.37973 -1.82914
0.0495981 0.109961 0.146144
-0.423727 2.1583 -2.10329
0.0352151 0.0872493 0.159108
-0.383618 2.21804 -2.2652
0.0483192 0.0962694 0.147236
-0.465179 2.35381 -1.90063
0.0435509 0.0956126 0.151587
-0.427413 2.2924 -2.03404
0.0277212 0.0887712 0.155721
-0.302682 2.36453 -2.03157
0.0472478 0.102366 0.147343
-0.432425 2.27317 -1.98776
0.033407 0.115359 0.146443
-0.281881 2.16043 -2.10522
0.030236 0.100156 0.146245
-0.293189 2.41642 -1.82425
0.070008 0.102132 0.141461
-0.600906 2.21583 -1.96796
0.0432619 0.0970447 0.15234
-0.41935 2.25004 -2.09421
0.049773 0.0954479 0.146924
-0.480674 2.36119 -1.88848
0.0217791 0.0868932 0.144004
-0.245583 2.63256 -1.60919
0.0324876 0.0919314 0.158944
-0.339691 2.12954 -2.37851
0.0237283 0.122316 0.146607
-0.191612 2.03956 -2.26413
0.0392511 0.115062 0.148031
-0.328751 2.0635 -2.25484
0.0258333 0.103499 0.152874
-0.244601 2.22451 -2.13321
0.0442255 0.0970625 0.155376
-0.427534 2.10384 -2.33451
0.0289809 0.0905853 0.143408
-0.309639 2.58012 -1.64052
0.0489757 0.0963801 0.144273
-0.470148 2.40467 -1.8071
0.0381317 0.0880527 0.15281
-0.408674 2.39763 -1.94637
0.0558302 0.124889 0.141065
-0.420389 1.84466 -2.46107
0.0323383 0.105745 0.148348
-0.296782 2.28481 -1.99034
0.0482137 0.103837 0.145314
-0.434699 2.29061 -1.9387
0.0420492 0.102084 0.14093
-0.39073 2.42935 -1.73753
0.0315578 0.0852854 0.149546
-0.354403 2.52695 -1.77646
0.0669008 0.117335 0.141303
-0.518196 1.94303 -2.317
0.0617427 0.0878582 0.145168
-0.612572 2.39857 -1.82577
0.0234652 0.106413 0.151253
-0.217036 2.23376 -2.0945
0.0248504 0.0965139 0.154774
-0.252006 2.28884 -2.09392
0.0444981 0.0962804 0.144536
-0.43293 2.42764 -1.78889
0.0214431 0.0893716 0.150477
-0.235481 2.49816 -1.81575
0.0706211 0.0849541 0.148106
-0.693529 2.29231 -1.97845
0.0318012 0.112205 0.143792
-0.276177 2.28824 -1.91954
0.0329586 0.100802 0.152466
-0.316006 2.24967 -2.09681
0.027959 0.0952637 0.147898
-0.285474 2.45576 -1.81239
0.0568473 0.110111 0.141451
-0.476581 2.21433 -1.96954
0.0393129 0.087374 0.145713
-0.422802 2.536 -1.70982
0.0557961 0.0877336 0.155557
-0.56645 2.17181 -2.24791
0.0417437 0.113144 0.145188
-0.35345 2.18611 -2.05547
0.0235081 0.0902107 0.145962
-0.254921 2.56193 -1.6924
0.0345104 0.0872958 0.14444
-0.376472 2.57853 -1.65669
0.0234159 0.0960104 0.157268
-0.239219 2.20743 -2.23805
0.0711615 0.100093 0.143394
-0.618042 2.18968 -2.0253
0.04708 0.0906519 0.153651
-0.479007 2.28169 -2.08147
0.035615 0.0966953 0.147794
-0.352903 2.4083 -1.85516
0.0363079 0.0960453 0.154492
-0.361424 2.24442 -2.1391
0.0395094 0.0919774 0.153284
-0.405723 2.32549 -2.02755
0.0451991 0.0986445 0.143211
-0.429654 2.41763 -1.77975
0.025602 0.110874 0.150084
-0.226934 2.17584 -2.14411
0.0516414 0.106201 0.142324
-0.452597 2.29419 -1.89274
0.0426004 0.117669 0.144635
-0.347358 2.105 -2.14721
0.0708683 0.0945715 0.144582
-0.643093 2.24537 -1.97808
0.0292497 0.10171 0.143142
-0.280024 2.45412 -1.74462
0.0483208 0.0985979 0.14096
-0.45568 2.43691 -1.73081
0.0458704 0.112533 0.147551
-0.387055 2.08708 -2.21559
0.0628249 0.0861225 0.150343
-0.630241 2.30002 -2.00533
0.0421474 0.0927736 0.14522
-0.426427 2.46997 -1.75971
0.0558466 0.105376 0.14357
-0.487341 2.24944 -1.9591
0.0652283 0.0923148 0.149464
-0.615132 2.21131 -2.09138
0.0297546 0.127026 0.142021
-0.230091 2.06135 -2.16522
0.0688638 0.0942073 0.143011
-0.631217 2.30279 -1.893
0.070577 0.10145 0.145829
-0.607824 2.10128 -2.17003
0.0590018 0.115528 0.144331
-0.472181 1.98079 -2.30978
0.0717276 0.0974356 0.140867
-0.634581 2.2759 -1.89275
0.0534426 0.10029 0.142814
-0.489604 2.35256 -1.83843
0.0356634 0.106773 0.150344
-0.32236 2.19254 -2.12812
0.0284035 0.0863106 0.155025
-0.317922 2.41242 -1.97176
0.039023 0.0996199 0.153071
-0.373347 2.2112 -2.15254
0.0357003 0.113241 0.144309
-0.305398 2.24196 -1.97801
0.0577669 0.0967009 0.151447
-0.538489 2.14998 -2.19944
0.0703025 0.0863612 0.140992
-0.68325 2.41552 -1.75152
0.0563609 0.0858801 0.147698
-0.580774 2.41453 -1.84774
0.0407529 0.11674 0.144868
-0.335864 2.13193 -2.11672
0.0648597 0.0939112 0.149265
-0.604423 2.19587 -2.10649
0.0608154 0.100665 0.14768
-0.543456 2.17445 -2.1072
0.0451449 0.122161 0.14299
-0.353986 2.03085 -2.21993
0.066431 0.0852044 0.141115
-0.662219 2.4576 -1.71369
0.0279195 0.0899747 0.153336
-0.300883 2.40889 -1.94469
0.0432458 0.107641 0.146494
-0.382023 2.23782 -2.01463
0.0254999 0.101439 0.155105
-0.24628 2.17905 -2.22986
0.038899 0.11588 0.14253
-0.323865 2.22059 -1.97723
0.0468646 0.113686 0.141492
-0.391002 2.23025 -1.95193
0.0459842 0.0945054 0.156343
-0.452852 2.07755 -2.39239
0.0539816 0.120896 0.142188
-0.419949 1.99771 -2.25319
0.0377729 0.0919632 0.14996
-0.38973 2.41363 -1.88378
0.0306687 0.092753 0.149275
-0.319333 2.44993 -1.83907
0.0321332 0.0957991 0.156617
-0.32363 2.18877 -2.24784
0.0603118 0.111289 0.141317
-0.496632 2.16772 -2.02232
0.036388 0.0992772 0.155187
-0.351324 2.14551 -2.27459
0.0333062 0.110734 0.152253
-0.292169 1.9693 -2.46836
0.0386574 0.0893526 0.146398
-0.408323 2.5062 -1.74515
0.0471174 0.104108 0.151773
-0.424998 2.08954 -2.28437
0.0248444 0.103478 0.150188
-0.235634 2.30686 -1.99546
0.0527702 0.10884 0.14432
-0.451448 2.20168 -2.02446
0.0434317 0.121883 0.143294
-0.342312 2.04319 -2.20788
0.06345 0.0926721 0.147038
-0.600365 2.28738 -1.9676
0.0714397 0.0991176 0.147345
-0.624521 2.07778 -2.22456
0.03931 0.0951344 0.145535
-0.391837 2.4513 -1.78124
0.0223634 0.0915786 0.157128
-0.239512 2.30081 -2.12613
0.0629713 0.0954934 0.148646
-0.582976 2.20961 -2.08033
0.0345167 0.128897 0.141665
-0.261645 1.98706 -2.26017
0.0345677 0.105998 0.152836
-0.315241 2.11386 -2.27125
0.056162 0.101301 0.142504
-0.506222 2.32574 -1.86182
0.0550902 0.115882 0.142721
-0.443773 2.09187 -2.13585
0.0339008 0.115369 0.147015
-0.285801 2.13886 -2.1407
0.0266202 0.116009 0.146692
-0.225562 2.17524 -2.09102
0.0667664 0.0919433 0.142696
-0.628074 2.35487 -1.83445
0.0330365 0.103474 0.147313
-0.309044 2.33883 -1.91716
0.0323838 0.107613 0.151382
-0.292309 2.15882 -2.18716
0.0601833 0.0949972 0.152805
-0.564708 2.08514 -2.3095
0.060582 0.090426 0.140831
-0.590281 2.45153 -1.71547
0.0309864 0.0866818 0.145431
-0.343316 2.58361 -1.66733
0.0225091 0.113906 0.141875
-0.195097 2.33303 -1.84565
0.0317884 0.104984 0.15481
-0.294016 1.99394 -2.48482
0.0362105 0.104909 0.141346
-0.332357 2.41493 -1.75684
0.0233243 0.103682 0.142179
-0.221277 2.46388 -1.7224
0.022698 0.109746 0.151738
-0.203948 2.15152 -2.20257
0.0610724 0.0943829 0.145418
-0.574313 2.3208 -1.90801
0.0473489 0.0956016 0.155163
-0.459859 2.11872 -2.30978
0.0435883 0.0999874 0.151929
-0.411099 2.20965 -2.13437
0.0613174 0.10615 0.145243
-0.523822 2.14374 -2.10765
0.0681639 0.0937467 0.145568
-0.628688 2.26156 -1.97424
0.0378157 0.10903 0.148959
-0.333854 2.1797 -2.12106
0.0299843 0.0932173 0.156879
-0.311208 2.2442 -2.18557
0.0239692 0.104446 0.148591
-0.225584 2.33295 -1.94273
0.0452756 0.100287 0.151469
-0.424066 2.20616 -2.13067
0.05127 0.0919623 0.149976
-0.508591 2.32957 -1.96802
0.0599201 0.0896903 0.14148
-0.588978 2.45424 -1.7217
0.0644402 0.100829 0.146135
-0.568678 2.17848 -2.07868
0.0257158 0.102114 0.153145
-0.246705 2.24154 -2.11807
0.0572505 0.112214 0.142234
-0.471765 2.15692 -2.04804
0.05649 0.0921548 0.145242
-0.549917 2.3874 -1.83776
0.0235116 0.132684 0.141452
-0.17538 1.94767 -2.31257
0.024668 0.103499 0.155727
-0.233975 2.08339 -2.37058
0.0630196 0.102861 0.141998
-0.549682 2.25949 -1.92609
0.0598679 0.116785 0.141591
-0.473702 2.05607 -2.16594
0.0446152 0.119086 0.144622
-0.35846 2.05257 -2.21541
0.0672945 0.0974537 0.143501
-0.60434 2.26486 -1.94099
0.0490956 0.0933409 0.147983
-0.484216 2.37089 -1.89469
0.0686171 0.0931253 0.148714
-0.635016 2.18192 -2.11447
0.0373459 0.101784 0.154007
-0.351662 2.13701 -2.26274
0.0606187 0.0942544 0.144032
-0.571537 2.35318 -1.85477
0.0483005 0.107365 0.146675
-0.422747 2.2013 -2.05966
0.0319025 0.0941457 0.15556
-0.326719 2.26694 -2.13325
0.0351099 0.10307 0.143408
-0.328313 2.40913 -1.79065
0.0395018 0.110751 0.142888
-0.342606 2.29114 -1.90379
0.0411608 0.101573 0.145344
-0.38501 2.36414 -1.86237
0.0493103 0.0905053 0.152369
-0.498868 2.30359 -2.03513
0.0589213 0.102772 0.148756
-0.520571 2.11727 -2.19584
0.0520374 0.0885802 0.148963
-0.531149 2.38907 -1.89179
0.0700793 0.0932573 0.142677
-0.644436 2.30986 -1.88087
0.0537722 0.113218 0.142075
-0.443402 2.1735 -2.02592
0.0279386 0.0870106 0.151323
-0.310696 2.48791 -1.83857
0.0511183 0.0872411 0.147758
-0.530019 2.43471 -1.82963
0.037628 0.0928739 0.141203
-0.38494 2.55331 -1.63139
0.0370495 0.102848 0.149974
-0.345763 2.26445 -2.0385
0.0405433 0.112716 0.143567
-0.345286 2.24046 -1.96916
0.0354895 0.117466 0.144559
-0.293407 2.16109 -2.0763
0.0385893 0.0866277 0.150058
-0.419073 2.47067 -1.83288
0.0692395 0.0998499 0.144947
-0.606307 2.17471 -2.06555
0.057918 0.10774 0.142735
-0.493253 2.21442 -1.98717
0.0264971 0.0994279 0.153503
-0.260443 2.27333 -2.08817
0.059272 0.103129 0.141905
-0.521636 2.28869 -1.89292
0.0587152 0.0969829 0.145793
-0.544393 2.29806 -1.93763
0.0512761 0.0984691 0.142228
-0.480096 2.39991 -1.78328
0.0600027 0.0876583 0.14073
-0.600252 2.48667 -1.68221
0.0225722 0.0912643 0.153218
-0.242462 2.41421 -1.93757
0.0237208 0.0971782 0.144807
-0.239414 2.50011 -1.72708
0.0674087 0.0899862 0.142958
-0.642925 2.36742 -1.82541
0.0341315 0.117719 0.146799
-0.282202 2.09025 -2.19944
0.0393975 0.118783 0.141659
-0.320258 2.18712 -2.00404
0.0591138 0.116878 0.14299
-0.468255 2.00746 -2.25178
0.0482894 0.0940981 0.146233
-0.474137 2.40109 -1.83882
0.0659552 0.0894721 0.142772
-0.635232 2.38878 -1.80163
0.0527028 0.106304 0.143455
-0.46026 2.26216 -1.94332
0.0385629 0.0992628 0.141844
-0.370548 2.46632 -1.71561
0.0390305 0.117776 0.147141
-0.320006 2.02833 -2.2883
0.0279303 0.09806 0.145697
-0.277481 2.46102 -1.77473
0.0584507 0.09934 0.148071
-0.53184 2.2095 -2.07145
0.0553059 0.121928 0.142774
-0.425838 1.87403 -2.44315
0.0262215 0.0974638 0.157159
-0.262815 2.16061 -2.2955
0.0509374 0.0975013 0.145346
-0.481429 2.35818 -1.86843
0.0464445 0.0860308 0.143807
-0.495025 2.54321 -1.67613
0.0406588 0.0967056 0.147501
-0.398001 2.38852 -1.86993
0.0229584 0.103789 0.143994
-0.217698 2.43387 -1.77536
0.045473 0.0902699 0.153054
-0.466639 2.31657 -2.033
0.0254444 0.0923355 0.144695
-0.268891 2.55268 -1.68115
0.0236887 0.0877501 0.143626
-0.263671 2.62392 -1.61004
0.0527622 0.0901944 0.150064
-0.529305 2.33955 -1.95903
0.0346233 0.107591 0.148671
-0.311339 2.23434 -2.05195
0.0292828 0.108945 0.149643
-0.262579 2.21018 -2.0956
0.0652694 0.0873865 0.150946
-0.641517 2.24125 -2.08071
0.0321159 0.129294 0.142473
-0.243467 1.94971 -2.32524
0.0408596 0.0849598 0.156641
-0.448274 2.31731 -2.09848
0.0326957 0.113148 0.150317
-0.281301 2.06072 -2.29765
0.0383977 0.0851457 0.143177
-0.423656 2.60279 -1.61953
0.0293475 0.117223 0.142418
-0.245313 2.24727 -1.94546
0.0233593 0.0867681 0.151912
-0.262981 2.49441 -1.84293
0.048313 0.10904 0.145336
-0.41708 2.20773 -2.03218
0.0372173 0.0966595 0.14616
-0.36754 2.43187 -1.8084
0.0582655 0.104754 0.146883
-0.5076 2.15161 -2.12281
0.0634448 0.0995039 0.145475
-0.567616 2.22721 -2.01168
0.0339894 0.113737 0.145429
-0.290393 2.21567 -2.02431
0.0500011 0.104965 0.147844
-0.444556 2.19657 -2.08319
0.0322067 0.0868924 0.149141
-0.354951 2.51406 -1.78071
0.0386855 0.0879419 0.149626
-0.414422 2.4636 -1.83226
0.0402741 0.0986091 0.142712
-0.387745 2.45221 -1.74042
0.0217329 0.103914 0.148047
-0.206171 2.35954 -1.90707
0.0511022 0.10084 0.145084
-0.469043 2.31794 -1.90621
0.0341868 0.106427 0.142915
-0.310811 2.37745 -1.8148
0.033363 0.0897029 0.145751
-0.356075 2.5366 -1.70989
0.0664231 0.094054 0.144382
-0.61489 2.29966 -1.9156
0.0281867 0.0944959 0.147518
-0.289883 2.4712 -1.79267
0.0597622 0.0870512 0.147161
-0.60162 2.38567 -1.86762
0.0368434 0.126565 0.141709
-0.283274 2.0359 -2.19432
0.0520431 0.0864446 0.141551
-0.541918 2.53998 -1.64724
0.0230955 0.0894108 0.153279
-0.252782 2.43463 -1.91955
0.0238223 0.112488 0.147609
-0.208693 2.22743 -2.04342
0.0593241 0.0999899 0.148728
-0.53548 2.16909 -2.1303
0.0632378 0.0916829 0.141746
-0.60381 2.40303 -1.7737
0.0291461 0.0914281 0.144768
-0.308602 2.54937 -1.68493
0.0433457 0.0957555 0.154944
-0.425073 2.17448 -2.23249
0.0250475 0.110356 0.143825
-0.223189 2.34092 -1.8644
0.0680606 0.0889862 0.152334
-0.652934 2.12512 -2.24718
0.0353252 0.127272 0.142593
-0.270741 1.98871 -2.27176
0.0505812 0.104705 0.145281
-0.450025 2.2618 -1.96979
0.0428786 0.0995768 0.142682
-0.406612 2.42767 -1.76291
0.0671626 0.0967859 0.141905
-0.60664 2.30664 -1.87372
0.0304374 0.0999133 0.151518
-0.295706 2.30427 -2.02004
0.0393486 0.0883811 0.143249
-0.418868 2.56369 -1.6514
0.0503495 0.0960121 0.153851
-0.482983 2.14538 -2.24885
0.0267492 0.10977 0.153351
-0.239025 2.00323 -2.43871
0.0718901 0.104489 0.146584
-0.602639 1.9404 -2.406
0.0597995 0.0898153 0.141787
-0.587406 2.44894 -1.73076
0.0567018 0.08648 0.152126
-0.580347 2.30468 -2.0298
0.0274959 0.127784 0.141306
-0.211944 2.07878 -2.13242
0.0475999 0.0949874 0.154475
-0.464541 2.16939 -2.22993
0.0256328 0.087575 0.143591
-0.284742 2.62053 -1.61205
0.0567089 0.0941368 0.149927
-0.54219 2.25564 -2.04765
0.0667269 0.102868 0.140916
-0.575438 2.24814 -1.92401
0.0258375 0.122241 0.14612
-0.208299 2.05245 -2.23885
0.0418361 0.100923 0.144772
-0.392973 2.37982 -1.8385
0.0701659 0.0924288 0.150072
-0.649322 2.12389 -2.20921
0.0426302 0.0932557 0.141809
-0.428769 2.51637 -1.67083
0.0254618 0.0924319 0.155579
-0.268799 2.32546 -2.06929
0.0414596 0.104637 0.144293
-0.377245 2.34108 -1.87083
0.0364933 0.0933061 0.155661
-0.372822 2.2487 -2.1562
0.053455 0.0987475 0.143337
-0.496163 2.36274 -1.83536
0.0329528 0.109281 0.149983
-0.292872 2.17187 -2.14731
0.0473819 0.105015 0.150719
-0.423843 2.11695 -2.22928
0.047994 0.105751 0.147198
-0.426042 2.21726 -2.04892
0.0413261 0.11914 0.141725
-0.333883 2.16713 -2.02867
0.0409596 0.10508 0.141294
-0.371677 2.39105 -1.7793
0.0430432 0.0870774 0.155913
-0.459085 2.29437 -2.10928
0.0571128 0.0951938 0.146743
-0.540392 2.31458 -1.934
0.0281533 0.103285 0.15418
-0.266115 2.16377 -2.23146
0.0348942 0.0908063 0.155343
-0.366874 2.31033 -2.08103
0.0230441 0.0891394 0.156942
-0.252979 2.34204 -2.07831
0.0331302 0.122305 0.141158
-0.264533 2.16896 -2.01867
0.0336467 0.117805 0.146319
-0.278206 2.10982 -2.16665
0.0397776 0.101948 0.150026
-0.372008 2.26104 -2.04316
0.0603127 0.102893 0.149936
-0.530186 2.03002 -2.33379
0.0351353 0.100906 0.147871
-0.33507 2.35324 -1.9108
0.0639428 0.102257 0.141478
-0.558824 2.27034 -1.90705
0.0253572 0.106485 0.152003
-0.233776 2.19916 -2.14826
0.0642187 0.112189 0.14081
-0.51989 2.12571 -2.06637
0.0220379 0.108196 0.149536
-0.200937 2.25721 -2.03961
0.0686472 0.107314 0.14553
-0.569091 2.00005 -2.30163
0.0468523 0.104505 0.141552
-0.421462 2.36196 -1.8117
0.0574698 0.0924368 0.149503
-0.556237 2.28475 -2.00848
0.04604 0.105719 0.150673
-0.410725 2.11644 -2.22914
0.0629321 0.105904 0.147187
-0.536173 2.05525 -2.25217
0.0268576 0.10261 0.146239
-0.256002 2.39683 -1.84303
0.0431142 0.105762 0.146491
-0.387086 2.26872 -1.97991
0.0623415 0.0984755 0.151403
-0.564379 2.02952 -2.36135
0.0356426 0.0875529 0.145053
-0.38661 2.56145 -1.67929
0.0489391 0.0858234 0.150822
-0.518242 2.40375 -1.90715
0.0403697 0.0975842 0.156228
-0.392253 2.06449 -2.40891
0.0276277 0.122898 0.141843
-0.221125 2.16696 -2.03051
0.0555545 0.114414 0.143576
-0.452025 2.09106 -2.14933
0.0662095 0.0887364 0.14206
-0.641024 2.40689 -1.77424
0.0655949 0.0904506 0.153643
-0.62744 2.04526 -2.38214
0.0540636 0.0924442 0.146359
-0.529186 2.38025 -1.86108
0.0688256 0.0926289 0.145757
-0.639023 2.2658 -1.97231
0.0655608 0.10045 0.142858
-0.57825 2.25302 -1.94513
0.022673 0.0907679 0.149579
-0.244782 2.4954 -1.80357
0.0643788 0.0998538 0.142313
-0.572662 2.28298 -1.90468
0.0228779 0.103285 0.14125
-0.217983 2.48438 -1.69127
0.0389786 0.116226 0.14572
-0.323581 2.1287 -2.13354
0.0398019 0.096995 0.144744
-0.389397 2.44018 -1.78011
0.0392834 0.114616 0.14909
-0.330193 2.01333 -2.34258
0.0619658 0.104514 0.145664
-0.535177 2.15425 -2.10102
0.0417107 0.0873275 0.147063
-0.445596 2.50181 -1.75892
0.0380966 0.118676 0.141057
-0.310621 2.20997 -1.9692
0.0628889 0.0957577 0.145667
-0.581106 2.28166 -1.95355
0.0672786 0.106982 0.145949
-0.561384 2.01358 -2.28941
0.0309161 0.0907637 0.151118
-0.328296 2.43601 -1.88156
0.0571326 0.0997579 0.149602
-0.520113 2.16745 -2.14647
0.0518644 0.0974977 0.144563
-0.488884 2.36685 -1.84846
0.0648999 0.10815 0.14463
-0.540488 2.08067 -2.17847
0.0343905 0.0880029 0.151104
-0.37254 2.45418 -1.86472
0.0377717 0.0916239 0.151359
-0.391019 2.38765 -1.9316
0.0280422 0.103806 0.14498
-0.263843 2.40001 -1.82167
0.0262202 0.0867071 0.144426
-0.293657 2.61533 -1.62818
0.0369185 0.113634 0.143984
-0.314133 2.2364 -1.97965
0.0465642 0.113647 0.146223
-0.388862 2.10592 -2.17016
0.0356089 0.100474 0.14099
-0.340598 2.47807 -1.69341
0.0222279 0.0979997 0.156121
-0.223042 2.22431 -2.19406
0.0628692 0.102843 0.143085
-0.548696 2.23811 -1.96504
0.0511581 0.110369 0.147987
-0.434041 2.06336 -2.2543
0.0253062 0.0950782 0.140757
-0.260131 2.58098 -1.60279
0.0658198 0.109678 0.141308
-0.540506 2.14118 -2.05426
0.0318751 0.0948313 0.140815
-0.32426 2.56081 -1.61991
0.0270301 0.127801 0.144502
-0.208429 1.91772 -2.4049
0.0630463 0.0938399 0.142364
-0.591582 2.36905 -1.81562
0.063239 0.0852653 0.151619
-0.63815 2.27316 -2.05582
0.0381803 0.0991771 0.145015
-0.367483 2.41645 -1.80635
0.0247904 0.108424 0.152212
-0.224779 2.15162 -2.2108
0.0261065 0.116234 0.148639
-0.220936 2.10497 -2.20985
0.0480405 0.0860806 0.14421
-0.509031 2.52729 -1.6952
0.0525845 0.119011 0.142867
-0.416052 2.0396 -2.20635
0.0450521 0.0974089 0.154089
-0.433204 2.16144 -2.23271
0.0284363 0.0984207 0.152614
-0.281267 2.30687 -2.03577
0.0240292 0.0948855 0.145387
-0.248029 2.51672 -1.72123
0.0336002 0.11312 0.150917
-0.288732 2.00196 -2.39238
0.0497521 0.0914588 0.152454
-0.498212 2.28392 -2.05807
0.0262928 0.104274 0.144312
-0.247002 2.41178 -1.8008
0.0394512 0.0867955 0.147394
-0.426615 2.51334 -1.7541
0.0593049 0.0948008 0.151263
-0.559012 2.17596 -2.16381
0.0414267 0.0899595 0.144207
-0.431555 2.5218 -1.69981
0.0502471 0.0971621 0.149032
-0.477271 2.28764 -1.99789
0.0352397 0.101741 0.151913
-0.333433 2.23733 -2.10153
0.0318004 0.11938 0.142897
-0.260334 2.18797 -2.02029
0.0493247 0.0888554 0.142638
-0.506759 2.5149 -1.68355
0.028237 0.108742 0.151642
-0.25406 2.14883 -2.2043
0.0586854 0.101311 0.148761
-0.525029 2.15002 -2.15441
0.0216066 0.111142 0.153025
-0.19201 2.0345 -2.38543
0.0481323 0.0920946 0.141932
-0.481595 2.49753 -1.6889
0.0293034 0.102524 0.140719
-0.278397 2.48174 -1.68648
0.0452188 0.0865451 0.145447
-0.481476 2.51855 -1.72055
0.0475393 0.0849807 0.154943
-0.510041 2.32099 -2.06215
0.0368127 0.0859279 0.151337
-0.404759 2.46198 -1.86157
0.0245114 0.100778 0.150648
-0.238589 2.33747 -1.9706
0.0670079 0.109514 0.14314
-0.549099 2.07601 -2.16239
0.0701984 0.111721 0.143192
-0.560997 1.95925 -2.32267
0.0402914 0.0957986 0.15404
-0.398125 2.23675 -2.13975
0.0477134 0.113583 0.145802
-0.397693 2.11169 -2.1563
0.0269575 0.0871214 0.156405
-0.30008 2.37097 -2.03825
0.0698641 0.0892932 0.14392
-0.663924 2.33593 -1.87088
0.0544833 0.0944691 0.153865
-0.523135 2.12703 -2.27315
0.0549457 0.1184 0.14224
-0.434492 2.05187 -2.18083
0.0526656 0.0962655 0.147126
-0.500604 2.32604 -1.92767
0.0271073 0.099385 0.151724
-0.266273 2.32154 -2.00503
0.0373794 0.106734 0.143803
-0.336863 2.34241 -1.86255
0.0709386 0.0852612 0.143583
-0.693959 2.37794 -1.82358
0.0556945 0.0950011 0.153547
-0.530249 2.11385 -2.28463
0.0218447 0.120724 0.143806
-0.179011 2.18175 -2.04057
0.0361612 0.115673 0.146092
-0.302991 2.14781 -2.1154
0.0422318 0.103516 0.150804
-0.387362 2.19288 -2.13539
0.0300643 0.0950707 0.151433
-0.30628 2.37747 -1.94287
0.0518326 0.0884874 0.155302
-0.529885 2.21584 -2.18827
0.0535908 0.105694 0.147822
-0.469263 2.15069 -2.13859
0.0411912 0.119672 0.141583
-0.331499 2.16158 -2.03335
0.0572362 0.0893834 0.151482
-0.569558 2.27734 -2.04888
0.0362846 0.115294 0.147242
-0.304899 2.11623 -2.17285
0.0609762 0.0938115 0.147663
-0.576366 2.27974 -1.98538
0.0579219 0.0999686 0.150585
-0.525135 2.11441 -2.23028
0.0220194 0.0979069 0.157835
-0.221221 2.12807 -2.35438
0.0339769 0.0926277 0.142551
-0.351572 2.55175 -1.65131
0.0521868 0.0952335 0.146266
-0.501297 2.36061 -1.87935
0.0545904 0.101887 0.147096
-0.491873 2.2299 -2.03276
0.0596351 0.106557 0.144465
-0.510224 2.17575 -2.05725
0.0378078 0.0915275 0.147972
-0.391727 2.45761 -1.81183
0.0692306 0.0872505 0.147838
-0.670746 2.28392 -1.98348
0.0376338 0.117773 0.14546
-0.309291 2.11294 -2.1495
0.0337528 0.0853353 0.15425
-0.376648 2.41949 -1.95092
0.0328044 0.110595 0.141355
-0.288351 2.35332 -1.81779
0.0583052 0.095683 0.147824
-0.547272 2.27318 -1.99507
0.0520821 0.0920515 0.145434
-0.514888 2.41581 -1.813
0.0306057 0.104377 0.144542
-0.285227 2.39073 -1.82447
0.0386436 0.120622 0.144737
-0.310037 2.06223 -2.20432
0.0702412 0.0998713 0.148736
-0.612949 1.99864 -2.35751
0.0369459 0.0894384 0.146337
-0.391738 2.51429 -1.73733
0.0476048 0.087927 0.153905
-0.496227 2.30987 -2.05519
0.0414003 0.11569 0.147549
-0.343655 2.04686 -2.26949
0.0472422 0.0989586 0.147564
-0.445399 2.31761 -1.94313
0.0652764 0.117789 0.141421
-0.506049 1.95317 -2.30424
0.0342723 0.0972703 0.146672
-0.338759 2.42841 -1.8192
0.0428509 0.0910986 0.148021
-0.439671 2.43549 -1.83291
0.0265982 0.112406 0.150826
-0.232353 2.10354 -2.24876
0.0472567 0.114733 0.144876
-0.390709 2.12187 -2.12944
0.044667 0.0928163 0.142772
-0.448528 2.49588 -1.70196
0.0272958 0.0907569 0.156841
-0.292151 2.30243 -2.11858
0.0362919 0.103684 0.148561
-0.336696 2.29152 -1.98633
0.0551462 0.118136 0.143921
-0.43674 1.97964 -2.30494
0.0520489 0.0908587 0.154492
-0.520221 2.20362 -2.18769
0.0611776 0.0895903 0.148377
-0.59913 2.3175 -1.95564
0.0431608 0.0864774 0.143648
-0.462927 2.55873 -1.66112
0.0721297 0.1009 0.141642
-0.620633 2.20813 -1.9793
0.0544355 0.093712 0.145097
-0.526243 2.38611 -1.83694
0.0469318 0.111429 0.147718
-0.39863 2.09655 -2.20587
0.0217255 0.104539 0.149257
-0.204906 2.32371 -1.96277
0.06845 0.0977858 0.144802
-0.610726 2.21924 -2.01102
0.0693116 0.109346 0.141804
-0.564956 2.09319 -2.12104
0.0387349 0.106373 0.140996
-0.349218 2.39004 -1.77629
0.0615988 0.0966506 0.145508
-0.56742 2.28435 -1.9483
0.0233462 0.112567 0.147182
-0.204499 2.23896 -2.02369
0.0220873 0.0866039 0.161186
-0.249715 2.19669 -2.34382
0.056831 0.104947 0.148104
-0.49631 2.12097 -2.18052
0.0292934 0.0940566 0.147197
-0.301923 2.47815 -1.78163
0.0230102 0.112335 0.144457
-0.202041 2.30562 -1.9103
0.0359251 0.112823 0.146086
-0.308269 2.20433 -2.04726
0.0255193 0.112984 0.14984
-0.222138 2.13871 -2.18637
0.0500687 0.102748 0.146417
-0.453434 2.26902 -1.97848
0.0325156 0.125626 0.145162
-0.25327 1.89156 -2.45624
0.0308486 0.0900852 0.146858
-0.329923 2.52395 -1.737
0.0635021 0.0875188 0.143391
-0.62769 2.41966 -1.78033
0.0356715 0.0979988 0.14864
-0.349092 2.37396 -1.90171
0.0573265 0.104625 0.149585
-0.501246 2.05238 -2.29633
0.0438461 0.0931092 0.153539
-0.440106 2.27191 -2.0904
0.0602978 0.0985899 0.151297
-0.548907 2.07591 -2.29429
0.0470728 0.0920304 0.150543
-0.472799 2.34512 -1.961
0.0281872 0.0966386 0.143211
-0.283803 2.51778 -1.68909
0.069532 0.112546 0.142864
-0.553413 1.96534 -2.30886
0.0670097 0.0944968 0.144681
-0.616821 2.28222 -1.93869
0.0258559 0.0984137 0.147532
-0.25692 2.43059 -1.83004
0.0394864 0.108452 0.144996
-0.349174 2.2824 -1.94302
0.03598 0.10437 0.150935
-0.331977 2.21658 -2.10928
0.0676071 0.0884684 0.153361
-0.652524 2.08591 -2.31904
0.0341515 0.106652 0.147379
-0.309897 2.28481 -1.97552
0.0699273 0.0861898 0.143667
-0.681604 2.37535 -1.82734
0.0306417 0.113398 0.148151
-0.263911 2.16242 -2.1293
0.0265683 0.0879213 0.144527
-0.293458 2.59988 -1.64138
0.0417194 0.0900309 0.156312
-0.433933 2.2418 -2.17703
0.0472872 0.114511 0.147543
-0.391618 2.01013 -2.32051
0.0511625 0.091573 0.151707
-0.509503 2.29189 -2.03662
0.0389915 0.100148 0.150001
-0.37128 2.29462 -2.00566
0.0538722 0.116261 0.143338
-0.43392 2.07553 -2.16591
0.0309283 0.0915601 0.152005
-0.325758 2.40677 -1.92385
0.0444954 0.106298 0.148274
-0.396431 2.20413 -2.08095
0.0252107 0.102374 0.144933
-0.241456 2.42913 -1.79317
0.0429727 0.0995732 0.143277
-0.407422 2.41728 -1.781
0.0681057 0.0982536 0.143309
-0.606122 2.25016 -1.95463
0.0383597 0.0952344 0.150809
-0.382911 2.34926 -1.96106
0.0252446 0.0998958 0.148309
-0.247527 2.39824 -1.87273
0.0599056 0.109304 0.143115
-0.501357 2.16088 -2.05572
0.0625013 0.0860368 0.152865
-0.628257 2.23124 -2.12513
0.0224774 0.112228 0.151272
-0.197669 2.11105 -2.24668
0.0277787 0.111352 0.151765
-0.244477 2.07371 -2.30583
0.064998 0.0872973 0.146126
-0.64001 2.35988 -1.87804
0.0650871 0.0946469 0.141264
-0.602412 2.362 -1.80778
0.0297648 0.105492 0.145774
-0.275004 2.35559 -1.87725
0.0597038 0.118667 0.142281
-0.46614 1.97724 -2.28311
0.0431233 0.0955377 0.151921
-0.423997 2.28726 -2.0453
0.0253307 0.116338 0.146325
-0.214388 2.18504 -2.07368
0.0635158 0.106786 0.142518
-0.536585 2.18374 -2.01997
0.0538005 0.1194 0.142015
-0.423345 2.04831 -2.18228
0.0296747 0.123637 0.143313
-0.235559 2.10063 -2.13327
0.052357 0.100851 0.143824
-0.478851 2.33393 -1.87161
0.0677754 0.0904112 0.146973
-0.643268 2.27774 -1.97715
0.0603979 0.101954 0.14501
-0.534815 2.2297 -2.00203
0.0482943 0.098505 0.146894
-0.455835 2.33135 -1.91864
0.0239678 0.0886679 0.154941
-0.264001 2.40137 -1.98072
0.054465 0.111422 0.142206
-0.454662 2.19543 -2.00186
0.0699761 0.0935394 0.148265
-0.642279 2.17249 -2.11878
0.0311252 0.107124 0.1417
-0.282768 2.40135 -1.77471
0.0291968 0.0900568 0.15378
-0.313512 2.39193 -1.96885
0.0547484 0.111829 0.141596
-0.455271 2.20039 -1.98765
0.0590374 0.0909618 0.148643
-0.575697 2.31208 -1.96549
0.0242353 0.105331 0.147028
-0.22615 2.3527 -1.89866
0.0687091 0.0925003 0.149062
-0.638876 2.17999 -2.12238
0.0482541 0.0982979 0.141959
-0.456338 2.42497 -1.75557
0.0409316 0.109587 0.147409
-0.357462 2.19517 -2.07813
0.0393248 0.105891 0.145059
-0.355585 2.31985 -1.90385
0.04075 0.102113 0.153684
-0.379704 2.11108 -2.29097
0.032711 0.103567 0.148356
-0.30593 2.31606 -1.95684
0.0681305 0.101032 0.143997
-0.5933 2.1928 -2.03023
0.035001 0.0857566 0.144922
-0.387507 2.58515 -1.65857
0.0221228 0.122734 0.14632
-0.178335 2.0501 -2.2452
0.0593848 0.111989 0.140826
-0.487571 2.17586 -2.00593
0.0622106 0.0954256 0.145341
-0.577729 2.29913 -1.92991
0.0702638 0.0904253 0.151986
-0.660581 2.06776 -2.31815
0.0228762 0.0894608 0.147819
-0.250347 2.54123 -1.73743
0.0271851 0.0897748 0.155261
-0.294037 2.36574 -2.02171
0.0466115 0.0877307 0.142433
-0.488374 2.54546 -1.65486
0.0341548 0.109052 0.146765
-0.303521 2.26118 -1.99237
0.0258381 0.0956067 0.157616
-0.263949 2.18349 -2.27564
0.0348462 0.117084 0.14239
-0.28927 2.22503 -1.97022
0.0685859 0.0962501 0.14662
-0.619119 2.194 -2.06747
0.0613674 0.0875511 0.151882
-0.611352 2.25211 -2.084
0.0264823 0.132333 0.1412
-0.197509 1.95411 -2.29958
0.0296197 0.104399 0.150582
-0.276452 2.26159 -2.05158
0.0493645 0.103983 0.143959
-0.443232 2.30883 -1.89983
0.0589986 0.113668 0.145659
-0.478767 1.96032 -2.36077
0.0445712 0.0880308 0.14344
-0.468686 2.53817 -1.6751
0.0440805 0.0974339 0.145905
-0.42486 2.39103 -1.84381
0.0537948 0.0985439 0.150012
-0.499687 2.20929 -2.10265
0.0484746 0.0925553 0.154497
-0.482456 2.20828 -2.18213
0.0498433 0.088909 0.149519
-0.510953 2.38864 -1.90092
0.0490706 0.0866198 0.151953
-0.515427 2.36754 -1.96146
0.0410998 0.119394 0.143967
-0.331532 2.10028 -2.14331
0.034703 0.103013 0.144391
-0.324939 2.39443 -1.81872
0.0643151 0.110003 0.142135
-0.529068 2.12936 -2.08035
0.0584587 0.0911261 0.149133
-0.570387 2.30327 -1.98255
0.0342295 0.108038 0.142256
-0.306824 2.36696 -1.81622
0.0287314 0.0937959 0.146611
-0.297243 2.49353 -1.75931
0.0333013 0.085796 0.157191
-0.370246 2.33468 -2.09099
0.034853 0.114334 0.150095
-0.295887 2.00405 -2.37403
0.0562888 0.10309 0.143466
-0.499779 2.28156 -1.9222
0.0571913 0.0961866 0.14659
-0.53643 2.30396 -1.94303
0.0582875 0.0892655 0.148887
-0.578459 2.33465 -1.94554
0.0541567 0.0981653 0.15165
-0.504139 2.15414 -2.19771
0.0300562 0.101835 0.155962
-0.286998 2.06757 -2.3985
0.0402074 0.0968699 0.143172
-0.393426 2.46586 -1.73432
0.0716924 0.0864897 0.15137
-0.692124 2.16022 -2.18519
0.0290505 0.0867212 0.160296
-0.323239 2.20792 -2.30629
0.0453539 0.0906842 0.151433
-0.463752 2.35325 -1.96724
0.0606564 0.104722 0.146149
-0.524996 2.14979 -2.11382
0.0433873 0.115233 0.141032
-0.360101 2.23702 -1.93804
0.0624022 0.0855654 0.153084
-0.630116 2.23221 -2.12787
0.0711919 0.0962392 0.1493
-0.636901 2.0553 -2.28737
0.0488208 0.103465 0.151573
-0.44088 2.09683 -2.27094
0.0279627 0.10312 0.144731
-0.264797 2.41378 -1.80483
0.0331846 0.110038 0.150199
-0.292901 2.14596 -2.18319
0.0535501 0.113122 0.143702
-0.442129 2.1339 -2.09714
0.0285147 0.101581 0.147647
-0.273665 2.37716 -1.88334
0.0320229 0.112216 0.146733
-0.27798 2.21919 -2.03962
0.0399781 0.0903596 0.157178
-0.416544 2.21228 -2.23017
0.0506981 0.115011 0.145794
-0.415186 2.04478 -2.24407
0.0245557 0.112163 0.150593
-0.215528 2.1326 -2.20688
0.0645385 0.0936827 0.148169
-0.603241 2.23462 -2.0438
0.05051 0.0976263 0.149336
-0.477456 2.27107 -2.02092
0.0295666 0.091446 0.154084
-0.312715 2.364 -2.00195
0.028424 0.0861713 0.141808
-0.318617 2.65176 -1.56345
0.0689057 0.106335 0.141686
-0.574971 2.15608 -2.04141
0.0637168 0.0932542 0.14332
-0.599402 2.35353 -1.84445
0.0283964 0.0959208 0.150401
-0.287819 2.39593 -1.90788
0.034873 0.104641 0.14352
-0.321686 2.38768 -1.81309
0.0590563 0.0927045 0.145836
-0.567209 2.34987 -1.88398
0.0477038 0.125579 0.141544
-0.363035 1.9597 -2.2968
0.0310775 0.108041 0.146344
-0.280083 2.30117 -1.94238
0.0693944 0.108317 0.140919
-0.56978 2.1361 -2.05509
0.0273972 0.122062 0.144162
-0.220793 2.12131 -2.11956
0.0637002 0.103675 0.149166
-0.550956 1.9786 -2.39459
0.0281652 0.10857 0.14601
-0.253824 2.3124 -1.9255
0.0268817 0.114638 0.1509
-0.230331 2.01791 -2.36872
0.0615942 0.117167 0.142431
-0.483991 1.98669 -2.27214
0.0323796 0.103538 0.152896
-0.303096 2.18637 -2.17956
0.0323052 0.103759 0.155064
-0.301834 2.04178 -2.41696
0.0580742 0.0920868 0.15473
-0.562649 2.07143 -2.36667
0.0447037 0.11614 0.144589
-0.367432 2.12275 -2.12406
0.0545364 0.107993 0.146998
-0.467638 2.12239 -2.16119
0.0380185 0.11788 0.147423
-0.311987 2.01931 -2.30556
0.0632428 0.104832 0.143126
-0.542825 2.20329 -2.00556
0.035458 0.10602 0.151319
-0.322753 2.17456 -2.16649
0.0320909 0.102363 0.144492
-0.303797 2.41216 -1.803
0.0258125 0.101656 0.15154
-0.248664 2.29663 -2.02867
0.0499368 0.113468 0.147045
-0.414586 2.03731 -2.27432
0.0348958 0.12583 0.143426
-0.270527 1.99959 -2.26928
0.032522 0.0950884 0.145516
-0.329547 2.48258 -1.75275
0.0655147 0.0874651 0.143835
-0.642886 2.39629 -1.80904
0.0374015 0.100434 0.14107
-0.356487 2.46952 -1.7022
0.070019 0.102821 0.143323
-0.597846 2.16034 -2.05933
0.0396901 0.0971593 0.148189
-0.387817 2.37393 -1.89479
0.0472719 0.097848 0.142734
-0.450049 2.42344 -1.76763
0.0285888 0.121495 0.145865
-0.231105 2.06745 -2.2148
0.0531606 0.092255 0.154891
-0.522762 2.14184 -2.27355
0.0688755 0.0933074 0.142748
-0.635879 2.31894 -1.87228
0.0445155 0.104526 0.141601
-0.402614 2.37423 -1.80006
0.0366837 0.105055 0.141839
-0.335948 2.40287 -1.77513
0.0623717 0.0978076 0.143673
-0.567678 2.30051 -1.90467
0.0478554 0.096648 0.152624
-0.459762 2.20998 -2.14609
0.0223655 0.115099 0.150618
-0.191924 2.06025 -2.30364
0.0347844 0.0872244 0.141033
-0.379465 2.62793 -1.57015
0.063529 0.0861081 0.145078
-0.635635 2.40537 -1.81789
0.0648705 0.0881794 0.146162
-0.634264 2.34993 -1.88868
0.0437036 0.110376 0.147349
-0.377011 2.16162 -2.1177
0.0528931 0.0987654 0.145412
-0.491676 2.32673 -1.90173
0.0226692 0.112835 0.14351
-0.198267 2.3179 -1.88395
0.0282214 0.0892676 0.150891
-0.306201 2.46925 -1.84771
0.043522 0.117676 0.145868
-0.354245 2.04819 -2.24062
0.0501374 0.0910731 0.142477
-0.503241 2.48854 -1.70433
0.0261399 0.0850751 0.155578
-0.298101 2.42296 -1.97222
0.0463317 0.0974445 0.15453
-0.44383 2.1218 -2.29301
0.069523 0.103985 0.144712
-0.589329 2.1038 -2.14987
0.0407949 0.108241 0.145528
-0.360427 2.26643 -1.96825
0.0285977 0.102453 0.14901
-0.272203 2.3355 -1.94658
0.0290787 0.0868819 0.146729
-0.322973 2.56769 -1.69941
0.0505484 0.0960443 0.145407
-0.484468 2.3781 -1.84932
0.0361541 0.0963524 0.156702
-0.35897 2.13189 -2.32401
0.0345228 0.0872101 0.15011
-0.37693 2.48245 -1.82335
0.0298299 0.0959707 0.141083
-0.301356 2.55158 -1.63118
0.0518007 0.0855054 0.144267
-0.544686 2.50956 -1.71113
0.0431284 0.0906236 0.144486
-0.444188 2.50126 -1.72146
0.0600293 0.116332 0.144488
-0.47638 1.89318 -2.44216
0.0483347 0.092966 0.143539
-0.479455 2.46122 -1.74367
0.0469125 0.107401 0.148132
-0.411821 2.16873 -2.12126
0.0391003 0.0945344 0.156767
-0.392183 2.14641 -2.30591
0.042938 0.0951484 0.145489
-0.423913 2.43317 -1.79738
0.0227058 0.0965319 0.143767
-0.231016 2.52721 -1.68893
0.0455633 0.109283 0.141322
-0.395014 2.30826 -1.86411
0.0412238 0.109862 0.144758
-0.358974 2.25569 -1.96904
0.0431172 0.0928021 0.149834
-0.434941 2.37624 -1.91815
0.0540075 0.103965 0.150834
-0.479108 2.04926 -2.32281
0.02971 0.128319 0.141712
-0.227523 2.03875 -2.19055
0.0371258 0.09957 0.148205
-0.356894 2.35467 -1.91444
0.0317927 0.090103 0.155395
-0.33921 2.33601 -2.05473
0.0240155 0.0920856 0.156523
-0.255113 2.30673 -2.10761
0.0672028 0.0862222 0.144336
-0.662062 2.38684 -1.82537
0.051311 0.109672 0.146648
-0.437605 2.13225 -2.14328
0.0624654 0.0894687 0.145743
-0.609505 2.36334 -1.86896
0.032758 0.111434 0.148534
-0.285913 2.17783 -2.11655
0.061784 0.104357 0.143433
-0.534548 2.2172 -1.99378
0.0548369 0.0995081 0.14981
-0.503672 2.18879 -2.12385
0.0428131 0.0944056 0.151578
-0.425762 2.3152 -2.00932
0.0537266 0.105301 0.14291
-0.471791 2.28061 -1.91548
0.0514249 0.0900016 0.153802
-0.519108 2.25009 -2.11993
0.0596718 0.0996327 0.149771
-0.539623 2.13409 -2.19109
0.0369635 0.101631 0.152041
-0.348831 2.22419 -2.11908
0.0266756 0.127244 0.143072
-0.206648 2.03413 -2.21673
0.0306433 0.113377 0.147642
-0.263971 2.17899 -2.10112
0.0219388 0.10876 0.145541
-0.199046 2.34046 -1.88935
0.0437053 0.108498 0.150235
-0.382937 2.09108 -2.25503
0.0601622 0.106975 0.144378
-0.512309 2.16565 -2.06813
0.0512479 0.102222 0.15266
-0.464717 2.01186 -2.41158
0.0253696 0.11967 0.141684
-0.208904 2.23725 -1.94664
0.0311941 0.105445 0.142529
-0.287629 2.40936 -1.77828
0.0302293 0.118552 0.147984
-0.249668 2.04076 -2.2851
0.05824 0.0923118 0.142058
-0.562835 2.42812 -1.75393
0.0474047 0.108022 0.150456
-0.413536 2.04456 -2.32259
0.0513104 0.0998226 0.14602
-0.474798 2.31103 -1.92711
0.0216349 0.100625 0.143126
-0.211782 2.49134 -1.71088
0.0496139 0.100933 0.152063
-0.456865 2.12664 -2.24032
0.0654826 0.0851259 0.147868
-0.655704 2.34521 -1.91897
0.0678366 0.0953502 0.148189
-0.618367 2.17071 -2.11974
0.0389252 0.0861599 0.14076
-0.424333 2.62461 -1.56885
0.0646151 0.113532 0.141777
-0.517417 2.0654 -2.15642
0.0519378 0.111233 0.145574
-0.436843 2.1295 -2.13034
0.0318577 0.0937814 0.146447
-0.327471 2.4847 -1.7646
0.0700922 0.0957786 0.143191
-0.63176 2.26713 -1.93415
0.0336346 0.0855674 0.155124
-0.374525 2.39545 -1.98983
0.0297638 0.0899067 0.145039
-0.319696 2.55965 -1.68054
0.0579777 0.105068 0.141089
-0.504232 2.28749 -1.88317
0.0684041 0.0888969 0.141691
-0.65585 2.393 -1.78274
0.0392104 0.0926916 0.155239
-0.400192 2.25572 -2.14001
0.0326814 0.116155 0.148285
-0.274269 2.0783 -2.23917
0.0322676 0.107816 0.141007
-0.290799 2.39909 -1.76759
0.0349049 0.10807 0.149098
-0.312408 2.21203 -2.08466
0.0620353 0.09404 0.147802
-0.583142 2.26342 -2.00556
0.0230291 0.120238 0.148562
-0.189238 1.99779 -2.35569
0.0288948 0.0958994 0.145366
-0.292652 2.48931 -1.74462
0.0685064 0.0927324 0.148377
-0.636264 2.19995 -2.08752
0.0285256 0.0915603 0.141403
-0.302019 2.60034 -1.5964
0.0522822 0.0966513 0.144333
-0.495858 2.3789 -1.83318
0.0625516 0.0903151 0.150696
-0.605737 2.23417 -2.08475
0.0677585 0.0924325 0.1466
-0.63257 2.25947 -1.99181
0.0683022 0.103428 0.147515
-0.583639 2.00977 -2.32055
0.0486551 0.103123 0.142726
-0.440849 2.34852 -1.84134
0.071285 0.0870861 0.145436
-0.685955 2.31853 -1.91067
0.0451217 0.086263 0.142682
-0.481934 2.56514 -1.64222
0.0457557 0.123765 0.141832
-0.354116 2.02727 -2.20766
0.0691879 0.0894933 0.150965
-0.658127 2.15824 -2.18072
0.0461206 0.098098 0.152416
-0.439482 2.2062 -2.14696
0.0312361 0.0958635 0.144317
-0.314991 2.49833 -1.72158
0.0641676 0.0891829 0.145669
-0.623697 2.35388 -1.87746
0.0308027 0.0880532 0.149385
-0.336514 2.50228 -1.79457
0.0336986 0.0908671 0.144221
-0.355133 2.54681 -1.67909
0.0402637 0.0885346 0.140916
-0.426822 2.59174 -1.59641
0.0343542 0.118969 0.148165
-0.281118 1.95605 -2.41028
0.0578849 0.0995329 0.148142
-0.526755 2.20974 -2.07227
0.040517 0.103152 0.154133
-0.374276 2.03713 -2.40411
0.0710079 0.091793 0.140845
-0.658413 2.35197 -1.81233
0.0550105 0.092437 0.142633
-0.536818 2.43975 -1.75088
0.046619 0.0914091 0.151529
-0.471619 2.3327 -1.99005
0.027802 0.10861 0.145771
-0.2506 2.31821 -1.91588
0.0468573 0.109005 0.148384
-0.405985 2.12728 -2.17698
0.0457028 0.0941626 0.151877
-0.451868 2.29099 -2.04046
0.0528962 0.0979976 0.147189
-0.494955 2.29923 -1.95706
0.0648014 0.0871366 0.142266
-0.639442 2.43217 -1.75294
0.0492272 0.0920481 0.152934
-0.491098 2.26498 -2.08752
0.052579 0.0883731 0.156915
-0.53671 2.11759 -2.34826
0.0674403 0.101186 0.145311
-0.587887 2.16259 -2.08556
0.0478744 0.0987122 0.142269
-0.451568 2.41713 -1.76725
0.0286585 0.101442 0.155152
-0.275336 2.15623 -2.25991
0.0400296 0.0929202 0.15335
-0.406769 2.30671 -2.04875
0.0375236 0.123376 0.143283
-0.295251 2.0558 -2.19096
0.0231294 0.0919928 0.160086
-0.246321 2.09582 -2.45756
0.021251 0.101128 0.145998
-0.207125 2.43792 -1.80037
0.038134 0.0872027 0.156597
-0.412245 2.30407 -2.11196
0.0346547 0.0996488 0.140779
-0.334686 2.49505 -1.67545
0.0588818 0.0987507 0.149555
-0.53767 2.16879 -2.14406
0.0301949 0.0884068 0.152829
-0.329123 2.43086 -1.91522
0.0545161 0.111065 0.144953
-0.456301 2.12763 -2.12335
0.02793 0.105242 0.141229
-0.259409 2.44482 -1.72703
0.0502447 0.101076 0.142814
-0.461323 2.36365 -1.8272
0.0390786 0.0948201 0.142419
-0.390922 2.50687 -1.68746
0.0419716 0.0911308 0.147071
-0.431604 2.4575 -1.79827
0.0574211 0.118678 0.141645
-0.450634 2.0377 -2.191
0.0333812 0.0853139 0.148823
-0.372963 2.53211 -1.76066
0.0634533 0.0917007 0.147717
-0.60531 2.28458 -1.98092
0.0581947 0.0926403 0.148542
-0.560882 2.29924 -1.97767
0.0241023 0.0892393 0.156006
-0.263792 2.36459 -2.03694
0.0409988 0.107901 0.15027
-0.363117 2.13106 -2.20335
0.0385443 0.114105 0.146267
-0.325763 2.15858 -2.10482
0.0276629 0.0869463 0.141373
-0.308033 2.6524 -1.55682
0.0408893 0.0926344 0.142321
-0.415684 2.52423 -1.67116
0.0441994 0.115233 0.143614
-0.366259 2.1723 -2.0491
0.0489309 0.110658 0.144739
-0.416333 2.19034 -2.04388
0.0393523 0.0925559 0.142792
-0.402018 2.52533 -1.67678
0.0404755 0.113437 0.147499
-0.342729 2.11708 -2.17585
0.0463629 0.116769 0.142029
-0.37796 2.16884 -2.03085
0.0238757 0.087718 0.158092
-0.265749 2.32189 -2.12306
0.0532954 0.0989618 0.147521
-0.494007 2.27463 -1.98884
0.0504677 0.0875947 0.15758
-0.522699 2.12355 -2.35484
0.0275716 0.111377 0.146374
-0.242673 2.26261 -1.98494
0.0578678 0.09894 0.142187
-0.529226 2.34948 -1.83297
0.0412737 0.112894 0.149279
-0.350502 2.03898 -2.30962
0.0462173 0.0852594 0.142591
-0.496741 2.57078 -1.6364
0.0610085 0.0893867 0.144163
-0.5989 2.40507 -1.80516
0.0395986 0.0989092 0.152356
-0.380811 2.24421 -2.1012
0.0676693 0.109142 0.142584
-0.555002 2.09367 -2.13158
0.0219606 0.098089 0.157531
-0.220253 2.14726 -2.32136
0.0265227 0.117777 0.14776
-0.221499 2.09967 -2.20247
0.0284302 0.089464 0.149218
-0.307692 2.49832 -1.7953
0.0532725 0.0904622 0.141121
-0.532212 2.49646 -1.67881
0.0578273 0.105193 0.148876
-0.502631 2.06789 -2.26301
0.0572045 0.100079 0.142507
-0.519269 2.334 -1.85326
0.0567037 0.106136 0.149279
-0.490674 2.03397 -2.31663
0.0619255 0.0946542 0.146316
-0.579342 2.29078 -1.95316
0.0376576 0.100138 0.141557
-0.359698 2.46443 -1.71341
0.0520028 0.113179 0.142113
-0.430705 2.18762 -2.00974
0.0646583 0.0985967 0.147701
-0.580432 2.16754 -2.11595
0.0464658 0.0850844 0.152791
-0.499855 2.38442 -1.95893
0.0240105 0.0976425 0.14886
-0.241118 2.42083 -1.85959
0.0326583 0.101299 0.144616
-0.311874 2.42135 -1.79598
0.062037 0.113775 0.143962
-0.499198 2.00677 -2.26756
0.0477537 0.111697 0.141259
-0.40401 2.2603 -1.91514
0.0620998 0.0974005 0.143846
-0.567588 2.30473 -1.9026
0.0648873 0.0969004 0.15056
-0.590051 2.08455 -2.26946
0.051608 0.109108 0.144736
-0.441815 2.19607 -2.03707
0.0303946 0.0855819 0.146898
-0.341257 2.57391 -1.69711
0.0474926 0.110947 0.14495
-0.404463 2.19077 -2.04645
0.0263288 0.100639 0.150336
-0.255883 2.34021 -1.96271
0.0700435 0.100732 0.147808
-0.607595 2.03881 -2.28484
0.0353489 0.0921277 0.152068
-0.366372 2.37729 -1.95366
0.0504566 0.121904 0.141224
-0.392436 2.05038 -2.16816
0.0681523 0.0872649 0.146644
-0.663036 2.32115 -1.92561
0.0665426 0.0947182 0.147433
-0.612423 2.21791 -2.05175
0.049003 0.102715 0.143241
-0.44514 2.34231 -1.85482
0.0392602 0.116812 0.143631
-0.324236 2.17554 -2.04546
0.038287 0.104313 0.14915
-0.351775 2.25536 -2.03556
0.0266402 0.117259 0.147798
-0.223399 2.11045 -2.18912
0.0232818 0.0926642 0.155165
-0.246154 2.34273 -2.04344
0.0529667 0.0969762 0.141628
-0.499908 2.41694 -1.75872
0.0215665 0.101928 0.151874
-0.20851 2.29897 -2.03173
0.0346477 0.102345 0.149416
-0.326428 2.29985 -1.99068
0.0537458 0.108497 0.147809
-0.459934 2.08814 -2.21835
0.0353639 0.102849 0.142376
-0.331181 2.42814 -1.75825
0.0386126 0.109602 0.143989
-0.338722 2.29092 -1.91942
0.0492795 0.09808 0.150412
-0.4656 2.24435 -2.06836
0.0670757 0.0882006 0.150409
-0.650181 2.22516 -2.09049
0.0308278 0.121234 0.147152
-0.249007 1.9859 -2.34859
0.0455667 0.0890807 0.154735
-0.472822 2.28332 -2.09933
0.0392167 0.11764 0.145712
-0.321776 2.09504 -2.17629
0.0271951 0.126666 0.144608
-0.211489 1.96967 -2.33008
0.0537017 0.108761 0.14814
-0.458641 2.06652 -2.25256
0.0271801 0.0906747 0.148919
-0.291231 2.49431 -1.79403
0.0603893 0.0875726 0.152859
-0.603706 2.23079 -2.12557
0.0311337 0.109841 0.142261
-0.276198 2.35476 -1.82861
0.0717035 0.0972177 0.147792
-0.635489 2.0964 -2.20724
0.0570609 0.104211 0.146727
-0.50096 2.17855 -2.08756
0.0615432 0.0865475 0.148528
-0.618131 2.34874 -1.92545
0.0550035 0.0889586 0.153046
-0.55377 2.25782 -2.09761
0.0694929 0.114599 0.140829
-0.545112 2.00536 -2.22275
0.0651684 0.0936719 0.152663
-0.607841 2.02651 -2.38995
0.0364018 0.0897634 0.156822
-0.385264 2.26661 -2.15835
0.04132 0.091263 0.149645
-0.425145 2.40989 -1.88233
0.0351224 0.0958989 0.157161
-0.351072 2.1222 -2.34733
0.0305786 0.0994669 0.154801
-0.298254 2.20469 -2.19224
0.0457777 0.128082 0.141033
-0.343259 1.91529 -2.35326
0.0377019 0.0939346 0.155874
-0.381681 2.21964 -2.19483
0.0319509 0.111802 0.147655
-0.278361 2.2018 -2.07407
0.04716 0.11604 0.145777
-0.386022 2.05851 -2.22534
0.0235725 0.117945 0.145005
-0.197261 2.19713 -2.03974
0.0443034 0.0946126 0.152394
-0.437936 2.27963 -2.06179
0.039471 0.0850956 0.159154
-0.434306 2.22195 -2.26141
0.026886 0.109552 0.1526
-0.24066 2.08678 -2.30339
0.0343581 0.0984774 0.150735
-0.335689 2.32648 -1.9835
0.0547438 0.0853409 0.151069
-0.570356 2.3619 -1.95245
0.0368671 0.100134 0.153427
-0.352775 2.20372 -2.16794
0.0363861 0.104127 0.143698
-0.336175 2.3845 -1.81871
0.0347589 0.116794 0.141218
-0.289261 2.2548 -1.92068
0.034171 0.0887243 0.15919
-0.367628 2.18823 -2.30501
0.0460512 0.099348 0.145798
-0.434052 2.35668 -1.87649
0.0436459 0.0977947 0.153517
-0.419774 2.1919 -2.18399
0.0702543 0.0993391 0.145552
-0.615553 2.15405 -2.09958
0.0277135 0.124444 0.142966
-0.219122 2.10351 -2.12456
0.0583774 0.0917653 0.153971
-0.566584 2.12943 -2.27201
0.0608597 0.105115 0.142981
-0.524824 2.2242 -1.97939
0.0477165 0.0927482 0.152329
-0.475159 2.28438 -2.05541
0.0560091 0.093569 0.155001
-0.539379 2.02284 -2.44414
0.0262858 0.0903998 0.158497
-0.28297 2.2481 -2.21501
0.03296 0.088203 0.153377
-0.357616 2.40855 -1.94573
0.045608 0.0868272 0.156197
-0.483661 2.26793 -2.14446
0.0401095 0.0883097 0.15315
-0.426334 2.37505 -1.9744
0.0220609 0.114727 0.148551
-0.189971 2.16286 -2.13512
0.0334309 0.106002 0.144109
-0.305506 2.36502 -1.84388
0.053008 0.0945085 0.148123
-0.511158 2.32518 -1.94365
0.0318302 0.117002 0.142705
-0.265621 2.23398 -1.9644
0.0655924 0.0927255 0.14323
-0.615663 2.34586 -1.85102
0.0336617 0.0949384 0.153183
-0.340734 2.31849 -2.0332
0.0262246 0.109674 0.148972
-0.234708 2.23071 -2.06088
0.0440777 0.0971804 0.155508
-0.425815 2.09103 -2.35511
0.0556939 0.100176 0.149347
-0.507408 2.18335 -2.1229
0.0260207 0.0921462 0.15594
-0.275219 2.31623 -2.08601
0.0392459 0.0998877 0.14231
-0.374371 2.4482 -1.73859
0.0369741 0.109641 0.142839
-0.325252 2.32129 -1.87107
0.0453734 0.116758 0.147524
-0.37065 1.93167 -2.43585
0.0432697 0.108341 0.143329
-0.379977 2.29701 -1.90361
0.0486966 0.0874198 0.144262
-0.508235 2.50848 -1.71198
0.0409787 0.108169 0.148709
-0.362132 2.18214 -2.11412
0.0387362 0.0850671 0.150403
-0.427303 2.48072 -1.82962
0.0663766 0.0856401 0.148604
-0.65935 2.31437 -1.96246
0.0659259 0.0924041 0.150844
-0.619697 2.1539 -2.18411
0.0294174 0.128483 0.142478
-0.225079 2.00391 -2.24897
0.0248832 0.104878 0.147379
-0.232952 2.34976 -1.90691
0.0340004 0.101199 0.153071
-0.324127 2.2159 -2.14692
0.0281402 0.0853392 0.149927
-0.318518 2.53244 -1.77813
0.0554152 0.105076 0.150443
-0.485314 2.00859 -2.3738
0.0347099 0.0944455 0.15554
-0.35219 2.245 -2.1582
0.0380413 0.0938381 0.14418
-0.385146 2.49522 -1.72234
0.0242028 0.115267 0.145944
-0.206965 2.21965 -2.02729
0.0687458 0.105239 0.144865
-0.578646 2.08298 -2.17903
0.0431361 0.0874309 0.156633
-0.458332 2.26226 -2.15956
0.0385626 0.0923846 0.148468
-0.395427 2.43431 -1.84087
0.0277876 0.102892 0.147628
-0.263773 2.36225 -1.89798
0.0449908 0.113187 0.143765
-0.378343 2.19963 -2.01888
0.0487738 0.0953659 0.151819
-0.472757 2.25045 -2.08484
0.0684217 0.1031 0.144569
-0.585908 2.13908 -2.10341
0.0227897 0.117338 0.143403
-0.191834 2.24845 -1.95787
0.0288183 0.102974 0.152647
-0.272878 2.22733 -2.12589
0.0494619 0.0901018 0.143462
-0.502041 2.48773 -1.71878
0.0323105 0.110091 0.143154
-0.285472 2.33008 -1.86625
0.038889 0.0982057 0.149136
-0.377049 2.34382 -1.93995
0.0619537 0.110943 0.145952
-0.509292 1.98571 -2.32884
0.0266649 0.0941246 0.158202
-0.276061 2.17928 -2.29398
0.0250839 0.0962425 0.157172
-0.25496 2.19767 -2.24821
0.0235088 0.0908857 0.158492
-0.253116 2.25367 -2.2083
0.0238036 0.104385 0.155702
-0.224203 2.05058 -2.41782
0.0532973 0.099401 0.14872
-0.492175 2.23729 -2.04933
