1	0.19983	0.196487
2	0.196487	0.193272
3	0.193272	0.190565
4	0.190565	0.18797
5	0.18797	0.18547
6	0.18547	0.183052
7	0.183052	0.180709
8	0.180709	0.178432
9	0.178432	0.176215
10	0.176215	0.174052
11	0.174052	0.171935
12	0.171935	0.16986
13	0.16986	0.167823
14	0.167823	0.166031
15	0.166031	0.164301
16	0.164301	0.162601
17	0.162601	0.160923
18	0.160923	0.159265
19	0.159265	0.157626
20	0.157626	0.156005
21	0.156005	0.154399
22	0.154399	0.15281
23	0.15281	0.151237
24	0.151237	0.149679
25	0.149679	0.148137
26	0.148137	0.14661
27	0.14661	0.145099
28	0.145099	0.143603
29	0.143603	0.142124
30	0.142124	0.14066
31	0.14066	0.139213
32	0.139213	0.137782
33	0.137782	0.136368
34	0.136368	0.134971
35	0.134971	0.13359
36	0.13359	0.132227
37	0.132227	0.130882
38	0.130882	0.129553
39	0.129553	0.128243
40	0.128243	0.126949
41	0.126949	0.125674
42	0.125674	0.124416
43	0.124416	0.123175
44	0.123176	0.121953
45	0.121953	0.120748
46	0.120748	0.11956
47	0.11956	0.118389
48	0.118389	0.117236
49	0.117236	0.1161
50	0.1161	0.114981
51	0.114981	0.113878
52	0.113878	0.112793
53	0.112793	0.111723
54	0.111723	0.110669
55	0.110669	0.109632
56	0.109632	0.10861
57	0.10861	0.107603
58	0.107603	0.106611
59	0.106611	0.105634
60	0.105634	0.104672
61	0.104672	0.103724
62	0.103724	0.10279
63	0.10279	0.101869
64	0.101869	0.100962
65	0.100962	0.100068
66	0.100068	0.0991871
67	0.0991871	0.0983184
68	0.0983184	0.0974619
69	0.097462	0.0966174
70	0.0966174	0.0957845
71	0.0957846	0.094963
72	0.094963	0.0941525
73	0.0941525	0.0933528
74	0.0933528	0.0925636
75	0.0925637	0.0917847
76	0.0917848	0.0910159
77	0.0910158	0.0902567
78	0.0902567	0.089507
79	0.089507	0.0887665
80	0.0887665	0.088035
81	0.088035	0.0873123
82	0.0873122	0.0865981
83	0.0865981	0.0858922
84	0.0858922	0.0851944
85	0.0851944	0.0845044
86	0.0845044	0.0838222
87	0.0838222	0.0831474
88	0.0831474	0.0824799
89	0.0824799	0.0818195
90	0.0818195	0.0811661
91	0.081166	0.0805193
92	0.0805193	0.0798792
93	0.0798792	0.0792456
94	0.0792455	0.0786181
95	0.0786182	0.0779969
96	0.0779969	0.0773817
97	0.0773817	0.0767723
98	0.0767723	0.0761687
99	0.0761687	0.0755707
100	0.0755707	0.0749782
101	0.0749782	0.0743912
102	0.0743912	0.0738094
103	0.0738094	0.0732329
104	0.0732329	0.0726615
105	0.0726615	0.0720952
106	0.0720951	0.0715338
107	0.0715338	0.0709772
108	0.0709772	0.0704256
109	0.0704256	0.0698786
110	0.0698786	0.0693364
111	0.0693364	0.0687988
112	0.0687988	0.0682658
113	0.0682658	0.0677373
114	0.0677373	0.0672133
115	0.0672133	0.0666937
116	0.0666937	0.0661786
117	0.0661786	0.0656679
118	0.0656679	0.0651615
119	0.0651615	0.0646594
120	0.0646594	0.0641617
121	0.0641617	0.0636682
122	0.0636682	0.063179
123	0.0631789	0.062694
124	0.062694	0.0622132
125	0.0622132	0.0617366
126	0.0617366	0.0612643
127	0.0612643	0.0607961
128	0.0607961	0.0603321
129	0.0603321	0.0598722
130	0.0598722	0.0594166
131	0.0594166	0.0589651
132	0.058965	0.0585176
133	0.0585176	0.0580744
134	0.0580744	0.0576353
135	0.0576353	0.0572003
136	0.0572003	0.0567694
137	0.0567694	0.0563427
138	0.0563427	0.0559201
139	0.0559201	0.0555016
140	0.0555015	0.0550872
141	0.0550871	0.0546768
142	0.0546768	0.0542706
143	0.0542706	0.0538685
144	0.0538685	0.0534704
145	0.0534704	0.0530765
146	0.0530764	0.0526866
147	0.0526866	0.0523007
148	0.0523007	0.0519189
149	0.0519189	0.0515411
150	0.0515411	0.0511674
151	0.0511674	0.0507976
152	0.0507976	0.0504319
153	0.0504319	0.0500702
154	0.0500702	0.0497124
155	0.0497124	0.0493586
156	0.0493586	0.0490087
157	0.0490087	0.0486627
158	0.0486628	0.0483207
159	0.0483207	0.0479826
160	0.0479826	0.0476483
161	0.0476483	0.0473178
162	0.0473178	0.0469912
163	0.0469912	0.0466684
164	0.0466684	0.0463494
165	0.0463493	0.0460341
166	0.0460341	0.0457226
167	0.0457225	0.0454147
168	0.0454147	0.0451106
169	0.0451106	0.0448101
170	0.0448101	0.0445132
171	0.0445132	0.0442199
172	0.0442199	0.0439302
173	0.0439302	0.0436441
174	0.0436441	0.0433614
175	0.0433614	0.0430823
176	0.0430823	0.0428066
177	0.0428066	0.0425343
178	0.0425343	0.0422654
179	0.0422654	0.0419999
180	0.0419999	0.0417377
181	0.0417377	0.0414788
182	0.0414788	0.0412231
183	0.0412231	0.0409707
184	0.0409707	0.0407215
185	0.0407215	0.0404755
186	0.0404755	0.0402326
187	0.0402326	0.0399928
188	0.0399928	0.039756
189	0.039756	0.0395223
190	0.0395223	0.0392916
191	0.0392916	0.0390639
192	0.0390638	0.038839
193	0.038839	0.0386171
194	0.0386171	0.0383981
195	0.038398	0.0381818
196	0.0381818	0.0379684
197	0.0379684	0.0377578
198	0.0377578	0.0375498
199	0.0375498	0.0373446
200	0.0373446	0.0371421
201	0.0371421	0.0369421
202	0.0369421	0.0367448
203	0.0367448	0.03655
204	0.03655	0.0363578
205	0.0363578	0.0361681
206	0.0361681	0.0359808
207	0.0359808	0.035796
208	0.035796	0.0356136
209	0.0356136	0.0354336
210	0.0354336	0.0352559
211	0.0352559	0.0350805
212	0.0350805	0.0349074
213	0.0349074	0.0347365
214	0.0347365	0.0345679
215	0.0345679	0.0344015
216	0.0344015	0.0342372
217	0.0342372	0.0340751
218	0.0340751	0.033915
219	0.033915	0.033757
220	0.033757	0.0336011
221	0.0336011	0.0334472
222	0.0334472	0.0332953
223	0.0332953	0.0331454
224	0.0331454	0.0329973
225	0.0329973	0.0328512
226	0.0328512	0.032707
227	0.032707	0.0325646
228	0.0325646	0.032424
229	0.032424	0.0322853
230	0.0322853	0.0321483
231	0.0321483	0.0320131
232	0.0320131	0.0318796
233	0.0318796	0.0317478
234	0.0317478	0.0316177
235	0.0316177	0.0314892
236	0.0314892	0.0313624
237	0.0313624	0.0312371
238	0.0312371	0.0311135
239	0.0311135	0.0309914
240	0.0309914	0.0308708
241	0.0308708	0.0307518
242	0.0307518	0.0306342
243	0.0306342	0.0305182
244	0.0305182	0.0304035
245	0.0304035	0.0302903
246	0.0302903	0.0301785
247	0.0301785	0.0300682
248	0.0300682	0.0299591
249	0.0299591	0.0298514
250	0.0298514	0.0297451
251	0.0297451	0.02964
252	0.02964	0.0295363
253	0.0295363	0.0294338
254	0.0294338	0.0293325
255	0.0293325	0.0292325
256	0.0292325	0.0291338
257	0.0291337	0.0290362
258	0.0290362	0.0289398
259	0.0289398	0.0288445
260	0.0288445	0.0287504
261	0.0287504	0.0286574
262	0.0286575	0.0285656
263	0.0285656	0.0284748
264	0.0284749	0.0283852
265	0.0283852	0.0282966
266	0.0282966	0.028209
267	0.028209	0.0281225
268	0.0281225	0.028037
269	0.028037	0.0279525
270	0.0279525	0.027869
271	0.027869	0.0277865
272	0.0277865	0.0277049
273	0.0277049	0.0276243
274	0.0276243	0.0275446
275	0.0275446	0.0274659
276	0.0274659	0.027388
277	0.027388	0.0273111
278	0.0273111	0.027235
279	0.027235	0.0271598
280	0.0271598	0.0270855
281	0.0270855	0.027012
282	0.027012	0.0269393
283	0.0269393	0.0268675
284	0.0268675	0.0267964
285	0.0267964	0.0267262
286	0.0267262	0.0266568
287	0.0266567	0.0265881
288	0.0265881	0.0265202
289	0.0265202	0.026453
290	0.026453	0.0263866
291	0.0263866	0.0263209
292	0.0263209	0.026256
293	0.026256	0.0261917
294	0.0261917	0.0261282
295	0.0261282	0.0260654
296	0.0260654	0.0260032
297	0.0260032	0.0259417
298	0.0259417	0.0258809
299	0.0258809	0.0258207
300	0.0258207	0.0257612
301	0.0257612	0.0257023
302	0.0257023	0.025644
303	0.025644	0.0255864
304	0.0255864	0.0255293
305	0.0255293	0.0254729
306	0.0254729	0.0254171
307	0.0254171	0.0253618
308	0.0253618	0.0253072
309	0.0253071	0.0252531
310	0.025253	0.0251995
311	0.0251995	0.0251465
312	0.0251465	0.0250941
313	0.0250941	0.0250422
314	0.0250422	0.0249908
315	0.0249908	0.02494
316	0.02494	0.0248896
317	0.0248896	0.0248398
318	0.0248398	0.0247905
319	0.0247905	0.0247417
320	0.0247417	0.0246934
321	0.0246934	0.0246456
322	0.0246456	0.0245982
323	0.0245982	0.0245513
324	0.0245513	0.0245049
325	0.0245049	0.0244589
326	0.0244589	0.0244134
327	0.0244134	0.0243683
328	0.0243683	0.0243237
329	0.0243237	0.0242795
330	0.0242795	0.0242358
331	0.0242358	0.0241925
332	0.0241924	0.0241495
333	0.0241495	0.024107
334	0.024107	0.0240649
335	0.0240649	0.0240232
336	0.0240232	0.0239819
337	0.0239819	0.0239411
338	0.023941	0.0239005
339	0.0239005	0.0238604
340	0.0238604	0.0238206
341	0.0238206	0.0237813
342	0.0237813	0.0237422
343	0.0237422	0.0237036
344	0.0237036	0.0236653
345	0.0236653	0.0236274
346	0.0236274	0.0235898
347	0.0235898	0.0235525
348	0.0235525	0.0235156
349	0.0235156	0.0234791
350	0.0234791	0.0234428
351	0.0234428	0.0234069
352	0.0234069	0.0233713
353	0.0233713	0.0233361
354	0.0233361	0.0233011
355	0.0233011	0.0232665
356	0.0232665	0.0232322
357	0.0232322	0.0231982
358	0.0231982	0.0231644
359	0.0231644	0.023131
360	0.023131	0.0230979
361	0.0230979	0.023065
362	0.023065	0.0230325
363	0.0230325	0.0230002
364	0.0230002	0.0229682
365	0.0229682	0.0229365
366	0.0229365	0.0229051
367	0.0229051	0.0228739
368	0.0228739	0.022843
369	0.022843	0.0228124
370	0.0228124	0.022782
371	0.022782	0.0227519
372	0.0227519	0.022722
373	0.022722	0.0226924
374	0.0226924	0.022663
375	0.022663	0.0226339
376	0.0226339	0.022605
377	0.022605	0.0225763
378	0.0225763	0.0225479
379	0.0225479	0.0225198
380	0.0225198	0.0224918
381	0.0224918	0.0224641
382	0.0224641	0.0224366
383	0.0224366	0.0224094
384	0.0224094	0.0223823
385	0.0223823	0.0223555
386	0.0223555	0.0223289
387	0.0223289	0.0223025
388	0.0223025	0.0222763
389	0.0222763	0.0222503
390	0.0222503	0.0222245
391	0.0222245	0.022199
392	0.022199	0.0221736
393	0.0221736	0.0221484
394	0.0221484	0.0221235
395	0.0221235	0.0220987
396	0.0220987	0.0220741
397	0.0220741	0.0220497
398	0.0220497	0.0220255
399	0.0220255	0.0220015
400	0.0220015	0.0219777
401	0.0219777	0.021954
402	0.021954	0.0219306
403	0.0219306	0.0219073
404	0.0219073	0.0218841
405	0.0218842	0.0218612
406	0.0218612	0.0218384
407	0.0218384	0.0218158
408	0.0218158	0.0217934
409	0.0217934	0.0217711
410	0.0217711	0.0217491
411	0.021749	0.0217271
412	0.0217271	0.0217053
413	0.0217053	0.0216837
414	0.0216837	0.0216623
415	0.0216623	0.021641
416	0.021641	0.0216198
417	0.0216198	0.0215988
418	0.0215989	0.021578
419	0.021578	0.0215573
420	0.0215573	0.0215368
421	0.0215368	0.0215164
422	0.0215164	0.0214961
423	0.0214961	0.021476
424	0.021476	0.0214561
425	0.0214561	0.0214363
426	0.0214363	0.0214166
427	0.0214166	0.021397
428	0.021397	0.0213776
429	0.0213776	0.0213584
430	0.0213584	0.0213392
431	0.0213392	0.0213202
432	0.0213202	0.0213014
433	0.0213014	0.0212826
434	0.0212826	0.021264
435	0.021264	0.0212455
436	0.0212455	0.0212272
437	0.0212272	0.0212089
438	0.0212089	0.0211908
439	0.0211908	0.0211728
440	0.0211728	0.0211549
441	0.0211549	0.0211372
442	0.0211372	0.0211196
443	0.0211196	0.0211021
444	0.0211021	0.0210847
445	0.0210847	0.0210674
446	0.0210674	0.0210502
447	0.0210502	0.0210332
448	0.0210332	0.0210162
449	0.0210162	0.0209994
450	0.0209994	0.0209827
451	0.0209827	0.020966
452	0.020966	0.0209495
453	0.0209495	0.0209331
454	0.0209331	0.0209168
455	0.0209168	0.0209006
456	0.0209006	0.0208846
457	0.0208846	0.0208686
458	0.0208686	0.0208527
459	0.0208527	0.0208369
460	0.0208369	0.0208212
461	0.0208212	0.0208057
462	0.0208057	0.0207902
463	0.0207902	0.0207748
464	0.0207748	0.0207595
465	0.0207595	0.0207443
466	0.0207443	0.0207292
467	0.0207292	0.0207142
468	0.0207142	0.0206993
469	0.0206993	0.0206844
470	0.0206844	0.0206697
471	0.0206697	0.020655
472	0.020655	0.0206405
473	0.0206405	0.020626
474	0.020626	0.0206116
475	0.0206116	0.0205974
476	0.0205973	0.0205831
477	0.0205831	0.020569
478	0.020569	0.020555
479	0.020555	0.020541
480	0.020541	0.0205272
481	0.0205271	0.0205134
482	0.0205134	0.0204996
483	0.0204997	0.020486
484	0.020486	0.0204725
485	0.0204725	0.020459
486	0.020459	0.0204456
487	0.0204456	0.0204323
488	0.0204323	0.0204191
489	0.0204191	0.0204059
490	0.0204059	0.0203928
491	0.0203928	0.0203798
492	0.0203798	0.0203669
493	0.0203669	0.020354
494	0.020354	0.0203412
495	0.0203412	0.0203285
496	0.0203285	0.0203159
497	0.0203159	0.0203033
498	0.0203033	0.0202908
499	0.0202908	0.0202784
500	0.0202784	0.020266
501	0.020266	0.0202537
502	0.0202537	0.0202415
503	0.0202415	0.0202293
504	0.0202293	0.0202172
505	0.0202172	0.0202052
506	0.0202052	0.0201933
507	0.0201933	0.0201814
508	0.0201814	0.0201695
509	0.0201695	0.0201578
510	0.0201578	0.0201461
511	0.0201461	0.0201344
512	0.0201344	0.0201229
513	0.0201229	0.0201114
514	0.0201114	0.0200999
515	0.0200999	0.0200885
516	0.0200885	0.0200772
517	0.0200772	0.0200659
518	0.0200659	0.0200547
519	0.0200547	0.0200436
520	0.0200436	0.0200325
521	0.0200325	0.0200215
522	0.0200215	0.0200105
523	0.0200105	0.0199996
524	0.0199996	0.0199887
