1	0.190658	0.184713
2	0.184713	0.179153
3	0.179153	0.174175
4	0.174175	0.169719
5	0.169718	0.165696
6	0.165696	0.161966
7	0.161966	0.158481
8	0.158481	0.155147
9	0.155146	0.151949
10	0.151949	0.148969
11	0.148969	0.146109
12	0.146109	0.143362
13	0.143362	0.140721
14	0.140721	0.13818
15	0.13818	0.135736
16	0.135736	0.133382
17	0.133382	0.131116
18	0.131116	0.128931
19	0.128931	0.126826
20	0.126826	0.124795
21	0.124795	0.122835
22	0.122834	0.120942
23	0.120942	0.119113
24	0.119112	0.117344
25	0.117344	0.115633
26	0.115633	0.113977
27	0.113977	0.112372
28	0.112372	0.110818
29	0.110817	0.109309
30	0.109309	0.107845
31	0.107845	0.106423
32	0.106423	0.105042
33	0.105042	0.103698
34	0.103698	0.102391
35	0.102391	0.101119
36	0.101119	0.0998799
37	0.0998798	0.0986722
38	0.0986722	0.0974945
39	0.0974946	0.0963459
40	0.0963459	0.0952248
41	0.0952248	0.0941302
42	0.0941301	0.0930608
43	0.0930608	0.0920158
44	0.0920157	0.0909941
45	0.0909941	0.089995
46	0.0899949	0.0890175
47	0.0890175	0.0880608
48	0.0880609	0.0871241
49	0.0871243	0.0862071
50	0.0862071	0.0853087
51	0.0853087	0.0844285
52	0.0844284	0.0835657
53	0.0835657	0.0827201
54	0.0827201	0.081891
55	0.0818908	0.0810777
56	0.0810777	0.08028
57	0.0802801	0.0794976
58	0.0794975	0.0787297
59	0.0787297	0.0779761
60	0.0779762	0.0772365
61	0.0772365	0.0765105
62	0.0765105	0.0757977
63	0.0757976	0.0750977
64	0.0750978	0.0744104
65	0.0744104	0.0737354
66	0.0737354	0.0730722
67	0.0730722	0.0724209
68	0.0724209	0.071781
69	0.071781	0.0711523
70	0.0711523	0.0705345
71	0.0705345	0.0699274
72	0.0699274	0.0693308
73	0.0693308	0.0687445
74	0.0687446	0.0681683
75	0.0681683	0.0676019
76	0.0676018	0.0670451
77	0.0670451	0.0664977
78	0.0664977	0.0659595
79	0.0659596	0.0654305
80	0.0654304	0.0649101
81	0.0649102	0.0643986
82	0.0643986	0.0638957
83	0.0638956	0.0634009
84	0.0634008	0.0629143
85	0.0629144	0.0624358
86	0.0624358	0.0619651
87	0.0619651	0.0615023
88	0.0615022	0.0610468
89	0.0610468	0.0605987
90	0.0605987	0.0601579
91	0.0601579	0.0597242
92	0.0597243	0.0592975
93	0.0592975	0.0588775
94	0.0588777	0.0584644
95	0.0584644	0.0580578
96	0.0580578	0.0576575
97	0.0576576	0.0572637
98	0.0572637	0.056876
99	0.0568759	0.0564943
100	0.0564944	0.0561185
101	0.0561185	0.0557486
102	0.0557487	0.0553845
103	0.0553845	0.0550259
104	0.0550259	0.0546728
105	0.0546728	0.0543251
106	0.0543251	0.0539826
107	0.0539827	0.0536454
108	0.0536454	0.0533132
109	0.0533132	0.0529859
110	0.052986	0.0526636
111	0.0526637	0.0523461
112	0.052346	0.0520332
113	0.0520331	0.0517248
114	0.0517248	0.0514211
115	0.051421	0.0511216
116	0.0511216	0.0508266
117	0.0508267	0.0505358
118	0.0505357	0.0502493
119	0.0502492	0.0499667
120	0.0499666	0.0496881
121	0.0496881	0.0494135
122	0.0494136	0.0491427
123	0.0491428	0.0488758
124	0.0488758	0.0486125
125	0.0486125	0.0483529
126	0.0483529	0.0480969
127	0.0480969	0.0478444
128	0.0478444	0.0475952
129	0.0475953	0.0473495
130	0.0473495	0.047107
131	0.047107	0.0468679
132	0.0468679	0.0466319
133	0.0466319	0.046399
134	0.046399	0.0461692
135	0.0461692	0.0459425
136	0.0459424	0.0457186
137	0.0457185	0.0454976
138	0.0454977	0.0452796
139	0.0452796	0.0450643
140	0.0450643	0.0448519
141	0.0448518	0.044642
142	0.044642	0.0444348
143	0.0444349	0.0442303
144	0.0442303	0.0440284
145	0.0440283	0.0438288
146	0.0438289	0.0436318
147	0.0436319	0.0434373
148	0.0434373	0.0432451
149	0.0432451	0.0430552
150	0.0430552	0.0428677
151	0.0428677	0.0426824
152	0.0426824	0.0424994
153	0.0424994	0.0423185
154	0.0423185	0.0421399
155	0.0421398	0.0419633
156	0.0419632	0.0417888
157	0.0417888	0.0416163
158	0.0416163	0.0414459
159	0.0414459	0.0412774
160	0.0412774	0.041111
161	0.0411109	0.0409464
162	0.0409464	0.0407837
163	0.0407837	0.0406229
164	0.0406229	0.0404639
165	0.0404638	0.0403067
166	0.0403067	0.0401513
167	0.0401513	0.0399976
168	0.0399976	0.0398457
169	0.0398456	0.0396954
170	0.0396954	0.0395468
171	0.0395467	0.0393998
172	0.0393999	0.0392545
173	0.0392546	0.0391107
174	0.0391107	0.0389686
175	0.0389686	0.038828
176	0.0388279	0.0386889
177	0.0386889	0.0385513
178	0.0385513	0.0384152
179	0.0384152	0.0382805
180	0.0382806	0.0381473
181	0.0381473	0.0380155
182	0.0380155	0.0378851
183	0.0378851	0.0377562
184	0.0377561	0.0376284
185	0.0376284	0.0375021
186	0.0375021	0.0373771
187	0.0373771	0.0372534
188	0.0372534	0.037131
189	0.037131	0.0370098
190	0.0370098	0.03689
191	0.03689	0.0367713
192	0.0367714	0.0366539
193	0.0366539	0.0365377
194	0.0365377	0.0364226
195	0.0364227	0.0363088
196	0.0363088	0.036196
197	0.036196	0.0360845
198	0.0360845	0.035974
199	0.0359741	0.0358647
200	0.0358647	0.0357564
201	0.0357564	0.0356493
202	0.0356493	0.0355432
203	0.0355432	0.0354382
204	0.0354381	0.0353342
205	0.0353342	0.0352313
206	0.0352312	0.0351293
207	0.0351293	0.0350284
208	0.0350284	0.0349284
209	0.0349284	0.0348295
210	0.0348295	0.0347316
211	0.0347315	0.0346346
212	0.0346345	0.0345384
213	0.0345385	0.0344433
214	0.0344433	0.0343491
215	0.0343491	0.0342558
216	0.0342558	0.0341634
217	0.0341634	0.0340719
218	0.0340719	0.0339812
219	0.0339812	0.0338915
220	0.0338915	0.0338026
221	0.0338026	0.0337145
222	0.0337145	0.0336274
223	0.0336273	0.0335409
224	0.033541	0.0334554
225	0.0334554	0.0333707
226	0.0333707	0.0332868
227	0.0332868	0.0332036
228	0.0332036	0.0331213
229	0.0331213	0.0330397
230	0.0330397	0.0329588
231	0.0329589	0.0328788
232	0.0328788	0.0327995
233	0.0327996	0.032721
234	0.032721	0.0326431
235	0.0326431	0.0325661
236	0.0325661	0.0324897
237	0.0324897	0.032414
238	0.032414	0.0323391
239	0.032339	0.0322648
240	0.0322648	0.0321912
241	0.0321912	0.0321182
242	0.0321183	0.032046
243	0.032046	0.0319745
244	0.0319744	0.0319035
245	0.0319036	0.0318332
246	0.0318333	0.0317636
247	0.0317636	0.0316947
248	0.0316947	0.0316263
249	0.0316264	0.0315586
250	0.0315586	0.0314915
251	0.0314915	0.031425
252	0.031425	0.0313591
253	0.0313591	0.0312938
254	0.0312938	0.031229
255	0.0312291	0.0311649
256	0.0311649	0.0311014
257	0.0311014	0.0310384
258	0.0310384	0.030976
259	0.030976	0.0309142
260	0.0309141	0.0308529
261	0.0308529	0.0307921
262	0.0307921	0.0307319
263	0.0307319	0.0306722
264	0.0306722	0.0306131
265	0.030613	0.0305545
266	0.0305545	0.0304964
267	0.0304964	0.0304388
268	0.0304388	0.0303818
269	0.0303818	0.0303252
270	0.0303251	0.0302691
271	0.0302691	0.0302135
272	0.0302135	0.0301584
273	0.0301585	0.0301039
274	0.0301039	0.0300498
275	0.0300497	0.0299961
276	0.0299961	0.0299429
277	0.0299429	0.0298902
278	0.0298902	0.029838
279	0.029838	0.0297861
280	0.0297862	0.0297348
281	0.0297348	0.0296839
282	0.0296839	0.0296335
283	0.0296335	0.0295834
284	0.0295835	0.0295338
285	0.0295339	0.0294847
286	0.0294847	0.0294359
287	0.029436	0.0293876
288	0.0293876	0.0293397
289	0.0293397	0.0292922
290	0.0292922	0.0292451
291	0.0292451	0.0291984
292	0.0291984	0.0291522
293	0.0291521	0.0291063
294	0.0291062	0.0290608
295	0.0290607	0.0290156
296	0.0290156	0.0289709
297	0.0289709	0.0289265
298	0.0289266	0.0288826
299	0.0288825	0.0288389
300	0.0288389	0.0287957
301	0.0287956	0.0287528
302	0.0287528	0.0287103
303	0.0287103	0.0286681
304	0.0286681	0.0286263
305	0.0286263	0.0285849
306	0.0285849	0.0285437
307	0.0285437	0.028503
308	0.028503	0.0284625
309	0.0284625	0.0284224
310	0.0284224	0.0283826
311	0.0283827	0.0283432
312	0.0283432	0.0283041
313	0.0283041	0.0282653
314	0.0282653	0.0282268
315	0.0282268	0.0281887
316	0.0281887	0.0281508
317	0.0281508	0.0281133
318	0.0281133	0.0280761
319	0.0280761	0.0280392
320	0.0280391	0.0280025
321	0.0280025	0.0279662
322	0.0279662	0.0279302
323	0.0279302	0.0278944
324	0.0278944	0.027859
325	0.027859	0.0278238
326	0.0278238	0.027789
327	0.027789	0.0277544
328	0.0277543	0.02772
329	0.02772	0.027686
330	0.027686	0.0276522
331	0.0276522	0.0276187
332	0.0276187	0.0275855
333	0.0275855	0.0275525
334	0.0275525	0.0275198
335	0.0275198	0.0274874
336	0.0274873	0.0274551
337	0.0274552	0.0274232
338	0.0274233	0.0273915
339	0.0273915	0.0273601
340	0.0273601	0.0273289
341	0.0273289	0.027298
342	0.027298	0.0272673
343	0.0272673	0.0272368
344	0.0272368	0.0272066
345	0.0272066	0.0271766
346	0.0271766	0.0271468
347	0.0271468	0.0271174
348	0.0271173	0.027088
349	0.027088	0.027059
350	0.027059	0.0270301
351	0.0270301	0.0270015
352	0.0270015	0.0269731
353	0.0269732	0.026945
354	0.026945	0.026917
355	0.026917	0.0268892
356	0.0268892	0.0268616
357	0.0268617	0.0268344
358	0.0268344	0.0268072
359	0.0268073	0.0267803
360	0.0267803	0.0267536
361	0.0267536	0.0267271
362	0.0267271	0.0267008
363	0.0267008	0.0266747
364	0.0266747	0.0266488
365	0.0266487	0.0266231
366	0.0266231	0.0265975
367	0.0265975	0.0265722
368	0.0265722	0.0265471
369	0.026547	0.0265221
370	0.0265221	0.0264973
371	0.0264973	0.0264727
372	0.0264727	0.0264483
373	0.0264483	0.0264241
374	0.0264241	0.0264001
375	0.0264	0.0263762
376	0.0263762	0.0263525
377	0.0263525	0.026329
378	0.0263289	0.0263056
379	0.0263056	0.0262824
380	0.0262824	0.0262594
381	0.0262594	0.0262365
382	0.0262366	0.0262139
383	0.0262139	0.0261914
384	0.0261914	0.026169
385	0.026169	0.0261468
386	0.0261468	0.0261249
387	0.0261248	0.026103
388	0.0261029	0.0260812
389	0.0260812	0.0260597
390	0.0260597	0.0260383
391	0.0260382	0.026017
392	0.026017	0.0259959
393	0.0259959	0.025975
394	0.025975	0.0259542
395	0.0259542	0.0259335
396	0.0259335	0.025913
397	0.025913	0.0258926
398	0.0258926	0.0258725
399	0.0258725	0.0258523
400	0.0258524	0.0258324
401	0.0258324	0.0258126
402	0.0258126	0.025793
403	0.025793	0.0257734
404	0.0257734	0.0257541
405	0.025754	0.0257348
406	0.0257348	0.0257156
407	0.0257157	0.0256967
408	0.0256967	0.0256778
409	0.0256778	0.0256591
410	0.0256591	0.0256405
411	0.0256405	0.025622
412	0.025622	0.0256037
413	0.0256037	0.0255855
414	0.0255854	0.0255674
415	0.0255674	0.0255494
416	0.0255494	0.0255315
417	0.0255315	0.0255138
418	0.0255138	0.0254962
419	0.0254962	0.0254787
420	0.0254787	0.0254613
421	0.0254613	0.0254441
422	0.0254441	0.0254269
423	0.0254269	0.02541
424	0.0254099	0.025393
425	0.025393	0.0253762
426	0.0253762	0.0253595
427	0.0253595	0.0253429
428	0.0253429	0.0253264
429	0.0253265	0.0253101
430	0.0253101	0.0252939
431	0.0252939	0.0252777
432	0.0252777	0.0252616
433	0.0252617	0.0252457
434	0.0252457	0.0252299
435	0.0252299	0.0252141
436	0.0252141	0.0251985
437	0.0251985	0.025183
438	0.025183	0.0251676
439	0.0251676	0.0251523
440	0.0251522	0.025137
441	0.025137	0.0251219
442	0.0251219	0.0251068
443	0.0251069	0.025092
444	0.0250919	0.0250771
445	0.0250771	0.0250624
446	0.0250623	0.0250477
447	0.0250477	0.0250331
448	0.0250331	0.0250187
449	0.0250186	0.0250043
450	0.0250043	0.02499
451	0.02499	0.0249758
452	0.0249758	0.0249617
453	0.0249617	0.0249477
454	0.0249477	0.0249337
455	0.0249337	0.0249199
456	0.0249199	0.0249061
457	0.0249061	0.0248925
458	0.0248925	0.0248789
459	0.0248789	0.0248654
460	0.0248654	0.0248519
461	0.024852	0.0248386
462	0.0248386	0.0248254
463	0.0248254	0.0248122
464	0.0248122	0.0247991
465	0.0247991	0.0247861
466	0.0247861	0.0247732
467	0.0247732	0.0247603
468	0.0247603	0.0247475
469	0.0247475	0.0247348
470	0.0247348	0.0247222
471	0.0247222	0.0247097
472	0.0247096	0.0246972
473	0.0246972	0.0246847
474	0.0246848	0.0246724
475	0.0246725	0.0246602
476	0.0246602	0.024648
477	0.024648	0.0246359
478	0.0246359	0.0246239
479	0.0246239	0.0246119
480	0.0246119	0.0246
481	0.0246	0.0245882
482	0.0245882	0.0245764
483	0.0245764	0.0245648
484	0.0245648	0.0245532
485	0.0245531	0.0245416
486	0.0245416	0.0245301
487	0.0245301	0.0245187
488	0.0245187	0.0245074
489	0.0245073	0.0244961
490	0.0244961	0.0244849
491	0.0244849	0.0244737
492	0.0244737	0.0244626
493	0.0244626	0.0244516
494	0.0244516	0.0244406
495	0.0244406	0.0244297
496	0.0244297	0.0244189
497	0.0244189	0.0244081
498	0.0244081	0.0243974
499	0.0243974	0.0243868
500	0.0243868	0.0243761
501	0.0243761	0.0243656
502	0.0243656	0.0243551
503	0.0243551	0.0243447
504	0.0243447	0.0243343
505	0.0243344	0.024324
506	0.0243241	0.0243138
507	0.0243138	0.0243037
508	0.0243036	0.0242935
509	0.0242935	0.0242834
510	0.0242834	0.0242734
511	0.0242734	0.0242634
512	0.0242634	0.0242536
513	0.0242535	0.0242437
514	0.0242437	0.0242339
515	0.0242339	0.0242241
516	0.0242241	0.0242144
517	0.0242144	0.0242048
518	0.0242048	0.0241952
519	0.0241952	0.0241857
520	0.0241857	0.0241762
521	0.0241762	0.0241667
522	0.0241667	0.0241573
523	0.0241573	0.024148
524	0.024148	0.0241388
525	0.0241387	0.0241295
526	0.0241295	0.0241203
527	0.0241203	0.0241112
528	0.0241112	0.0241021
529	0.0241021	0.024093
530	0.0240931	0.024084
531	0.0240841	0.0240751
532	0.0240751	0.0240662
533	0.0240662	0.0240573
534	0.0240573	0.0240485
535	0.0240485	0.0240398
536	0.0240397	0.0240311
537	0.0240311	0.0240224
538	0.0240224	0.0240138
539	0.0240137	0.0240051
540	0.0240051	0.0239966
541	0.0239966	0.0239881
542	0.0239881	0.0239797
543	0.0239797	0.0239713
544	0.0239712	0.0239629
545	0.0239629	0.0239546
546	0.0239546	0.0239463
547	0.0239463	0.023938
548	0.023938	0.0239299
549	0.0239298	0.0239217
550	0.0239217	0.0239136
551	0.0239136	0.0239055
552	0.0239055	0.0238975
553	0.0238975	0.0238895
554	0.0238895	0.0238815
555	0.0238815	0.0238736
556	0.0238736	0.0238657
557	0.0238657	0.0238579
558	0.0238579	0.0238501
559	0.0238501	0.0238423
560	0.0238423	0.0238346
561	0.0238346	0.0238269
562	0.0238269	0.0238193
563	0.0238192	0.0238117
564	0.0238116	0.0238041
565	0.0238041	0.0237966
566	0.0237966	0.023789
567	0.023789	0.0237816
568	0.0237816	0.0237742
569	0.0237741	0.0237668
570	0.0237667	0.0237594
571	0.0237594	0.0237521
572	0.0237521	0.0237448
573	0.0237448	0.0237375
574	0.0237375	0.0237303
575	0.0237303	0.0237231
576	0.0237231	0.023716
577	0.023716	0.0237088
578	0.0237089	0.0237018
579	0.0237018	0.0236947
580	0.0236947	0.0236877
581	0.0236877	0.0236807
582	0.0236807	0.0236738
583	0.0236737	0.0236668
584	0.0236668	0.02366
585	0.0236599	0.0236531
586	0.0236531	0.0236462
587	0.0236463	0.0236395
588	0.0236395	0.0236327
589	0.0236327	0.023626
590	0.0236259	0.0236192
591	0.0236193	0.0236126
592	0.0236126	0.0236059
593	0.0236059	0.0235993
594	0.0235993	0.0235927
595	0.0235927	0.0235862
596	0.0235862	0.0235797
597	0.0235797	0.0235732
598	0.0235732	0.0235667
599	0.0235667	0.0235603
600	0.0235603	0.0235538
601	0.0235538	0.0235475
602	0.0235475	0.0235411
603	0.0235411	0.0235348
604	0.0235348	0.0235285
605	0.0235285	0.0235222
606	0.0235222	0.023516
607	0.023516	0.0235098
608	0.0235098	0.0235036
609	0.0235036	0.0234975
610	0.0234975	0.0234913
611	0.0234913	0.0234852
612	0.0234852	0.0234791
613	0.0234791	0.0234731
614	0.0234731	0.0234671
615	0.023467	0.023461
616	0.023461	0.023455
617	0.023455	0.0234491
618	0.0234491	0.0234432
619	0.0234432	0.0234373
620	0.0234373	0.0234314
621	0.0234314	0.0234255
622	0.0234255	0.0234197
623	0.0234197	0.0234139
624	0.0234139	0.0234081
625	0.0234081	0.0234024
626	0.0234024	0.0233966
627	0.0233966	0.0233909
628	0.0233909	0.0233852
629	0.0233853	0.0233796
630	0.0233796	0.023374
631	0.023374	0.0233684
632	0.0233684	0.0233628
633	0.0233627	0.0233572
634	0.0233572	0.0233516
635	0.0233516	0.0233461
636	0.0233461	0.0233406
637	0.0233406	0.0233351
638	0.0233351	0.0233297
639	0.0233297	0.0233242
640	0.0233242	0.0233188
641	0.0233188	0.0233134
642	0.0233134	0.0233081
643	0.0233081	0.0233027
644	0.0233027	0.0232974
645	0.0232974	0.0232921
646	0.0232921	0.0232868
647	0.0232868	0.0232815
648	0.0232815	0.0232763
649	0.0232763	0.023271
650	0.023271	0.0232659
651	0.0232659	0.0232606
652	0.0232606	0.0232555
653	0.0232555	0.0232504
654	0.0232503	0.0232452
655	0.0232452	0.0232401
656	0.0232401	0.023235
657	0.023235	0.02323
658	0.02323	0.0232249
659	0.023225	0.0232199
660	0.0232199	0.0232149
661	0.0232149	0.0232099
662	0.0232099	0.023205
663	0.0232049	0.0232
664	0.0232	0.023195
665	0.0231951	0.0231902
666	0.0231902	0.0231853
667	0.0231852	0.0231804
668	0.0231804	0.0231755
669	0.0231756	0.0231707
670	0.0231707	0.0231659
671	0.0231659	0.0231611
672	0.023161	0.0231563
673	0.0231563	0.0231515
674	0.0231515	0.0231467
675	0.0231467	0.023142
676	0.023142	0.0231373
677	0.0231373	0.0231326
678	0.0231326	0.0231279
679	0.0231279	0.0231233
680	0.0231232	0.0231186
681	0.0231186	0.0231139
682	0.023114	0.0231094
683	0.0231094	0.0231047
684	0.0231047	0.0231002
685	0.0231002	0.0230956
686	0.0230955	0.023091
687	0.023091	0.0230865
688	0.0230865	0.023082
689	0.023082	0.0230775
690	0.0230775	0.023073
691	0.023073	0.0230685
692	0.0230685	0.023064
693	0.0230641	0.0230596
694	0.0230596	0.0230552
695	0.0230552	0.0230508
696	0.0230508	0.0230464
697	0.0230464	0.023042
698	0.023042	0.0230376
699	0.0230376	0.0230333
700	0.0230333	0.0230289
701	0.0230289	0.0230247
702	0.0230247	0.0230203
703	0.0230204	0.023016
704	0.023016	0.0230118
705	0.0230118	0.0230075
706	0.0230075	0.0230032
707	0.0230032	0.022999
708	0.022999	0.0229948
709	0.0229948	0.0229906
710	0.0229906	0.0229864
711	0.0229864	0.0229822
712	0.0229822	0.0229781
713	0.022978	0.0229739
714	0.0229739	0.0229697
715	0.0229698	0.0229656
716	0.0229656	0.0229615
717	0.0229615	0.0229574
718	0.0229574	0.0229534
719	0.0229534	0.0229493
720	0.0229493	0.0229452
721	0.0229452	0.0229412
722	0.0229412	0.0229371
723	0.0229371	0.0229331
724	0.0229331	0.0229291
725	0.0229291	0.0229251
726	0.0229251	0.0229212
727	0.0229211	0.0229172
728	0.0229172	0.0229132
729	0.0229132	0.0229093
730	0.0229093	0.0229053
731	0.0229054	0.0229014
732	0.0229014	0.0228975
733	0.0228976	0.0228936
734	0.0228936	0.0228898
735	0.0228898	0.0228859
736	0.0228859	0.022882
737	0.022882	0.0228782
738	0.0228782	0.0228744
739	0.0228744	0.0228705
740	0.0228706	0.0228667
741	0.0228667	0.0228629
742	0.0228629	0.0228592
743	0.0228591	0.0228554
744	0.0228554	0.0228516
745	0.0228516	0.0228478
746	0.0228478	0.0228441
747	0.0228441	0.0228404
748	0.0228404	0.0228367
749	0.0228367	0.0228329
750	0.0228329	0.0228292
751	0.0228292	0.0228256
752	0.0228256	0.0228218
753	0.0228219	0.0228182
754	0.0228182	0.0228146
755	0.0228146	0.0228109
756	0.0228109	0.0228073
757	0.0228073	0.0228037
758	0.0228037	0.0228
759	0.0228001	0.0227964
760	0.0227965	0.0227929
761	0.0227929	0.0227893
762	0.0227893	0.0227857
763	0.0227857	0.0227821
764	0.0227821	0.0227786
765	0.0227786	0.0227751
766	0.022775	0.0227715
767	0.0227715	0.022768
768	0.022768	0.0227645
769	0.0227645	0.022761
770	0.022761	0.0227575
771	0.0227575	0.022754
772	0.0227541	0.0227506
773	0.0227506	0.0227471
774	0.0227471	0.0227437
775	0.0227436	0.0227402
776	0.0227402	0.0227368
777	0.0227368	0.0227334
778	0.0227334	0.02273
779	0.0227299	0.0227265
780	0.0227266	0.0227232
781	0.0227231	0.0227198
782	0.0227198	0.0227164
783	0.0227164	0.022713
784	0.0227131	0.0227097
785	0.0227097	0.0227063
786	0.0227063	0.022703
787	0.022703	0.0226996
788	0.0226997	0.0226963
789	0.0226963	0.022693
790	0.022693	0.0226897
791	0.0226897	0.0226864
792	0.0226864	0.0226831
793	0.0226831	0.0226799
794	0.0226798	0.0226766
795	0.0226766	0.0226733
796	0.0226734	0.0226701
797	0.0226701	0.0226668
798	0.0226668	0.0226636
799	0.0226636	0.0226604
800	0.0226604	0.0226571
801	0.0226572	0.0226539
802	0.0226539	0.0226507
803	0.0226508	0.0226476
804	0.0226475	0.0226444
805	0.0226444	0.0226412
806	0.0226412	0.022638
807	0.022638	0.0226349
808	0.0226349	0.0226317
809	0.0226317	0.0226286
810	0.0226285	0.0226254
811	0.0226254	0.0226223
812	0.0226223	0.0226192
813	0.0226192	0.022616
814	0.022616	0.0226129
815	0.022613	0.0226098
816	0.0226098	0.0226068
817	0.0226068	0.0226037
818	0.0226037	0.0226006
819	0.0226006	0.0225975
820	0.0225975	0.0225945
821	0.0225945	0.0225914
822	0.0225914	0.0225884
823	0.0225884	0.0225853
824	0.0225853	0.0225823
825	0.0225823	0.0225793
826	0.0225793	0.0225762
827	0.0225762	0.0225732
828	0.0225732	0.0225702
829	0.0225702	0.0225672
830	0.0225672	0.0225642
831	0.0225642	0.0225613
832	0.0225613	0.0225583
833	0.0225583	0.0225553
834	0.0225553	0.0225524
835	0.0225524	0.0225494
836	0.0225494	0.0225465
837	0.0225465	0.0225435
838	0.0225435	0.0225406
839	0.0225406	0.0225377
840	0.0225377	0.0225348
841	0.0225348	0.0225318
842	0.0225318	0.022529
843	0.0225289	0.022526
844	0.022526	0.0225231
845	0.0225231	0.0225203
846	0.0225203	0.0225174
847	0.0225173	0.0225145
848	0.0225145	0.0225116
849	0.0225116	0.0225088
850	0.0225088	0.0225059
851	0.0225059	0.0225031
852	0.0225031	0.0225002
853	0.0225002	0.0224974
854	0.0224974	0.0224946
855	0.0224946	0.0224918
856	0.0224917	0.022489
857	0.0224889	0.0224862
858	0.0224861	0.0224834
859	0.0224833	0.0224806
860	0.0224806	0.0224777
861	0.0224777	0.022475
862	0.022475	0.0224722
863	0.0224721	0.0224694
864	0.0224694	0.0224666
865	0.0224667	0.0224639
866	0.0224639	0.0224611
867	0.0224611	0.0224584
868	0.0224584	0.0224556
869	0.0224556	0.0224529
870	0.0224529	0.0224502
871	0.0224502	0.0224475
872	0.0224475	0.0224447
873	0.0224447	0.022442
874	0.022442	0.0224393
875	0.0224393	0.0224366
876	0.0224366	0.0224339
877	0.0224339	0.0224312
878	0.0224312	0.0224285
879	0.0224285	0.0224258
880	0.0224258	0.0224232
881	0.0224231	0.0224205
882	0.0224205	0.0224178
883	0.0224178	0.0224152
884	0.0224152	0.0224125
885	0.0224125	0.0224099
886	0.0224099	0.0224073
887	0.0224073	0.0224046
888	0.0224046	0.022402
889	0.022402	0.0223994
890	0.0223993	0.0223967
891	0.0223967	0.0223941
892	0.0223941	0.0223915
893	0.0223915	0.0223889
894	0.0223889	0.0223863
895	0.0223863	0.0223837
896	0.0223837	0.0223811
897	0.0223811	0.0223785
898	0.0223785	0.0223759
899	0.0223759	0.0223734
900	0.0223734	0.0223708
901	0.0223708	0.0223683
902	0.0223682	0.0223657
903	0.0223657	0.0223631
904	0.0223631	0.0223606
905	0.0223606	0.022358
906	0.022358	0.0223555
907	0.0223555	0.0223529
908	0.0223529	0.0223504
909	0.0223504	0.0223479
910	0.0223479	0.0223454
911	0.0223454	0.0223428
912	0.0223429	0.0223403
913	0.0223403	0.0223378
914	0.0223378	0.0223353
915	0.0223353	0.0223328
916	0.0223328	0.0223304
917	0.0223303	0.0223279
918	0.0223278	0.0223253
919	0.0223254	0.0223229
920	0.0223229	0.0223204
921	0.0223204	0.022318
922	0.022318	0.0223155
923	0.0223155	0.0223131
924	0.022313	0.0223106
925	0.0223106	0.0223081
926	0.0223081	0.0223057
927	0.0223057	0.0223032
928	0.0223032	0.0223008
929	0.0223008	0.0222984
930	0.0222984	0.0222959
931	0.0222959	0.0222935
932	0.0222935	0.0222911
933	0.0222911	0.0222887
934	0.0222887	0.0222862
935	0.0222862	0.0222839
936	0.0222838	0.0222814
937	0.0222814	0.0222791
938	0.0222791	0.0222766
939	0.0222767	0.0222743
940	0.0222743	0.0222719
941	0.0222719	0.0222695
942	0.0222695	0.0222671
943	0.0222671	0.0222648
944	0.0222647	0.0222624
945	0.0222624	0.02226
946	0.02226	0.0222577
947	0.0222577	0.0222553
948	0.0222553	0.022253
949	0.0222529	0.0222506
950	0.0222506	0.0222482
951	0.0222483	0.0222459
952	0.0222459	0.0222436
953	0.0222435	0.0222412
954	0.0222412	0.0222389
955	0.0222389	0.0222366
956	0.0222366	0.0222342
957	0.0222343	0.0222319
958	0.0222319	0.0222296
959	0.0222296	0.0222273
960	0.0222273	0.022225
961	0.022225	0.0222227
962	0.0222227	0.0222204
963	0.0222204	0.0222181
964	0.0222181	0.0222158
965	0.0222158	0.0222135
966	0.0222135	0.0222113
967	0.0222112	0.022209
968	0.022209	0.0222067
969	0.0222067	0.0222044
970	0.0222044	0.0222021
971	0.0222021	0.0221999
972	0.0221999	0.0221976
973	0.0221976	0.0221954
974	0.0221954	0.0221931
975	0.0221931	0.0221909
976	0.0221909	0.0221886
977	0.0221886	0.0221864
978	0.0221864	0.0221841
979	0.0221842	0.0221819
980	0.0221819	0.0221797
981	0.0221796	0.0221774
982	0.0221774	0.0221752
983	0.0221752	0.022173
984	0.022173	0.0221708
985	0.0221708	0.0221686
986	0.0221686	0.0221663
987	0.0221664	0.0221642
988	0.0221642	0.0221619
989	0.022162	0.0221597
990	0.0221598	0.0221575
991	0.0221576	0.0221554
992	0.0221554	0.0221531
993	0.0221532	0.0221509
994	0.0221509	0.0221488
995	0.0221488	0.0221466
996	0.0221466	0.0221444
997	0.0221444	0.0221422
998	0.0221423	0.0221401
999	0.0221401	0.0221379
1000	0.0221379	0.0221357
1001	0.0221358	0.0221336
1002	0.0221336	0.0221314
1003	0.0221314	0.0221293
1004	0.0221293	0.0221271
1005	0.0221271	0.022125
1006	0.022125	0.0221228
1007	0.0221228	0.0221207
1008	0.0221207	0.0221185
1009	0.0221185	0.0221164
1010	0.0221164	0.0221143
1011	0.0221143	0.0221121
1012	0.0221122	0.02211
1013	0.02211	0.0221079
1014	0.0221079	0.0221058
1015	0.0221058	0.0221036
1016	0.0221036	0.0221016
1017	0.0221015	0.0220995
1018	0.0220995	0.0220973
1019	0.0220973	0.0220952
1020	0.0220952	0.0220931
1021	0.0220931	0.022091
1022	0.022091	0.0220889
1023	0.0220889	0.0220868
1024	0.0220869	0.0220847
1025	0.0220848	0.0220827
1026	0.0220827	0.0220806
1027	0.0220806	0.0220785
1028	0.0220785	0.0220764
1029	0.0220764	0.0220743
1030	0.0220743	0.0220723
1031	0.0220723	0.0220702
1032	0.0220702	0.0220682
1033	0.0220682	0.0220661
1034	0.0220661	0.022064
1035	0.022064	0.0220619
1036	0.022062	0.0220599
1037	0.0220599	0.0220578
1038	0.0220579	0.0220558
1039	0.0220558	0.0220537
1040	0.0220537	0.0220517
1041	0.0220517	0.0220497
1042	0.0220497	0.0220476
1043	0.0220476	0.0220456
1044	0.0220456	0.0220436
1045	0.0220436	0.0220415
1046	0.0220415	0.0220395
1047	0.0220395	0.0220375
1048	0.0220375	0.0220355
1049	0.0220354	0.0220334
1050	0.0220334	0.0220314
1051	0.0220315	0.0220294
1052	0.0220294	0.0220274
1053	0.0220274	0.0220254
1054	0.0220254	0.0220234
1055	0.0220234	0.0220214
1056	0.0220214	0.0220194
1057	0.0220194	0.0220174
1058	0.0220174	0.0220153
1059	0.0220154	0.0220134
1060	0.0220134	0.0220114
1061	0.0220114	0.0220094
1062	0.0220094	0.0220075
1063	0.0220074	0.0220055
1064	0.0220055	0.0220035
1065	0.0220035	0.0220015
1066	0.0220015	0.0219995
1067	0.0219995	0.0219976
1068	0.0219976	0.0219956
1069	0.0219956	0.0219936
1070	0.0219936	0.0219917
1071	0.0219917	0.0219897
1072	0.0219897	0.0219878
1073	0.0219877	0.0219858
1074	0.0219858	0.0219838
1075	0.0219838	0.0219819
1076	0.0219819	0.0219799
1077	0.0219799	0.021978
1078	0.021978	0.021976
1079	0.021976	0.0219741
1080	0.0219741	0.0219722
1081	0.0219722	0.0219702
1082	0.0219702	0.0219683
1083	0.0219683	0.0219664
1084	0.0219664	0.0219644
1085	0.0219644	0.0219625
1086	0.0219625	0.0219606
1087	0.0219606	0.0219587
1088	0.0219586	0.0219567
1089	0.0219567	0.0219548
1090	0.0219548	0.0219529
1091	0.0219529	0.021951
1092	0.021951	0.0219491
1093	0.0219491	0.0219472
1094	0.0219472	0.0219453
1095	0.0219452	0.0219434
1096	0.0219433	0.0219415
1097	0.0219415	0.0219396
1098	0.0219396	0.0219377
1099	0.0219377	0.0219358
1100	0.0219358	0.0219339
1101	0.0219339	0.021932
1102	0.021932	0.0219301
1103	0.0219301	0.0219282
1104	0.0219282	0.0219263
1105	0.0219263	0.0219245
1106	0.0219244	0.0219226
1107	0.0219226	0.0219207
1108	0.0219207	0.0219188
1109	0.0219188	0.021917
1110	0.021917	0.0219151
1111	0.0219151	0.0219132
1112	0.0219132	0.0219113
1113	0.0219114	0.0219095
1114	0.0219095	0.0219077
1115	0.0219076	0.0219058
1116	0.0219058	0.0219039
1117	0.0219039	0.021902
1118	0.0219021	0.0219002
1119	0.0219002	0.0218983
1120	0.0218984	0.0218965
1121	0.0218965	0.0218946
1122	0.0218947	0.0218928
1123	0.0218928	0.021891
1124	0.021891	0.0218891
1125	0.0218891	0.0218873
1126	0.0218873	0.0218855
1127	0.0218855	0.0218837
1128	0.0218836	0.0218818
1129	0.0218818	0.02188
1130	0.02188	0.0218781
1131	0.0218781	0.0218763
1132	0.0218763	0.0218745
1133	0.0218745	0.0218727
1134	0.0218727	0.0218709
1135	0.0218709	0.021869
1136	0.0218691	0.0218672
1137	0.0218672	0.0218654
1138	0.0218654	0.0218636
1139	0.0218636	0.0218618
1140	0.0218618	0.02186
1141	0.02186	0.0218582
1142	0.0218581	0.0218564
1143	0.0218564	0.0218546
1144	0.0218546	0.0218528
1145	0.0218528	0.021851
1146	0.021851	0.0218492
1147	0.0218492	0.0218474
1148	0.0218474	0.0218456
1149	0.0218456	0.0218438
1150	0.0218438	0.021842
1151	0.021842	0.0218403
1152	0.0218402	0.0218385
1153	0.0218385	0.0218367
1154	0.0218367	0.0218349
1155	0.0218349	0.0218331
1156	0.0218331	0.0218314
1157	0.0218313	0.0218296
1158	0.0218296	0.0218278
1159	0.0218278	0.021826
1160	0.021826	0.0218243
1161	0.0218243	0.0218225
1162	0.0218225	0.0218207
1163	0.0218208	0.021819
1164	0.021819	0.0218173
1165	0.0218172	0.0218155
1166	0.0218155	0.0218137
1167	0.0218137	0.021812
1168	0.021812	0.0218102
1169	0.0218102	0.0218085
1170	0.0218085	0.0218067
1171	0.0218067	0.021805
1172	0.021805	0.0218032
1173	0.0218032	0.0218015
1174	0.0218015	0.0217997
1175	0.0217997	0.021798
1176	0.021798	0.0217963
1177	0.0217963	0.0217945
1178	0.0217945	0.0217928
1179	0.0217928	0.0217911
1180	0.021791	0.0217893
1181	0.0217893	0.0217876
1182	0.0217876	0.0217859
1183	0.0217859	0.0217841
1184	0.0217841	0.0217824
1185	0.0217824	0.0217807
1186	0.0217807	0.021779
1187	0.021779	0.0217773
1188	0.0217773	0.0217756
1189	0.0217756	0.0217738
1190	0.0217738	0.0217721
1191	0.0217721	0.0217704
1192	0.0217704	0.0217687
1193	0.0217687	0.021767
1194	0.021767	0.0217653
1195	0.0217653	0.0217636
1196	0.0217636	0.0217619
1197	0.0217619	0.0217602
1198	0.0217602	0.0217585
1199	0.0217585	0.0217568
1200	0.0217568	0.0217551
1201	0.0217551	0.0217534
1202	0.0217534	0.0217517
1203	0.0217517	0.0217501
1204	0.0217501	0.0217484
1205	0.0217484	0.0217467
1206	0.0217467	0.021745
1207	0.021745	0.0217433
1208	0.0217433	0.0217416
1209	0.0217416	0.0217399
1210	0.0217399	0.0217382
1211	0.0217382	0.0217366
1212	0.0217366	0.0217349
1213	0.0217349	0.0217332
1214	0.0217332	0.0217316
1215	0.0217315	0.0217299
1216	0.0217299	0.0217282
1217	0.0217282	0.0217265
1218	0.0217265	0.0217249
1219	0.0217249	0.0217232
1220	0.0217232	0.0217215
1221	0.0217216	0.0217199
1222	0.0217199	0.0217182
1223	0.0217183	0.0217166
1224	0.0217166	0.021715
1225	0.0217149	0.0217133
1226	0.0217133	0.0217116
1227	0.0217116	0.02171
1228	0.02171	0.0217083
1229	0.0217083	0.0217067
1230	0.0217067	0.021705
1231	0.021705	0.0217034
1232	0.0217034	0.0217017
1233	0.0217018	0.0217001
1234	0.0217001	0.0216985
1235	0.0216985	0.0216968
1236	0.0216968	0.0216952
1237	0.0216952	0.0216936
1238	0.0216936	0.0216919
1239	0.0216919	0.0216903
1240	0.0216903	0.0216887
1241	0.0216887	0.021687
1242	0.021687	0.0216854
1243	0.0216854	0.0216838
1244	0.0216838	0.0216822
1245	0.0216822	0.0216805
1246	0.0216806	0.0216789
1247	0.0216789	0.0216773
1248	0.0216773	0.0216757
1249	0.0216757	0.0216741
1250	0.0216741	0.0216725
1251	0.0216725	0.0216708
1252	0.0216708	0.0216693
1253	0.0216692	0.0216676
1254	0.0216676	0.021666
1255	0.021666	0.0216644
1256	0.0216644	0.0216628
1257	0.0216628	0.0216612
1258	0.0216612	0.0216596
1259	0.0216596	0.021658
1260	0.021658	0.0216564
1261	0.0216564	0.0216548
1262	0.0216548	0.0216532
1263	0.0216532	0.0216516
1264	0.0216516	0.02165
1265	0.02165	0.0216484
1266	0.0216484	0.0216468
1267	0.0216468	0.0216453
1268	0.0216452	0.0216437
1269	0.0216436	0.0216421
1270	0.0216421	0.0216405
1271	0.0216405	0.0216389
1272	0.0216389	0.0216373
1273	0.0216373	0.0216357
1274	0.0216358	0.0216342
1275	0.0216342	0.0216326
1276	0.0216326	0.021631
1277	0.021631	0.0216295
1278	0.0216294	0.0216279
1279	0.0216279	0.0216263
1280	0.0216263	0.0216247
1281	0.0216247	0.0216231
1282	0.0216231	0.0216216
1283	0.0216216	0.02162
1284	0.02162	0.0216184
1285	0.0216185	0.0216169
1286	0.0216169	0.0216153
1287	0.0216154	0.0216138
1288	0.0216138	0.0216122
1289	0.0216122	0.0216107
1290	0.0216107	0.0216091
1291	0.0216091	0.0216076
1292	0.0216076	0.021606
1293	0.021606	0.0216044
1294	0.0216044	0.0216029
1295	0.0216029	0.0216014
1296	0.0216014	0.0215998
1297	0.0215998	0.0215983
1298	0.0215983	0.0215967
1299	0.0215967	0.0215952
1300	0.0215952	0.0215936
1301	0.0215936	0.0215921
1302	0.0215921	0.0215905
1303	0.0215906	0.021589
1304	0.021589	0.0215874
1305	0.0215874	0.0215859
1306	0.0215859	0.0215844
1307	0.0215844	0.0215829
1308	0.0215829	0.0215813
1309	0.0215813	0.0215798
1310	0.0215798	0.0215783
1311	0.0215783	0.0215767
1312	0.0215768	0.0215752
1313	0.0215752	0.0215737
1314	0.0215737	0.0215722
1315	0.0215722	0.0215707
1316	0.0215707	0.0215691
1317	0.0215691	0.0215676
1318	0.0215676	0.0215661
1319	0.0215661	0.0215646
1320	0.0215646	0.0215631
1321	0.0215631	0.0215616
1322	0.0215615	0.02156
1323	0.02156	0.0215585
1324	0.0215585	0.021557
1325	0.021557	0.0215555
1326	0.0215555	0.021554
1327	0.021554	0.0215525
1328	0.0215525	0.021551
1329	0.021551	0.0215495
1330	0.0215495	0.021548
1331	0.021548	0.0215465
1332	0.0215465	0.021545
1333	0.021545	0.0215435
1334	0.0215435	0.021542
1335	0.021542	0.0215405
1336	0.0215405	0.021539
1337	0.021539	0.0215375
1338	0.0215375	0.021536
1339	0.021536	0.0215345
1340	0.0215345	0.021533
1341	0.021533	0.0215316
1342	0.0215316	0.02153
1343	0.02153	0.0215286
1344	0.0215286	0.0215271
1345	0.0215271	0.0215256
1346	0.0215256	0.0215241
1347	0.0215241	0.0215226
1348	0.0215226	0.0215211
1349	0.0215212	0.0215197
1350	0.0215197	0.0215182
1351	0.0215182	0.0215167
1352	0.0215167	0.0215152
1353	0.0215153	0.0215138
1354	0.0215138	0.0215123
1355	0.0215123	0.0215108
1356	0.0215108	0.0215094
1357	0.0215093	0.0215079
1358	0.0215079	0.0215064
1359	0.0215064	0.0215049
1360	0.0215049	0.0215035
1361	0.0215035	0.021502
1362	0.021502	0.0215005
1363	0.0215006	0.0214991
1364	0.0214991	0.0214977
1365	0.0214977	0.0214962
1366	0.0214962	0.0214947
1367	0.0214947	0.0214933
1368	0.0214933	0.0214918
1369	0.0214918	0.0214904
1370	0.0214904	0.0214889
1371	0.0214889	0.0214875
1372	0.0214875	0.021486
1373	0.021486	0.0214846
1374	0.0214846	0.0214831
1375	0.0214831	0.0214817
1376	0.0214817	0.0214802
1377	0.0214802	0.0214788
1378	0.0214788	0.0214773
1379	0.0214773	0.0214759
1380	0.0214759	0.0214745
1381	0.0214745	0.021473
1382	0.021473	0.0214716
1383	0.0214716	0.0214701
1384	0.0214701	0.0214687
1385	0.0214687	0.0214673
1386	0.0214673	0.0214659
1387	0.0214658	0.0214644
1388	0.0214644	0.0214629
1389	0.021463	0.0214616
1390	0.0214616	0.0214601
1391	0.0214601	0.0214587
1392	0.0214587	0.0214572
1393	0.0214573	0.0214558
1394	0.0214558	0.0214544
1395	0.0214544	0.021453
1396	0.021453	0.0214516
1397	0.0214516	0.0214501
1398	0.0214501	0.0214487
1399	0.0214487	0.0214473
1400	0.0214473	0.0214459
1401	0.0214459	0.0214445
1402	0.0214444	0.0214431
1403	0.021443	0.0214417
1404	0.0214416	0.0214402
1405	0.0214402	0.0214388
1406	0.0214388	0.0214374
1407	0.0214374	0.021436
1408	0.021436	0.0214346
1409	0.0214346	0.0214331
1410	0.0214332	0.0214318
1411	0.0214318	0.0214304
1412	0.0214304	0.0214289
1413	0.021429	0.0214276
1414	0.0214276	0.0214262
1415	0.0214262	0.0214248
1416	0.0214248	0.0214234
1417	0.0214234	0.021422
1418	0.0214219	0.0214206
1419	0.0214206	0.0214192
1420	0.0214192	0.0214178
1421	0.0214178	0.0214164
1422	0.0214164	0.021415
1423	0.021415	0.0214136
1424	0.0214136	0.0214122
1425	0.0214122	0.0214108
1426	0.0214108	0.0214094
1427	0.0214094	0.021408
1428	0.021408	0.0214067
1429	0.0214067	0.0214053
1430	0.0214053	0.0214039
1431	0.0214039	0.0214025
1432	0.0214025	0.0214011
1433	0.0214011	0.0213998
1434	0.0213997	0.0213984
1435	0.0213984	0.021397
1436	0.021397	0.0213956
1437	0.0213956	0.0213942
1438	0.0213942	0.0213928
1439	0.0213928	0.0213915
1440	0.0213915	0.0213901
1441	0.0213901	0.0213888
1442	0.0213887	0.0213874
1443	0.0213873	0.021386
1444	0.021386	0.0213846
1445	0.0213846	0.0213832
1446	0.0213833	0.0213819
1447	0.0213819	0.0213805
1448	0.0213805	0.0213792
1449	0.0213792	0.0213778
1450	0.0213778	0.0213764
1451	0.0213764	0.0213751
1452	0.0213751	0.0213737
1453	0.0213737	0.0213723
1454	0.0213723	0.021371
1455	0.021371	0.0213696
1456	0.0213696	0.0213683
1457	0.0213683	0.0213669
1458	0.0213669	0.0213656
1459	0.0213656	0.0213642
1460	0.0213643	0.0213629
1461	0.0213629	0.0213615
1462	0.0213615	0.0213602
1463	0.0213602	0.0213588
1464	0.0213588	0.0213575
1465	0.0213575	0.0213561
1466	0.0213561	0.0213548
1467	0.0213548	0.0213535
1468	0.0213535	0.0213521
1469	0.0213521	0.0213508
1470	0.0213507	0.0213494
1471	0.0213495	0.0213481
1472	0.0213481	0.0213468
1473	0.0213467	0.0213454
1474	0.0213454	0.0213441
1475	0.0213441	0.0213427
1476	0.0213427	0.0213414
1477	0.0213414	0.0213401
1478	0.0213401	0.0213387
1479	0.0213387	0.0213374
1480	0.0213374	0.021336
1481	0.021336	0.0213347
1482	0.0213347	0.0213334
1483	0.0213334	0.0213321
1484	0.0213321	0.0213307
1485	0.0213308	0.0213294
1486	0.0213294	0.0213281
1487	0.0213281	0.0213268
1488	0.0213268	0.0213254
1489	0.0213254	0.0213241
1490	0.0213241	0.0213228
1491	0.0213228	0.0213215
1492	0.0213215	0.0213202
1493	0.0213202	0.0213188
1494	0.0213189	0.0213175
1495	0.0213175	0.0213162
1496	0.0213162	0.0213149
1497	0.0213149	0.0213136
1498	0.0213136	0.0213123
1499	0.0213123	0.021311
1500	0.0213109	0.0213097
1501	0.0213096	0.0213084
1502	0.0213084	0.021307
1503	0.021307	0.0213057
1504	0.0213057	0.0213044
1505	0.0213044	0.0213031
1506	0.0213031	0.0213018
1507	0.0213018	0.0213005
1508	0.0213005	0.0212992
1509	0.0212992	0.0212979
1510	0.0212979	0.0212966
1511	0.0212966	0.0212953
1512	0.0212953	0.021294
1513	0.021294	0.0212927
1514	0.0212927	0.0212914
1515	0.0212914	0.0212901
1516	0.0212901	0.0212888
1517	0.0212888	0.0212875
1518	0.0212875	0.0212862
1519	0.0212862	0.0212849
1520	0.0212849	0.0212836
1521	0.0212837	0.0212824
1522	0.0212824	0.0212811
1523	0.0212811	0.0212798
1524	0.0212798	0.0212785
1525	0.0212785	0.0212772
1526	0.0212772	0.0212759
1527	0.0212759	0.0212746
1528	0.0212746	0.0212733
1529	0.0212734	0.0212721
1530	0.0212721	0.0212708
1531	0.0212708	0.0212695
1532	0.0212696	0.0212682
1533	0.0212683	0.021267
1534	0.021267	0.0212657
1535	0.0212657	0.0212644
1536	0.0212644	0.0212631
1537	0.0212631	0.0212619
1538	0.0212619	0.0212606
1539	0.0212606	0.0212593
1540	0.0212593	0.021258
1541	0.0212581	0.0212568
1542	0.0212568	0.0212555
1543	0.0212555	0.0212542
1544	0.0212542	0.021253
1545	0.021253	0.0212517
1546	0.0212517	0.0212504
1547	0.0212504	0.0212492
1548	0.0212492	0.0212479
1549	0.0212479	0.0212466
1550	0.0212466	0.0212454
1551	0.0212454	0.0212441
1552	0.0212441	0.0212428
1553	0.0212428	0.0212416
1554	0.0212416	0.0212403
1555	0.0212403	0.0212391
1556	0.0212391	0.0212378
1557	0.0212378	0.0212366
1558	0.0212365	0.0212353
1559	0.0212353	0.0212341
1560	0.0212341	0.0212328
1561	0.0212328	0.0212315
1562	0.0212316	0.0212303
1563	0.0212303	0.021229
1564	0.021229	0.0212278
1565	0.0212278	0.0212265
1566	0.0212265	0.0212253
1567	0.0212253	0.0212241
1568	0.0212241	0.0212228
1569	0.0212228	0.0212216
1570	0.0212216	0.0212203
1571	0.0212203	0.0212191
1572	0.0212191	0.0212178
1573	0.0212178	0.0212166
1574	0.0212166	0.0212153
1575	0.0212153	0.0212141
1576	0.0212141	0.0212129
1577	0.0212129	0.0212116
1578	0.0212117	0.0212104
1579	0.0212104	0.0212092
1580	0.0212092	0.0212079
1581	0.021208	0.0212067
1582	0.0212067	0.0212054
1583	0.0212054	0.0212042
1584	0.0212042	0.021203
1585	0.021203	0.0212018
1586	0.0212018	0.0212006
1587	0.0212005	0.0211993
1588	0.0211993	0.0211981
1589	0.0211981	0.0211968
1590	0.0211968	0.0211956
1591	0.0211956	0.0211944
1592	0.0211944	0.0211932
1593	0.0211932	0.021192
1594	0.021192	0.0211907
1595	0.0211907	0.0211895
1596	0.0211895	0.0211883
1597	0.0211883	0.0211871
1598	0.0211871	0.0211858
1599	0.0211858	0.0211846
1600	0.0211846	0.0211834
1601	0.0211834	0.0211822
1602	0.0211822	0.021181
1603	0.021181	0.0211798
1604	0.0211798	0.0211785
1605	0.0211786	0.0211773
1606	0.0211773	0.0211761
1607	0.0211761	0.0211749
1608	0.0211749	0.0211737
1609	0.0211737	0.0211725
1610	0.0211725	0.0211713
1611	0.0211713	0.0211701
1612	0.0211701	0.0211689
1613	0.0211689	0.0211677
1614	0.0211677	0.0211665
1615	0.0211665	0.0211652
1616	0.0211652	0.0211641
1617	0.021164	0.0211629
1618	0.0211629	0.0211617
1619	0.0211617	0.0211604
1620	0.0211604	0.0211592
1621	0.0211593	0.021158
1622	0.021158	0.0211568
1623	0.0211569	0.0211557
1624	0.0211557	0.0211545
1625	0.0211545	0.0211533
1626	0.0211533	0.0211521
1627	0.0211521	0.0211509
1628	0.0211509	0.0211497
1629	0.0211497	0.0211485
1630	0.0211485	0.0211473
1631	0.0211473	0.0211461
1632	0.0211461	0.0211449
1633	0.0211449	0.0211437
1634	0.0211437	0.0211425
1635	0.0211425	0.0211413
1636	0.0211413	0.0211402
1637	0.0211402	0.021139
1638	0.021139	0.0211378
1639	0.0211378	0.0211366
1640	0.0211366	0.0211354
1641	0.0211355	0.0211343
1642	0.0211343	0.0211331
1643	0.0211331	0.0211319
1644	0.0211319	0.0211307
1645	0.0211307	0.0211296
1646	0.0211295	0.0211283
1647	0.0211284	0.0211272
1648	0.0211272	0.021126
1649	0.021126	0.0211248
1650	0.0211248	0.0211237
1651	0.0211237	0.0211225
1652	0.0211225	0.0211213
1653	0.0211213	0.0211201
1654	0.0211201	0.021119
1655	0.021119	0.0211178
1656	0.0211178	0.0211166
1657	0.0211166	0.0211155
1658	0.0211154	0.0211143
1659	0.0211143	0.0211131
1660	0.0211131	0.021112
1661	0.021112	0.0211108
1662	0.0211108	0.0211096
1663	0.0211096	0.0211085
1664	0.0211085	0.0211073
1665	0.0211073	0.0211062
1666	0.0211062	0.021105
1667	0.021105	0.0211038
1668	0.0211038	0.0211027
1669	0.0211027	0.0211015
1670	0.0211015	0.0211004
1671	0.0211004	0.0210992
1672	0.0210992	0.021098
1673	0.021098	0.0210969
1674	0.0210969	0.0210957
1675	0.0210957	0.0210946
1676	0.0210946	0.0210934
1677	0.0210934	0.0210923
1678	0.0210923	0.0210911
1679	0.0210911	0.0210899
1680	0.02109	0.0210888
1681	0.0210889	0.0210877
1682	0.0210877	0.0210865
1683	0.0210865	0.0210854
1684	0.0210854	0.0210842
1685	0.0210842	0.0210831
1686	0.0210831	0.0210819
1687	0.021082	0.0210808
1688	0.0210808	0.0210797
1689	0.0210797	0.0210785
1690	0.0210785	0.0210774
1691	0.0210774	0.0210762
1692	0.0210762	0.0210751
1693	0.0210751	0.021074
1694	0.0210739	0.0210728
1695	0.0210728	0.0210717
1696	0.0210717	0.0210705
1697	0.0210705	0.0210694
1698	0.0210694	0.0210683
1699	0.0210683	0.0210671
1700	0.0210671	0.021066
1701	0.021066	0.0210649
1702	0.0210649	0.0210638
1703	0.0210638	0.0210626
1704	0.0210626	0.0210615
1705	0.0210615	0.0210603
1706	0.0210604	0.0210592
1707	0.0210592	0.0210581
1708	0.0210581	0.021057
1709	0.021057	0.0210558
1710	0.0210558	0.0210547
1711	0.0210547	0.0210536
1712	0.0210536	0.0210525
1713	0.0210525	0.0210514
1714	0.0210514	0.0210502
1715	0.0210502	0.0210491
1716	0.0210491	0.021048
1717	0.021048	0.0210469
1718	0.0210469	0.0210458
1719	0.0210457	0.0210446
1720	0.0210446	0.0210435
1721	0.0210435	0.0210424
1722	0.0210424	0.0210412
1723	0.0210413	0.0210402
1724	0.0210402	0.021039
1725	0.0210391	0.0210379
1726	0.021038	0.0210368
1727	0.0210368	0.0210357
1728	0.0210357	0.0210346
1729	0.0210346	0.0210335
1730	0.0210335	0.0210324
1731	0.0210324	0.0210313
1732	0.0210313	0.0210302
1733	0.0210301	0.021029
1734	0.021029	0.0210279
1735	0.0210279	0.0210268
1736	0.0210268	0.0210257
1737	0.0210257	0.0210246
1738	0.0210247	0.0210235
1739	0.0210235	0.0210224
1740	0.0210224	0.0210213
1741	0.0210213	0.0210202
1742	0.0210202	0.0210191
1743	0.0210191	0.021018
1744	0.021018	0.0210169
1745	0.0210169	0.0210158
1746	0.0210158	0.0210147
1747	0.0210147	0.0210136
1748	0.0210136	0.0210125
1749	0.0210125	0.0210114
1750	0.0210114	0.0210104
1751	0.0210103	0.0210093
1752	0.0210093	0.0210082
1753	0.0210081	0.021007
1754	0.0210071	0.021006
1755	0.021006	0.0210049
1756	0.0210049	0.0210038
1757	0.0210038	0.0210027
1758	0.0210027	0.0210016
1759	0.0210016	0.0210005
1760	0.0210005	0.0209994
1761	0.0209994	0.0209983
1762	0.0209983	0.0209973
1763	0.0209973	0.0209961
1764	0.0209961	0.0209951
1765	0.0209951	0.020994
1766	0.020994	0.0209929
1767	0.0209929	0.0209918
1768	0.0209918	0.0209908
1769	0.0209908	0.0209897
1770	0.0209897	0.0209886
1771	0.0209886	0.0209875
1772	0.0209875	0.0209865
1773	0.0209864	0.0209854
1774	0.0209854	0.0209843
1775	0.0209843	0.0209832
1776	0.0209832	0.0209821
1777	0.0209821	0.020981
1778	0.0209811	0.02098
1779	0.02098	0.0209789
1780	0.0209789	0.0209778
1781	0.0209779	0.0209768
1782	0.0209768	0.0209757
1783	0.0209757	0.0209746
1784	0.0209746	0.0209736
1785	0.0209736	0.0209725
1786	0.0209725	0.0209714
1787	0.0209714	0.0209704
1788	0.0209704	0.0209693
1789	0.0209693	0.0209682
1790	0.0209682	0.0209671
1791	0.0209672	0.0209661
1792	0.0209661	0.020965
1793	0.020965	0.020964
1794	0.020964	0.0209629
1795	0.0209629	0.0209619
1796	0.0209619	0.0209608
1797	0.0209608	0.0209597
1798	0.0209597	0.0209587
1799	0.0209587	0.0209576
1800	0.0209576	0.0209565
1801	0.0209565	0.0209555
1802	0.0209555	0.0209545
1803	0.0209545	0.0209534
1804	0.0209534	0.0209523
1805	0.0209523	0.0209513
1806	0.0209513	0.0209502
1807	0.0209502	0.0209492
1808	0.0209492	0.0209481
1809	0.0209481	0.0209471
1810	0.0209471	0.020946
1811	0.020946	0.020945
1812	0.020945	0.0209439
1813	0.0209439	0.0209428
1814	0.0209429	0.0209418
1815	0.0209418	0.0209408
1816	0.0209408	0.0209397
1817	0.0209397	0.0209387
1818	0.0209387	0.0209376
1819	0.0209376	0.0209366
1820	0.0209366	0.0209355
1821	0.0209355	0.0209345
1822	0.0209345	0.0209335
1823	0.0209335	0.0209324
1824	0.0209324	0.0209314
1825	0.0209314	0.0209304
1826	0.0209303	0.0209293
1827	0.0209293	0.0209282
1828	0.0209283	0.0209272
1829	0.0209272	0.0209262
1830	0.0209262	0.0209252
1831	0.0209251	0.0209241
1832	0.0209241	0.0209231
1833	0.0209231	0.0209221
1834	0.020922	0.020921
1835	0.020921	0.02092
1836	0.02092	0.020919
1837	0.0209189	0.0209179
1838	0.0209179	0.0209169
1839	0.0209169	0.0209159
1840	0.0209159	0.0209148
1841	0.0209148	0.0209138
1842	0.0209138	0.0209128
1843	0.0209128	0.0209117
1844	0.0209117	0.0209107
1845	0.0209107	0.0209097
1846	0.0209097	0.0209086
1847	0.0209086	0.0209076
1848	0.0209076	0.0209066
1849	0.0209066	0.0209056
1850	0.0209056	0.0209046
1851	0.0209046	0.0209036
1852	0.0209036	0.0209025
1853	0.0209025	0.0209015
1854	0.0209015	0.0209005
1855	0.0209005	0.0208995
1856	0.0208995	0.0208984
1857	0.0208984	0.0208974
1858	0.0208974	0.0208964
1859	0.0208964	0.0208954
1860	0.0208954	0.0208944
1861	0.0208944	0.0208934
1862	0.0208934	0.0208924
1863	0.0208924	0.0208913
1864	0.0208913	0.0208903
1865	0.0208903	0.0208893
1866	0.0208893	0.0208883
1867	0.0208883	0.0208873
1868	0.0208873	0.0208863
1869	0.0208863	0.0208853
1870	0.0208853	0.0208843
1871	0.0208843	0.0208832
1872	0.0208832	0.0208822
1873	0.0208823	0.0208812
1874	0.0208812	0.0208802
1875	0.0208802	0.0208792
1876	0.0208792	0.0208782
1877	0.0208782	0.0208772
1878	0.0208772	0.0208762
1879	0.0208762	0.0208752
1880	0.0208752	0.0208742
1881	0.0208742	0.0208732
1882	0.0208732	0.0208722
1883	0.0208722	0.0208712
1884	0.0208712	0.0208702
1885	0.0208702	0.0208692
1886	0.0208692	0.0208682
1887	0.0208682	0.0208672
1888	0.0208672	0.0208662
1889	0.0208662	0.0208652
1890	0.0208652	0.0208642
1891	0.0208642	0.0208632
1892	0.0208632	0.0208622
1893	0.0208622	0.0208613
1894	0.0208612	0.0208602
1895	0.0208603	0.0208593
1896	0.0208593	0.0208583
1897	0.0208583	0.0208573
1898	0.0208573	0.0208563
1899	0.0208563	0.0208553
1900	0.0208553	0.0208543
1901	0.0208543	0.0208533
1902	0.0208533	0.0208523
1903	0.0208523	0.0208514
1904	0.0208514	0.0208504
1905	0.0208504	0.0208494
1906	0.0208494	0.0208484
1907	0.0208484	0.0208474
1908	0.0208474	0.0208464
1909	0.0208464	0.0208454
1910	0.0208454	0.0208444
1911	0.0208444	0.0208435
1912	0.0208434	0.0208425
1913	0.0208425	0.0208415
1914	0.0208415	0.0208405
1915	0.0208405	0.0208396
1916	0.0208395	0.0208386
1917	0.0208386	0.0208376
1918	0.0208376	0.0208366
1919	0.0208366	0.0208357
1920	0.0208357	0.0208347
1921	0.0208346	0.0208337
1922	0.0208337	0.0208327
1923	0.0208327	0.0208318
1924	0.0208317	0.0208308
1925	0.0208308	0.0208298
1926	0.0208298	0.0208288
1927	0.0208288	0.0208279
1928	0.0208279	0.0208269
1929	0.0208269	0.0208259
1930	0.0208259	0.020825
1931	0.0208249	0.0208239
1932	0.020824	0.020823
1933	0.020823	0.020822
1934	0.020822	0.0208211
1935	0.020821	0.0208201
1936	0.0208201	0.0208191
1937	0.0208191	0.0208182
1938	0.0208182	0.0208172
1939	0.0208172	0.0208162
1940	0.0208162	0.0208153
1941	0.0208153	0.0208143
1942	0.0208143	0.0208133
1943	0.0208134	0.0208124
1944	0.0208124	0.0208114
1945	0.0208114	0.0208105
1946	0.0208105	0.0208095
1947	0.0208095	0.0208085
1948	0.0208085	0.0208076
1949	0.0208076	0.0208066
1950	0.0208066	0.0208056
1951	0.0208057	0.0208047
1952	0.0208048	0.0208038
1953	0.0208038	0.0208028
1954	0.0208028	0.0208018
1955	0.0208019	0.0208009
1956	0.0208009	0.0208
1957	0.0207999	0.020799
1958	0.020799	0.0207981
1959	0.020798	0.0207971
1960	0.0207971	0.0207961
1961	0.0207962	0.0207952
1962	0.0207952	0.0207943
1963	0.0207942	0.0207933
1964	0.0207933	0.0207924
1965	0.0207924	0.0207914
1966	0.0207914	0.0207904
1967	0.0207904	0.0207895
1968	0.0207895	0.0207886
1969	0.0207886	0.0207876
1970	0.0207876	0.0207867
1971	0.0207867	0.0207857
1972	0.0207857	0.0207848
1973	0.0207848	0.0207838
1974	0.0207838	0.0207829
1975	0.0207829	0.020782
1976	0.020782	0.020781
1977	0.020781	0.0207801
1978	0.0207801	0.0207791
1979	0.0207791	0.0207782
1980	0.0207782	0.0207773
1981	0.0207773	0.0207763
1982	0.0207763	0.0207754
1983	0.0207754	0.0207745
1984	0.0207744	0.0207735
1985	0.0207735	0.0207726
1986	0.0207726	0.0207717
1987	0.0207716	0.0207707
1988	0.0207707	0.0207697
1989	0.0207698	0.0207688
1990	0.0207689	0.0207679
1991	0.0207679	0.020767
1992	0.020767	0.0207661
1993	0.0207661	0.0207651
1994	0.0207651	0.0207642
1995	0.0207642	0.0207633
1996	0.0207633	0.0207623
1997	0.0207623	0.0207614
1998	0.0207614	0.0207605
1999	0.0207605	0.0207595
2000	0.0207595	0.0207586
2001	0.0207586	0.0207577
2002	0.0207577	0.0207568
2003	0.0207568	0.0207558
2004	0.0207558	0.0207549
2005	0.0207549	0.020754
2006	0.020754	0.0207531
2007	0.0207531	0.0207522
2008	0.0207522	0.0207512
2009	0.0207513	0.0207503
2010	0.0207503	0.0207494
2011	0.0207494	0.0207485
2012	0.0207485	0.0207476
2013	0.0207476	0.0207466
2014	0.0207467	0.0207457
2015	0.0207457	0.0207448
2016	0.0207448	0.0207439
2017	0.0207439	0.020743
2018	0.0207429	0.0207421
2019	0.0207421	0.0207412
2020	0.0207412	0.0207402
2021	0.0207402	0.0207393
2022	0.0207393	0.0207384
2023	0.0207384	0.0207375
2024	0.0207375	0.0207366
2025	0.0207366	0.0207356
2026	0.0207357	0.0207348
2027	0.0207347	0.0207338
2028	0.0207338	0.0207329
2029	0.020733	0.020732
2030	0.0207321	0.0207311
2031	0.0207311	0.0207302
2032	0.0207302	0.0207293
2033	0.0207293	0.0207284
2034	0.0207284	0.0207275
2035	0.0207275	0.0207266
2036	0.0207266	0.0207257
2037	0.0207257	0.0207248
2038	0.0207248	0.0207238
2039	0.0207239	0.020723
2040	0.0207229	0.020722
2041	0.0207221	0.0207211
2042	0.0207212	0.0207203
2043	0.0207203	0.0207193
2044	0.0207193	0.0207185
2045	0.0207184	0.0207175
2046	0.0207176	0.0207166
2047	0.0207166	0.0207158
2048	0.0207157	0.0207148
2049	0.0207149	0.020714
2050	0.020714	0.020713
2051	0.0207131	0.0207121
2052	0.0207121	0.0207113
2053	0.0207113	0.0207104
2054	0.0207104	0.0207095
2055	0.0207095	0.0207086
2056	0.0207086	0.0207077
2057	0.0207077	0.0207068
2058	0.0207068	0.0207059
2059	0.0207059	0.020705
2060	0.020705	0.0207042
2061	0.0207041	0.0207033
2062	0.0207033	0.0207024
2063	0.0207024	0.0207015
2064	0.0207014	0.0207005
2065	0.0207006	0.0206997
2066	0.0206997	0.0206988
2067	0.0206988	0.0206979
2068	0.0206979	0.020697
2069	0.020697	0.0206961
2070	0.0206961	0.0206952
2071	0.0206952	0.0206943
2072	0.0206943	0.0206935
2073	0.0206935	0.0206926
2074	0.0206926	0.0206917
2075	0.0206917	0.0206908
2076	0.0206908	0.0206899
2077	0.0206899	0.020689
2078	0.0206891	0.0206882
2079	0.0206882	0.0206873
2080	0.0206873	0.0206864
2081	0.0206864	0.0206856
2082	0.0206856	0.0206847
2083	0.0206847	0.0206838
2084	0.0206838	0.0206829
2085	0.0206829	0.020682
2086	0.020682	0.0206812
2087	0.0206812	0.0206803
2088	0.0206803	0.0206794
2089	0.0206794	0.0206785
2090	0.0206785	0.0206777
2091	0.0206777	0.0206768
2092	0.0206768	0.0206759
2093	0.0206759	0.020675
2094	0.020675	0.0206742
2095	0.0206741	0.0206733
2096	0.0206733	0.0206724
2097	0.0206724	0.0206715
2098	0.0206715	0.0206707
2099	0.0206707	0.0206698
2100	0.0206698	0.020669
2101	0.0206689	0.0206681
2102	0.0206681	0.0206672
2103	0.0206672	0.0206663
2104	0.0206663	0.0206655
2105	0.0206655	0.0206646
2106	0.0206646	0.0206637
2107	0.0206637	0.0206629
2108	0.0206629	0.020662
2109	0.020662	0.0206611
2110	0.0206611	0.0206603
2111	0.0206603	0.0206594
2112	0.0206594	0.0206585
2113	0.0206585	0.0206577
2114	0.0206577	0.0206568
2115	0.0206568	0.020656
2116	0.020656	0.0206551
2117	0.0206551	0.0206542
2118	0.0206542	0.0206534
2119	0.0206534	0.0206525
2120	0.0206525	0.0206517
2121	0.0206517	0.0206508
2122	0.0206508	0.02065
2123	0.02065	0.0206491
2124	0.0206491	0.0206482
2125	0.0206482	0.0206474
2126	0.0206474	0.0206465
2127	0.0206465	0.0206457
2128	0.0206457	0.0206448
2129	0.0206448	0.020644
2130	0.020644	0.0206431
2131	0.0206431	0.0206423
2132	0.0206423	0.0206414
2133	0.0206414	0.0206406
2134	0.0206405	0.0206397
2135	0.0206397	0.0206389
2136	0.0206389	0.020638
2137	0.020638	0.0206372
2138	0.0206372	0.0206363
2139	0.0206363	0.0206355
2140	0.0206355	0.0206346
2141	0.0206346	0.0206338
2142	0.0206338	0.0206329
2143	0.0206329	0.0206321
2144	0.0206321	0.0206312
2145	0.0206313	0.0206304
2146	0.0206304	0.0206295
2147	0.0206296	0.0206287
2148	0.0206287	0.0206278
2149	0.0206279	0.020627
2150	0.020627	0.0206262
2151	0.0206262	0.0206253
2152	0.0206253	0.0206245
2153	0.0206245	0.0206237
2154	0.0206237	0.0206228
2155	0.0206228	0.020622
2156	0.020622	0.0206211
2157	0.0206212	0.0206203
2158	0.0206203	0.0206195
2159	0.0206195	0.0206186
2160	0.0206186	0.0206178
2161	0.0206178	0.020617
2162	0.020617	0.0206161
2163	0.0206161	0.0206153
2164	0.0206153	0.0206144
2165	0.0206144	0.0206136
2166	0.0206136	0.0206128
2167	0.0206128	0.0206119
2168	0.0206119	0.0206111
2169	0.0206111	0.0206103
2170	0.0206102	0.0206095
2171	0.0206094	0.0206086
2172	0.0206086	0.0206078
2173	0.0206078	0.020607
2174	0.020607	0.0206061
2175	0.0206061	0.0206053
2176	0.0206053	0.0206045
2177	0.0206045	0.0206037
2178	0.0206036	0.0206029
2179	0.0206028	0.020602
2180	0.020602	0.0206012
2181	0.0206012	0.0206003
2182	0.0206004	0.0205995
2183	0.0205995	0.0205987
2184	0.0205987	0.0205979
2185	0.0205979	0.020597
2186	0.020597	0.0205962
2187	0.0205962	0.0205954
2188	0.0205954	0.0205946
2189	0.0205946	0.0205938
2190	0.0205938	0.0205929
2191	0.0205929	0.0205921
2192	0.0205921	0.0205913
2193	0.0205913	0.0205905
2194	0.0205905	0.0205896
2195	0.0205896	0.0205888
2196	0.0205888	0.020588
2197	0.020588	0.0205872
2198	0.0205872	0.0205864
2199	0.0205864	0.0205855
2200	0.0205855	0.0205847
2201	0.0205847	0.0205839
2202	0.0205839	0.0205831
2203	0.0205831	0.0205823
2204	0.0205823	0.0205815
2205	0.0205815	0.0205807
2206	0.0205807	0.0205799
2207	0.0205799	0.020579
2208	0.020579	0.0205782
2209	0.0205782	0.0205774
2210	0.0205774	0.0205766
2211	0.0205766	0.0205758
2212	0.0205758	0.020575
2213	0.020575	0.0205742
2214	0.0205742	0.0205733
2215	0.0205734	0.0205726
2216	0.0205725	0.0205718
2217	0.0205718	0.020571
2218	0.020571	0.0205701
2219	0.0205701	0.0205693
2220	0.0205693	0.0205685
2221	0.0205685	0.0205677
2222	0.0205677	0.0205669
2223	0.0205669	0.0205661
2224	0.0205661	0.0205653
2225	0.0205653	0.0205645
2226	0.0205645	0.0205637
2227	0.0205637	0.0205629
2228	0.0205629	0.0205621
2229	0.0205621	0.0205613
2230	0.0205613	0.0205605
2231	0.0205605	0.0205597
2232	0.0205597	0.0205589
2233	0.0205589	0.0205581
2234	0.0205581	0.0205573
2235	0.0205573	0.0205565
2236	0.0205565	0.0205557
2237	0.0205557	0.0205549
2238	0.0205549	0.0205541
2239	0.0205541	0.0205533
2240	0.0205533	0.0205525
2241	0.0205525	0.0205517
2242	0.0205517	0.0205509
2243	0.0205509	0.0205501
2244	0.0205501	0.0205493
2245	0.0205493	0.0205485
2246	0.0205485	0.0205477
2247	0.0205477	0.020547
2248	0.0205469	0.0205461
2249	0.0205462	0.0205454
2250	0.0205453	0.0205446
2251	0.0205446	0.0205438
2252	0.0205437	0.020543
2253	0.020543	0.0205422
2254	0.0205422	0.0205414
2255	0.0205414	0.0205406
2256	0.0205406	0.0205398
2257	0.0205398	0.020539
2258	0.020539	0.0205382
2259	0.0205382	0.0205375
2260	0.0205374	0.0205366
2261	0.0205366	0.0205359
2262	0.0205359	0.0205351
2263	0.0205351	0.0205343
2264	0.0205343	0.0205335
2265	0.0205335	0.0205327
2266	0.0205328	0.0205319
2267	0.020532	0.0205312
2268	0.0205312	0.0205304
2269	0.0205304	0.0205296
2270	0.0205296	0.0205288
2271	0.0205289	0.0205281
2272	0.0205281	0.0205273
2273	0.0205273	0.0205265
2274	0.0205265	0.0205257
2275	0.0205257	0.0205249
2276	0.0205249	0.0205242
2277	0.0205241	0.0205234
2278	0.0205234	0.0205226
2279	0.0205226	0.0205218
2280	0.0205218	0.020521
2281	0.020521	0.0205202
2282	0.0205203	0.0205195
2283	0.0205195	0.0205187
2284	0.0205187	0.0205179
2285	0.0205179	0.0205172
2286	0.0205172	0.0205164
2287	0.0205164	0.0205156
2288	0.0205156	0.0205148
2289	0.0205148	0.0205141
2290	0.0205141	0.0205133
2291	0.0205133	0.0205125
2292	0.0205125	0.0205117
2293	0.0205117	0.020511
2294	0.020511	0.0205102
2295	0.0205102	0.0205094
2296	0.0205094	0.0205086
2297	0.0205086	0.0205079
2298	0.0205079	0.0205071
2299	0.0205071	0.0205063
2300	0.0205064	0.0205056
2301	0.0205056	0.0205048
2302	0.0205048	0.0205041
2303	0.020504	0.0205033
2304	0.0205033	0.0205025
2305	0.0205025	0.0205017
2306	0.0205017	0.020501
2307	0.020501	0.0205002
2308	0.0205002	0.0204994
2309	0.0204994	0.0204987
2310	0.0204987	0.0204979
2311	0.0204979	0.0204972
2312	0.0204972	0.0204964
2313	0.0204964	0.0204956
2314	0.0204956	0.0204949
2315	0.0204949	0.0204941
2316	0.0204941	0.0204934
2317	0.0204934	0.0204926
2318	0.0204926	0.0204919
2319	0.0204918	0.0204911
2320	0.0204911	0.0204903
2321	0.0204903	0.0204896
2322	0.0204895	0.0204888
2323	0.0204888	0.020488
2324	0.020488	0.0204872
2325	0.0204873	0.0204865
2326	0.0204865	0.0204858
2327	0.0204858	0.020485
2328	0.020485	0.0204842
2329	0.0204842	0.0204835
2330	0.0204835	0.0204827
2331	0.0204827	0.020482
2332	0.020482	0.0204813
2333	0.0204812	0.0204805
2334	0.0204805	0.0204797
2335	0.0204798	0.020479
2336	0.020479	0.0204782
2337	0.0204782	0.0204775
2338	0.0204775	0.0204767
2339	0.0204767	0.0204759
2340	0.020476	0.0204752
2341	0.0204752	0.0204745
2342	0.0204745	0.0204737
2343	0.0204738	0.020473
2344	0.020473	0.0204722
2345	0.0204722	0.0204715
2346	0.0204715	0.0204707
2347	0.0204707	0.02047
2348	0.02047	0.0204692
2349	0.0204692	0.0204685
2350	0.0204685	0.0204677
2351	0.0204677	0.020467
2352	0.020467	0.0204663
2353	0.0204663	0.0204655
2354	0.0204655	0.0204648
2355	0.0204648	0.020464
2356	0.020464	0.0204633
2357	0.0204633	0.0204626
2358	0.0204625	0.0204618
2359	0.0204618	0.0204611
2360	0.0204611	0.0204603
2361	0.0204603	0.0204596
2362	0.0204596	0.0204588
2363	0.0204589	0.0204581
2364	0.0204581	0.0204574
2365	0.0204574	0.0204566
2366	0.0204566	0.0204559
2367	0.0204559	0.0204551
2368	0.0204551	0.0204544
2369	0.0204544	0.0204537
2370	0.0204536	0.0204529
2371	0.0204529	0.0204522
2372	0.0204522	0.0204514
2373	0.0204515	0.0204507
2374	0.0204507	0.02045
2375	0.02045	0.0204493
2376	0.0204493	0.0204485
2377	0.0204485	0.0204478
2378	0.0204478	0.0204471
2379	0.0204471	0.0204463
2380	0.0204463	0.0204456
2381	0.0204456	0.0204448
2382	0.0204448	0.0204441
2383	0.0204441	0.0204434
2384	0.0204434	0.0204427
2385	0.0204426	0.020442
2386	0.0204419	0.0204412
2387	0.0204412	0.0204405
2388	0.0204405	0.0204397
2389	0.0204397	0.020439
2390	0.020439	0.0204383
2391	0.0204383	0.0204375
2392	0.0204375	0.0204368
2393	0.0204368	0.0204361
2394	0.0204361	0.0204354
2395	0.0204354	0.0204347
2396	0.0204346	0.0204339
2397	0.0204339	0.0204332
2398	0.0204332	0.0204324
2399	0.0204325	0.0204317
2400	0.0204318	0.020431
2401	0.020431	0.0204302
2402	0.0204303	0.0204296
2403	0.0204296	0.0204289
2404	0.0204289	0.0204281
2405	0.0204281	0.0204274
2406	0.0204274	0.0204267
2407	0.0204267	0.020426
2408	0.020426	0.0204253
2409	0.0204252	0.0204245
2410	0.0204245	0.0204238
2411	0.0204238	0.0204231
2412	0.0204231	0.0204224
2413	0.0204224	0.0204216
2414	0.0204217	0.0204209
2415	0.0204209	0.0204202
2416	0.0204202	0.0204195
2417	0.0204195	0.0204188
2418	0.0204188	0.0204181
2419	0.0204181	0.0204174
2420	0.0204174	0.0204166
2421	0.0204166	0.0204159
2422	0.0204159	0.0204152
2423	0.0204152	0.0204145
2424	0.0204145	0.0204138
2425	0.0204138	0.0204131
2426	0.0204131	0.0204124
2427	0.0204124	0.0204117
2428	0.0204117	0.0204109
2429	0.0204109	0.0204102
2430	0.0204102	0.0204095
2431	0.0204095	0.0204088
2432	0.0204088	0.0204081
2433	0.0204081	0.0204074
2434	0.0204074	0.0204067
2435	0.0204067	0.020406
2436	0.020406	0.0204053
2437	0.0204052	0.0204045
2438	0.0204045	0.0204038
2439	0.0204038	0.0204032
2440	0.0204031	0.0204024
2441	0.0204024	0.0204017
2442	0.0204017	0.020401
2443	0.020401	0.0204003
2444	0.0204003	0.0203996
2445	0.0203996	0.0203989
2446	0.0203989	0.0203982
2447	0.0203982	0.0203975
2448	0.0203975	0.0203968
2449	0.0203967	0.0203961
2450	0.0203961	0.0203954
2451	0.0203954	0.0203947
2452	0.0203947	0.020394
2453	0.0203939	0.0203933
2454	0.0203932	0.0203926
2455	0.0203926	0.0203919
2456	0.0203919	0.0203912
2457	0.0203912	0.0203905
2458	0.0203904	0.0203898
2459	0.0203898	0.0203891
2460	0.0203891	0.0203884
2461	0.0203883	0.0203877
2462	0.0203877	0.020387
2463	0.020387	0.0203863
2464	0.0203863	0.0203856
2465	0.0203856	0.0203849
2466	0.0203849	0.0203842
2467	0.0203842	0.0203835
2468	0.0203835	0.0203828
2469	0.0203828	0.0203821
2470	0.0203821	0.0203814
2471	0.0203814	0.0203807
2472	0.0203807	0.02038
2473	0.02038	0.0203793
2474	0.0203793	0.0203786
2475	0.0203786	0.0203779
2476	0.0203779	0.0203772
2477	0.0203772	0.0203765
2478	0.0203765	0.0203758
2479	0.0203758	0.0203751
2480	0.0203751	0.0203744
2481	0.0203745	0.0203738
2482	0.0203738	0.0203731
2483	0.020373	0.0203724
2484	0.0203724	0.0203717
2485	0.0203717	0.020371
2486	0.020371	0.0203703
2487	0.0203703	0.0203696
2488	0.0203696	0.0203689
2489	0.0203689	0.0203683
2490	0.0203683	0.0203676
2491	0.0203675	0.0203669
2492	0.0203669	0.0203662
2493	0.0203662	0.0203655
2494	0.0203655	0.0203648
2495	0.0203648	0.0203641
2496	0.0203641	0.0203634
2497	0.0203634	0.0203627
2498	0.0203627	0.0203621
2499	0.0203621	0.0203614
2500	0.0203614	0.0203607
2501	0.0203607	0.02036
2502	0.02036	0.0203593
2503	0.0203593	0.0203587
2504	0.0203587	0.020358
2505	0.020358	0.0203573
2506	0.0203573	0.0203566
2507	0.0203566	0.0203559
2508	0.020356	0.0203553
2509	0.0203553	0.0203546
2510	0.0203546	0.0203539
2511	0.0203539	0.0203532
2512	0.0203532	0.0203525
2513	0.0203525	0.0203518
2514	0.0203518	0.0203512
2515	0.0203512	0.0203505
2516	0.0203505	0.0203498
2517	0.0203498	0.0203492
2518	0.0203492	0.0203485
2519	0.0203485	0.0203478
2520	0.0203478	0.0203471
2521	0.0203471	0.0203465
2522	0.0203465	0.0203458
2523	0.0203458	0.0203451
2524	0.0203451	0.0203444
2525	0.0203444	0.0203438
2526	0.0203437	0.0203431
2527	0.0203431	0.0203424
2528	0.0203424	0.0203417
2529	0.0203418	0.0203411
2530	0.0203411	0.0203404
2531	0.0203404	0.0203397
2532	0.0203398	0.0203391
2533	0.020339	0.0203384
2534	0.0203384	0.0203377
2535	0.0203377	0.0203371
2536	0.020337	0.0203364
2537	0.0203363	0.0203357
2538	0.0203357	0.0203351
2539	0.020335	0.0203344
2540	0.0203344	0.0203337
2541	0.0203337	0.020333
2542	0.020333	0.0203323
2543	0.0203323	0.0203317
2544	0.0203317	0.020331
2545	0.020331	0.0203304
2546	0.0203303	0.0203297
2547	0.0203297	0.0203291
2548	0.0203291	0.0203284
2549	0.0203284	0.0203277
2550	0.0203277	0.0203271
2551	0.020327	0.0203264
2552	0.0203264	0.0203257
2553	0.0203257	0.020325
2554	0.0203251	0.0203244
2555	0.0203244	0.0203237
2556	0.0203237	0.0203231
2557	0.0203231	0.0203224
2558	0.0203224	0.0203217
2559	0.0203217	0.0203211
2560	0.0203211	0.0203204
2561	0.0203204	0.0203198
2562	0.0203198	0.0203191
2563	0.0203191	0.0203184
2564	0.0203184	0.0203178
2565	0.0203178	0.0203171
2566	0.0203171	0.0203164
2567	0.0203165	0.0203158
2568	0.0203158	0.0203151
2569	0.0203151	0.0203145
2570	0.0203145	0.0203138
2571	0.0203138	0.0203132
2572	0.0203132	0.0203125
2573	0.0203125	0.0203119
2574	0.0203119	0.0203112
2575	0.0203112	0.0203105
2576	0.0203105	0.0203099
2577	0.0203099	0.0203092
2578	0.0203092	0.0203086
2579	0.0203086	0.020308
2580	0.0203079	0.0203073
2581	0.0203073	0.0203066
2582	0.0203067	0.020306
2583	0.020306	0.0203053
2584	0.0203053	0.0203047
2585	0.0203047	0.020304
2586	0.020304	0.0203034
2587	0.0203034	0.0203027
2588	0.0203027	0.0203021
2589	0.0203021	0.0203014
2590	0.0203014	0.0203007
2591	0.0203008	0.0203001
2592	0.0203001	0.0202995
2593	0.0202995	0.0202988
2594	0.0202988	0.0202982
2595	0.0202982	0.0202975
2596	0.0202975	0.0202969
2597	0.0202969	0.0202962
2598	0.0202962	0.0202956
2599	0.0202956	0.0202949
2600	0.0202949	0.0202943
2601	0.0202943	0.0202936
2602	0.0202936	0.020293
2603	0.020293	0.0202924
2604	0.0202924	0.0202917
2605	0.0202917	0.0202911
2606	0.0202911	0.0202904
2607	0.0202904	0.0202898
2608	0.0202898	0.0202891
2609	0.0202891	0.0202885
2610	0.0202885	0.0202879
2611	0.0202878	0.0202872
2612	0.0202872	0.0202866
2613	0.0202866	0.0202859
2614	0.0202859	0.0202853
2615	0.0202853	0.0202846
2616	0.0202846	0.020284
2617	0.020284	0.0202834
2618	0.0202834	0.0202827
2619	0.0202827	0.0202821
2620	0.0202821	0.0202814
2621	0.0202815	0.0202808
2622	0.0202808	0.0202802
2623	0.0202802	0.0202795
2624	0.0202795	0.0202789
2625	0.0202789	0.0202782
2626	0.0202783	0.0202776
2627	0.0202776	0.020277
2628	0.020277	0.0202764
2629	0.0202763	0.0202757
2630	0.0202757	0.0202751
2631	0.0202751	0.0202745
2632	0.0202745	0.0202738
2633	0.0202738	0.0202732
2634	0.0202732	0.0202725
2635	0.0202725	0.0202719
2636	0.0202719	0.0202713
2637	0.0202713	0.0202707
2638	0.0202707	0.02027
2639	0.02027	0.0202694
2640	0.0202694	0.0202688
2641	0.0202687	0.0202681
2642	0.0202681	0.0202675
2643	0.0202675	0.0202669
2644	0.0202669	0.0202662
2645	0.0202662	0.0202656
2646	0.0202656	0.020265
2647	0.020265	0.0202643
2648	0.0202643	0.0202637
2649	0.0202637	0.0202631
2650	0.0202631	0.0202625
2651	0.0202625	0.0202618
2652	0.0202618	0.0202612
2653	0.0202612	0.0202606
2654	0.0202606	0.02026
2655	0.0202599	0.0202593
2656	0.0202593	0.0202587
2657	0.0202587	0.0202581
2658	0.0202581	0.0202574
2659	0.0202574	0.0202568
2660	0.0202568	0.0202562
2661	0.0202562	0.0202556
2662	0.0202556	0.0202549
2663	0.0202549	0.0202543
2664	0.0202543	0.0202537
2665	0.0202537	0.0202531
2666	0.0202531	0.0202524
2667	0.0202524	0.0202518
2668	0.0202518	0.0202512
2669	0.0202512	0.0202506
2670	0.0202506	0.0202499
2671	0.02025	0.0202494
2672	0.0202493	0.0202487
2673	0.0202487	0.0202481
2674	0.0202481	0.0202475
2675	0.0202475	0.0202469
2676	0.0202469	0.0202462
2677	0.0202462	0.0202456
2678	0.0202456	0.020245
2679	0.020245	0.0202444
2680	0.0202444	0.0202438
2681	0.0202438	0.0202431
2682	0.0202431	0.0202425
2683	0.0202425	0.0202419
2684	0.0202419	0.0202413
2685	0.0202413	0.0202407
2686	0.0202407	0.0202401
2687	0.0202401	0.0202394
2688	0.0202395	0.0202388
2689	0.0202389	0.0202382
2690	0.0202382	0.0202376
2691	0.0202376	0.020237
2692	0.020237	0.0202364
2693	0.0202363	0.0202358
2694	0.0202357	0.0202351
2695	0.0202351	0.0202345
2696	0.0202346	0.0202339
2697	0.0202339	0.0202333
2698	0.0202333	0.0202327
2699	0.0202327	0.0202321
2700	0.0202321	0.0202315
2701	0.0202315	0.0202309
2702	0.0202309	0.0202302
2703	0.0202302	0.0202296
2704	0.0202296	0.020229
2705	0.020229	0.0202284
2706	0.0202284	0.0202278
2707	0.0202278	0.0202272
2708	0.0202272	0.0202266
2709	0.0202266	0.020226
2710	0.020226	0.0202254
2711	0.0202254	0.0202248
2712	0.0202248	0.0202241
2713	0.0202242	0.0202235
2714	0.0202235	0.020223
2715	0.020223	0.0202224
2716	0.0202223	0.0202217
2717	0.0202217	0.0202211
2718	0.0202211	0.0202205
2719	0.0202205	0.0202199
2720	0.0202199	0.0202193
2721	0.0202193	0.0202187
2722	0.0202187	0.0202181
2723	0.0202181	0.0202175
2724	0.0202175	0.0202169
2725	0.0202169	0.0202163
2726	0.0202163	0.0202157
2727	0.0202157	0.0202151
2728	0.0202151	0.0202145
2729	0.0202145	0.0202139
2730	0.0202139	0.0202133
2731	0.0202133	0.0202127
2732	0.0202127	0.0202121
2733	0.0202121	0.0202115
2734	0.0202115	0.0202109
2735	0.0202109	0.0202103
2736	0.0202103	0.0202097
2737	0.0202097	0.0202091
2738	0.0202091	0.0202085
2739	0.0202085	0.0202079
2740	0.0202079	0.0202073
2741	0.0202073	0.0202067
2742	0.0202067	0.0202061
2743	0.0202061	0.0202055
2744	0.0202055	0.0202049
2745	0.0202049	0.0202043
2746	0.0202043	0.0202037
2747	0.0202037	0.0202031
2748	0.0202031	0.0202025
2749	0.0202025	0.0202019
2750	0.0202019	0.0202013
2751	0.0202013	0.0202007
2752	0.0202007	0.0202001
2753	0.0202001	0.0201995
2754	0.0201995	0.0201989
2755	0.0201989	0.0201983
2756	0.0201983	0.0201977
2757	0.0201978	0.0201972
2758	0.0201971	0.0201966
2759	0.0201966	0.020196
2760	0.020196	0.0201954
2761	0.0201954	0.0201948
2762	0.0201948	0.0201942
2763	0.0201942	0.0201936
2764	0.0201936	0.020193
2765	0.020193	0.0201924
2766	0.0201924	0.0201918
2767	0.0201918	0.0201912
2768	0.0201912	0.0201906
2769	0.0201906	0.0201901
2770	0.02019	0.0201895
2771	0.0201895	0.0201889
2772	0.0201889	0.0201883
2773	0.0201883	0.0201877
2774	0.0201877	0.0201871
2775	0.0201871	0.0201865
2776	0.0201865	0.0201859
2777	0.0201859	0.0201853
2778	0.0201853	0.0201848
2779	0.0201847	0.0201842
2780	0.0201842	0.0201836
2781	0.0201836	0.020183
2782	0.020183	0.0201824
2783	0.0201824	0.0201818
2784	0.0201818	0.0201813
2785	0.0201813	0.0201807
2786	0.0201807	0.0201801
2787	0.0201801	0.0201795
2788	0.0201795	0.0201789
2789	0.0201789	0.0201784
2790	0.0201783	0.0201778
2791	0.0201778	0.0201771
2792	0.0201772	0.0201766
2793	0.0201766	0.020176
2794	0.020176	0.0201754
2795	0.0201754	0.0201748
2796	0.0201749	0.0201743
2797	0.0201743	0.0201737
2798	0.0201737	0.0201731
2799	0.0201731	0.0201725
2800	0.0201725	0.020172
2801	0.0201719	0.0201713
2802	0.0201713	0.0201708
2803	0.0201708	0.0201702
2804	0.0201702	0.0201696
2805	0.0201696	0.0201691
2806	0.020169	0.0201685
2807	0.0201685	0.0201679
2808	0.0201679	0.0201673
2809	0.0201673	0.0201667
2810	0.0201667	0.0201662
2811	0.0201662	0.0201656
2812	0.0201656	0.020165
2813	0.020165	0.0201644
2814	0.0201644	0.0201638
2815	0.0201639	0.0201633
2816	0.0201633	0.0201627
2817	0.0201627	0.0201621
2818	0.0201621	0.0201616
2819	0.0201616	0.020161
2820	0.0201609	0.0201604
2821	0.0201604	0.0201598
2822	0.0201598	0.0201592
2823	0.0201592	0.0201586
2824	0.0201587	0.0201581
2825	0.0201581	0.0201575
2826	0.0201575	0.0201569
2827	0.020157	0.0201564
2828	0.0201564	0.0201558
2829	0.0201558	0.0201552
2830	0.0201553	0.0201547
2831	0.0201547	0.0201541
2832	0.0201541	0.0201535
2833	0.0201535	0.020153
2834	0.020153	0.0201524
2835	0.0201524	0.0201518
2836	0.0201518	0.0201513
2837	0.0201513	0.0201507
2838	0.0201507	0.0201501
2839	0.0201501	0.0201496
2840	0.0201496	0.020149
2841	0.020149	0.0201484
2842	0.0201484	0.0201479
2843	0.0201479	0.0201473
2844	0.0201473	0.0201467
2845	0.0201467	0.0201461
2846	0.0201461	0.0201456
2847	0.0201456	0.020145
2848	0.020145	0.0201445
2849	0.0201444	0.0201439
2850	0.0201439	0.0201433
2851	0.0201433	0.0201428
2852	0.0201428	0.0201422
2853	0.0201422	0.0201416
2854	0.0201416	0.0201411
2855	0.0201411	0.0201405
2856	0.0201405	0.02014
2857	0.02014	0.0201394
2858	0.0201394	0.0201388
2859	0.0201388	0.0201383
2860	0.0201383	0.0201377
2861	0.0201377	0.0201371
2862	0.0201371	0.0201366
2863	0.0201366	0.020136
2864	0.020136	0.0201355
2865	0.0201354	0.0201349
2866	0.0201349	0.0201344
2867	0.0201343	0.0201338
2868	0.0201338	0.0201332
2869	0.0201332	0.0201326
2870	0.0201326	0.0201321
2871	0.0201321	0.0201315
2872	0.0201315	0.020131
2873	0.0201309	0.0201304
2874	0.0201304	0.0201299
2875	0.0201298	0.0201293
2876	0.0201293	0.0201288
2877	0.0201288	0.0201282
2878	0.0201282	0.0201276
2879	0.0201276	0.0201271
2880	0.0201271	0.0201265
2881	0.0201265	0.020126
2882	0.020126	0.0201254
2883	0.0201254	0.0201249
2884	0.0201249	0.0201243
2885	0.0201243	0.0201238
2886	0.0201238	0.0201232
2887	0.0201232	0.0201226
2888	0.0201226	0.0201221
2889	0.0201221	0.0201215
2890	0.0201215	0.020121
2891	0.020121	0.0201204
2892	0.0201204	0.0201199
2893	0.0201199	0.0201193
2894	0.0201193	0.0201188
2895	0.0201188	0.0201182
2896	0.0201182	0.0201177
2897	0.0201177	0.0201171
2898	0.0201171	0.0201165
2899	0.0201166	0.020116
2900	0.020116	0.0201154
2901	0.0201155	0.0201149
2902	0.0201149	0.0201144
2903	0.0201143	0.0201138
2904	0.0201138	0.0201133
2905	0.0201133	0.0201127
2906	0.0201127	0.0201121
2907	0.0201121	0.0201116
2908	0.0201116	0.0201111
2909	0.0201111	0.0201105
2910	0.0201105	0.02011
2911	0.02011	0.0201094
2912	0.0201094	0.0201089
2913	0.0201089	0.0201083
2914	0.0201083	0.0201078
2915	0.0201078	0.0201072
2916	0.0201072	0.0201067
2917	0.0201067	0.0201061
2918	0.0201062	0.0201056
2919	0.0201056	0.020105
2920	0.020105	0.0201045
2921	0.0201045	0.020104
2922	0.0201039	0.0201034
2923	0.0201035	0.0201029
2924	0.0201029	0.0201023
2925	0.0201024	0.0201018
2926	0.0201018	0.0201012
2927	0.0201013	0.0201007
2928	0.0201007	0.0201002
2929	0.0201002	0.0200996
2930	0.0200997	0.0200991
2931	0.0200991	0.0200985
2932	0.0200985	0.020098
2933	0.020098	0.0200974
2934	0.0200975	0.0200969
2935	0.0200969	0.0200964
2936	0.0200964	0.0200958
2937	0.0200958	0.0200953
2938	0.0200953	0.0200948
2939	0.0200948	0.0200942
2940	0.0200942	0.0200937
2941	0.0200937	0.0200931
2942	0.0200931	0.0200926
2943	0.0200926	0.0200921
2944	0.0200921	0.0200915
2945	0.0200915	0.020091
2946	0.020091	0.0200905
2947	0.0200905	0.0200899
2948	0.0200899	0.0200894
2949	0.0200894	0.0200888
2950	0.0200888	0.0200883
2951	0.0200883	0.0200878
2952	0.0200878	0.0200872
2953	0.0200872	0.0200867
2954	0.0200867	0.0200861
2955	0.0200861	0.0200856
2956	0.0200856	0.0200851
2957	0.0200851	0.0200845
2958	0.0200845	0.020084
2959	0.020084	0.0200835
2960	0.0200835	0.020083
2961	0.0200829	0.0200824
2962	0.0200824	0.0200819
2963	0.0200819	0.0200813
2964	0.0200813	0.0200808
2965	0.0200808	0.0200803
2966	0.0200803	0.0200798
2967	0.0200798	0.0200792
2968	0.0200792	0.0200787
2969	0.0200787	0.0200782
2970	0.0200781	0.0200776
2971	0.0200776	0.0200771
2972	0.0200771	0.0200766
2973	0.0200766	0.020076
2974	0.020076	0.0200755
2975	0.0200755	0.020075
2976	0.020075	0.0200744
2977	0.0200744	0.0200739
2978	0.0200739	0.0200734
2979	0.0200734	0.0200728
2980	0.0200728	0.0200723
2981	0.0200723	0.0200718
2982	0.0200718	0.0200713
2983	0.0200713	0.0200707
2984	0.0200707	0.0200702
2985	0.0200702	0.0200697
2986	0.0200697	0.0200692
2987	0.0200692	0.0200686
2988	0.0200686	0.0200681
2989	0.0200681	0.0200676
2990	0.0200676	0.020067
2991	0.0200671	0.0200665
2992	0.0200665	0.020066
2993	0.020066	0.0200654
2994	0.0200655	0.0200649
2995	0.020065	0.0200644
2996	0.0200644	0.0200639
2997	0.0200639	0.0200634
2998	0.0200634	0.0200629
2999	0.0200628	0.0200623
3000	0.0200623	0.0200618
3001	0.0200618	0.0200612
3002	0.0200613	0.0200607
3003	0.0200607	0.0200602
3004	0.0200602	0.0200597
3005	0.0200597	0.0200592
3006	0.0200592	0.0200586
3007	0.0200587	0.0200581
3008	0.0200581	0.0200576
3009	0.0200576	0.0200571
3010	0.0200571	0.0200566
3011	0.0200566	0.020056
3012	0.0200561	0.0200555
3013	0.0200556	0.020055
3014	0.020055	0.0200545
3015	0.0200545	0.020054
3016	0.020054	0.0200535
3017	0.0200535	0.0200529
3018	0.0200529	0.0200524
3019	0.0200524	0.0200519
3020	0.0200519	0.0200514
3021	0.0200514	0.0200509
3022	0.0200509	0.0200503
3023	0.0200503	0.0200499
3024	0.0200498	0.0200493
3025	0.0200493	0.0200488
3026	0.0200488	0.0200483
3027	0.0200483	0.0200478
3028	0.0200478	0.0200473
3029	0.0200473	0.0200467
3030	0.0200468	0.0200462
3031	0.0200462	0.0200457
3032	0.0200457	0.0200452
3033	0.0200452	0.0200447
3034	0.0200447	0.0200442
3035	0.0200442	0.0200436
3036	0.0200436	0.0200431
3037	0.0200431	0.0200426
3038	0.0200426	0.0200421
3039	0.0200421	0.0200416
3040	0.0200416	0.0200411
3041	0.0200411	0.0200406
3042	0.0200406	0.0200401
3043	0.02004	0.0200396
3044	0.0200395	0.0200391
3045	0.020039	0.0200385
3046	0.0200385	0.020038
3047	0.020038	0.0200375
3048	0.0200375	0.020037
3049	0.020037	0.0200365
3050	0.0200365	0.020036
3051	0.020036	0.0200354
3052	0.0200355	0.0200349
3053	0.020035	0.0200344
3054	0.0200344	0.0200339
3055	0.0200339	0.0200334
3056	0.0200334	0.0200329
3057	0.0200329	0.0200324
3058	0.0200324	0.0200319
3059	0.0200319	0.0200314
3060	0.0200314	0.0200309
3061	0.0200309	0.0200304
3062	0.0200304	0.0200299
3063	0.0200299	0.0200293
3064	0.0200294	0.0200288
3065	0.0200289	0.0200283
3066	0.0200283	0.0200278
3067	0.0200278	0.0200273
3068	0.0200273	0.0200268
3069	0.0200268	0.0200263
3070	0.0200263	0.0200258
3071	0.0200258	0.0200253
3072	0.0200253	0.0200248
3073	0.0200248	0.0200243
3074	0.0200243	0.0200238
3075	0.0200238	0.0200233
3076	0.0200233	0.0200228
3077	0.0200228	0.0200223
3078	0.0200223	0.0200218
3079	0.0200218	0.0200213
3080	0.0200213	0.0200208
3081	0.0200208	0.0200203
3082	0.0200203	0.0200198
3083	0.0200197	0.0200193
3084	0.0200193	0.0200187
3085	0.0200187	0.0200183
3086	0.0200183	0.0200177
3087	0.0200178	0.0200173
3088	0.0200172	0.0200168
3089	0.0200168	0.0200162
3090	0.0200163	0.0200157
3091	0.0200158	0.0200152
3092	0.0200153	0.0200148
3093	0.0200148	0.0200142
3094	0.0200143	0.0200137
3095	0.0200138	0.0200133
3096	0.0200133	0.0200128
3097	0.0200127	0.0200123
3098	0.0200123	0.0200117
3099	0.0200118	0.0200112
3100	0.0200113	0.0200107
3101	0.0200107	0.0200102
3102	0.0200103	0.0200098
3103	0.0200098	0.0200093
3104	0.0200093	0.0200088
3105	0.0200087	0.0200083
3106	0.0200083	0.0200078
3107	0.0200078	0.0200073
3108	0.0200073	0.0200068
3109	0.0200068	0.0200063
3110	0.0200063	0.0200058
3111	0.0200058	0.0200053
3112	0.0200053	0.0200048
3113	0.0200048	0.0200043
3114	0.0200043	0.0200038
3115	0.0200038	0.0200033
3116	0.0200033	0.0200028
3117	0.0200029	0.0200023
3118	0.0200023	0.0200018
3119	0.0200018	0.0200013
3120	0.0200013	0.0200008
3121	0.0200009	0.0200003
3122	0.0200003	0.0199999
3123	0.0199999	0.0199994
