1	0.214789	0.20498
2	0.206016	0.197011
3	0.197992	0.189798
4	0.190728	0.183327
5	0.184208	0.177482
6	0.178318	0.17211
7	0.172903	0.167152
8	0.167905	0.162558
9	0.163272	0.158226
10	0.158902	0.154144
11	0.154785	0.150271
12	0.150877	0.14658
13	0.147154	0.143057
14	0.143597	0.139698
15	0.140206	0.136478
16	0.136955	0.133401
17	0.133848	0.130448
18	0.130867	0.127612
19	0.128003	0.124891
20	0.125254	0.122277
21	0.122615	0.119763
22	0.120075	0.117344
23	0.117632	0.115015
24	0.115281	0.112773
25	0.113017	0.110612
26	0.110834	0.10853
27	0.108731	0.106521
28	0.106703	0.104583
29	0.104747	0.102714
30	0.102859	0.100909
31	0.101039	0.0991662
32	0.0992788	0.0974825
33	0.0975809	0.0958563
34	0.0959385	0.0942846
35	0.0943539	0.0927648
36	0.0928206	0.0912941
37	0.0913372	0.0898702
38	0.0899013	0.0884919
39	0.0885117	0.0871563
40	0.0871654	0.0858628
41	0.0858612	0.0846098
42	0.0845991	0.0833969
43	0.0833763	0.0822202
44	0.0821903	0.0810782
45	0.0810411	0.0799709
46	0.0799255	0.0788962
47	0.078843	0.0778521
48	0.0777926	0.0768388
49	0.076772	0.0758541
50	0.0757814	0.0748982
51	0.0748193	0.0739682
52	0.073884	0.0730658
53	0.0729754	0.0721879
54	0.0720931	0.0713348
55	0.0712348	0.0705055
56	0.0704009	0.0696986
57	0.0695896	0.0689136
58	0.0688009	0.0681498
59	0.0680331	0.0674066
60	0.0672866	0.0666832
61	0.0665595	0.0659786
62	0.0658518	0.0652929
63	0.0651629	0.0646255
64	0.0644924	0.063975
65	0.0638392	0.0633416
66	0.0632028	0.0627244
67	0.0625835	0.062123
68	0.0619798	0.0615367
69	0.0613915	0.0609657
70	0.0608181	0.060409
71	0.0602593	0.0598659
72	0.0597146	0.0593366
73	0.0591838	0.0588208
74	0.0586659	0.0583172
75	0.0581613	0.0578266
76	0.0576685	0.0573476
77	0.0571882	0.0568806
78	0.0567197	0.0564247
79	0.0562625	0.0559797
80	0.0558164	0.0555458
81	0.0553811	0.055122
82	0.0549564	0.0547087
83	0.054542	0.0543045
84	0.0541367	0.0539106
85	0.0537418	0.0535255
86	0.0533556	0.0531499
87	0.0529787	0.0527827
88	0.052611	0.052424
89	0.0522513	0.0520736
90	0.0519001	0.0517313
91	0.0515571	0.0513969
92	0.0512219	0.05107
93	0.0508946	0.0507507
94	0.0505741	0.0504387
95	0.0502617	0.0501333
96	0.0499556	0.049835
97	0.0496564	0.0495433
98	0.0493641	0.0492582
99	0.0490784	0.0489791
100	0.0487989	0.0487066
101	0.0485256	0.0484396
102	0.048258	0.048179
103	0.0479968	0.0479234
104	0.0477408	0.0476733
105	0.0474904	0.0474292
106	0.0472451	0.04719
107	0.0470057	0.0469557
108	0.0467711	0.0467265
109	0.046541	0.0465019
110	0.0463163	0.0462824
111	0.0460961	0.0460674
112	0.0458805	0.0458566
113	0.0456694	0.0456504
114	0.0454624	0.0454482
115	0.0452598	0.0452503
116	0.0450614	0.0450563
117	0.0448671	0.0448664
118	0.0446767	0.0446803
119	0.0444898	0.0444976
120	0.0443073	0.0443186
121	0.044128	0.0441433
122	0.0439519	0.0439714
123	0.0437796	0.0438031
124	0.0436105	0.0436378
125	0.043445	0.0434756
126	0.0432823	0.0433168
127	0.0431228	0.043161
128	0.0429668	0.043008
129	0.0428132	0.0428582
130	0.0426631	0.042711
131	0.0425153	0.0425664
132	0.0423706	0.0424246
133	0.0422284	0.0422855
134	0.0420888	0.042149
135	0.0419517	0.0420148
136	0.0418174	0.0418832
137	0.041685	0.0417539
138	0.0415554	0.0416269
139	0.041428	0.0415021
140	0.0413028	0.0413793
141	0.0411798	0.041259
142	0.0410589	0.0411408
143	0.0409402	0.0410245
144	0.0408233	0.0409102
145	0.0407088	0.040798
146	0.0405962	0.0406875
147	0.0404853	0.0405788
148	0.0403759	0.0404721
149	0.040269	0.0403671
150	0.0401636	0.0402639
151	0.0400602	0.0401622
152	0.0399576	0.0400624
153	0.0398576	0.0399639
154	0.0397587	0.0398674
155	0.0396617	0.0397719
156	0.0395659	0.0396782
157	0.0394717	0.039586
158	0.0393793	0.0394953
159	0.0392879	0.0394056
160	0.039198	0.0393175
161	0.0391098	0.039231
162	0.0390227	0.0391454
163	0.0389367	0.0390611
164	0.038852	0.0389783
165	0.0387688	0.0388968
166	0.0386869	0.0388162
167	0.0386058	0.0387368
168	0.0385263	0.0386583
169	0.0384476	0.0385814
170	0.0383701	0.0385054
171	0.0382936	0.0384306
172	0.0382183	0.0383567
173	0.0381441	0.0382836
174	0.0380708	0.0382119
175	0.0379985	0.0381409
176	0.0379273	0.0380709
177	0.0378571	0.038002
178	0.0377876	0.0379336
179	0.037719	0.0378665
180	0.0376513	0.0378001
181	0.0375846	0.0377345
182	0.0375189	0.0376699
183	0.0374538	0.037606
184	0.0373894	0.0375428
185	0.0373261	0.0374805
186	0.0372632	0.0374191
187	0.0372014	0.0373582
188	0.0371402	0.0372982
189	0.0370797	0.0372387
190	0.0370201	0.03718
191	0.0369612	0.037122
192	0.0369027	0.0370648
193	0.0368451	0.0370079
194	0.0367881	0.036952
195	0.0367315	0.0368965
196	0.0366759	0.0368416
197	0.0366208	0.0367874
198	0.0365665	0.036734
199	0.0365124	0.0366806
200	0.0364591	0.0366283
201	0.0364063	0.0365764
202	0.0363543	0.036525
203	0.0363024	0.0364742
204	0.0362512	0.0364237
205	0.0362005	0.0363741
206	0.0361504	0.0363248
207	0.0361009	0.0362757
208	0.0360518	0.0362275
209	0.0360031	0.0361795
210	0.0359547	0.036132
211	0.0359071	0.036085
212	0.0358597	0.0360384
213	0.0358129	0.0359923
214	0.0357665	0.0359467
215	0.0357205	0.0359013
216	0.0356749	0.0358563
217	0.0356296	0.0358119
218	0.0355851	0.0357677
219	0.0355405	0.0357241
220	0.0354964	0.0356807
221	0.0354527	0.0356377
222	0.0354096	0.0355949
223	0.0353665	0.0355526
224	0.0353241	0.0355108
225	0.0352819	0.035469
226	0.0352399	0.0354277
227	0.0351983	0.0353867
228	0.035157	0.035346
229	0.0351161	0.0353058
230	0.0350756	0.0352654
231	0.0350352	0.0352259
232	0.0349953	0.0351864
