1	0.190817	0.180832
2	0.181594	0.172588
3	0.173287	0.165156
4	0.165805	0.158351
5	0.158957	0.1521
6	0.152668	0.146333
7	0.146869	0.140945
8	0.141451	0.135897
9	0.136376	0.13116
10	0.131614	0.126708
11	0.12714	0.122519
12	0.12293	0.11857
13	0.118962	0.114844
14	0.115218	0.111322
15	0.111679	0.107988
16	0.10833	0.104829
17	0.105156	0.101831
18	0.102145	0.0989829
19	0.0992845	0.0962736
20	0.0965628	0.0936938
21	0.0939716	0.0912354
22	0.0915015	0.0888892
23	0.0891452	0.0866488
24	0.0868953	0.084508
25	0.0847441	0.0824603
26	0.0826872	0.0805001
27	0.0807183	0.0786229
28	0.0788322	0.0768236
29	0.0770249	0.0750985
30	0.0752913	0.0734429
31	0.0736279	0.0718536
32	0.0720314	0.0703272
33	0.0704974	0.0688606
34	0.0690237	0.0674503
35	0.0676066	0.0660942
36	0.0662436	0.0647897
37	0.0649322	0.0635334
38	0.06367	0.0623239
39	0.0624542	0.0611592
40	0.061284	0.0600369
41	0.0601558	0.0589553
42	0.0590684	0.0579122
43	0.05802	0.0569064
44	0.0570089	0.0559358
45	0.0560335	0.0549994
46	0.0550923	0.0540955
47	0.0541832	0.0532222
48	0.0533055	0.0523795
49	0.0524581	0.0515648
50	0.0516391	0.0507777
51	0.0508478	0.050017
52	0.0500831	0.0492815
53	0.0493434	0.0485697
54	0.048628	0.047882
55	0.0479364	0.047216
56	0.0472667	0.0465717
57	0.0466187	0.0459477
58	0.0459914	0.045344
59	0.0453842	0.0447586
60	0.0447963	0.044192
61	0.0442261	0.0436428
62	0.0436742	0.043111
63	0.043139	0.0425951
64	0.0426203	0.0420948
65	0.0421171	0.0416096
66	0.0416296	0.0411392
67	0.0411563	0.0406825
68	0.0406972	0.0402397
69	0.0402519	0.0398097
70	0.0398194	0.0393923
71	0.0393996	0.0389869
72	0.038992	0.0385931
73	0.0385962	0.0382108
74	0.0382115	0.037839
75	0.0378381	0.0374779
76	0.0374748	0.0371268
77	0.0371219	0.0367855
78	0.0367787	0.0364539
79	0.0364448	0.0361312
80	0.0361203	0.0358172
81	0.0358046	0.0355118
82	0.0354975	0.0352146
83	0.0351985	0.0349253
84	0.0349076	0.0346436
85	0.0346245	0.0343694
86	0.0343487	0.0341024
87	0.0340802	0.0338423
88	0.0338187	0.0335891
89	0.0335639	0.0333421
90	0.0333155	0.0331017
91	0.0330736	0.032867
92	0.0328378	0.0326386
93	0.0326078	0.0324157
94	0.0323839	0.0321984
95	0.0321653	0.0319865
96	0.031952	0.0317799
97	0.0317442	0.0315781
98	0.0315414	0.0313811
99	0.0313433	0.0311892
100	0.0311502	0.0310016
101	0.0309615	0.0308186
102	0.0307774	0.0306398
103	0.0305977	0.0304652
104	0.0304221	0.0302948
105	0.0302505	0.0301283
106	0.0300832	0.0299657
107	0.0299194	0.0298067
108	0.0297596	0.0296513
109	0.0296034	0.0294993
110	0.0294505	0.029351
111	0.0293012	0.029206
112	0.0291552	0.029064
113	0.0290124	0.0289252
114	0.0288728	0.0287894
115	0.0287364	0.0286567
116	0.0286026	0.0285268
117	0.0284721	0.0283996
118	0.0283441	0.0282752
119	0.0282188	0.0281535
120	0.0280964	0.0280343
121	0.0279766	0.0279177
122	0.0278592	0.0278034
123	0.0277442	0.0276914
124	0.0276315	0.0275819
125	0.0275213	0.0274746
126	0.0274134	0.0273695
127	0.0273076	0.0272664
128	0.0272039	0.0271656
129	0.0271025	0.0270667
130	0.0270028	0.0269697
131	0.0269054	0.0268748
132	0.0268097	0.0267816
133	0.0267161	0.0266904
134	0.0266243	0.0266008
135	0.026534	0.026513
136	0.0264456	0.0264269
137	0.026359	0.0263424
138	0.026274	0.0262596
139	0.0261906	0.0261784
140	0.0261087	0.0260986
141	0.0260285	0.0260203
142	0.0259498	0.0259436
143	0.0258724	0.0258682
144	0.0257967	0.0257941
145	0.0257222	0.0257215
146	0.0256491	0.0256503
147	0.0255773	0.0255802
148	0.0255069	0.0255117
149	0.0254376	0.0254441
150	0.0253696	0.0253778
151	0.0253029	0.0253127
152	0.0252374	0.0252486
153	0.0251728	0.0251857
154	0.0251096	0.0251241
155	0.0250475	0.0250634
156	0.0249863	0.0250038
157	0.0249263	0.0249452
158	0.0248673	0.0248875
159	0.0248094	0.0248311
160	0.0247522	0.0247754
161	0.0246963	0.0247206
162	0.0246411	0.0246669
163	0.0245869	0.024614
164	0.0245337	0.024562
165	0.0244814	0.0245109
166	0.02443	0.0244605
167	0.0243792	0.0244112
168	0.0243292	0.0243625
169	0.0242802	0.0243145
170	0.024232	0.0242674
171	0.0241846	0.0242211
172	0.0241379	0.0241755
173	0.024092	0.0241306
174	0.0240467	0.0240864
175	0.0240023	0.0240429
176	0.0239585	0.0240003
177	0.0239154	0.0239581
178	0.0238729	0.0239166
179	0.0238311	0.0238758
180	0.02379	0.0238357
181	0.0237495	0.023796
182	0.0237096	0.0237572
183	0.0236704	0.0237187
184	0.0236317	0.0236809
185	0.0235935	0.0236438
186	0.0235561	0.0236072
187	0.0235193	0.023571
188	0.0234828	0.0235356
189	0.0234469	0.0235003
190	0.0234115	0.023466
191	0.0233768	0.0234317
192	0.0233424	0.0233985
193	0.0233086	0.0233653
194	0.0232754	0.0233328
195	0.0232426	0.0233008
196	0.0232102	0.0232692
197	0.0231783	0.023238
198	0.023147	0.0232073
199	0.0231159	0.023177
200	0.0230854	0.0231471
201	0.0230554	0.0231178
202	0.0230256	0.0230887
203	0.0229964	0.0230601
204	0.0229675	0.0230318
205	0.022939	0.023004
206	0.0229109	0.0229766
207	0.0228834	0.0229497
208	0.022856	0.022923
209	0.0228291	0.0228966
210	0.0228026	0.0228707
211	0.0227765	0.022845
212	0.0227506	0.0228199
213	0.0227251	0.022795
214	0.0227	0.0227704
215	0.0226751	0.0227462
216	0.0226507	0.0227223
217	0.0226265	0.0226986
218	0.0226028	0.0226753
219	0.0225791	0.0226523
220	0.0225559	0.0226295
221	0.022533	0.0226072
222	0.0225104	0.0225851
223	0.0224882	0.0225632
224	0.0224661	0.0225418
225	0.0224443	0.0225205
226	0.0224229	0.0224996
227	0.0224018	0.0224788
228	0.0223808	0.0224584
229	0.0223601	0.0224382
230	0.0223398	0.0224183
231	0.0223196	0.0223986
232	0.0222997	0.0223792
233	0.02228	0.0223599
234	0.0222607	0.022341
235	0.0222416	0.0223223
236	0.0222227	0.0223038
237	0.0222039	0.0222857
238	0.0221856	0.0222677
239	0.0221673	0.0222497
240	0.0221494	0.0222322
241	0.0221317	0.0222148
242	0.022114	0.0221977
243	0.0220967	0.0221807
244	0.0220796	0.022164
245	0.0220626	0.0221474
246	0.0220459	0.0221311
247	0.0220294	0.022115
248	0.0220131	0.0220991
249	0.0219968	0.0220834
250	0.0219811	0.0220676
251	0.0219652	0.0220524
252	0.0219497	0.0220371
253	0.0219343	0.0220221
254	0.021919	0.0220072
255	0.0219041	0.0219925
256	0.0218892	0.0219778
257	0.0218746	0.0219637
258	0.02186	0.0219495
259	0.0218457	0.0219355
260	0.0218315	0.0219216
261	0.0218176	0.0219079
262	0.0218036	0.0218945
263	0.0217899	0.0218809
264	0.0217765	0.0218678
265	0.021763	0.0218547
266	0.0217499	0.0218417
267	0.0217367	0.021829
268	0.0217238	0.0218163
269	0.0217111	0.0218039
270	0.0216983	0.0217915
271	0.0216859	0.0217794
272	0.0216735	0.0217671
273	0.0216612	0.0217553
274	0.0216491	0.0217434
275	0.0216372	0.0217318
276	0.0216252	0.0217202
277	0.0216136	0.0217089
278	0.0216021	0.0216975
279	0.0215905	0.0216863
280	0.0215792	0.0216752
281	0.0215679	0.0216643
282	0.0215569	0.0216535
283	0.021546	0.0216428
284	0.0215351	0.0216322
285	0.0215243	0.0216218
286	0.0215137	0.0216113
287	0.0215031	0.021601
288	0.0214927	0.0215909
289	0.0214826	0.0215808
290	0.0214724	0.021571
291	0.0214623	0.0215611
292	0.0214524	0.0215514
293	0.0214425	0.0215418
294	0.0214327	0.0215323
295	0.0214229	0.0215228
296	0.0214135	0.0215135
297	0.021404	0.0215044
298	0.0213947	0.0214952
299	0.0213854	0.0214861
300	0.0213762	0.0214772
301	0.0213672	0.0214684
302	0.0213582	0.0214596
303	0.0213493	0.021451
304	0.0213405	0.0214422
305	0.0213318	0.0214338
306	0.0213232	0.0214254
307	0.0213148	0.0214171
308	0.0213062	0.0214088
309	0.0212977	0.0214007
310	0.0212895	0.0213928
311	0.0212813	0.0213847
312	0.0212732	0.0213767
313	0.0212651	0.0213688
314	0.0212572	0.0213612
315	0.0212493	0.0213535
316	0.0212416	0.0213458
317	0.0212338	0.0213384
318	0.0212262	0.0213309
319	0.0212187	0.0213234
320	0.021211	0.0213162
321	0.0212037	0.0213089
322	0.0211963	0.0213019
323	0.021189	0.0212947
324	0.0211818	0.0212877
325	0.0211746	0.0212808
326	0.0211676	0.0212738
327	0.0211607	0.021267
328	0.0211536	0.0212603
329	0.0211468	0.0212536
330	0.02114	0.021247
331	0.0211332	0.0212403
332	0.0211265	0.0212338
333	0.02112	0.0212275
334	0.0211134	0.0212212
335	0.0211069	0.0212147
336	0.0211006	0.0212084
337	0.0210941	0.0212023
338	0.0210877	0.0211961
339	0.0210815	0.02119
340	0.0210755	0.021184
341	0.0210693	0.021178
342	0.0210631	0.0211722
343	0.021057	0.0211662
344	0.0210511	0.0211605
345	0.0210452	0.0211546
346	0.0210394	0.021149
347	0.0210335	0.0211433
348	0.0210279	0.0211378
349	0.021022	0.0211322
350	0.0210165	0.0211268
351	0.0210109	0.0211213
352	0.0210054	0.021116
353	0.0209998	0.0211105
354	0.0209944	0.0211052
355	0.0209888	0.0210999
356	0.0209836	0.0210948
357	0.0209783	0.0210896
358	0.020973	0.0210844
359	0.0209679	0.0210794
360	0.0209627	0.0210744
361	0.0209576	0.0210695
362	0.0209526	0.0210645
363	0.0209474	0.0210597
364	0.0209425	0.0210548
365	0.0209376	0.02105
366	0.0209327	0.0210451
367	0.0209279	0.0210406
368	0.0209229	0.0210359
369	0.0209183	0.0210313
370	0.0209135	0.0210266
371	0.0209088	0.0210221
372	0.0209042	0.0210176
373	0.0208996	0.0210131
374	0.020895	0.0210088
375	0.0208905	0.0210042
376	0.020886	0.0209999
377	0.0208815	0.0209957
378	0.0208771	0.0209913
379	0.0208727	0.020987
380	0.0208684	0.0209828
381	0.0208641	0.0209787
382	0.0208598	0.0209745
383	0.0208556	0.0209704
384	0.0208515	0.0209664
385	0.0208472	0.0209623
386	0.0208432	0.0209583
387	0.020839	0.0209543
388	0.020835	0.0209505
389	0.020831	0.0209466
390	0.020827	0.0209426
391	0.020823	0.0209388
392	0.0208191	0.020935
393	0.0208153	0.0209313
394	0.0208114	0.0209275
395	0.0208075	0.0209238
396	0.0208037	0.0209201
397	0.0208	0.0209165
398	0.0207963	0.0209129
399	0.0207924	0.0209092
400	0.0207889	0.0209056
401	0.0207852	0.0209022
402	0.0207817	0.0208986
403	0.020778	0.0208952
404	0.0207745	0.0208917
405	0.0207709	0.0208882
406	0.0207676	0.0208849
407	0.020764	0.0208815
408	0.0207606	0.0208783
409	0.0207572	0.020875
410	0.0207536	0.0208717
411	0.0207504	0.0208685
412	0.020747	0.0208651
413	0.0207436	0.020862
414	0.0207404	0.0208588
415	0.0207371	0.0208557
416	0.020734	0.0208525
417	0.0207307	0.0208494
418	0.0207276	0.0208463
419	0.0207244	0.0208432
420	0.0207213	0.0208402
421	0.0207182	0.0208372
422	0.0207151	0.0208342
423	0.0207121	0.0208312
424	0.020709	0.0208283
425	0.0207059	0.0208253
426	0.020703	0.0208225
427	0.0207	0.0208196
428	0.020697	0.0208168
429	0.0206941	0.020814
430	0.0206912	0.0208111
431	0.0206883	0.0208083
432	0.0206855	0.0208056
433	0.0206825	0.0208028
434	0.0206798	0.0208001
435	0.0206771	0.0207974
436	0.0206743	0.0207947
437	0.0206716	0.0207921
438	0.0206688	0.0207894
439	0.020666	0.0207868
440	0.0206634	0.0207842
441	0.0206606	0.0207816
442	0.0206581	0.020779
443	0.0206554	0.0207765
444	0.0206528	0.020774
445	0.0206503	0.0207715
446	0.0206477	0.020769
447	0.0206451	0.0207665
448	0.0206425	0.020764
449	0.0206401	0.0207615
450	0.0206376	0.0207591
451	0.020635	0.0207568
452	0.0206326	0.0207545
453	0.0206302	0.0207522
454	0.0206277	0.0207498
455	0.0206253	0.0207474
456	0.0206229	0.0207451
457	0.0206206	0.0207428
458	0.0206182	0.0207405
459	0.0206159	0.0207382
460	0.0206135	0.0207359
461	0.0206112	0.0207338
462	0.0206089	0.0207316
463	0.0206066	0.0207294
464	0.0206044	0.0207271
465	0.0206021	0.0207249
466	0.0205998	0.0207228
467	0.0205977	0.0207207
468	0.0205955	0.0207186
469	0.0205932	0.0207164
470	0.0205912	0.0207143
471	0.020589	0.0207122
472	0.0205868	0.0207103
473	0.0205845	0.0207081
474	0.0205826	0.0207061
475	0.0205803	0.0207041
476	0.0205784	0.0207022
477	0.0205762	0.0207001
478	0.0205742	0.0206981
479	0.0205722	0.0206961
480	0.0205701	0.0206941
481	0.0205681	0.0206922
482	0.0205661	0.0206903
483	0.020564	0.0206885
484	0.0205622	0.0206865
485	0.0205602	0.0206847
486	0.0205584	0.0206827
487	0.0205563	0.0206809
488	0.0205545	0.0206789
489	0.0205525	0.020677
490	0.0205506	0.0206753
491	0.0205487	0.0206734
492	0.0205468	0.0206717
493	0.020545	0.0206699
494	0.0205431	0.020668
495	0.0205412	0.0206663
496	0.0205394	0.0206646
497	0.0205376	0.0206628
498	0.0205358	0.0206611
499	0.0205341	0.0206593
500	0.0205322	0.0206576
501	0.0205305	0.0206559
502	0.0205287	0.0206542
503	0.020527	0.0206525
504	0.0205253	0.0206509
505	0.0205236	0.0206492
506	0.0205218	0.0206475
507	0.02052	0.0206459
508	0.0205184	0.0206442
509	0.0205167	0.0206427
510	0.0205152	0.0206411
511	0.0205135	0.0206395
512	0.0205117	0.0206379
513	0.0205101	0.0206363
514	0.0205085	0.0206347
515	0.0205069	0.0206332
516	0.0205053	0.0206315
517	0.0205036	0.0206301
518	0.0205022	0.0206286
519	0.0205005	0.020627
520	0.020499	0.0206255
521	0.0204974	0.020624
522	0.0204958	0.0206225
523	0.0204942	0.0206211
524	0.0204928	0.0206196
525	0.0204912	0.0206181
526	0.0204897	0.0206166
527	0.0204882	0.0206152
528	0.0204866	0.0206138
529	0.0204852	0.0206123
530	0.0204837	0.0206108
531	0.0204822	0.0206094
532	0.0204808	0.020608
533	0.0204793	0.0206066
534	0.0204779	0.0206051
535	0.0204764	0.0206038
536	0.0204751	0.0206025
537	0.0204736	0.0206011
538	0.0204722	0.0205997
539	0.0204707	0.0205985
540	0.0204693	0.0205971
541	0.0204679	0.0205957
542	0.0204665	0.0205944
543	0.0204652	0.0205931
544	0.0204639	0.0205918
545	0.0204624	0.0205905
546	0.0204611	0.0205891
547	0.0204598	0.0205879
548	0.0204585	0.0205866
549	0.0204572	0.0205853
550	0.0204559	0.0205839
551	0.0204545	0.0205827
552	0.0204532	0.0205815
553	0.0204519	0.0205801
554	0.0204505	0.020579
555	0.0204494	0.0205777
556	0.020448	0.0205766
557	0.0204468	0.0205753
558	0.0204456	0.0205741
559	0.0204442	0.020573
560	0.020443	0.0205717
561	0.0204418	0.0205705
562	0.0204405	0.0205693
563	0.0204393	0.0205681
564	0.020438	0.020567
565	0.0204368	0.0205658
566	0.0204357	0.0205647
567	0.0204345	0.0205635
568	0.0204332	0.0205624
569	0.020432	0.0205612
570	0.0204309	0.0205601
571	0.0204297	0.0205589
572	0.0204284	0.0205579
573	0.0204274	0.0205566
574	0.0204261	0.0205555
575	0.020425	0.0205544
576	0.0204239	0.0205533
577	0.0204227	0.0205522
578	0.0204216	0.020551
579	0.0204205	0.02055
580	0.0204192	0.0205489
581	0.0204181	0.020548
582	0.0204171	0.0205467
583	0.0204159	0.0205456
584	0.0204149	0.0205446
585	0.0204137	0.0205436
586	0.0204127	0.0205426
587	0.0204115	0.0205414
588	0.0204105	0.0205403
589	0.0204094	0.0205393
590	0.0204083	0.0205383
591	0.0204073	0.0205373
592	0.0204063	0.0205363
593	0.0204051	0.0205353
594	0.020404	0.0205343
595	0.0204031	0.0205333
596	0.0204019	0.0205322
597	0.0204009	0.0205312
598	0.0203999	0.0205303
599	0.0203987	0.0205293
600	0.0203978	0.0205284
601	0.0203969	0.0205273
602	0.0203958	0.0205263
603	0.0203949	0.0205253
604	0.0203939	0.0205244
605	0.0203927	0.0205235
606	0.0203919	0.0205226
607	0.0203908	0.0205216
608	0.0203899	0.0205206
609	0.0203889	0.0205197
610	0.0203879	0.0205187
611	0.020387	0.0205178
612	0.0203859	0.0205169
613	0.020385	0.0205159
614	0.020384	0.020515
615	0.0203831	0.0205142
616	0.0203821	0.0205133
617	0.0203812	0.0205124
618	0.0203803	0.0205114
619	0.0203793	0.0205106
620	0.0203784	0.0205096
621	0.0203775	0.0205087
622	0.0203764	0.0205077
623	0.0203755	0.0205068
624	0.0203747	0.0205059
625	0.0203737	0.0205051
626	0.0203729	0.0205042
627	0.0203719	0.0205033
628	0.0203711	0.0205025
629	0.0203701	0.0205016
630	0.0203692	0.0205007
631	0.0203683	0.0204999
632	0.0203675	0.0204991
633	0.0203666	0.0204982
634	0.0203657	0.0204973
635	0.0203649	0.0204965
636	0.020364	0.0204957
637	0.0203631	0.0204948
638	0.0203622	0.020494
639	0.0203614	0.0204931
640	0.0203605	0.0204924
641	0.0203596	0.0204915
642	0.0203588	0.0204907
643	0.020358	0.0204899
644	0.0203571	0.020489
645	0.0203562	0.0204883
646	0.0203553	0.0204875
647	0.0203546	0.0204866
648	0.0203537	0.0204859
649	0.0203529	0.020485
650	0.0203521	0.0204843
651	0.0203513	0.0204835
652	0.0203505	0.0204827
653	0.0203497	0.0204819
654	0.0203488	0.0204811
655	0.0203479	0.0204803
656	0.0203472	0.0204795
657	0.0203463	0.0204788
658	0.0203456	0.0204781
659	0.0203449	0.0204773
660	0.020344	0.0204766
661	0.0203431	0.0204758
662	0.0203424	0.0204751
663	0.0203416	0.0204744
664	0.0203409	0.0204735
665	0.0203401	0.0204726
666	0.0203392	0.0204719
667	0.0203385	0.0204712
668	0.0203378	0.0204704
669	0.020337	0.0204698
670	0.0203361	0.020469
671	0.0203355	0.0204683
672	0.0203348	0.0204676
673	0.0203339	0.0204669
674	0.0203331	0.0204661
675	0.0203324	0.0204654
676	0.0203317	0.0204647
677	0.0203309	0.020464
678	0.0203302	0.0204633
679	0.0203294	0.0204626
680	0.0203286	0.0204619
681	0.020328	0.0204612
682	0.0203272	0.0204604
683	0.0203265	0.0204596
684	0.0203258	0.020459
685	0.0203251	0.0204582
686	0.0203243	0.0204576
687	0.0203235	0.0204569
688	0.0203228	0.0204561
689	0.0203221	0.0204555
690	0.0203215	0.0204548
691	0.0203208	0.0204541
692	0.02032	0.0204534
693	0.0203192	0.0204527
694	0.0203187	0.020452
695	0.020318	0.0204513
696	0.0203172	0.0204507
697	0.0203166	0.02045
698	0.0203157	0.0204493
699	0.0203152	0.0204487
700	0.0203143	0.020448
701	0.0203138	0.0204473
702	0.020313	0.0204467
703	0.0203123	0.020446
704	0.0203117	0.0204453
705	0.0203109	0.0204447
706	0.0203102	0.020444
707	0.0203096	0.0204433
708	0.0203089	0.0204426
709	0.0203082	0.020442
710	0.0203077	0.0204414
711	0.020307	0.0204408
712	0.0203063	0.0204402
713	0.0203056	0.0204395
714	0.0203049	0.0204388
715	0.0203042	0.0204382
716	0.0203037	0.0204375
717	0.020303	0.0204369
718	0.0203023	0.0204364
719	0.0203016	0.0204357
720	0.020301	0.0204351
721	0.0203004	0.0204346
722	0.0202998	0.0204339
723	0.020299	0.0204332
724	0.0202984	0.0204326
725	0.0202977	0.020432
726	0.0202971	0.0204314
727	0.0202965	0.0204308
728	0.0202959	0.0204301
729	0.0202952	0.0204295
730	0.0202946	0.0204288
731	0.020294	0.0204282
732	0.0202932	0.0204276
733	0.0202927	0.020427
734	0.0202921	0.0204265
735	0.0202915	0.0204258
736	0.0202908	0.0204253
737	0.0202902	0.0204246
738	0.0202896	0.020424
739	0.020289	0.0204234
740	0.0202884	0.0204228
741	0.0202877	0.0204223
742	0.020287	0.0204217
743	0.0202865	0.0204211
744	0.0202859	0.0204204
745	0.0202852	0.0204199
746	0.0202846	0.0204194
747	0.020284	0.0204188
748	0.0202834	0.0204182
749	0.0202828	0.0204176
750	0.0202823	0.020417
751	0.0202817	0.0204163
752	0.020281	0.0204158
753	0.0202804	0.0204152
754	0.0202799	0.0204146
755	0.0202792	0.020414
756	0.0202787	0.0204134
757	0.0202782	0.0204129
758	0.0202775	0.0204123
759	0.0202768	0.0204117
760	0.0202763	0.0204111
761	0.0202757	0.0204106
762	0.0202751	0.02041
763	0.0202745	0.0204095
764	0.0202739	0.0204089
765	0.0202733	0.0204083
766	0.0202727	0.0204078
767	0.0202724	0.0204073
768	0.0202716	0.0204068
769	0.0202711	0.0204062
770	0.0202705	0.0204055
771	0.02027	0.020405
772	0.0202694	0.0204044
773	0.0202689	0.0204039
774	0.0202682	0.0204034
775	0.0202677	0.0204029
776	0.0202671	0.0204023
777	0.0202665	0.0204017
778	0.020266	0.0204012
779	0.0202654	0.0204007
780	0.0202649	0.0204002
781	0.0202642	0.0203996
782	0.0202638	0.0203991
783	0.0202631	0.0203985
784	0.0202626	0.0203979
785	0.0202621	0.0203974
786	0.0202615	0.020397
787	0.0202609	0.0203964
788	0.0202604	0.0203958
789	0.0202598	0.0203953
790	0.0202592	0.0203948
791	0.0202588	0.0203943
792	0.0202583	0.0203936
793	0.0202577	0.0203932
794	0.0202571	0.0203927
795	0.0202566	0.0203922
796	0.0202561	0.0203916
797	0.0202555	0.0203911
798	0.0202549	0.0203906
799	0.0202544	0.0203901
800	0.0202539	0.0203895
801	0.0202534	0.020389
802	0.0202529	0.0203884
803	0.0202522	0.0203879
804	0.0202518	0.0203873
805	0.0202513	0.0203868
806	0.0202507	0.0203863
807	0.0202501	0.0203858
808	0.0202495	0.0203852
809	0.020249	0.0203848
810	0.0202485	0.0203842
811	0.0202479	0.0203838
812	0.0202475	0.0203832
813	0.0202469	0.0203827
814	0.0202465	0.0203823
815	0.020246	0.0203817
816	0.0202453	0.0203812
817	0.0202448	0.0203807
818	0.0202445	0.0203802
819	0.0202438	0.0203797
820	0.0202434	0.0203792
821	0.0202429	0.0203787
822	0.0202423	0.0203783
823	0.0202418	0.0203777
824	0.0202413	0.0203771
825	0.0202409	0.0203767
826	0.0202402	0.0203762
827	0.0202397	0.0203757
828	0.0202393	0.0203751
829	0.0202387	0.0203747
830	0.0202381	0.0203741
831	0.0202377	0.0203737
832	0.0202372	0.0203732
833	0.0202366	0.0203727
834	0.0202362	0.0203722
835	0.0202356	0.0203717
836	0.0202351	0.0203712
837	0.0202346	0.0203707
838	0.0202341	0.0203703
839	0.0202336	0.0203698
840	0.0202331	0.0203693
841	0.0202326	0.0203687
842	0.0202322	0.0203682
843	0.0202317	0.0203677
844	0.0202311	0.0203673
845	0.0202307	0.0203667
846	0.0202302	0.0203662
847	0.0202296	0.0203657
848	0.0202291	0.0203652
849	0.0202286	0.0203647
850	0.0202282	0.0203643
851	0.0202277	0.0203638
852	0.0202271	0.0203634
853	0.0202267	0.0203629
854	0.0202262	0.0203624
855	0.0202257	0.0203619
856	0.0202252	0.0203614
857	0.0202248	0.020361
858	0.0202243	0.0203606
859	0.0202237	0.0203601
860	0.0202234	0.0203596
861	0.0202228	0.0203591
862	0.0202222	0.0203586
863	0.0202218	0.0203582
864	0.0202213	0.0203577
865	0.0202209	0.0203572
866	0.0202203	0.0203567
867	0.0202199	0.0203563
868	0.0202194	0.0203558
869	0.0202189	0.0203554
870	0.0202185	0.0203549
871	0.0202179	0.0203545
872	0.0202175	0.020354
873	0.0202171	0.0203535
874	0.0202165	0.020353
875	0.020216	0.0203526
876	0.0202156	0.0203521
877	0.0202151	0.0203516
878	0.0202146	0.0203511
879	0.0202141	0.0203507
880	0.0202137	0.0203502
881	0.0202132	0.0203497
882	0.0202128	0.0203492
883	0.0202123	0.0203487
884	0.0202117	0.0203483
885	0.0202113	0.0203479
886	0.0202108	0.0203474
887	0.0202104	0.0203469
888	0.02021	0.0203465
889	0.0202095	0.0203461
890	0.020209	0.0203456
891	0.0202085	0.0203452
892	0.020208	0.0203447
893	0.0202076	0.0203442
894	0.020207	0.0203438
895	0.0202066	0.0203433
896	0.0202062	0.0203429
897	0.0202058	0.0203425
898	0.0202051	0.020342
899	0.0202047	0.0203416
900	0.0202044	0.0203411
901	0.0202038	0.0203406
902	0.0202033	0.0203402
903	0.0202029	0.0203398
904	0.0202024	0.0203393
905	0.020202	0.0203388
906	0.0202015	0.0203384
907	0.0202012	0.020338
908	0.0202007	0.0203375
909	0.0202001	0.0203371
910	0.0201999	0.0203367
911	0.0201993	0.0203362
912	0.0201988	0.0203358
913	0.0201983	0.0203353
914	0.0201979	0.0203348
915	0.0201974	0.0203344
916	0.020197	0.020334
917	0.0201966	0.0203335
918	0.020196	0.0203331
919	0.0201957	0.0203326
920	0.0201952	0.0203322
921	0.0201947	0.0203317
922	0.0201942	0.0203313
923	0.0201938	0.0203309
924	0.0201933	0.0203305
925	0.020193	0.0203301
926	0.0201925	0.0203296
927	0.0201921	0.0203292
928	0.0201916	0.0203287
929	0.0201912	0.0203282
930	0.0201907	0.0203278
931	0.0201903	0.0203274
932	0.0201898	0.0203269
933	0.0201895	0.0203264
934	0.0201889	0.020326
935	0.0201885	0.0203256
936	0.020188	0.0203251
937	0.0201876	0.0203247
938	0.020187	0.0203243
939	0.0201867	0.0203238
940	0.0201863	0.0203234
941	0.0201858	0.0203229
942	0.0201853	0.0203225
943	0.0201849	0.0203221
944	0.0201844	0.0203216
945	0.0201841	0.0203212
946	0.0201836	0.0203207
947	0.0201832	0.0203203
948	0.0201826	0.0203199
949	0.0201823	0.0203195
950	0.0201818	0.020319
951	0.0201814	0.0203186
952	0.020181	0.0203182
953	0.0201805	0.0203178
954	0.0201801	0.0203173
955	0.0201795	0.0203169
956	0.0201792	0.0203165
957	0.0201787	0.020316
958	0.0201785	0.0203156
959	0.020178	0.0203152
960	0.0201775	0.0203148
961	0.0201771	0.0203144
962	0.0201766	0.0203139
963	0.0201762	0.0203135
964	0.0201758	0.020313
965	0.0201753	0.0203126
966	0.0201749	0.0203121
967	0.0201745	0.0203117
968	0.020174	0.0203113
969	0.0201736	0.0203108
970	0.0201732	0.0203104
971	0.0201727	0.02031
972	0.0201723	0.0203096
973	0.0201719	0.0203091
974	0.0201714	0.0203087
975	0.020171	0.0203083
976	0.0201706	0.0203079
977	0.0201701	0.0203075
978	0.0201697	0.0203071
979	0.0201693	0.0203067
980	0.0201688	0.0203062
981	0.0201685	0.0203058
982	0.0201679	0.0203053
983	0.0201677	0.0203049
984	0.0201671	0.0203044
985	0.0201666	0.020304
986	0.0201661	0.0203036
987	0.0201658	0.0203032
988	0.0201654	0.0203028
989	0.020165	0.0203024
990	0.0201645	0.0203019
991	0.0201641	0.0203016
992	0.0201637	0.0203012
993	0.0201633	0.0203008
994	0.0201629	0.0203004
995	0.0201625	0.0202999
996	0.0201621	0.0202995
997	0.0201615	0.0202992
998	0.0201612	0.0202988
999	0.0201608	0.0202983
1000	0.0201604	0.0202979
1001	0.0201598	0.0202975
1002	0.0201595	0.020297
1003	0.020159	0.0202966
1004	0.0201586	0.0202961
1005	0.0201584	0.0202957
1006	0.0201579	0.0202953
1007	0.0201574	0.0202949
1008	0.0201569	0.0202945
1009	0.0201565	0.020294
1010	0.0201562	0.0202936
1011	0.0201556	0.0202932
1012	0.0201553	0.0202928
1013	0.0201549	0.0202924
1014	0.0201545	0.020292
1015	0.020154	0.0202916
1016	0.0201537	0.0202912
1017	0.0201532	0.0202908
1018	0.0201528	0.0202904
1019	0.0201524	0.02029
1020	0.020152	0.0202895
1021	0.0201515	0.0202891
1022	0.0201512	0.0202887
1023	0.0201507	0.0202883
1024	0.0201503	0.0202879
1025	0.0201499	0.0202875
1026	0.0201495	0.0202871
1027	0.0201491	0.0202867
1028	0.0201486	0.0202863
1029	0.0201483	0.0202859
1030	0.0201478	0.0202855
1031	0.0201474	0.0202851
1032	0.0201471	0.0202847
1033	0.0201466	0.0202842
1034	0.0201462	0.0202838
1035	0.0201458	0.0202834
1036	0.0201454	0.020283
1037	0.020145	0.0202826
1038	0.0201446	0.0202822
1039	0.0201441	0.0202818
1040	0.0201437	0.0202814
1041	0.0201433	0.0202809
1042	0.0201429	0.0202805
1043	0.0201425	0.0202801
1044	0.020142	0.0202797
1045	0.0201417	0.0202793
1046	0.0201413	0.0202789
1047	0.0201408	0.0202785
1048	0.0201406	0.0202781
1049	0.0201399	0.0202777
1050	0.0201396	0.0202772
1051	0.0201391	0.0202768
1052	0.0201387	0.0202765
1053	0.0201385	0.0202761
1054	0.0201379	0.0202757
1055	0.0201375	0.0202753
1056	0.0201372	0.0202749
1057	0.0201367	0.0202745
1058	0.0201365	0.0202741
1059	0.0201359	0.0202737
1060	0.0201355	0.0202732
1061	0.0201351	0.0202728
1062	0.0201347	0.0202724
1063	0.0201343	0.020272
1064	0.020134	0.0202716
1065	0.0201335	0.0202712
1066	0.0201331	0.0202708
1067	0.0201328	0.0202705
1068	0.0201323	0.02027
1069	0.020132	0.0202696
1070	0.0201315	0.0202693
1071	0.0201311	0.0202689
1072	0.0201305	0.0202685
1073	0.0201302	0.0202681
1074	0.0201299	0.0202676
1075	0.0201294	0.0202672
1076	0.0201289	0.0202668
1077	0.0201286	0.0202664
1078	0.0201282	0.020266
1079	0.0201278	0.0202656
1080	0.0201275	0.0202652
1081	0.020127	0.0202648
1082	0.0201266	0.0202644
1083	0.0201263	0.020264
1084	0.0201259	0.0202636
1085	0.0201253	0.0202632
1086	0.0201249	0.0202629
1087	0.0201247	0.0202625
1088	0.0201242	0.020262
1089	0.0201238	0.0202616
1090	0.0201233	0.0202612
1091	0.020123	0.0202608
1092	0.0201225	0.0202605
1093	0.0201222	0.0202601
1094	0.0201217	0.0202597
1095	0.0201214	0.0202593
1096	0.0201211	0.0202589
1097	0.0201206	0.0202585
1098	0.0201202	0.0202581
1099	0.0201198	0.0202577
1100	0.0201194	0.0202573
1101	0.0201191	0.0202569
1102	0.0201186	0.0202565
1103	0.0201183	0.0202561
1104	0.0201179	0.0202557
1105	0.0201174	0.0202553
1106	0.020117	0.0202549
1107	0.0201166	0.0202545
1108	0.0201163	0.0202541
1109	0.0201159	0.0202537
1110	0.0201155	0.0202533
1111	0.0201151	0.0202529
1112	0.0201148	0.0202525
1113	0.0201143	0.0202521
1114	0.0201138	0.0202517
1115	0.0201135	0.0202513
1116	0.020113	0.0202509
1117	0.0201126	0.0202506
1118	0.0201123	0.0202502
1119	0.0201119	0.0202497
1120	0.0201116	0.0202493
1121	0.0201112	0.0202489
1122	0.0201106	0.0202485
1123	0.0201104	0.0202482
1124	0.0201099	0.0202478
1125	0.0201094	0.0202474
1126	0.0201091	0.0202469
1127	0.0201087	0.0202465
1128	0.0201083	0.0202462
1129	0.0201079	0.0202458
1130	0.0201075	0.0202454
1131	0.0201071	0.0202451
1132	0.0201067	0.0202447
1133	0.0201064	0.0202442
1134	0.0201059	0.0202439
1135	0.0201055	0.0202435
1136	0.0201051	0.0202431
1137	0.0201047	0.0202427
1138	0.0201045	0.0202423
1139	0.020104	0.0202419
1140	0.0201036	0.0202415
1141	0.0201031	0.0202411
1142	0.0201028	0.0202407
1143	0.0201024	0.0202403
1144	0.0201021	0.0202399
1145	0.0201016	0.0202395
1146	0.0201012	0.0202391
1147	0.0201007	0.0202387
1148	0.0201005	0.0202383
1149	0.0201001	0.0202379
1150	0.0200997	0.0202375
1151	0.0200993	0.0202371
1152	0.0200988	0.0202367
1153	0.0200985	0.0202364
1154	0.020098	0.020236
1155	0.0200978	0.0202357
1156	0.0200973	0.0202353
1157	0.0200968	0.0202349
1158	0.0200965	0.0202345
1159	0.0200962	0.0202342
1160	0.0200957	0.0202338
1161	0.0200953	0.0202334
1162	0.0200949	0.0202331
1163	0.0200946	0.0202327
1164	0.0200941	0.0202323
1165	0.0200938	0.0202319
1166	0.0200934	0.0202315
1167	0.020093	0.0202311
1168	0.0200927	0.0202307
1169	0.0200923	0.0202303
1170	0.0200919	0.0202299
1171	0.0200915	0.0202295
1172	0.0200911	0.0202291
1173	0.0200908	0.0202287
1174	0.0200902	0.0202284
1175	0.0200899	0.020228
1176	0.0200896	0.0202276
1177	0.0200892	0.0202272
1178	0.0200888	0.0202268
1179	0.0200884	0.0202264
1180	0.020088	0.020226
1181	0.0200876	0.0202256
1182	0.0200873	0.0202253
1183	0.0200868	0.0202249
1184	0.0200865	0.0202245
1185	0.0200861	0.0202241
1186	0.0200857	0.0202237
1187	0.0200854	0.0202233
1188	0.0200849	0.0202229
1189	0.0200845	0.0202225
1190	0.0200842	0.0202221
1191	0.0200838	0.0202217
1192	0.0200834	0.0202213
1193	0.020083	0.0202209
1194	0.0200826	0.0202205
1195	0.0200821	0.0202201
1196	0.0200818	0.0202198
1197	0.0200815	0.0202194
1198	0.0200811	0.020219
1199	0.0200806	0.0202186
1200	0.0200802	0.0202183
1201	0.0200799	0.0202179
1202	0.0200795	0.0202176
1203	0.0200791	0.0202172
1204	0.0200787	0.0202168
1205	0.0200784	0.0202164
1206	0.020078	0.020216
1207	0.0200777	0.0202156
1208	0.0200773	0.0202152
1209	0.0200769	0.0202148
1210	0.0200764	0.0202144
1211	0.020076	0.0202141
1212	0.0200756	0.0202137
1213	0.0200753	0.0202133
1214	0.0200749	0.0202129
1215	0.0200746	0.0202125
1216	0.0200742	0.0202122
1217	0.0200738	0.0202119
1218	0.0200734	0.0202115
1219	0.0200731	0.0202111
1220	0.0200727	0.0202107
1221	0.0200722	0.0202103
1222	0.0200719	0.0202099
1223	0.0200716	0.0202095
1224	0.0200711	0.0202091
1225	0.0200707	0.0202088
1226	0.0200703	0.0202084
1227	0.02007	0.0202081
1228	0.0200696	0.0202077
1229	0.0200693	0.0202073
1230	0.0200689	0.020207
1231	0.0200685	0.0202066
1232	0.0200681	0.0202062
1233	0.0200677	0.0202058
1234	0.0200673	0.0202054
1235	0.0200668	0.020205
1236	0.0200665	0.0202046
1237	0.0200662	0.0202043
1238	0.0200657	0.0202038
1239	0.0200654	0.0202034
1240	0.0200651	0.0202031
1241	0.0200646	0.0202027
1242	0.0200642	0.0202023
1243	0.0200639	0.0202019
1244	0.0200635	0.0202016
1245	0.0200632	0.0202012
1246	0.0200628	0.0202008
1247	0.0200624	0.0202004
1248	0.0200619	0.0202001
1249	0.0200616	0.0201997
1250	0.0200613	0.0201993
1251	0.0200608	0.0201989
1252	0.0200605	0.0201985
1253	0.0200601	0.0201981
1254	0.0200598	0.0201977
1255	0.0200593	0.0201973
1256	0.020059	0.0201969
1257	0.0200586	0.0201966
1258	0.0200582	0.0201963
1259	0.0200579	0.0201959
1260	0.0200575	0.0201955
1261	0.0200571	0.0201952
1262	0.0200568	0.0201948
1263	0.0200564	0.0201944
1264	0.020056	0.020194
1265	0.0200556	0.0201936
1266	0.0200552	0.0201932
1267	0.0200548	0.0201929
1268	0.0200545	0.0201925
1269	0.0200541	0.0201921
1270	0.0200537	0.0201917
1271	0.0200533	0.0201913
1272	0.020053	0.020191
1273	0.0200526	0.0201906
1274	0.0200522	0.0201902
1275	0.0200519	0.0201899
1276	0.0200515	0.0201894
1277	0.0200511	0.0201891
1278	0.0200506	0.0201887
1279	0.0200504	0.0201884
1280	0.02005	0.020188
1281	0.0200496	0.0201876
1282	0.0200493	0.0201872
1283	0.0200488	0.0201869
1284	0.0200486	0.0201865
1285	0.0200481	0.0201861
1286	0.0200477	0.0201857
1287	0.0200474	0.0201853
1288	0.0200469	0.020185
1289	0.0200466	0.0201846
1290	0.0200462	0.0201842
1291	0.0200459	0.0201839
1292	0.0200454	0.0201835
1293	0.0200451	0.0201831
1294	0.0200447	0.0201827
1295	0.0200442	0.0201823
1296	0.020044	0.020182
1297	0.0200436	0.0201816
1298	0.0200432	0.0201813
1299	0.0200429	0.0201809
1300	0.0200425	0.0201805
1301	0.0200421	0.0201801
1302	0.0200418	0.0201798
1303	0.0200413	0.0201793
1304	0.020041	0.0201789
1305	0.0200406	0.0201786
1306	0.0200402	0.0201782
1307	0.0200398	0.0201778
1308	0.0200395	0.0201774
1309	0.0200391	0.020177
1310	0.0200387	0.0201766
1311	0.0200383	0.0201763
1312	0.020038	0.0201759
1313	0.0200376	0.0201755
1314	0.0200372	0.0201752
1315	0.0200369	0.0201748
1316	0.0200365	0.0201744
1317	0.0200361	0.0201741
1318	0.0200357	0.0201737
1319	0.0200354	0.0201733
1320	0.020035	0.020173
1321	0.0200347	0.0201726
1322	0.0200343	0.0201723
1323	0.0200339	0.0201719
1324	0.0200336	0.0201715
1325	0.0200332	0.0201712
1326	0.0200328	0.0201708
1327	0.0200325	0.0201704
1328	0.020032	0.02017
1329	0.0200316	0.0201697
1330	0.0200313	0.0201693
1331	0.020031	0.020169
1332	0.0200306	0.0201686
1333	0.0200303	0.0201682
1334	0.0200299	0.0201679
1335	0.0200294	0.0201675
1336	0.0200291	0.0201671
1337	0.0200288	0.0201667
1338	0.0200284	0.0201664
1339	0.020028	0.020166
1340	0.0200276	0.0201656
1341	0.0200273	0.0201652
1342	0.0200269	0.0201648
1343	0.0200266	0.0201645
1344	0.0200261	0.0201641
1345	0.0200258	0.0201638
1346	0.0200254	0.0201634
1347	0.020025	0.020163
1348	0.0200247	0.0201626
1349	0.0200243	0.0201622
1350	0.0200239	0.0201619
1351	0.0200236	0.0201615
1352	0.0200231	0.0201611
1353	0.0200227	0.0201607
1354	0.0200224	0.0201603
1355	0.0200221	0.02016
1356	0.0200217	0.0201596
1357	0.0200213	0.0201593
1358	0.020021	0.0201589
1359	0.0200206	0.0201586
1360	0.0200203	0.0201582
1361	0.0200199	0.0201578
1362	0.0200195	0.0201575
1363	0.0200192	0.0201571
1364	0.0200189	0.0201568
1365	0.0200185	0.0201564
1366	0.0200181	0.020156
1367	0.0200176	0.0201557
1368	0.0200173	0.0201553
1369	0.0200169	0.0201549
1370	0.0200166	0.0201546
1371	0.0200162	0.0201542
1372	0.0200158	0.0201538
1373	0.0200155	0.0201534
1374	0.0200152	0.0201531
1375	0.0200148	0.0201527
1376	0.0200144	0.0201524
1377	0.020014	0.020152
1378	0.0200137	0.0201517
1379	0.0200132	0.0201513
1380	0.0200129	0.0201509
1381	0.0200126	0.0201505
1382	0.0200122	0.0201501
1383	0.0200119	0.0201498
1384	0.0200115	0.0201494
1385	0.0200111	0.020149
1386	0.0200107	0.0201487
1387	0.0200104	0.0201483
1388	0.0200101	0.0201479
1389	0.0200096	0.0201476
1390	0.0200093	0.0201473
1391	0.020009	0.0201469
1392	0.0200085	0.0201465
1393	0.0200082	0.0201462
1394	0.0200078	0.0201458
1395	0.0200074	0.0201454
1396	0.0200071	0.0201451
1397	0.0200068	0.0201447
1398	0.0200063	0.0201443
1399	0.0200061	0.0201439
1400	0.0200057	0.0201435
1401	0.0200053	0.0201431
1402	0.0200049	0.0201428
1403	0.0200046	0.0201424
1404	0.0200041	0.0201421
1405	0.0200037	0.0201417
1406	0.0200034	0.0201413
1407	0.0200031	0.020141
1408	0.0200028	0.0201407
1409	0.0200023	0.0201403
1410	0.020002	0.0201399
1411	0.0200017	0.0201396
1412	0.0200012	0.0201392
1413	0.0200009	0.0201388
1414	0.0200005	0.0201385
1415	0.0200002	0.0201381
1416	0.0199999	0.0201377
