1	0.290983	0.267734
2	0.270415	0.249355
3	0.251801	0.23323
4	0.235476	0.219435
5	0.221508	0.207816
6	0.209751	0.198012
7	0.199837	0.189651
8	0.191385	0.182404
9	0.184067	0.176009
10	0.17761	0.170313
11	0.171859	0.165183
12	0.166687	0.160514
13	0.16198	0.156229
14	0.157656	0.152267
15	0.153668	0.148588
16	0.149958	0.14515
17	0.146496	0.141927
18	0.143247	0.138897
19	0.140196	0.136035
20	0.137314	0.133329
21	0.134588	0.130764
22	0.132007	0.128321
23	0.129551	0.125998
24	0.127212	0.123784
25	0.124986	0.121668
26	0.122854	0.119642
27	0.120818	0.1177
28	0.118866	0.115839
29	0.116993	0.11405
30	0.115195	0.112331
31	0.113468	0.110677
32	0.111804	0.109082
33	0.1102	0.107543
34	0.108651	0.106061
35	0.107162	0.104628
36	0.105721	0.103242
37	0.104328	0.101902
38	0.102983	0.100607
39	0.10168	0.0993516
40	0.100419	0.0981373
41	0.0991945	0.0969594
42	0.0980124	0.0958165
43	0.0968648	0.0947078
44	0.0957502	0.0936332
45	0.0946699	0.0925895
46	0.0936192	0.0915764
47	0.0926002	0.0905904
48	0.0916103	0.089634
49	0.0906478	0.0887016
50	0.0897127	0.0877958
51	0.088801	0.0869164
52	0.0879169	0.0860585
53	0.087055	0.0852242
54	0.0862153	0.0844105
55	0.0854	0.0836181
56	0.0846036	0.0828496
57	0.0838288	0.0820971
58	0.0830732	0.0813644
59	0.082339	0.0806513
60	0.0816207	0.0799549
61	0.0809214	0.079275
62	0.0802379	0.078613
63	0.079572	0.0779665
64	0.0789219	0.0773366
65	0.0782871	0.0767194
66	0.0776683	0.0761185
67	0.0770653	0.075531
68	0.0764735	0.0749564
69	0.0758965	0.074396
70	0.0753328	0.0738478
71	0.0747812	0.0733123
72	0.0742439	0.072788
73	0.0737176	0.0722766
74	0.0732032	0.071776
75	0.0726989	0.0712862
76	0.0722064	0.0708071
77	0.0717248	0.0703378
78	0.0712544	0.0698786
79	0.0707934	0.0694294
80	0.0703416	0.0689903
81	0.0698998	0.0685597
82	0.0694671	0.0681386
83	0.0690429	0.067726
84	0.0686291	0.0673215
85	0.0682221	0.0669259
86	0.0678254	0.0665374
87	0.0674352	0.066158
88	0.0670525	0.0657856
89	0.0666771	0.0654208
90	0.0663109	0.0650626
91	0.0659507	0.0647112
92	0.0655985	0.0643668
93	0.0652519	0.06403
94	0.0649131	0.063699
95	0.0645814	0.0633741
96	0.0642546	0.0630557
97	0.0639353	0.0627437
98	0.0636193	0.0624366
99	0.0633119	0.0621362
100	0.0630086	0.0618404
101	0.0627127	0.0615513
102	0.0624208	0.0612657
103	0.0621356	0.0609866
104	0.0618538	0.0607121
105	0.0615777	0.0604426
106	0.0613068	0.0601782
107	0.0610405	0.0599183
108	0.0607789	0.0596624
109	0.0605223	0.0594121
110	0.06027	0.0591653
111	0.0600228	0.0589234
112	0.0597786	0.0586856
113	0.0595393	0.0584516
114	0.0593043	0.058222
115	0.0590725	0.0579955
116	0.0588459	0.0577737
117	0.0586228	0.0575548
118	0.0584024	0.0573404
119	0.058187	0.0571292
120	0.0579749	0.0569215
121	0.0577658	0.0567171
122	0.0575602	0.0565168
123	0.0573586	0.0563188
124	0.0571597	0.0561244
125	0.0569644	0.0559333
126	0.0567721	0.0557458
127	0.0565825	0.05556
128	0.0563965	0.0553784
129	0.0562131	0.0551995
130	0.0560339	0.0550226
131	0.0558561	0.0548494
132	0.0556812	0.0546783
133	0.0555094	0.0545101
134	0.05534	0.0543446
135	0.0551742	0.0541821
136	0.0550099	0.054021
137	0.0548489	0.0538628
138	0.0546896	0.0537078
139	0.0545324	0.0535544
140	0.0543782	0.0534036
141	0.0542267	0.0532552
142	0.0540769	0.053109
143	0.0539297	0.0529648
144	0.0537846	0.0528224
145	0.0536422	0.0526827
146	0.0535014	0.0525448
147	0.0533627	0.0524094
148	0.0532263	0.0522753
149	0.0530912	0.0521441
150	0.0529587	0.0520137
151	0.0528281	0.0518865
152	0.0526992	0.0517603
153	0.0525731	0.0516359
154	0.052448	0.0515132
155	0.0523245	0.0513931
156	0.052203	0.0512745
157	0.0520833	0.0511578
158	0.0519655	0.0510414
159	0.0518487	0.0509275
160	0.0517348	0.0508156
161	0.0516212	0.0507047
162	0.0515104	0.0505953
163	0.0514007	0.0504884
164	0.0512919	0.0503821
165	0.0511846	0.0502772
166	0.0510794	0.050174
167	0.0509757	0.0500716
168	0.050873	0.0499721
169	0.0507726	0.049873
170	0.050672	0.0497752
171	0.0505737	0.0496785
172	0.0504769	0.0495833
173	0.0503809	0.0494901
174	0.0502869	0.0493978
175	0.050194	0.0493064
176	0.0501015	0.0492173
177	0.0500112	0.0491282
178	0.0499219	0.0490402
179	0.0498337	0.0489536
180	0.0497466	0.0488687
181	0.0496609	0.0487844
182	0.0495765	0.0487016
183	0.049492	0.0486192
184	0.0494098	0.0485382
185	0.0493278	0.0484585
186	0.0492477	0.0483792
187	0.049169	0.0483017
188	0.04909	0.048225
189	0.0490124	0.0481492
190	0.0489364	0.0480747
191	0.0488616	0.0480005
192	0.0487869	0.0479277
193	0.0487133	0.0478558
194	0.0486409	0.0477844
195	0.0485695	0.0477145
196	0.0484983	0.0476456
197	0.0484287	0.0475767
198	0.0483604	0.0475094
199	0.0482918	0.047443
200	0.0482247	0.0473773
201	0.0481582	0.0473121
202	0.0480923	0.0472478
203	0.0480276	0.0471841
204	0.0479639	0.0471215
205	0.047901	0.0470597
206	0.0478379	0.0469986
207	0.0477769	0.0469387
208	0.0477158	0.0468793
209	0.0476558	0.0468202
210	0.0475961	0.046762
211	0.0475379	0.0467042
212	0.0474799	0.0466477
213	0.0474226	0.0465913
214	0.0473663	0.0465362
215	0.0473105	0.0464814
216	0.0472547	0.0464276
217	0.0472006	0.046374
218	0.0471466	0.0463213
219	0.0470937	0.0462689
220	0.0470411	0.0462175
221	0.046989	0.0461666
222	0.0469379	0.0461163
223	0.0468869	0.0460668
224	0.046837	0.0460173
225	0.046787	0.0459686
226	0.0467376	0.0459205
227	0.0466894	0.0458731
228	0.0466419	0.0458264
229	0.0465938	0.0457798
230	0.0465473	0.045734
231	0.0465012	0.0456886
232	0.0464552	0.0456439
233	0.0464105	0.0455994
234	0.0463659	0.0455556
235	0.0463222	0.0455128
236	0.0462786	0.0454699
237	0.0462352	0.0454272
238	0.0461922	0.0453859
239	0.0461497	0.0453447
240	0.0461088	0.0453039
241	0.0460675	0.0452639
242	0.0460269	0.045224
243	0.0459867	0.0451841
244	0.0459461	0.0451454
245	0.0459065	0.045107
246	0.0458685	0.0450686
247	0.0458291	0.0450308
248	0.0457916	0.0449934
249	0.0457539	0.0449565
250	0.0457163	0.0449198
251	0.045679	0.0448836
252	0.0456433	0.0448481
253	0.0456063	0.0448126
254	0.0455709	0.0447781
255	0.0455358	0.0447432
256	0.0455013	0.0447089
257	0.0454665	0.0446752
258	0.045433	0.0446415
259	0.0453986	0.0446083
260	0.0453652	0.0445759
261	0.0453322	0.0445434
262	0.045299	0.0445116
263	0.0452671	0.0444802
264	0.0452349	0.0444487
265	0.0452034	0.0444174
266	0.0451719	0.0443866
267	0.0451403	0.0443558
268	0.0451101	0.0443258
269	0.0450792	0.044296
270	0.0450498	0.0442667
271	0.0450199	0.0442375
272	0.0449909	0.0442087
273	0.0449614	0.0441802
274	0.0449323	0.0441517
275	0.0449038	0.0441237
276	0.0448759	0.0440963
277	0.0448486	0.0440687
278	0.04482	0.0440415
279	0.0447928	0.044015
280	0.0447656	0.0439885
281	0.0447387	0.0439623
282	0.0447123	0.0439363
283	0.0446859	0.0439105
284	0.0446594	0.043885
285	0.0446342	0.0438598
286	0.0446082	0.0438347
287	0.0445831	0.0438098
288	0.0445578	0.0437855
289	0.044533	0.0437613
290	0.0445089	0.0437371
291	0.0444853	0.0437132
292	0.044461	0.0436896
293	0.0444373	0.0436665
294	0.0444134	0.0436434
295	0.0443906	0.0436207
296	0.0443677	0.0435978
297	0.0443448	0.0435754
298	0.0443218	0.043553
299	0.044299	0.043531
300	0.0442761	0.0435091
301	0.0442553	0.0434876
302	0.0442327	0.0434665
303	0.0442119	0.0434452
304	0.0441902	0.0434245
305	0.0441687	0.0434038
306	0.0441481	0.043383
307	0.0441279	0.0433625
308	0.0441059	0.0433423
309	0.0440855	0.0433222
310	0.0440661	0.0433023
311	0.0440457	0.0432827
312	0.0440257	0.0432636
313	0.0440064	0.0432445
314	0.0439866	0.0432256
315	0.0439672	0.0432063
316	0.0439477	0.0431876
317	0.0439293	0.0431692
318	0.0439103	0.0431507
319	0.0438921	0.0431323
320	0.0438733	0.0431142
321	0.0438556	0.0430965
322	0.0438375	0.0430789
323	0.0438196	0.0430612
324	0.0438015	0.0430435
325	0.0437839	0.0430261
326	0.0437662	0.0430093
327	0.0437487	0.0429921
328	0.0437317	0.042975
329	0.0437141	0.0429582
330	0.0436975	0.0429419
331	0.0436806	0.0429255
332	0.0436648	0.0429092
333	0.0436482	0.0428931
334	0.0436321	0.0428773
335	0.043616	0.0428614
336	0.0436002	0.0428459
337	0.0435837	0.0428302
338	0.043568	0.042815
339	0.0435525	0.0427995
340	0.0435372	0.0427845
341	0.0435218	0.0427695
342	0.0435062	0.0427545
343	0.0434916	0.0427399
344	0.0434755	0.0427254
345	0.0434616	0.0427106
346	0.0434465	0.0426962
347	0.0434323	0.0426818
348	0.0434174	0.0426677
349	0.0434033	0.0426538
350	0.0433888	0.0426398
351	0.0433749	0.0426259
352	0.0433609	0.0426125
353	0.043347	0.0425992
354	0.0433336	0.0425857
355	0.04332	0.0425721
356	0.0433064	0.0425585
357	0.0432925	0.0425455
358	0.043279	0.0425326
359	0.0432661	0.0425197
360	0.0432524	0.0425066
361	0.0432399	0.0424938
362	0.0432273	0.0424812
363	0.043214	0.0424687
364	0.043201	0.0424564
365	0.0431885	0.042444
366	0.0431768	0.0424316
367	0.043164	0.0424196
368	0.0431513	0.0424075
369	0.0431393	0.0423955
370	0.0431275	0.0423837
371	0.043115	0.0423721
372	0.0431028	0.0423606
373	0.043091	0.0423488
374	0.0430794	0.0423373
375	0.0430676	0.042326
376	0.043056	0.0423144
377	0.0430441	0.042303
378	0.0430332	0.0422919
379	0.0430218	0.0422808
380	0.0430108	0.0422699
381	0.0429995	0.0422587
382	0.0429885	0.0422481
383	0.0429776	0.0422375
384	0.0429664	0.0422269
385	0.0429553	0.0422165
386	0.0429448	0.0422057
387	0.0429339	0.042195
388	0.0429233	0.0421844
389	0.0429131	0.0421741
390	0.042902	0.0421638
391	0.0428926	0.0421538
392	0.042882	0.0421435
393	0.0428719	0.0421337
394	0.0428617	0.0421239
395	0.0428517	0.0421139
396	0.0428414	0.0421042
397	0.0428311	0.0420943
398	0.0428213	0.0420848
399	0.0428121	0.0420754
400	0.0428019	0.0420657
401	0.042792	0.0420562
402	0.0427821	0.042047
403	0.0427733	0.0420376
404	0.0427636	0.0420283
405	0.0427541	0.0420191
406	0.042745	0.0420101
407	0.0427357	0.042001
408	0.0427269	0.0419919
409	0.0427173	0.0419828
410	0.0427083	0.0419738
411	0.0426998	0.041965
412	0.0426902	0.0419564
413	0.0426811	0.0419476
414	0.0426718	0.0419387
415	0.0426635	0.04193
416	0.0426547	0.0419214
417	0.0426458	0.0419131
418	0.0426369	0.0419042
419	0.0426291	0.0418959
420	0.0426205	0.0418874
421	0.0426118	0.0418792
422	0.0426033	0.0418708
423	0.0425946	0.0418626
424	0.0425863	0.0418544
425	0.0425776	0.0418463
426	0.0425699	0.0418383
427	0.042562	0.0418302
428	0.0425536	0.0418222
429	0.0425454	0.0418143
430	0.0425375	0.0418064
431	0.0425291	0.0417989
432	0.0425213	0.041791
433	0.0425135	0.0417834
434	0.042505	0.0417756
435	0.0424981	0.0417681
436	0.04249	0.0417604
437	0.0424828	0.0417529
438	0.0424744	0.0417456
439	0.0424671	0.0417382
440	0.0424597	0.0417308
441	0.0424516	0.0417234
442	0.0424448	0.0417163
443	0.0424367	0.0417091
444	0.0424293	0.0417021
445	0.0424217	0.0416949
446	0.0424147	0.0416877
447	0.0424078	0.0416805
448	0.0424005	0.0416736
449	0.0423933	0.0416667
450	0.042386	0.0416596
451	0.0423796	0.0416525
452	0.0423723	0.0416456
453	0.0423653	0.0416385
454	0.0423582	0.0416316
455	0.042351	0.0416251
456	0.042344	0.0416183
457	0.0423366	0.0416115
458	0.0423309	0.041605
459	0.0423234	0.0415983
460	0.0423168	0.0415916
461	0.0423101	0.0415847
462	0.0423032	0.0415782
463	0.0422968	0.0415718
464	0.0422902	0.0415654
465	0.0422836	0.0415588
466	0.0422768	0.0415523
467	0.0422696	0.0415459
468	0.0422637	0.0415395
469	0.0422574	0.041533
470	0.0422509	0.0415265
471	0.0422445	0.0415204
472	0.0422382	0.0415142
473	0.0422323	0.0415079
474	0.0422256	0.0415017
475	0.0422195	0.0414956
476	0.0422133	0.0414895
477	0.0422066	0.0414834
478	0.0421999	0.0414774
479	0.0421943	0.0414714
480	0.0421886	0.0414651
481	0.042182	0.041459
482	0.0421762	0.0414532
483	0.0421702	0.0414471
484	0.0421647	0.0414413
485	0.0421578	0.0414356
486	0.0421526	0.0414298
487	0.0421463	0.041424
488	0.0421411	0.0414182
489	0.0421342	0.0414123
490	0.042129	0.0414065
491	0.0421235	0.0414013
492	0.0421169	0.0413954
493	0.0421116	0.04139
494	0.0421058	0.0413844
495	0.0420995	0.0413788
496	0.0420943	0.0413731
497	0.0420879	0.0413675
498	0.0420828	0.041362
499	0.042077	0.0413564
500	0.0420712	0.0413512
501	0.0420659	0.0413458
502	0.04206	0.0413405
503	0.0420546	0.0413349
504	0.0420491	0.0413291
505	0.0420433	0.0413238
506	0.0420383	0.0413183
507	0.042033	0.0413128
508	0.0420274	0.0413076
509	0.0420218	0.0413023
510	0.0420168	0.0412971
511	0.0420111	0.0412918
512	0.0420057	0.0412868
513	0.0420003	0.0412816
514	0.0419958	0.0412764
515	0.0419891	0.041271
516	0.0419849	0.0412661
517	0.0419799	0.0412609
518	0.041974	0.0412558
519	0.0419693	0.0412506
520	0.0419634	0.0412457
521	0.0419588	0.0412406
522	0.0419534	0.0412354
523	0.0419479	0.0412303
524	0.041943	0.0412253
525	0.041938	0.0412205
526	0.0419325	0.0412156
527	0.041928	0.0412108
528	0.0419231	0.0412056
529	0.0419179	0.0412006
530	0.0419128	0.0411958
531	0.0419083	0.0411909
532	0.0419032	0.0411859
533	0.041898	0.0411811
534	0.0418935	0.0411764
535	0.0418884	0.0411716
536	0.0418837	0.0411668
537	0.0418783	0.0411622
538	0.0418736	0.0411574
539	0.0418689	0.0411525
540	0.0418646	0.0411479
541	0.0418589	0.0411432
542	0.0418542	0.0411384
543	0.0418504	0.0411339
544	0.0418451	0.0411293
545	0.0418404	0.0411247
546	0.041836	0.04112
547	0.0418311	0.0411151
548	0.0418264	0.0411106
549	0.0418221	0.0411062
550	0.0418171	0.0411016
551	0.0418125	0.0410971
552	0.0418081	0.0410925
553	0.0418037	0.041088
554	0.0417988	0.0410836
555	0.041794	0.0410791
556	0.0417896	0.0410745
557	0.0417856	0.0410702
558	0.0417808	0.0410656
559	0.0417763	0.0410612
560	0.0417716	0.0410566
561	0.041767	0.0410522
562	0.0417624	0.0410477
563	0.0417578	0.0410434
564	0.0417533	0.0410391
565	0.0417488	0.0410346
566	0.041745	0.0410304
567	0.0417405	0.0410261
568	0.0417361	0.0410218
569	0.0417313	0.0410177
570	0.0417271	0.0410133
571	0.0417228	0.041009
572	0.0417177	0.0410047
573	0.0417142	0.0410003
574	0.0417092	0.040996
575	0.0417048	0.0409917
576	0.0417004	0.0409876
577	0.0416964	0.0409834
578	0.0416932	0.0409791
579	0.0416885	0.0409747
580	0.0416842	0.0409707
581	0.0416797	0.0409664
582	0.0416756	0.0409622
583	0.041671	0.0409582
584	0.0416671	0.0409539
585	0.0416625	0.0409497
586	0.0416584	0.0409456
587	0.0416544	0.0409416
588	0.0416498	0.0409374
589	0.0416457	0.0409334
590	0.0416416	0.0409292
591	0.0416377	0.0409252
592	0.0416337	0.0409213
593	0.0416292	0.0409173
594	0.0416252	0.0409133
595	0.0416207	0.0409094
596	0.0416166	0.0409052
597	0.0416121	0.0409012
598	0.0416077	0.0408969
599	0.0416039	0.040893
600	0.0416008	0.040889
601	0.0415958	0.040885
602	0.0415923	0.0408811
603	0.0415881	0.0408772
604	0.041584	0.0408732
605	0.0415802	0.0408693
606	0.0415759	0.0408654
607	0.0415718	0.0408614
608	0.041568	0.0408574
609	0.0415639	0.0408532
610	0.0415595	0.0408495
611	0.0415563	0.0408457
612	0.0415523	0.0408417
613	0.0415478	0.0408378
614	0.0415441	0.0408339
615	0.04154	0.0408301
616	0.0415359	0.0408263
617	0.0415324	0.0408224
618	0.0415285	0.0408184
619	0.0415243	0.0408147
620	0.0415206	0.0408108
621	0.0415166	0.0408068
622	0.0415135	0.0408031
623	0.0415088	0.0407992
624	0.0415051	0.0407955
625	0.041501	0.0407918
626	0.0414972	0.0407879
627	0.0414937	0.0407842
628	0.0414892	0.0407804
629	0.0414858	0.0407767
630	0.0414821	0.0407729
631	0.0414779	0.040769
632	0.0414745	0.0407652
633	0.0414702	0.0407615
634	0.0414672	0.040758
635	0.0414625	0.0407544
636	0.0414582	0.0407505
637	0.0414554	0.0407467
638	0.0414516	0.040743
639	0.0414478	0.0407393
640	0.0414438	0.0407356
641	0.04144	0.0407319
642	0.0414363	0.0407279
643	0.0414326	0.0407243
644	0.0414282	0.0407206
645	0.0414251	0.0407169
646	0.0414222	0.0407133
647	0.0414181	0.0407098
648	0.0414137	0.040706
649	0.04141	0.0407024
650	0.0414069	0.0406989
651	0.0414026	0.0406951
652	0.0413993	0.0406913
653	0.0413961	0.0406876
654	0.041392	0.0406839
655	0.0413885	0.0406803
656	0.0413844	0.0406766
657	0.0413814	0.0406729
658	0.0413777	0.0406692
659	0.0413735	0.0406657
660	0.0413699	0.0406623
661	0.0413659	0.0406587
662	0.0413623	0.0406551
663	0.0413586	0.0406514
664	0.0413552	0.0406479
665	0.0413515	0.0406443
666	0.0413479	0.0406408
667	0.041344	0.0406373
668	0.0413407	0.0406338
669	0.0413373	0.0406301
670	0.0413338	0.0406265
671	0.0413297	0.040623
672	0.0413264	0.0406194
673	0.0413235	0.040616
674	0.0413192	0.0406125
675	0.041316	0.0406089
676	0.0413121	0.0406055
677	0.0413081	0.0406018
678	0.0413055	0.0405984
679	0.0413015	0.0405949
680	0.0412979	0.0405913
681	0.0412942	0.0405876
682	0.041291	0.0405841
683	0.0412871	0.0405806
684	0.0412832	0.0405773
685	0.04128	0.0405738
686	0.0412765	0.0405703
687	0.0412737	0.0405667
688	0.0412697	0.0405632
689	0.0412659	0.0405598
690	0.0412618	0.0405564
691	0.0412587	0.0405529
692	0.0412554	0.0405495
693	0.0412523	0.040546
694	0.0412484	0.0405425
695	0.0412453	0.040539
696	0.0412414	0.0405356
697	0.0412382	0.0405322
698	0.0412351	0.0405287
699	0.0412311	0.0405253
700	0.0412276	0.040522
701	0.0412241	0.0405185
702	0.0412203	0.0405151
703	0.0412175	0.0405119
704	0.041214	0.0405085
705	0.0412101	0.040505
706	0.041207	0.0405015
707	0.0412034	0.0404981
708	0.0412004	0.0404947
709	0.0411967	0.0404914
710	0.0411932	0.040488
711	0.04119	0.0404846
712	0.0411865	0.0404814
713	0.0411828	0.040478
714	0.0411798	0.0404749
715	0.0411761	0.0404716
716	0.0411728	0.0404681
717	0.0411693	0.0404646
718	0.0411655	0.0404611
719	0.0411626	0.0404577
720	0.0411593	0.0404543
721	0.0411552	0.0404508
722	0.0411525	0.0404474
723	0.0411487	0.0404441
724	0.0411447	0.0404407
725	0.041142	0.0404374
726	0.0411381	0.040434
727	0.0411347	0.0404306
728	0.0411314	0.0404272
729	0.0411279	0.0404238
730	0.0411246	0.0404204
731	0.0411217	0.0404171
732	0.041118	0.0404137
733	0.0411148	0.0404104
734	0.0411118	0.040407
735	0.0411085	0.0404037
736	0.0411044	0.0404004
737	0.0411016	0.0403971
738	0.0410986	0.0403938
739	0.041094	0.0403905
740	0.0410915	0.0403873
741	0.0410879	0.0403839
742	0.0410851	0.0403806
743	0.0410815	0.0403774
744	0.0410781	0.040374
745	0.0410744	0.0403707
746	0.0410716	0.0403674
747	0.0410688	0.0403642
748	0.0410644	0.040361
749	0.0410614	0.0403576
750	0.041058	0.0403541
751	0.0410549	0.0403509
752	0.0410515	0.0403478
753	0.0410478	0.0403446
754	0.0410451	0.0403413
755	0.0410416	0.040338
756	0.0410387	0.0403348
757	0.0410355	0.0403315
758	0.0410314	0.0403281
759	0.0410286	0.0403248
760	0.0410249	0.0403215
761	0.0410219	0.0403181
762	0.0410183	0.0403148
763	0.0410151	0.0403116
764	0.0410118	0.0403082
765	0.0410088	0.0403049
766	0.0410046	0.0403016
767	0.0410017	0.0402984
768	0.0409986	0.040295
769	0.0409956	0.0402917
770	0.0409923	0.0402885
771	0.0409891	0.0402852
772	0.0409854	0.0402819
773	0.0409823	0.0402788
774	0.0409791	0.0402756
775	0.0409752	0.0402723
776	0.0409722	0.040269
777	0.0409691	0.0402658
778	0.0409657	0.0402626
779	0.040963	0.0402595
780	0.040959	0.0402563
781	0.040956	0.040253
782	0.0409532	0.0402498
783	0.0409492	0.0402467
784	0.0409465	0.0402436
785	0.0409428	0.0402403
786	0.0409397	0.0402372
787	0.0409369	0.0402339
788	0.0409333	0.0402308
789	0.0409299	0.0402275
790	0.0409262	0.0402244
791	0.0409229	0.0402212
792	0.0409205	0.040218
793	0.0409171	0.0402147
794	0.0409137	0.0402115
795	0.0409108	0.0402082
796	0.0409074	0.040205
797	0.0409041	0.0402017
798	0.0409011	0.0401986
799	0.0408975	0.0401953
800	0.0408946	0.0401921
801	0.0408918	0.040189
802	0.0408882	0.0401858
803	0.0408855	0.0401826
804	0.0408822	0.0401795
805	0.0408785	0.0401761
806	0.040875	0.0401728
807	0.0408722	0.0401697
808	0.0408693	0.0401666
809	0.0408657	0.0401634
810	0.0408625	0.0401602
811	0.0408589	0.0401571
812	0.0408563	0.040154
813	0.0408529	0.040151
814	0.0408498	0.0401477
815	0.0408467	0.0401446
816	0.0408437	0.0401415
817	0.040841	0.0401383
818	0.0408375	0.0401351
819	0.0408334	0.040132
820	0.0408309	0.0401289
821	0.0408274	0.0401258
822	0.0408242	0.0401226
823	0.0408212	0.0401195
824	0.0408175	0.0401164
825	0.040815	0.0401132
826	0.0408115	0.0401101
827	0.0408083	0.040107
828	0.0408053	0.0401038
829	0.0408016	0.0401007
830	0.0407992	0.0400975
831	0.0407962	0.0400944
832	0.0407925	0.0400912
833	0.0407894	0.0400879
834	0.0407864	0.0400849
835	0.040783	0.0400816
836	0.0407796	0.0400784
837	0.0407765	0.0400755
838	0.0407735	0.0400724
839	0.0407701	0.0400693
840	0.0407676	0.0400662
841	0.0407643	0.0400633
842	0.0407615	0.0400602
843	0.0407582	0.040057
844	0.0407548	0.0400538
845	0.0407521	0.0400508
846	0.0407482	0.0400477
847	0.0407448	0.0400446
848	0.0407419	0.0400414
849	0.040739	0.0400384
850	0.0407355	0.0400351
851	0.0407327	0.0400319
852	0.0407298	0.0400287
853	0.0407263	0.0400254
854	0.0407236	0.0400223
855	0.0407205	0.0400193
856	0.0407169	0.0400162
857	0.0407145	0.040013
858	0.0407117	0.0400098
859	0.0407074	0.0400066
860	0.0407047	0.0400034
861	0.0407014	0.0400003
862	0.0406979	0.0399971
863	0.0406957	0.0399938
864	0.0406924	0.039991
865	0.0406892	0.0399879
866	0.0406865	0.0399847
867	0.0406828	0.0399815
868	0.0406798	0.0399786
869	0.0406768	0.0399755
870	0.040673	0.0399724
871	0.0406704	0.0399693
872	0.040667	0.0399662
873	0.0406638	0.0399632
874	0.0406612	0.0399602
875	0.0406581	0.0399571
876	0.0406548	0.039954
877	0.040652	0.0399509
878	0.0406488	0.0399478
879	0.0406457	0.0399448
880	0.0406422	0.0399417
881	0.0406394	0.0399386
882	0.0406365	0.0399355
883	0.0406332	0.0399326
884	0.0406299	0.0399296
885	0.0406267	0.0399265
886	0.0406246	0.0399233
887	0.0406209	0.0399202
888	0.0406178	0.039917
889	0.0406147	0.0399141
890	0.0406115	0.039911
891	0.0406082	0.0399081
892	0.0406057	0.039905
893	0.0406018	0.0399019
894	0.040599	0.0398988
895	0.0405959	0.0398957
896	0.0405933	0.0398926
897	0.0405902	0.0398896
898	0.0405869	0.0398865
899	0.0405846	0.0398835
900	0.0405808	0.0398807
901	0.0405776	0.0398777
902	0.0405743	0.0398747
903	0.0405716	0.0398716
904	0.0405685	0.0398686
905	0.0405659	0.0398656
906	0.0405618	0.0398626
907	0.0405596	0.0398596
908	0.0405565	0.0398566
909	0.0405533	0.0398534
910	0.04055	0.0398504
911	0.040547	0.0398473
912	0.040544	0.0398443
913	0.0405404	0.0398413
914	0.0405379	0.0398382
915	0.0405351	0.0398352
916	0.0405323	0.0398321
917	0.0405293	0.0398291
918	0.0405257	0.039826
919	0.0405226	0.039823
920	0.0405199	0.0398199
921	0.0405168	0.0398168
922	0.0405146	0.039814
923	0.0405109	0.0398109
924	0.0405082	0.0398079
925	0.0405049	0.039805
926	0.0405013	0.0398019
927	0.0404987	0.0397989
928	0.0404955	0.0397958
929	0.0404928	0.0397928
930	0.0404895	0.0397898
931	0.0404863	0.0397869
932	0.0404832	0.0397838
933	0.0404802	0.0397809
934	0.0404777	0.0397778
935	0.0404747	0.039775
936	0.0404716	0.039772
937	0.0404689	0.0397691
938	0.0404654	0.039766
939	0.0404627	0.039763
940	0.0404594	0.0397601
941	0.0404566	0.039757
942	0.0404548	0.039754
943	0.040451	0.0397511
944	0.0404482	0.039748
945	0.0404448	0.0397451
946	0.0404416	0.0397422
947	0.0404384	0.0397393
948	0.0404361	0.0397363
949	0.0404329	0.0397333
950	0.0404296	0.0397302
951	0.0404269	0.0397273
952	0.0404241	0.0397244
953	0.040421	0.0397215
954	0.0404182	0.0397186
955	0.0404149	0.0397158
956	0.0404118	0.0397127
957	0.0404095	0.0397097
958	0.0404063	0.0397066
959	0.0404029	0.0397036
960	0.0404002	0.0397007
961	0.0403968	0.0396977
962	0.0403944	0.0396947
963	0.0403916	0.0396919
964	0.0403878	0.0396889
965	0.0403852	0.0396859
966	0.0403825	0.0396829
967	0.04038	0.0396801
968	0.0403759	0.0396771
969	0.0403738	0.0396743
970	0.0403711	0.0396713
971	0.0403677	0.0396683
972	0.040365	0.0396654
973	0.0403619	0.0396625
974	0.0403586	0.0396595
975	0.0403553	0.0396566
976	0.0403526	0.0396536
977	0.0403502	0.0396506
978	0.0403464	0.0396478
979	0.0403438	0.0396449
980	0.0403418	0.0396419
981	0.0403381	0.0396392
982	0.0403362	0.0396363
983	0.0403319	0.0396333
984	0.0403294	0.0396305
985	0.0403267	0.0396277
986	0.0403236	0.0396249
987	0.0403212	0.039622
988	0.0403183	0.0396191
989	0.0403147	0.0396162
990	0.0403118	0.0396134
991	0.0403092	0.0396104
992	0.0403061	0.0396075
993	0.0403034	0.0396046
994	0.0403002	0.0396018
995	0.0402973	0.039599
996	0.0402948	0.0395961
997	0.0402916	0.0395931
998	0.0402887	0.0395902
999	0.040286	0.0395873
1000	0.0402834	0.0395845
1001	0.0402798	0.0395817
1002	0.0402776	0.0395787
1003	0.0402745	0.0395758
1004	0.040272	0.0395729
1005	0.0402694	0.0395702
1006	0.0402657	0.0395672
1007	0.0402628	0.0395645
1008	0.04026	0.0395616
1009	0.0402578	0.0395586
1010	0.0402542	0.0395557
1011	0.0402517	0.0395528
1012	0.0402492	0.03955
1013	0.0402457	0.0395471
1014	0.0402429	0.0395442
1015	0.0402401	0.0395414
1016	0.0402371	0.0395385
1017	0.0402344	0.0395358
1018	0.0402315	0.0395329
1019	0.0402292	0.03953
1020	0.0402263	0.0395272
1021	0.0402225	0.0395244
1022	0.0402203	0.0395216
1023	0.0402176	0.0395188
1024	0.0402145	0.039516
1025	0.0402118	0.0395131
1026	0.0402093	0.0395104
1027	0.0402059	0.0395076
1028	0.0402031	0.0395048
1029	0.0402007	0.039502
1030	0.0401981	0.0394991
1031	0.040195	0.0394963
1032	0.0401923	0.0394936
1033	0.0401895	0.0394908
1034	0.0401866	0.039488
1035	0.0401838	0.0394853
1036	0.040181	0.0394825
1037	0.040178	0.0394797
1038	0.0401756	0.0394769
1039	0.0401723	0.0394742
1040	0.0401699	0.0394713
1041	0.0401666	0.0394687
1042	0.0401635	0.0394658
1043	0.0401614	0.0394631
1044	0.0401587	0.0394603
1045	0.0401553	0.0394576
1046	0.040153	0.0394548
1047	0.0401503	0.0394521
1048	0.0401476	0.0394493
1049	0.0401442	0.0394466
1050	0.0401418	0.0394438
1051	0.0401391	0.0394411
1052	0.0401365	0.0394384
1053	0.0401342	0.0394356
1054	0.0401309	0.0394328
1055	0.0401281	0.0394301
1056	0.0401261	0.0394274
1057	0.0401227	0.0394247
1058	0.0401196	0.039422
1059	0.0401175	0.0394193
1060	0.0401143	0.0394165
1061	0.0401119	0.0394137
1062	0.040109	0.0394109
1063	0.0401067	0.0394083
1064	0.0401041	0.0394056
1065	0.0401011	0.0394029
1066	0.040098	0.0394
1067	0.0400955	0.0393973
1068	0.0400926	0.0393946
1069	0.0400904	0.0393919
1070	0.0400869	0.0393892
1071	0.040085	0.0393866
1072	0.0400818	0.039384
1073	0.0400787	0.0393812
1074	0.0400765	0.0393785
1075	0.0400739	0.0393758
1076	0.0400717	0.0393731
1077	0.0400687	0.0393705
1078	0.0400661	0.0393677
1079	0.0400631	0.039365
1080	0.0400604	0.0393624
1081	0.0400576	0.0393597
1082	0.0400549	0.039357
1083	0.0400524	0.0393544
1084	0.0400496	0.0393516
1085	0.0400468	0.0393488
1086	0.0400442	0.0393462
1087	0.0400417	0.0393436
1088	0.0400389	0.0393408
1089	0.0400362	0.039338
1090	0.0400339	0.0393354
1091	0.0400311	0.0393327
1092	0.040028	0.03933
1093	0.0400256	0.0393273
1094	0.0400222	0.0393245
1095	0.0400206	0.0393219
1096	0.0400173	0.0393193
1097	0.0400147	0.0393167
1098	0.0400124	0.039314
1099	0.0400099	0.0393114
1100	0.0400071	0.0393089
1101	0.0400048	0.0393061
1102	0.0400018	0.0393035
1103	0.0399994	0.0393009
