1	0.224008	0.209995
2	0.211698	0.199054
3	0.20069	0.189278
4	0.190852	0.180506
5	0.182029	0.172646
6	0.174121	0.165563
7	0.167	0.159159
8	0.16056	0.153332
9	0.1547	0.147994
10	0.149337	0.143089
11	0.144404	0.138555
12	0.139845	0.134351
13	0.135621	0.130448
14	0.131696	0.126806
15	0.128035	0.123402
16	0.124615	0.120217
17	0.121413	0.117226
18	0.118406	0.114416
19	0.115583	0.11177
20	0.112922	0.109276
21	0.110415	0.106922
22	0.108049	0.104695
23	0.105808	0.102587
24	0.103688	0.100589
25	0.101679	0.0986932
26	0.099773	0.0968932
27	0.0979608	0.0951804
28	0.0962391	0.0935495
29	0.0946006	0.0919958
30	0.0930366	0.0905125
31	0.0915449	0.0890982
32	0.090122	0.087745
33	0.0887608	0.0864529
34	0.0874595	0.0852144
35	0.086215	0.08403
36	0.0850227	0.0828951
37	0.0838799	0.0818058
38	0.0827848	0.0807609
39	0.0817331	0.0797574
40	0.0807215	0.0787922
41	0.0797515	0.0778657
42	0.0788165	0.0769734
43	0.0779204	0.0761128
44	0.0770564	0.0752859
45	0.0762218	0.0744886
46	0.0754203	0.0737198
47	0.0746448	0.0729776
48	0.0738988	0.0722609
49	0.0731767	0.0715703
50	0.0724792	0.0709013
51	0.0718069	0.0702556
52	0.0711572	0.06963
53	0.0705272	0.0690257
54	0.0699186	0.0684395
55	0.0693295	0.0678741
56	0.0687583	0.0673252
57	0.0682067	0.0667924
58	0.0676699	0.0662769
59	0.0671508	0.065776
60	0.0666477	0.0652916
61	0.0661587	0.0648202
62	0.0656842	0.0643626
63	0.0652232	0.0639188
64	0.0647753	0.063487
65	0.0643401	0.0630677
66	0.0639183	0.0626605
67	0.0635075	0.0622635
68	0.0631087	0.0618788
69	0.0627203	0.0615035
70	0.0623421	0.0611385
71	0.0619738	0.0607832
72	0.0616159	0.0604367
73	0.0612682	0.0601003
74	0.0609275	0.0597714
75	0.0605966	0.0594513
76	0.0602747	0.059139
77	0.0599605	0.058835
78	0.0596542	0.0585383
79	0.0593552	0.0582488
80	0.0590639	0.0579666
81	0.0587783	0.0576912
82	0.058501	0.0574225
83	0.0582283	0.0571595
84	0.0579646	0.0569029
85	0.0577064	0.0566528
86	0.0574539	0.0564083
87	0.0572071	0.0561688
88	0.0569664	0.0559351
89	0.0567308	0.0557064
90	0.056501	0.0554834
91	0.0562751	0.0552654
92	0.0560552	0.0550509
93	0.0558398	0.0548424
94	0.0556294	0.054638
95	0.0554227	0.0544382
96	0.05522	0.0542421
97	0.0550232	0.0540507
98	0.054831	0.053863
99	0.0546412	0.0536796
100	0.0544546	0.0534997
101	0.0542738	0.0533229
102	0.0540959	0.0531506
103	0.0539216	0.052981
104	0.0537511	0.0528149
105	0.0535842	0.0526524
106	0.0534195	0.0524929
107	0.0532589	0.0523363
108	0.0531018	0.0521836
109	0.0529461	0.0520334
110	0.0527949	0.0518857
111	0.0526456	0.051741
112	0.0525001	0.0515994
113	0.0523569	0.0514603
114	0.0522157	0.0513233
115	0.0520783	0.0511898
116	0.0519434	0.0510579
117	0.0518102	0.0509287
118	0.0516796	0.0508017
119	0.0515516	0.0506774
120	0.0514259	0.0505552
121	0.0513021	0.0504345
122	0.0511807	0.0503165
123	0.0510612	0.0502001
124	0.0509443	0.0500859
125	0.0508295	0.0499741
126	0.050716	0.0498633
127	0.0506048	0.0497552
128	0.0504952	0.0496488
129	0.0503876	0.0495437
130	0.0502821	0.0494408
131	0.0501773	0.0493394
132	0.0500752	0.0492399
133	0.0499751	0.0491415
134	0.0498761	0.0490453
135	0.0497783	0.0489505
136	0.0496829	0.0488567
137	0.0495879	0.0487651
138	0.0494956	0.0486749
139	0.0494038	0.0485858
140	0.0493138	0.0484984
141	0.0492255	0.0484117
142	0.0491385	0.0483268
143	0.0490525	0.0482429
144	0.0489676	0.0481606
145	0.0488848	0.04808
146	0.0488027	0.0479999
147	0.0487228	0.047921
148	0.0486426	0.0478436
149	0.0485649	0.0477668
150	0.048487	0.0476915
151	0.0484113	0.0476173
152	0.0483361	0.0475439
153	0.0482626	0.0474721
154	0.0481894	0.047401
155	0.0481175	0.0473313
156	0.0480467	0.047262
157	0.0479769	0.047194
158	0.0479077	0.0471269
159	0.0478397	0.0470608
160	0.047773	0.0469954
161	0.0477075	0.046931
162	0.0476426	0.0468675
163	0.0475782	0.0468049
164	0.0475152	0.0467432
165	0.0474522	0.0466824
166	0.047391	0.0466217
167	0.0473298	0.0465624
168	0.0472703	0.0465034
169	0.0472099	0.0464458
170	0.0471521	0.0463886
171	0.0470936	0.0463324
172	0.0470371	0.0462765
173	0.0469808	0.0462218
174	0.0469253	0.0461674
175	0.0468708	0.0461141
176	0.0468161	0.0460608
177	0.0467629	0.0460089
178	0.0467104	0.045957
179	0.0466577	0.0459062
180	0.0466063	0.0458559
181	0.0465555	0.0458061
182	0.0465049	0.0457569
183	0.0464551	0.0457083
184	0.0464063	0.0456604
185	0.0463569	0.045613
186	0.0463098	0.0455663
187	0.0462626	0.0455199
188	0.0462151	0.0454744
189	0.0461682	0.045429
190	0.046123	0.0453845
191	0.0460775	0.0453402
192	0.0460334	0.0452965
193	0.0459891	0.0452531
194	0.0459455	0.0452104
195	0.0459021	0.0451684
196	0.04586	0.0451268
197	0.0458171	0.0450853
198	0.0457754	0.0450445
199	0.0457343	0.0450046
200	0.0456929	0.0449645
201	0.0456528	0.0449248
202	0.0456135	0.044886
203	0.0455736	0.0448476
204	0.0455345	0.0448092
205	0.045496	0.0447717
206	0.0454573	0.044734
207	0.0454194	0.044697
208	0.0453818	0.0446603
209	0.0453445	0.0446236
210	0.0453072	0.0445877
211	0.0452724	0.0445522
212	0.0452361	0.0445169
213	0.0452006	0.0444825
214	0.0451651	0.0444482
215	0.0451306	0.044414
216	0.0450961	0.0443803
217	0.0450614	0.0443471
218	0.0450282	0.0443142
219	0.0449948	0.0442816
220	0.0449618	0.0442492
221	0.0449292	0.0442172
222	0.0448967	0.0441852
223	0.0448639	0.0441534
224	0.0448322	0.0441225
225	0.0448008	0.0440916
226	0.0447689	0.0440606
227	0.044738	0.0440304
228	0.0447077	0.0440007
229	0.0446773	0.0439711
230	0.0446471	0.0439417
231	0.0446179	0.0439121
232	0.0445879	0.0438834
233	0.0445591	0.0438547
234	0.044529	0.0438265
235	0.0445006	0.0437988
236	0.044472	0.043771
237	0.0444437	0.0437433
238	0.0444162	0.0437157
239	0.0443888	0.0436885
240	0.0443609	0.0436618
241	0.0443337	0.0436351
242	0.0443073	0.043609
243	0.04428	0.0435826
244	0.0442544	0.0435566
245	0.0442274	0.0435311
246	0.0442013	0.0435054
247	0.0441759	0.04348
248	0.0441499	0.0434547
249	0.0441246	0.0434301
250	0.0440992	0.0434057
251	0.0440743	0.0433815
252	0.0440492	0.0433572
253	0.0440249	0.0433332
254	0.044001	0.0433094
255	0.0439768	0.0432856
256	0.0439526	0.0432625
257	0.043929	0.0432393
258	0.0439051	0.0432166
259	0.0438819	0.0431937
260	0.0438586	0.0431708
261	0.0438363	0.0431485
262	0.0438132	0.0431262
263	0.0437903	0.0431042
264	0.0437675	0.0430823
265	0.0437457	0.0430608
266	0.0437238	0.043039
267	0.043702	0.0430177
268	0.0436797	0.0429968
269	0.0436586	0.0429757
270	0.0436372	0.0429545
271	0.0436162	0.0429336
272	0.0435953	0.0429129
273	0.0435742	0.0428923
274	0.0435529	0.0428721
275	0.0435322	0.0428521
276	0.0435123	0.0428321
277	0.0434916	0.0428123
278	0.0434719	0.0427928
279	0.043452	0.0427733
280	0.0434316	0.0427543
281	0.0434125	0.042735
282	0.0433926	0.0427158
283	0.0433735	0.0426968
284	0.0433543	0.0426781
285	0.0433351	0.0426596
286	0.0433168	0.0426411
287	0.0432977	0.0426226
288	0.0432781	0.0426044
289	0.0432604	0.0425863
290	0.0432421	0.0425685
291	0.0432231	0.0425506
292	0.0432055	0.0425328
293	0.0431878	0.0425157
294	0.04317	0.042498
295	0.043152	0.0424807
296	0.0431343	0.0424635
297	0.0431168	0.0424465
298	0.0430991	0.0424292
299	0.0430822	0.042412
300	0.0430652	0.0423953
301	0.0430477	0.0423788
302	0.043031	0.0423623
303	0.0430145	0.042346
304	0.0429974	0.0423298
305	0.0429804	0.0423135
306	0.0429642	0.0422973
307	0.0429476	0.0422814
308	0.0429309	0.0422654
309	0.0429156	0.0422497
310	0.0428992	0.0422339
311	0.0428832	0.0422184
312	0.0428676	0.042203
313	0.0428521	0.0421875
314	0.0428361	0.0421722
315	0.0428205	0.0421571
316	0.0428056	0.0421418
317	0.0427899	0.0421269
318	0.0427751	0.042112
319	0.0427598	0.0420973
320	0.0427452	0.0420827
321	0.0427301	0.0420683
322	0.0427142	0.0420537
323	0.0427001	0.0420396
324	0.0426852	0.0420253
325	0.0426707	0.0420112
326	0.0426567	0.041997
327	0.0426422	0.0419832
328	0.0426278	0.0419692
329	0.0426135	0.0419552
330	0.0425994	0.0419412
331	0.0425848	0.0419273
332	0.042571	0.041914
333	0.0425572	0.0419006
334	0.0425433	0.0418873
335	0.0425298	0.0418736
336	0.0425166	0.0418605
337	0.0425029	0.0418473
338	0.0424896	0.0418343
339	0.0424753	0.0418212
340	0.0424629	0.0418082
341	0.0424492	0.0417952
342	0.0424362	0.0417825
343	0.042423	0.0417696
344	0.0424102	0.041757
345	0.0423978	0.0417443
346	0.0423844	0.0417318
347	0.0423711	0.0417193
348	0.0423586	0.0417069
349	0.0423469	0.0416947
350	0.0423338	0.0416825
351	0.0423215	0.0416701
352	0.0423088	0.0416582
353	0.0422967	0.041646
354	0.0422844	0.0416341
355	0.0422721	0.0416224
356	0.0422596	0.0416106
357	0.0422481	0.0415987
358	0.0422357	0.0415871
359	0.0422237	0.0415753
360	0.0422117	0.0415636
361	0.0422006	0.0415522
362	0.0421886	0.041541
363	0.0421767	0.0415295
364	0.0421651	0.0415182
365	0.0421541	0.0415071
366	0.0421421	0.0414958
367	0.0421306	0.0414848
368	0.0421192	0.0414737
369	0.0421086	0.0414625
370	0.0420971	0.0414513
371	0.042086	0.0414404
372	0.0420744	0.0414297
373	0.0420639	0.0414189
374	0.0420527	0.0414083
375	0.0420415	0.0413976
376	0.0420311	0.0413871
377	0.0420206	0.0413764
378	0.0420093	0.0413659
379	0.041999	0.0413553
380	0.041988	0.0413451
381	0.0419782	0.0413347
382	0.0419663	0.0413244
383	0.0419557	0.0413142
384	0.0419452	0.0413043
385	0.0419362	0.0412939
386	0.041925	0.0412837
387	0.0419144	0.0412736
388	0.0419048	0.0412635
389	0.0418944	0.0412538
390	0.0418844	0.0412442
391	0.0418745	0.0412343
392	0.041864	0.0412244
393	0.041854	0.0412146
394	0.0418443	0.0412049
395	0.0418349	0.0411952
396	0.0418245	0.0411858
397	0.0418149	0.0411762
398	0.0418053	0.0411667
399	0.0417954	0.0411571
400	0.0417861	0.0411479
401	0.0417756	0.0411386
402	0.0417664	0.0411291
403	0.041757	0.0411198
404	0.0417476	0.0411105
405	0.0417381	0.0411012
406	0.0417289	0.0410919
407	0.0417195	0.0410829
408	0.0417102	0.0410739
409	0.0417008	0.0410651
410	0.0416918	0.0410562
411	0.0416828	0.0410471
412	0.0416733	0.0410383
413	0.0416641	0.0410295
414	0.0416557	0.0410208
415	0.0416457	0.041012
416	0.041637	0.0410032
417	0.0416278	0.0409946
418	0.0416195	0.0409859
419	0.0416102	0.0409772
420	0.0416016	0.0409687
421	0.0415934	0.0409602
422	0.0415844	0.0409516
423	0.0415762	0.0409432
424	0.0415666	0.0409348
425	0.0415584	0.0409264
426	0.0415493	0.0409181
427	0.0415412	0.0409099
428	0.0415326	0.0409017
429	0.0415243	0.0408933
430	0.041516	0.0408852
431	0.0415074	0.040877
432	0.0414987	0.0408687
433	0.0414907	0.0408608
434	0.0414827	0.0408528
435	0.0414739	0.0408448
436	0.0414658	0.0408368
437	0.0414581	0.0408285
438	0.0414493	0.0408209
439	0.0414423	0.0408131
440	0.0414329	0.0408052
441	0.0414258	0.0407976
442	0.0414179	0.0407897
443	0.0414097	0.040782
444	0.0414021	0.0407742
445	0.0413939	0.0407668
446	0.0413862	0.0407592
447	0.0413779	0.0407516
448	0.0413705	0.040744
449	0.0413623	0.0407367
450	0.0413552	0.0407292
451	0.0413472	0.0407218
452	0.0413396	0.0407145
453	0.0413316	0.0407069
454	0.0413245	0.0406996
455	0.0413168	0.0406923
456	0.0413093	0.0406848
457	0.0413021	0.0406778
458	0.0412945	0.0406706
459	0.0412874	0.0406633
460	0.0412797	0.0406561
461	0.0412724	0.0406489
462	0.0412651	0.0406418
463	0.0412578	0.0406348
464	0.0412506	0.0406276
465	0.0412431	0.0406205
466	0.041236	0.0406137
467	0.0412286	0.0406066
468	0.0412216	0.0405997
469	0.0412142	0.0405928
470	0.041207	0.0405857
471	0.0412006	0.040579
472	0.0411927	0.0405719
473	0.0411858	0.0405651
474	0.0411794	0.0405584
475	0.0411716	0.0405516
476	0.0411655	0.0405451
477	0.0411582	0.0405385
478	0.0411516	0.0405317
479	0.0411443	0.0405249
480	0.0411381	0.040518
481	0.041131	0.0405112
482	0.0411241	0.0405047
483	0.041118	0.0404982
484	0.0411112	0.0404915
485	0.0411038	0.040485
486	0.0410976	0.0404785
487	0.0410907	0.0404719
488	0.0410843	0.0404655
489	0.0410775	0.0404591
490	0.0410708	0.0404527
491	0.0410643	0.0404463
492	0.0410573	0.0404401
493	0.0410515	0.0404338
494	0.0410448	0.0404279
495	0.0410384	0.0404215
496	0.0410326	0.0404155
497	0.0410254	0.0404091
498	0.0410191	0.040403
499	0.0410127	0.0403968
500	0.0410068	0.0403909
501	0.041	0.0403849
502	0.0409943	0.0403786
503	0.040988	0.0403727
504	0.040981	0.0403666
505	0.0409754	0.0403604
506	0.0409689	0.0403544
507	0.0409629	0.0403484
508	0.0409567	0.0403426
509	0.0409505	0.0403364
510	0.0409442	0.0403306
511	0.0409388	0.0403248
512	0.0409324	0.0403189
513	0.0409269	0.0403131
514	0.0409208	0.0403071
515	0.0409146	0.0403012
516	0.040909	0.0402954
517	0.0409025	0.0402894
518	0.0408969	0.0402838
519	0.0408907	0.0402783
520	0.0408851	0.0402727
521	0.0408792	0.040267
522	0.0408732	0.0402613
523	0.0408674	0.0402556
524	0.0408619	0.0402501
525	0.0408564	0.0402444
526	0.0408509	0.040239
527	0.0408448	0.0402333
528	0.0408393	0.0402279
529	0.0408336	0.0402224
530	0.0408282	0.0402169
531	0.0408221	0.0402115
532	0.0408168	0.0402061
533	0.0408114	0.0402006
534	0.0408049	0.0401951
535	0.0407995	0.0401894
536	0.0407943	0.0401841
537	0.0407887	0.0401789
538	0.0407833	0.0401735
539	0.0407777	0.0401681
540	0.0407724	0.0401629
541	0.0407672	0.0401576
542	0.0407612	0.0401525
543	0.0407564	0.0401472
544	0.0407513	0.040142
545	0.0407456	0.0401369
546	0.0407403	0.0401318
547	0.0407349	0.0401267
548	0.04073	0.0401216
549	0.0407243	0.0401163
550	0.0407194	0.0401113
551	0.0407135	0.0401062
552	0.0407086	0.0401011
553	0.0407033	0.0400959
554	0.0406976	0.0400909
555	0.0406928	0.0400859
556	0.0406875	0.040081
557	0.0406822	0.0400759
558	0.0406777	0.0400708
559	0.0406727	0.040066
560	0.0406672	0.040061
561	0.0406623	0.0400561
562	0.0406571	0.0400511
563	0.0406523	0.0400462
564	0.0406472	0.0400413
565	0.0406416	0.0400364
566	0.0406369	0.0400316
567	0.0406322	0.0400269
568	0.0406269	0.0400222
569	0.0406223	0.0400173
570	0.0406171	0.0400126
571	0.0406122	0.0400079
572	0.0406074	0.0400031
573	0.040603	0.0399985
574	0.040598	0.0399937
575	0.040593	0.039989
576	0.0405883	0.0399842
577	0.0405835	0.0399796
578	0.0405783	0.039975
579	0.0405741	0.0399703
580	0.0405695	0.0399656
581	0.0405646	0.0399609
582	0.0405595	0.0399563
583	0.0405548	0.0399519
584	0.0405505	0.0399472
585	0.0405456	0.0399425
586	0.0405407	0.0399381
587	0.0405366	0.0399337
588	0.0405321	0.0399293
589	0.0405268	0.039925
590	0.0405221	0.0399206
591	0.0405182	0.0399161
592	0.0405137	0.0399116
593	0.0405089	0.039907
594	0.0405045	0.0399027
595	0.0405	0.0398983
596	0.040495	0.0398939
597	0.0404906	0.0398897
598	0.0404862	0.0398853
599	0.0404822	0.0398808
600	0.0404775	0.0398765
601	0.0404727	0.0398721
602	0.0404686	0.0398679
603	0.0404638	0.0398636
604	0.0404596	0.0398594
605	0.040455	0.0398554
606	0.0404509	0.0398511
607	0.0404462	0.0398471
608	0.0404423	0.0398429
609	0.0404377	0.0398386
610	0.0404331	0.0398345
611	0.0404297	0.0398304
612	0.0404252	0.0398261
613	0.0404207	0.0398219
614	0.0404165	0.0398178
615	0.0404122	0.0398134
616	0.0404083	0.0398092
617	0.0404043	0.0398052
618	0.0404	0.0398014
619	0.0403958	0.0397974
620	0.0403914	0.0397936
621	0.0403877	0.0397895
622	0.0403837	0.0397854
623	0.0403788	0.0397815
624	0.040375	0.0397774
625	0.0403711	0.0397734
626	0.0403668	0.0397694
627	0.0403628	0.0397655
628	0.0403582	0.0397615
629	0.0403549	0.0397575
630	0.0403498	0.0397537
631	0.0403468	0.0397497
632	0.0403425	0.0397458
633	0.0403389	0.0397419
634	0.0403341	0.0397379
635	0.0403301	0.0397341
636	0.040326	0.0397302
637	0.0403221	0.0397264
638	0.040318	0.0397228
639	0.0403143	0.0397189
640	0.0403102	0.0397149
641	0.0403067	0.039711
642	0.0403029	0.0397072
643	0.0402989	0.0397034
644	0.0402947	0.0396996
645	0.0402913	0.0396959
646	0.0402872	0.0396922
647	0.0402832	0.0396885
648	0.0402796	0.0396848
649	0.0402758	0.039681
650	0.0402718	0.0396772
651	0.0402687	0.0396734
652	0.0402651	0.0396697
653	0.0402605	0.0396661
654	0.0402567	0.0396623
655	0.0402527	0.0396587
656	0.0402497	0.0396551
657	0.040246	0.0396513
658	0.040242	0.0396479
659	0.0402387	0.0396442
660	0.0402351	0.0396408
661	0.0402306	0.0396373
662	0.0402277	0.0396337
663	0.0402233	0.0396302
664	0.0402198	0.0396266
665	0.0402165	0.0396232
666	0.0402125	0.0396197
667	0.040209	0.0396163
668	0.0402057	0.0396129
669	0.040202	0.0396092
670	0.0401973	0.0396059
671	0.0401943	0.0396023
672	0.0401909	0.0395987
673	0.0401871	0.0395953
674	0.0401833	0.0395918
675	0.0401796	0.0395883
676	0.0401762	0.039585
677	0.0401731	0.0395816
678	0.0401697	0.0395782
679	0.040166	0.0395746
680	0.0401623	0.0395711
681	0.040159	0.0395678
682	0.0401555	0.0395646
683	0.0401524	0.0395613
684	0.0401492	0.0395578
685	0.0401453	0.0395546
686	0.0401413	0.0395513
687	0.0401385	0.0395478
688	0.0401349	0.0395445
689	0.0401315	0.0395412
690	0.0401287	0.0395379
691	0.0401252	0.0395346
692	0.0401216	0.0395313
693	0.0401179	0.039528
694	0.0401145	0.0395247
695	0.0401116	0.0395215
696	0.0401079	0.0395183
697	0.0401048	0.0395152
698	0.0401013	0.039512
699	0.0400982	0.0395085
700	0.0400947	0.0395055
701	0.0400918	0.0395022
702	0.0400885	0.039499
703	0.0400848	0.0394959
704	0.0400819	0.0394928
705	0.0400787	0.0394895
706	0.0400753	0.0394864
707	0.0400712	0.0394833
708	0.0400685	0.0394802
709	0.0400657	0.0394772
710	0.0400625	0.0394741
711	0.0400591	0.0394709
712	0.0400557	0.0394677
713	0.0400526	0.0394646
714	0.0400499	0.0394614
715	0.0400464	0.0394584
716	0.0400435	0.0394552
717	0.04004	0.0394521
718	0.0400368	0.0394492
719	0.0400342	0.0394461
720	0.0400307	0.0394431
721	0.0400278	0.03944
722	0.0400248	0.0394371
723	0.0400219	0.039434
724	0.0400192	0.0394311
725	0.0400153	0.0394282
726	0.0400124	0.0394252
727	0.040009	0.0394222
728	0.0400062	0.0394194
729	0.0400034	0.0394164
730	0.0400006	0.0394134
731	0.0399973	0.0394104
