1	0.2713	0.258949
2	0.260961	0.249286
3	0.251225	0.240142
4	0.242012	0.231453
5	0.233252	0.223154
6	0.224885	0.215233
7	0.216901	0.207709
8	0.20931	0.200596
9	0.202136	0.193908
10	0.195389	0.187673
11	0.189106	0.181889
12	0.183271	0.176543
13	0.17788	0.171615
14	0.172914	0.167087
15	0.168347	0.162913
16	0.164139	0.159061
17	0.16026	0.155497
18	0.156667	0.152183
19	0.153326	0.149084
20	0.15021	0.146187
21	0.147289	0.143462
22	0.144545	0.140889
23	0.141953	0.138444
24	0.139491	0.136111
25	0.137142	0.133879
26	0.134894	0.13174
27	0.132741	0.129683
28	0.130673	0.127702
29	0.128678	0.125788
30	0.126753	0.12394
31	0.124893	0.122152
32	0.123098	0.120423
33	0.121359	0.118747
34	0.119672	0.117122
35	0.118038	0.115543
36	0.116451	0.114009
37	0.114911	0.112519
38	0.113414	0.11107
39	0.111958	0.109663
40	0.11054	0.108291
41	0.109164	0.106955
42	0.107822	0.105653
43	0.106516	0.104386
44	0.10524	0.103151
45	0.104	0.101946
46	0.10279	0.100769
47	0.101608	0.0996225
48	0.100456	0.0985026
49	0.0993305	0.0974102
50	0.0982344	0.0963438
51	0.0971633	0.0953028
52	0.0961166	0.0942845
53	0.0950972	0.0932917
54	0.0941012	0.0923203
55	0.0931244	0.0913727
56	0.0921743	0.090448
57	0.0912432	0.0895408
58	0.0903332	0.0886563
59	0.0894444	0.0877894
60	0.0885773	0.0869444
61	0.0877283	0.0861186
62	0.0868988	0.0853097
63	0.086087	0.0845195
64	0.0852937	0.083747
65	0.0845177	0.0829911
66	0.0837589	0.0822508
67	0.0830183	0.0815274
68	0.0822913	0.0808198
69	0.0815801	0.0801279
70	0.0808887	0.0794511
71	0.0802069	0.0787887
72	0.0795424	0.0781407
73	0.0788916	0.0775072
74	0.0782567	0.0768864
75	0.0776348	0.07628
76	0.0770233	0.075684
77	0.0764293	0.0751022
78	0.0758451	0.0745341
79	0.0752753	0.0739771
80	0.074718	0.0734321
81	0.0741687	0.0728984
82	0.0736332	0.0723756
83	0.0731106	0.071865
84	0.0725973	0.0713649
85	0.0720953	0.0708744
86	0.0716044	0.0703945
87	0.0711227	0.069926
88	0.0706516	0.0694652
89	0.0701908	0.0690159
90	0.0697374	0.0685752
91	0.0692967	0.0681423
92	0.0688625	0.0677188
93	0.0684385	0.0673054
94	0.068023	0.0668999
95	0.0676161	0.0665028
96	0.0672183	0.0661144
97	0.0668284	0.0657328
98	0.0664438	0.065359
99	0.0660707	0.0649933
100	0.0657035	0.0646348
101	0.0653433	0.0642839
102	0.0649922	0.0639395
103	0.0646457	0.0636013
104	0.0643078	0.0632716
105	0.0639761	0.062948
106	0.0636524	0.0626305
107	0.0633343	0.0623193
108	0.0630194	0.0620147
109	0.0627137	0.0617155
110	0.0624146	0.0614218
111	0.0621195	0.0611345
112	0.0618309	0.0608527
113	0.0615492	0.0605766
114	0.0612717	0.0603062
115	0.0609995	0.06004
116	0.0607332	0.059779
117	0.0604702	0.0595235
118	0.0602139	0.0592724
119	0.059963	0.0590264
120	0.0597156	0.0587845
121	0.0594728	0.0585476
122	0.0592352	0.0583158
123	0.0590025	0.0580876
124	0.0587734	0.0578637
125	0.0585484	0.0576438
126	0.0583277	0.0574276
127	0.0581117	0.0572163
128	0.0578987	0.0570078
129	0.0576907	0.0568042
130	0.0574853	0.056604
131	0.0572846	0.0564067
132	0.057087	0.0562137
133	0.0568927	0.056024
134	0.0567024	0.0558378
135	0.0565145	0.0556552
136	0.0563308	0.0554745
137	0.0561506	0.0552975
138	0.0559726	0.0551245
139	0.0557981	0.0549534
140	0.0556275	0.0547864
141	0.0554592	0.0546216
142	0.0552935	0.0544591
143	0.0551305	0.0543003
144	0.0549708	0.0541436
145	0.0548145	0.05399
146	0.0546591	0.053839
147	0.0545075	0.0536904
148	0.054358	0.0535438
149	0.0542109	0.0534004
150	0.0540659	0.0532591
151	0.0539243	0.0531196
152	0.0537849	0.0529826
153	0.0536468	0.0528479
154	0.0535115	0.0527159
155	0.0533784	0.0525856
156	0.0532478	0.0524571
157	0.0531185	0.0523313
158	0.052992	0.0522074
159	0.0528672	0.0520844
160	0.0527443	0.051964
161	0.0526235	0.0518458
162	0.052504	0.0517297
163	0.0523872	0.0516144
164	0.0522713	0.0515022
165	0.0521576	0.0513906
166	0.0520469	0.0512809
167	0.0519361	0.0511733
168	0.0518272	0.0510673
169	0.05172	0.0509623
170	0.0516157	0.0508591
171	0.0515109	0.0507575
172	0.0514094	0.0506577
173	0.0513093	0.0505591
174	0.0512095	0.050462
175	0.0511128	0.0503662
176	0.0510157	0.0502721
177	0.050921	0.0501793
178	0.050827	0.0500878
179	0.0507356	0.0499973
180	0.0506444	0.0499082
181	0.0505553	0.0498207
182	0.0504667	0.0497337
183	0.0503794	0.0496485
184	0.0502941	0.0495645
185	0.050209	0.0494816
186	0.0501255	0.0494001
187	0.0500434	0.0493196
188	0.0499623	0.0492395
189	0.0498824	0.0491611
190	0.0498038	0.0490837
191	0.0497261	0.0490071
192	0.0496487	0.0489323
193	0.0495722	0.048858
194	0.0494974	0.0487845
195	0.0494243	0.0487116
196	0.0493512	0.0486403
197	0.0492788	0.0485706
198	0.049209	0.0485011
199	0.0491385	0.0484322
200	0.0490692	0.0483645
201	0.0490006	0.0482973
202	0.0489327	0.048231
203	0.0488662	0.0481662
204	0.0488005	0.0481016
205	0.0487359	0.0480379
206	0.0486722	0.0479749
207	0.0486085	0.0479129
208	0.0485458	0.0478518
209	0.0484846	0.0477913
210	0.0484233	0.047732
211	0.0483631	0.0476726
212	0.0483038	0.0476144
213	0.0482453	0.0475568
214	0.0481865	0.0474997
215	0.0481295	0.0474436
216	0.048073	0.0473882
217	0.0480166	0.047333
218	0.047961	0.047279
219	0.0479061	0.0472256
220	0.0478526	0.0471726
221	0.0477988	0.0471207
222	0.0477463	0.0470691
223	0.0476941	0.0470178
224	0.0476426	0.0469675
225	0.0475918	0.0469175
226	0.0475415	0.046868
227	0.0474916	0.0468191
228	0.0474429	0.0467704
229	0.0473933	0.0467224
230	0.0473453	0.0466752
231	0.047298	0.0466292
232	0.0472509	0.0465831
233	0.0472046	0.0465373
234	0.0471588	0.046492
235	0.0471123	0.0464474
236	0.047068	0.0464028
237	0.0470235	0.0463591
238	0.0469795	0.046316
239	0.0469363	0.0462739
240	0.046893	0.0462314
241	0.0468509	0.0461896
242	0.0468083	0.0461484
243	0.0467667	0.0461074
244	0.0467252	0.0460668
245	0.0466846	0.0460268
246	0.0466446	0.0459872
247	0.0466038	0.0459479
248	0.0465648	0.0459092
249	0.0465258	0.0458704
250	0.0464869	0.045832
251	0.0464482	0.0457946
252	0.0464105	0.0457576
253	0.0463728	0.0457203
254	0.0463355	0.0456838
255	0.0462984	0.045648
256	0.0462622	0.0456123
257	0.0462253	0.0455774
258	0.04619	0.045542
259	0.0461543	0.0455073
260	0.0461192	0.0454731
261	0.0460846	0.0454389
262	0.0460502	0.0454052
263	0.046016	0.0453718
264	0.0459828	0.0453388
265	0.0459496	0.0453063
266	0.0459161	0.0452735
267	0.0458834	0.0452414
268	0.0458514	0.0452095
269	0.0458188	0.045178
270	0.0457875	0.0451468
271	0.0457554	0.0451158
272	0.0457241	0.0450853
273	0.0456937	0.045055
274	0.0456632	0.0450252
275	0.0456337	0.0449955
276	0.0456029	0.0449658
277	0.0455727	0.0449364
278	0.0455431	0.0449077
279	0.0455138	0.0448793
280	0.0454854	0.0448512
281	0.0454562	0.0448229
282	0.0454281	0.0447952
283	0.0453993	0.0447677
284	0.0453716	0.0447403
285	0.0453444	0.0447133
286	0.0453166	0.0446863
287	0.0452892	0.0446596
288	0.0452623	0.0446331
289	0.0452356	0.0446069
290	0.0452093	0.0445811
291	0.0451834	0.0445553
292	0.0451574	0.0445295
293	0.0451312	0.044504
294	0.0451057	0.0444789
295	0.0450804	0.0444543
296	0.0450556	0.0444299
297	0.04503	0.0444057
298	0.0450052	0.0443812
299	0.044981	0.0443572
300	0.0449572	0.0443332
301	0.0449329	0.0443097
302	0.0449092	0.0442861
303	0.0448852	0.044263
304	0.0448612	0.0442402
305	0.0448386	0.0442173
306	0.0448155	0.0441945
307	0.0447924	0.0441722
308	0.0447695	0.0441501
309	0.0447469	0.0441283
310	0.0447249	0.0441064
311	0.044703	0.0440849
312	0.0446808	0.044063
313	0.0446592	0.044042
314	0.044638	0.0440207
315	0.0446163	0.044
316	0.0445947	0.0439792
317	0.0445738	0.0439585
318	0.0445521	0.0439377
319	0.0445318	0.043917
320	0.0445108	0.043897
321	0.0444907	0.0438773
322	0.044471	0.0438576
323	0.044451	0.0438379
324	0.0444306	0.0438182
325	0.0444108	0.0437988
326	0.0443919	0.0437794
327	0.0443718	0.0437602
328	0.0443526	0.0437413
329	0.0443333	0.0437225
330	0.0443141	0.0437039
331	0.0442958	0.0436854
332	0.0442771	0.0436669
333	0.0442586	0.0436487
334	0.0442401	0.0436307
335	0.0442211	0.0436127
336	0.0442022	0.0435949
337	0.0441848	0.043577
338	0.0441674	0.0435596
339	0.044149	0.0435422
340	0.0441313	0.0435249
341	0.0441146	0.0435079
342	0.0440965	0.0434905
343	0.0440797	0.0434737
344	0.0440623	0.043457
345	0.0440453	0.0434404
346	0.0440284	0.043424
347	0.044011	0.0434076
348	0.043995	0.0433912
349	0.0439782	0.0433751
350	0.0439619	0.0433592
351	0.0439455	0.0433434
352	0.0439296	0.0433273
353	0.0439138	0.0433115
354	0.0438972	0.0432956
355	0.0438817	0.04328
356	0.0438656	0.0432644
357	0.0438507	0.0432491
358	0.0438347	0.0432341
359	0.0438191	0.0432189
360	0.0438036	0.0432042
361	0.0437893	0.0431894
362	0.0437742	0.0431742
363	0.0437589	0.0431598
364	0.0437439	0.0431451
365	0.0437295	0.0431306
366	0.0437148	0.0431163
367	0.0437001	0.043102
368	0.0436857	0.0430877
369	0.043671	0.0430737
370	0.0436566	0.0430598
371	0.0436427	0.043046
372	0.0436281	0.043032
373	0.0436139	0.0430185
374	0.0436005	0.0430046
375	0.0435867	0.0429912
376	0.0435725	0.0429779
377	0.0435592	0.0429644
378	0.0435457	0.0429511
379	0.0435325	0.0429379
380	0.0435185	0.0429249
381	0.0435052	0.042912
382	0.0434929	0.042899
383	0.0434789	0.042886
384	0.043466	0.042873
385	0.043453	0.0428602
386	0.0434393	0.0428474
387	0.0434277	0.0428348
388	0.0434145	0.0428223
389	0.0434019	0.0428102
390	0.0433891	0.0427978
391	0.0433768	0.0427857
392	0.0433644	0.0427738
393	0.043352	0.0427619
394	0.0433397	0.0427499
395	0.0433278	0.0427381
396	0.0433156	0.0427264
397	0.0433035	0.0427144
398	0.0432915	0.0427029
399	0.0432791	0.0426913
400	0.0432684	0.0426794
401	0.0432566	0.0426678
402	0.0432447	0.0426564
403	0.0432328	0.0426453
404	0.0432214	0.0426337
405	0.0432098	0.0426229
406	0.0431981	0.0426118
407	0.0431879	0.0426007
408	0.0431761	0.0425895
409	0.0431652	0.0425785
410	0.043154	0.0425677
411	0.0431426	0.0425567
412	0.043132	0.042546
413	0.0431213	0.0425355
414	0.0431104	0.0425249
415	0.0430992	0.0425143
416	0.0430881	0.0425038
417	0.0430777	0.0424934
418	0.0430672	0.0424829
419	0.0430568	0.0424725
420	0.0430461	0.0424624
421	0.0430361	0.0424524
422	0.0430251	0.0424419
423	0.0430145	0.0424319
424	0.0430047	0.042422
425	0.0429943	0.042412
426	0.0429845	0.0424021
427	0.0429745	0.0423922
428	0.042964	0.0423823
429	0.0429547	0.0423724
430	0.0429449	0.0423626
431	0.0429345	0.0423531
432	0.0429248	0.0423437
433	0.0429156	0.042334
434	0.0429054	0.0423245
435	0.0428959	0.0423151
436	0.0428864	0.0423057
437	0.0428768	0.0422965
438	0.0428671	0.0422872
439	0.0428579	0.0422776
440	0.0428485	0.0422683
441	0.0428393	0.0422593
442	0.04283	0.0422502
443	0.042821	0.0422412
444	0.0428112	0.0422324
445	0.0428021	0.0422234
446	0.0427931	0.0422146
447	0.0427847	0.0422057
448	0.0427748	0.0421968
449	0.0427659	0.0421881
450	0.0427574	0.0421796
451	0.0427487	0.0421709
452	0.0427399	0.0421623
453	0.0427312	0.0421535
454	0.0427222	0.0421452
455	0.0427133	0.0421369
456	0.0427049	0.0421285
457	0.0426963	0.0421201
458	0.0426878	0.0421116
459	0.0426796	0.0421034
460	0.0426711	0.0420954
461	0.0426619	0.0420869
462	0.0426546	0.042079
463	0.0426461	0.0420707
464	0.0426374	0.0420627
465	0.0426296	0.0420547
466	0.042621	0.0420466
467	0.0426132	0.0420388
468	0.0426047	0.0420307
469	0.0425964	0.0420228
470	0.042589	0.0420148
471	0.0425809	0.0420072
472	0.0425724	0.0419995
473	0.0425653	0.0419917
474	0.0425573	0.0419839
475	0.042549	0.0419759
476	0.0425411	0.0419682
477	0.0425338	0.0419605
478	0.042526	0.041953
479	0.042519	0.0419453
480	0.0425106	0.0419379
481	0.0425037	0.0419305
482	0.0424954	0.041923
483	0.0424884	0.0419156
484	0.0424802	0.0419082
485	0.0424731	0.0419009
486	0.042466	0.0418937
487	0.0424579	0.0418864
488	0.0424509	0.0418792
489	0.0424438	0.0418723
490	0.0424366	0.041865
491	0.0424294	0.0418579
492	0.0424216	0.0418507
493	0.0424148	0.0418438
494	0.0424078	0.0418371
495	0.0424004	0.0418299
496	0.0423928	0.0418229
497	0.0423862	0.041816
498	0.0423791	0.0418093
499	0.0423717	0.0418026
500	0.0423648	0.0417961
501	0.0423586	0.0417891
502	0.0423516	0.0417824
503	0.042344	0.0417756
504	0.0423372	0.041769
505	0.0423304	0.0417621
506	0.0423241	0.0417553
507	0.042317	0.0417486
508	0.0423108	0.0417421
509	0.0423041	0.0417353
510	0.0422976	0.0417288
511	0.0422908	0.0417226
512	0.0422838	0.041716
513	0.0422775	0.0417094
514	0.0422708	0.041703
515	0.0422638	0.0416966
516	0.0422577	0.0416903
517	0.0422507	0.041684
518	0.042245	0.0416776
519	0.0422384	0.0416715
520	0.0422323	0.0416653
521	0.0422258	0.0416592
522	0.0422195	0.041653
523	0.042213	0.0416467
524	0.0422068	0.0416406
525	0.0422005	0.0416345
526	0.0421946	0.0416282
527	0.0421887	0.0416223
528	0.0421816	0.0416162
529	0.0421755	0.0416102
530	0.0421697	0.041604
531	0.0421636	0.0415983
532	0.0421577	0.0415921
533	0.0421523	0.0415862
534	0.0421457	0.0415804
535	0.04214	0.0415746
536	0.0421334	0.0415689
537	0.0421277	0.0415631
538	0.0421219	0.0415573
539	0.0421163	0.0415514
540	0.0421099	0.0415454
541	0.0421042	0.0415399
542	0.0420986	0.0415342
543	0.042093	0.0415285
544	0.0420871	0.041523
545	0.0420816	0.0415175
546	0.0420753	0.041512
547	0.04207	0.0415065
548	0.0420639	0.0415009
549	0.042058	0.0414952
550	0.0420532	0.0414896
551	0.042047	0.0414842
552	0.0420421	0.0414784
553	0.042036	0.041473
554	0.0420302	0.0414677
555	0.0420251	0.0414621
556	0.0420199	0.0414568
557	0.0420136	0.0414516
558	0.0420081	0.0414464
559	0.0420031	0.0414409
560	0.0419977	0.0414357
561	0.0419923	0.0414306
562	0.0419871	0.0414252
563	0.0419814	0.04142
564	0.0419762	0.0414149
565	0.0419708	0.0414095
566	0.0419658	0.0414042
567	0.0419607	0.0413992
568	0.0419555	0.041394
569	0.0419494	0.0413889
570	0.0419449	0.0413837
571	0.0419393	0.0413785
572	0.0419337	0.0413734
573	0.041929	0.0413687
574	0.0419237	0.0413635
575	0.0419183	0.0413585
576	0.0419137	0.0413536
577	0.0419087	0.0413487
578	0.0419032	0.041344
579	0.0418982	0.041339
580	0.0418928	0.0413339
581	0.0418881	0.041329
582	0.0418831	0.0413242
583	0.0418783	0.0413195
584	0.041873	0.0413145
585	0.0418682	0.0413096
586	0.0418632	0.0413048
587	0.0418583	0.0413
588	0.0418533	0.0412952
589	0.041849	0.0412905
590	0.0418441	0.0412859
591	0.0418387	0.0412812
592	0.0418346	0.0412766
593	0.0418295	0.0412718
594	0.0418247	0.041267
595	0.0418195	0.0412623
596	0.0418151	0.0412576
597	0.0418103	0.041253
598	0.0418057	0.0412484
599	0.0418009	0.0412437
600	0.0417966	0.0412392
601	0.0417923	0.0412347
602	0.0417871	0.0412301
603	0.0417825	0.0412254
604	0.0417778	0.0412209
605	0.0417729	0.0412164
606	0.0417692	0.0412119
607	0.0417634	0.0412075
608	0.0417594	0.0412027
609	0.0417552	0.0411983
610	0.0417503	0.0411939
611	0.0417455	0.0411894
612	0.0417419	0.041185
613	0.0417369	0.0411806
614	0.0417324	0.0411765
615	0.0417285	0.0411721
616	0.0417236	0.0411677
617	0.0417196	0.0411634
618	0.0417152	0.041159
619	0.0417113	0.0411549
620	0.0417067	0.0411506
621	0.041702	0.0411461
622	0.041698	0.0411418
623	0.0416935	0.0411376
624	0.0416888	0.0411334
625	0.0416846	0.041129
626	0.04168	0.041125
627	0.041676	0.0411209
628	0.0416718	0.0411168
629	0.0416671	0.0411127
630	0.0416628	0.0411084
631	0.0416589	0.0411042
632	0.0416552	0.0411001
633	0.0416508	0.0410959
634	0.0416465	0.0410918
635	0.0416426	0.0410878
636	0.0416382	0.0410838
637	0.0416338	0.0410796
638	0.0416299	0.0410756
639	0.0416255	0.0410716
640	0.041622	0.0410675
641	0.0416172	0.0410635
642	0.0416136	0.0410594
643	0.0416097	0.0410555
644	0.0416053	0.0410516
645	0.0416008	0.0410477
646	0.0415971	0.0410435
647	0.0415929	0.0410396
648	0.0415887	0.0410357
649	0.0415855	0.0410318
650	0.0415813	0.0410282
651	0.0415768	0.0410242
652	0.0415727	0.0410203
653	0.0415693	0.0410163
654	0.041566	0.0410124
655	0.041561	0.0410087
656	0.0415581	0.041005
657	0.0415541	0.0410012
658	0.0415498	0.0409974
659	0.0415457	0.0409939
660	0.041542	0.04099
661	0.0415385	0.0409863
662	0.0415339	0.0409826
663	0.0415308	0.0409787
664	0.0415274	0.0409752
665	0.041523	0.0409715
666	0.0415194	0.0409677
667	0.0415155	0.0409639
668	0.0415119	0.0409603
669	0.0415081	0.0409567
670	0.0415045	0.040953
671	0.0415009	0.0409493
672	0.0414975	0.0409457
673	0.041493	0.0409421
674	0.0414895	0.0409385
675	0.0414861	0.0409349
676	0.0414824	0.0409313
677	0.0414788	0.0409277
678	0.0414751	0.0409242
679	0.0414708	0.0409206
680	0.0414677	0.040917
681	0.0414644	0.0409134
682	0.0414606	0.04091
683	0.0414567	0.0409066
684	0.0414534	0.040903
685	0.0414502	0.0408996
686	0.0414464	0.0408958
687	0.0414424	0.0408925
688	0.0414393	0.040889
689	0.0414352	0.0408856
690	0.041432	0.0408822
691	0.0414284	0.0408788
692	0.0414249	0.0408752
693	0.0414217	0.0408717
694	0.0414184	0.0408681
695	0.0414145	0.0408648
696	0.0414118	0.0408614
697	0.0414084	0.0408582
698	0.0414043	0.0408546
699	0.0414012	0.0408514
700	0.0413971	0.040848
701	0.0413942	0.0408446
702	0.0413909	0.0408414
703	0.0413875	0.0408381
704	0.0413844	0.0408347
705	0.0413802	0.0408314
706	0.0413772	0.0408283
707	0.0413738	0.0408249
708	0.0413708	0.0408218
709	0.0413668	0.0408184
710	0.0413634	0.0408151
711	0.0413603	0.0408119
712	0.0413569	0.0408087
713	0.0413533	0.0408055
714	0.0413506	0.0408022
715	0.0413467	0.040799
716	0.0413433	0.0407959
717	0.04134	0.0407926
718	0.041337	0.0407895
719	0.0413339	0.0407862
720	0.041331	0.0407831
721	0.0413276	0.0407799
722	0.041325	0.0407767
723	0.0413214	0.0407736
724	0.0413174	0.0407704
725	0.0413146	0.0407673
726	0.0413118	0.0407641
727	0.0413091	0.0407609
728	0.0413053	0.0407579
729	0.041302	0.0407548
730	0.0412987	0.0407516
731	0.041295	0.0407484
732	0.0412925	0.0407455
733	0.0412896	0.0407424
734	0.0412866	0.0407395
735	0.0412836	0.0407365
736	0.0412796	0.0407336
737	0.0412767	0.0407305
738	0.0412734	0.0407275
739	0.0412709	0.0407246
740	0.0412681	0.0407216
741	0.0412645	0.0407185
742	0.0412614	0.0407153
743	0.0412588	0.0407124
744	0.0412554	0.0407095
745	0.0412529	0.0407065
746	0.0412497	0.0407034
747	0.0412464	0.0407002
748	0.0412438	0.0406974
749	0.0412407	0.0406943
750	0.041237	0.0406915
751	0.0412339	0.0406885
752	0.0412315	0.0406856
753	0.041229	0.0406826
754	0.0412256	0.0406798
755	0.0412226	0.0406768
756	0.0412194	0.040674
757	0.0412166	0.0406712
758	0.0412144	0.0406683
759	0.041211	0.0406655
760	0.0412079	0.0406628
761	0.0412049	0.0406599
762	0.0412022	0.040657
763	0.0411984	0.0406541
764	0.0411962	0.0406513
765	0.0411935	0.0406483
766	0.0411904	0.0406455
767	0.0411874	0.0406427
768	0.0411847	0.0406399
769	0.041182	0.0406371
770	0.0411786	0.0406344
771	0.0411765	0.0406317
772	0.0411736	0.0406289
773	0.0411703	0.0406261
774	0.0411682	0.0406236
775	0.0411654	0.0406207
776	0.041162	0.040618
777	0.041159	0.0406152
778	0.0411566	0.0406125
779	0.041154	0.0406098
780	0.0411503	0.0406071
781	0.0411478	0.0406044
782	0.0411457	0.0406016
783	0.041142	0.040599
784	0.0411405	0.0405963
785	0.0411372	0.0405937
786	0.0411345	0.0405908
787	0.0411317	0.0405881
788	0.0411291	0.0405854
789	0.0411266	0.0405828
790	0.0411238	0.04058
791	0.041121	0.0405774
792	0.0411178	0.0405748
793	0.0411156	0.040572
794	0.0411123	0.0405695
795	0.0411102	0.0405669
796	0.041107	0.0405643
797	0.0411048	0.0405615
798	0.0411019	0.040559
799	0.0410997	0.0405564
800	0.0410965	0.0405538
801	0.0410943	0.0405512
802	0.0410918	0.0405486
803	0.0410891	0.0405461
804	0.0410863	0.0405436
805	0.0410835	0.040541
806	0.0410811	0.0405385
807	0.0410789	0.040536
808	0.0410761	0.0405335
809	0.0410732	0.0405307
810	0.0410706	0.0405283
811	0.0410684	0.0405257
812	0.0410655	0.0405232
813	0.0410631	0.0405207
814	0.0410605	0.0405181
815	0.041058	0.0405155
816	0.0410553	0.0405129
817	0.0410526	0.0405103
818	0.0410499	0.0405078
819	0.0410476	0.0405052
820	0.0410449	0.0405027
821	0.0410426	0.0405002
822	0.0410403	0.0404977
823	0.0410373	0.0404953
824	0.0410358	0.0404928
825	0.0410329	0.0404903
826	0.0410301	0.0404878
827	0.0410278	0.0404855
828	0.0410257	0.0404831
829	0.0410227	0.0404806
830	0.04102	0.0404782
831	0.0410177	0.0404757
832	0.0410149	0.0404734
833	0.041013	0.0404709
834	0.0410102	0.0404686
835	0.0410075	0.0404661
836	0.0410055	0.0404637
837	0.0410035	0.0404614
838	0.0409999	0.0404589
839	0.0409976	0.0404566
840	0.0409952	0.0404541
841	0.040993	0.0404517
842	0.0409908	0.0404494
843	0.0409879	0.040447
844	0.0409855	0.0404447
845	0.0409843	0.0404424
846	0.0409808	0.04044
847	0.0409789	0.0404377
848	0.0409761	0.0404354
849	0.0409736	0.0404332
850	0.0409712	0.0404309
851	0.0409691	0.0404285
852	0.0409666	0.0404262
853	0.0409646	0.0404239
854	0.0409624	0.0404215
855	0.0409598	0.0404193
856	0.0409575	0.0404169
857	0.0409549	0.0404147
858	0.0409529	0.0404123
859	0.0409502	0.04041
860	0.040948	0.0404078
861	0.0409456	0.0404055
862	0.0409432	0.0404032
863	0.0409404	0.0404009
864	0.0409391	0.0403988
865	0.0409368	0.0403965
866	0.040934	0.0403942
867	0.0409315	0.0403919
868	0.0409294	0.0403896
869	0.0409273	0.0403875
870	0.0409257	0.0403852
871	0.0409226	0.040383
872	0.0409208	0.0403807
873	0.040918	0.0403785
874	0.0409161	0.0403763
875	0.0409137	0.040374
876	0.0409113	0.0403717
877	0.0409093	0.0403695
878	0.0409065	0.0403672
879	0.0409044	0.040365
880	0.0409028	0.0403628
881	0.0409007	0.0403606
882	0.0408984	0.0403585
883	0.0408954	0.0403563
884	0.0408937	0.0403543
885	0.0408915	0.040352
886	0.0408883	0.0403498
887	0.0408871	0.0403477
888	0.0408847	0.0403456
889	0.0408824	0.0403434
890	0.0408806	0.0403413
891	0.0408783	0.0403392
892	0.0408762	0.0403371
893	0.0408733	0.0403349
894	0.0408718	0.0403328
895	0.0408699	0.0403307
896	0.040868	0.0403284
897	0.0408661	0.0403263
898	0.0408637	0.0403242
899	0.0408613	0.040322
900	0.0408593	0.04032
901	0.0408567	0.0403181
902	0.0408551	0.040316
903	0.040853	0.0403139
904	0.0408501	0.0403117
905	0.0408483	0.0403096
906	0.0408461	0.0403075
907	0.0408443	0.0403055
908	0.0408412	0.0403034
909	0.0408396	0.0403014
910	0.0408377	0.0402993
911	0.0408355	0.0402972
912	0.0408335	0.0402953
913	0.0408314	0.0402932
914	0.0408294	0.0402912
915	0.0408272	0.0402892
916	0.0408248	0.0402872
917	0.0408229	0.0402852
918	0.0408203	0.0402831
919	0.0408191	0.0402811
920	0.0408171	0.0402791
921	0.0408154	0.0402771
922	0.0408126	0.0402751
923	0.0408103	0.0402731
924	0.0408089	0.040271
925	0.0408072	0.040269
926	0.040805	0.0402669
927	0.0408028	0.0402649
928	0.0408008	0.040263
929	0.0407988	0.040261
930	0.0407963	0.0402591
931	0.0407947	0.0402571
932	0.0407923	0.0402552
933	0.0407902	0.0402533
934	0.0407888	0.0402512
935	0.0407866	0.0402492
936	0.0407844	0.0402472
937	0.0407825	0.0402452
938	0.0407804	0.0402433
939	0.0407785	0.0402413
940	0.0407765	0.0402394
941	0.040774	0.0402374
942	0.0407725	0.0402355
943	0.0407713	0.0402337
944	0.0407686	0.0402318
945	0.0407666	0.0402299
946	0.0407642	0.0402279
947	0.0407632	0.0402259
948	0.0407605	0.0402239
949	0.0407587	0.0402221
950	0.0407565	0.0402203
951	0.0407553	0.0402184
952	0.0407532	0.0402165
953	0.0407507	0.0402146
954	0.0407486	0.0402127
955	0.0407467	0.0402107
956	0.0407451	0.0402086
957	0.0407431	0.0402067
958	0.0407418	0.040205
959	0.0407394	0.040203
960	0.040738	0.040201
961	0.0407354	0.0401991
962	0.0407335	0.0401973
963	0.0407317	0.0401954
964	0.0407298	0.0401936
965	0.0407279	0.0401918
966	0.040726	0.04019
967	0.0407243	0.0401881
968	0.0407219	0.0401863
969	0.0407204	0.0401843
970	0.0407183	0.0401825
971	0.0407167	0.0401807
972	0.0407152	0.0401788
973	0.0407132	0.0401771
974	0.0407115	0.0401752
975	0.040709	0.0401733
976	0.0407073	0.0401714
977	0.0407051	0.0401696
978	0.0407035	0.0401678
979	0.040702	0.0401659
980	0.0406994	0.040164
981	0.0406982	0.0401622
982	0.0406964	0.0401604
983	0.0406948	0.0401586
984	0.0406934	0.0401568
985	0.0406905	0.0401551
986	0.0406888	0.0401533
987	0.0406869	0.0401515
988	0.0406853	0.0401498
989	0.0406838	0.0401479
990	0.0406822	0.040146
991	0.0406792	0.0401443
992	0.0406784	0.0401425
993	0.0406761	0.0401406
994	0.0406738	0.0401389
995	0.0406726	0.0401371
996	0.0406706	0.0401352
997	0.0406691	0.0401335
998	0.0406674	0.0401318
999	0.0406653	0.0401301
1000	0.0406637	0.0401284
1001	0.040661	0.0401267
1002	0.0406603	0.040125
1003	0.0406579	0.0401232
1004	0.0406565	0.0401216
1005	0.0406549	0.0401198
1006	0.0406525	0.0401181
1007	0.0406509	0.0401164
1008	0.0406494	0.0401146
1009	0.0406478	0.0401129
1010	0.0406456	0.0401111
1011	0.0406436	0.0401095
1012	0.0406424	0.0401077
1013	0.04064	0.040106
1014	0.0406389	0.0401043
1015	0.0406364	0.0401027
1016	0.0406352	0.0401009
1017	0.0406337	0.0400992
1018	0.040632	0.0400974
1019	0.0406301	0.0400956
1020	0.0406283	0.040094
1021	0.0406265	0.0400922
1022	0.0406251	0.0400905
1023	0.0406229	0.0400888
1024	0.040621	0.0400872
1025	0.0406195	0.0400856
1026	0.0406181	0.0400839
1027	0.0406165	0.0400822
1028	0.0406141	0.0400804
1029	0.0406123	0.0400788
1030	0.0406112	0.0400771
1031	0.0406092	0.0400754
1032	0.0406077	0.0400737
1033	0.0406057	0.0400721
1034	0.040604	0.0400705
1035	0.0406024	0.0400688
1036	0.0406013	0.0400672
1037	0.0405991	0.0400656
1038	0.0405974	0.0400641
1039	0.040596	0.0400624
1040	0.0405943	0.0400608
1041	0.040592	0.0400591
1042	0.0405912	0.0400576
1043	0.0405894	0.0400558
1044	0.0405874	0.0400542
1045	0.0405852	0.0400525
1046	0.0405834	0.0400509
1047	0.0405822	0.0400492
1048	0.0405805	0.0400477
1049	0.0405791	0.040046
1050	0.0405773	0.0400443
1051	0.0405757	0.0400427
1052	0.0405741	0.0400411
1053	0.0405724	0.0400395
1054	0.0405703	0.0400379
1055	0.0405685	0.0400363
1056	0.0405676	0.0400347
1057	0.040566	0.0400331
1058	0.0405644	0.0400314
1059	0.0405625	0.0400298
1060	0.0405612	0.0400282
1061	0.0405592	0.0400265
1062	0.0405579	0.0400249
1063	0.0405563	0.0400233
1064	0.0405544	0.0400216
1065	0.0405531	0.04002
1066	0.0405515	0.0400185
1067	0.0405499	0.0400169
1068	0.040548	0.0400153
1069	0.0405465	0.0400135
1070	0.0405447	0.0400119
1071	0.0405431	0.0400105
1072	0.0405417	0.0400088
1073	0.0405402	0.0400072
1074	0.0405386	0.0400057
1075	0.0405369	0.0400041
1076	0.0405354	0.0400026
1077	0.0405336	0.040001
1078	0.0405325	0.0399995
1079	0.0405305	0.0399978
1080	0.0405298	0.0399964
1081	0.0405278	0.0399949
1082	0.0405255	0.0399934
1083	0.0405246	0.0399919
1084	0.0405226	0.0399904
1085	0.0405207	0.0399888
1086	0.0405199	0.0399872
1087	0.040518	0.0399857
1088	0.0405167	0.0399842
1089	0.0405148	0.0399826
1090	0.0405131	0.0399811
1091	0.0405123	0.0399795
1092	0.0405103	0.039978
1093	0.0405088	0.0399765
1094	0.0405077	0.039975
1095	0.040506	0.0399736
1096	0.0405041	0.0399721
1097	0.0405022	0.0399707
1098	0.040501	0.0399691
1099	0.0404998	0.0399677
1100	0.0404977	0.0399661
1101	0.0404964	0.0399646
1102	0.0404952	0.039963
1103	0.0404935	0.0399615
1104	0.040491	0.03996
1105	0.0404902	0.0399585
1106	0.0404886	0.039957
1107	0.0404872	0.0399556
1108	0.0404859	0.0399541
1109	0.040484	0.0399526
1110	0.0404822	0.0399511
1111	0.0404813	0.0399496
1112	0.0404792	0.0399482
1113	0.0404791	0.0399466
1114	0.0404771	0.0399451
1115	0.0404753	0.0399436
1116	0.0404733	0.0399422
1117	0.0404718	0.0399407
1118	0.0404705	0.0399393
1119	0.0404682	0.0399379
1120	0.0404673	0.0399365
1121	0.0404661	0.039935
1122	0.0404644	0.0399336
1123	0.0404633	0.0399322
1124	0.0404616	0.0399307
1125	0.0404599	0.0399292
1126	0.0404581	0.0399277
1127	0.0404571	0.0399262
1128	0.0404558	0.0399248
1129	0.040454	0.0399233
1130	0.0404526	0.0399218
1131	0.0404512	0.0399204
1132	0.0404501	0.039919
1133	0.0404483	0.0399175
1134	0.040447	0.039916
1135	0.0404452	0.0399146
1136	0.0404436	0.0399132
1137	0.0404426	0.0399118
1138	0.040441	0.0399104
1139	0.0404393	0.0399089
1140	0.0404374	0.0399075
1141	0.0404369	0.0399059
1142	0.0404347	0.0399045
1143	0.040434	0.0399029
1144	0.0404325	0.0399015
1145	0.0404308	0.0399001
1146	0.0404296	0.0398987
1147	0.0404278	0.0398973
1148	0.040427	0.039896
1149	0.0404251	0.0398945
1150	0.0404238	0.0398932
1151	0.0404219	0.0398918
1152	0.0404205	0.0398903
1153	0.0404196	0.039889
1154	0.0404182	0.0398876
1155	0.0404169	0.0398862
1156	0.0404154	0.0398848
1157	0.0404138	0.0398834
1158	0.0404125	0.039882
1159	0.0404111	0.0398807
1160	0.0404093	0.0398793
1161	0.0404081	0.0398779
1162	0.040407	0.0398765
1163	0.0404052	0.0398751
1164	0.0404037	0.0398739
1165	0.0404026	0.0398725
1166	0.0404016	0.039871
1167	0.0403999	0.0398696
1168	0.0403984	0.0398682
1169	0.0403968	0.0398667
1170	0.0403947	0.0398654
1171	0.0403937	0.039864
1172	0.0403929	0.0398627
1173	0.0403915	0.0398613
1174	0.0403906	0.0398599
1175	0.0403891	0.0398585
1176	0.0403869	0.0398571
1177	0.0403857	0.0398558
1178	0.0403843	0.0398544
1179	0.0403833	0.039853
1180	0.0403818	0.0398516
1181	0.040381	0.0398502
1182	0.0403794	0.0398489
1183	0.040378	0.0398475
1184	0.0403762	0.0398462
1185	0.0403747	0.0398449
1186	0.0403732	0.0398435
1187	0.0403721	0.0398422
1188	0.0403712	0.0398408
1189	0.0403692	0.0398395
1190	0.0403685	0.0398382
1191	0.0403664	0.039837
1192	0.0403654	0.0398356
1193	0.0403644	0.0398343
1194	0.0403628	0.0398329
1195	0.0403613	0.0398316
1196	0.04036	0.0398304
1197	0.0403585	0.0398291
1198	0.0403574	0.0398278
1199	0.0403556	0.0398265
1200	0.0403545	0.0398252
1201	0.0403532	0.0398239
1202	0.0403523	0.0398226
1203	0.0403507	0.0398214
1204	0.0403487	0.0398199
1205	0.0403481	0.0398185
1206	0.0403463	0.0398172
1207	0.0403449	0.0398159
1208	0.0403437	0.0398145
1209	0.0403423	0.0398132
1210	0.0403414	0.0398119
1211	0.0403401	0.0398105
1212	0.0403387	0.0398093
1213	0.040337	0.0398081
1214	0.0403362	0.0398068
1215	0.0403346	0.0398054
1216	0.0403334	0.039804
1217	0.0403316	0.0398027
1218	0.0403302	0.0398015
1219	0.0403293	0.0398002
1220	0.0403277	0.0397989
1221	0.0403271	0.0397977
1222	0.0403254	0.0397964
1223	0.0403239	0.0397951
1224	0.0403226	0.0397939
1225	0.0403212	0.0397926
1226	0.0403203	0.0397914
1227	0.0403187	0.0397902
1228	0.0403174	0.0397889
1229	0.0403168	0.0397875
1230	0.0403147	0.0397863
1231	0.0403145	0.0397849
1232	0.0403124	0.0397837
1233	0.0403114	0.0397824
1234	0.0403097	0.0397811
1235	0.0403091	0.0397798
1236	0.040307	0.0397785
1237	0.0403061	0.0397772
1238	0.0403049	0.0397759
1239	0.0403031	0.0397747
1240	0.040302	0.0397735
1241	0.0403012	0.0397723
1242	0.0402994	0.039771
1243	0.0402987	0.0397697
1244	0.0402968	0.0397685
1245	0.0402958	0.0397672
1246	0.0402945	0.0397659
1247	0.0402932	0.0397647
1248	0.040292	0.0397635
1249	0.0402902	0.0397622
1250	0.0402895	0.0397609
1251	0.0402881	0.0397597
1252	0.0402861	0.0397584
1253	0.0402854	0.0397572
1254	0.0402845	0.0397559
1255	0.040283	0.0397546
1256	0.0402816	0.0397534
1257	0.0402808	0.0397522
1258	0.0402797	0.0397509
1259	0.0402779	0.0397496
1260	0.0402767	0.0397484
1261	0.040276	0.0397473
1262	0.0402744	0.039746
1263	0.0402733	0.0397447
1264	0.0402723	0.0397435
1265	0.0402706	0.0397422
1266	0.0402696	0.0397409
1267	0.0402686	0.0397398
1268	0.0402674	0.0397385
1269	0.0402659	0.0397373
1270	0.0402648	0.0397362
1271	0.0402634	0.0397349
1272	0.0402624	0.0397338
1273	0.0402603	0.0397325
1274	0.0402597	0.0397312
1275	0.0402587	0.0397299
1276	0.0402573	0.0397286
1277	0.0402562	0.0397274
1278	0.0402543	0.0397262
1279	0.0402531	0.0397249
1280	0.0402523	0.0397237
1281	0.040251	0.0397226
1282	0.0402499	0.0397214
1283	0.0402483	0.0397202
1284	0.0402475	0.039719
1285	0.0402468	0.0397179
1286	0.0402452	0.0397167
1287	0.0402439	0.0397155
1288	0.0402424	0.0397144
1289	0.0402414	0.0397132
1290	0.0402395	0.0397121
1291	0.0402389	0.0397108
1292	0.0402372	0.0397096
1293	0.0402367	0.0397085
1294	0.0402354	0.0397073
1295	0.0402339	0.0397062
1296	0.0402328	0.0397051
1297	0.0402322	0.039704
1298	0.0402304	0.0397029
1299	0.0402292	0.0397016
1300	0.0402278	0.0397004
1301	0.0402269	0.0396993
1302	0.0402253	0.0396981
1303	0.0402241	0.0396969
1304	0.0402228	0.0396957
1305	0.0402221	0.0396945
1306	0.0402208	0.0396933
1307	0.0402192	0.0396921
1308	0.0402183	0.039691
1309	0.0402172	0.0396897
1310	0.0402156	0.0396885
1311	0.0402149	0.0396874
1312	0.0402136	0.0396862
1313	0.0402127	0.039685
1314	0.0402113	0.0396837
1315	0.0402096	0.0396825
1316	0.0402086	0.0396813
1317	0.0402071	0.0396801
1318	0.0402067	0.0396789
1319	0.0402052	0.0396777
1320	0.040204	0.0396766
1321	0.0402027	0.0396754
1322	0.0402018	0.0396743
1323	0.0402006	0.0396732
1324	0.0401993	0.0396721
1325	0.0401979	0.0396709
1326	0.0401975	0.0396698
1327	0.0401965	0.0396687
1328	0.0401947	0.0396675
1329	0.0401932	0.0396663
1330	0.0401926	0.0396652
1331	0.0401921	0.0396641
1332	0.0401908	0.039663
1333	0.0401894	0.0396618
1334	0.0401882	0.0396606
1335	0.0401867	0.0396595
1336	0.0401854	0.0396583
1337	0.0401843	0.0396572
1338	0.0401835	0.0396561
1339	0.0401817	0.0396549
1340	0.0401807	0.0396538
1341	0.0401798	0.0396526
1342	0.0401785	0.0396515
1343	0.0401778	0.0396503
1344	0.0401761	0.0396492
1345	0.0401752	0.039648
1346	0.0401739	0.0396469
1347	0.0401726	0.0396457
1348	0.0401719	0.0396447
1349	0.0401707	0.0396436
1350	0.0401698	0.0396425
1351	0.0401678	0.0396413
1352	0.0401673	0.0396402
1353	0.0401658	0.039639
1354	0.0401649	0.0396377
1355	0.0401632	0.0396366
1356	0.0401624	0.0396356
1357	0.040161	0.0396345
1358	0.0401607	0.0396334
1359	0.040159	0.0396322
1360	0.0401581	0.0396312
1361	0.0401567	0.0396301
1362	0.0401557	0.039629
1363	0.040155	0.039628
1364	0.0401539	0.0396269
1365	0.0401519	0.0396257
1366	0.0401517	0.0396245
1367	0.0401502	0.0396234
1368	0.0401491	0.0396223
1369	0.0401483	0.0396212
1370	0.0401468	0.0396201
1371	0.0401455	0.039619
1372	0.0401444	0.0396179
1373	0.0401434	0.0396169
1374	0.0401421	0.0396159
1375	0.0401415	0.0396148
1376	0.0401403	0.0396136
1377	0.0401388	0.0396125
1378	0.0401383	0.0396114
1379	0.0401369	0.0396103
1380	0.0401356	0.0396091
1381	0.0401342	0.039608
1382	0.0401335	0.039607
1383	0.0401325	0.0396059
1384	0.0401311	0.0396049
1385	0.04013	0.0396037
1386	0.0401293	0.0396026
1387	0.0401278	0.0396016
1388	0.0401266	0.0396004
1389	0.0401253	0.0395993
1390	0.0401239	0.0395983
1391	0.0401235	0.0395972
1392	0.0401223	0.0395961
1393	0.0401213	0.039595
1394	0.0401199	0.039594
1395	0.0401188	0.039593
1396	0.0401178	0.039592
1397	0.0401172	0.0395909
1398	0.0401156	0.0395898
1399	0.0401147	0.0395887
1400	0.0401134	0.0395876
1401	0.0401124	0.0395866
1402	0.0401115	0.0395855
1403	0.0401101	0.0395844
1404	0.040109	0.0395833
1405	0.0401085	0.0395822
1406	0.0401073	0.0395811
1407	0.0401065	0.0395801
1408	0.0401053	0.039579
1409	0.0401038	0.039578
1410	0.0401024	0.0395769
1411	0.0401024	0.0395758
1412	0.0401008	0.0395747
1413	0.0400998	0.0395737
1414	0.0400989	0.0395726
1415	0.0400973	0.0395716
1416	0.0400967	0.0395705
1417	0.0400952	0.0395695
1418	0.040094	0.0395683
1419	0.0400933	0.0395672
1420	0.0400924	0.0395661
1421	0.0400908	0.0395651
1422	0.0400899	0.0395641
1423	0.0400888	0.0395629
1424	0.0400877	0.0395619
1425	0.0400869	0.0395609
1426	0.0400851	0.0395598
1427	0.0400844	0.0395588
1428	0.0400833	0.0395578
1429	0.0400826	0.0395567
1430	0.0400814	0.0395557
1431	0.0400799	0.0395547
1432	0.040079	0.0395536
1433	0.0400781	0.0395526
1434	0.0400773	0.0395515
1435	0.0400763	0.0395505
1436	0.0400752	0.0395495
1437	0.0400742	0.0395483
1438	0.0400726	0.0395473
1439	0.0400719	0.0395462
1440	0.0400707	0.0395452
1441	0.04007	0.0395442
1442	0.0400686	0.0395432
1443	0.0400682	0.0395422
1444	0.0400669	0.0395411
1445	0.0400658	0.0395401
1446	0.0400645	0.039539
1447	0.0400634	0.0395379
1448	0.0400625	0.0395368
1449	0.0400608	0.0395358
1450	0.0400605	0.0395348
1451	0.0400603	0.0395337
1452	0.0400583	0.0395327
1453	0.0400571	0.0395317
1454	0.0400564	0.0395308
1455	0.0400548	0.0395297
1456	0.0400544	0.0395288
1457	0.0400529	0.0395278
1458	0.0400523	0.0395268
1459	0.0400508	0.0395259
1460	0.0400499	0.0395248
1461	0.0400489	0.0395238
1462	0.0400476	0.0395228
1463	0.0400469	0.0395218
1464	0.0400462	0.0395208
1465	0.0400449	0.0395198
1466	0.040044	0.0395188
1467	0.0400424	0.0395179
1468	0.0400412	0.0395169
1469	0.0400406	0.0395159
1470	0.0400396	0.0395149
1471	0.0400384	0.0395138
1472	0.0400379	0.0395128
1473	0.0400366	0.0395118
1474	0.0400355	0.0395107
1475	0.0400344	0.0395096
1476	0.0400333	0.0395087
1477	0.0400328	0.0395077
1478	0.0400309	0.0395067
1479	0.0400304	0.0395057
1480	0.0400298	0.0395047
1481	0.0400276	0.0395037
1482	0.0400275	0.0395027
1483	0.0400261	0.0395017
1484	0.0400253	0.0395007
1485	0.040024	0.0394997
1486	0.0400237	0.0394988
1487	0.0400217	0.0394977
1488	0.0400218	0.0394967
1489	0.0400202	0.0394957
1490	0.040019	0.0394948
1491	0.0400182	0.0394937
1492	0.0400176	0.0394928
1493	0.0400168	0.0394917
1494	0.0400151	0.0394907
1495	0.0400143	0.0394897
1496	0.0400139	0.0394888
1497	0.0400122	0.0394878
1498	0.0400112	0.0394868
1499	0.0400107	0.0394858
1500	0.0400095	0.0394848
1501	0.0400089	0.0394837
1502	0.0400068	0.0394827
1503	0.0400064	0.0394816
1504	0.0400058	0.0394807
1505	0.0400036	0.0394797
1506	0.0400034	0.0394787
1507	0.0400022	0.0394778
1508	0.0400018	0.0394768
1509	0.0400004	0.0394758
1510	0.04	0.0394748
