1	0.267826	0.25619
2	0.258402	0.2475
3	0.249621	0.239401
4	0.241431	0.231822
5	0.233771	0.224722
6	0.226593	0.218084
7	0.219878	0.211873
8	0.213604	0.206083
9	0.20775	0.200675
10	0.202288	0.195636
11	0.197196	0.190931
12	0.192443	0.18653
13	0.187996	0.182402
14	0.183829	0.178521
15	0.179911	0.174864
16	0.176225	0.171409
17	0.172737	0.168131
18	0.169434	0.165013
19	0.166283	0.162036
20	0.163283	0.159192
21	0.160417	0.156469
22	0.15767	0.153856
23	0.155038	0.151346
24	0.152509	0.148929
25	0.150073	0.1466
26	0.147731	0.144352
27	0.145464	0.142176
28	0.143275	0.140073
29	0.141157	0.138032
30	0.139107	0.136056
31	0.137116	0.134136
32	0.135185	0.132273
33	0.133313	0.130462
34	0.131489	0.128699
35	0.129717	0.126983
36	0.127991	0.125311
37	0.126309	0.123682
38	0.12467	0.122093
39	0.123073	0.120544
40	0.121519	0.11903
41	0.119998	0.117553
42	0.118511	0.116111
43	0.117059	0.114698
44	0.115643	0.113318
45	0.114256	0.111969
46	0.112902	0.110652
47	0.111578	0.10936
48	0.11028	0.108097
49	0.109012	0.10686
50	0.107769	0.105649
51	0.106554	0.104464
52	0.105364	0.103302
53	0.104196	0.102166
54	0.103055	0.101053
55	0.101937	0.0999618
56	0.100842	0.0988924
57	0.0997682	0.0978464
58	0.0987179	0.0968203
59	0.0976881	0.0958141
60	0.0966794	0.094831
61	0.0956907	0.0938656
62	0.0947214	0.0929203
63	0.0937709	0.0919932
64	0.0928426	0.091087
65	0.0919309	0.090196
66	0.0910381	0.0893257
67	0.0901643	0.0884719
68	0.0893062	0.0876366
69	0.0884672	0.0868165
70	0.0876449	0.0860139
71	0.0868375	0.0852267
72	0.0860481	0.0844557
73	0.0852767	0.083702
74	0.0845178	0.0829619
75	0.0837764	0.0822383
76	0.0830487	0.0815282
77	0.0823352	0.0808328
78	0.0816386	0.0801517
79	0.0809555	0.0794847
80	0.0802865	0.0788306
81	0.0796305	0.0781912
82	0.0789865	0.0775638
83	0.0783572	0.0769484
84	0.0777406	0.0763478
85	0.0771373	0.0757573
86	0.0765449	0.0751795
87	0.0759655	0.0746144
88	0.0753977	0.0740597
89	0.0748414	0.0735172
90	0.0742968	0.072986
91	0.0737624	0.0724637
92	0.0732392	0.0719536
93	0.0727289	0.0714546
94	0.0722267	0.0709647
95	0.071735	0.0704861
96	0.0712534	0.0700151
97	0.0707809	0.0695551
98	0.0703194	0.0691037
99	0.0698653	0.0686621
100	0.0694239	0.0682284
101	0.0689881	0.0678042
102	0.0685633	0.0673888
103	0.0681457	0.0669811
104	0.067736	0.0665815
105	0.0673357	0.0661901
106	0.0669437	0.065807
107	0.0665591	0.0654318
108	0.0661809	0.0650638
109	0.0658107	0.0647021
110	0.0654489	0.0643487
111	0.0650941	0.0640015
112	0.0647457	0.063661
113	0.0644038	0.0633283
114	0.0640688	0.0630016
115	0.0637405	0.0626802
116	0.0634186	0.0623668
117	0.0631034	0.0620579
118	0.0627936	0.0617554
119	0.0624895	0.061459
120	0.0621923	0.0611682
121	0.0619003	0.0608826
122	0.0616133	0.0606027
123	0.0613318	0.0603288
124	0.061056	0.060059
125	0.0607861	0.0597935
126	0.0605198	0.0595346
127	0.060259	0.0592791
128	0.060004	0.0590292
129	0.0597534	0.0587835
130	0.059506	0.0585429
131	0.0592632	0.0583064
132	0.0590265	0.0580743
133	0.0587926	0.0578458
134	0.0585628	0.0576218
135	0.0583383	0.0574024
136	0.0581174	0.0571862
137	0.0579002	0.0569736
138	0.0576879	0.056765
139	0.0574785	0.05656
140	0.0572723	0.0563587
141	0.0570701	0.0561612
142	0.0568705	0.0559671
143	0.056676	0.0557765
144	0.0564849	0.0555887
145	0.056296	0.0554045
146	0.0561108	0.0552227
147	0.055928	0.0550444
148	0.0557489	0.0548693
149	0.0555731	0.054697
150	0.0554001	0.0545276
151	0.0552306	0.0543611
152	0.0550624	0.0541976
153	0.0548974	0.0540362
154	0.0547352	0.053878
155	0.0545756	0.0537225
156	0.0544194	0.0535684
157	0.0542654	0.0534176
158	0.0541144	0.0532689
159	0.0539638	0.0531234
160	0.0538174	0.0529797
161	0.0536727	0.0528383
162	0.0535314	0.0526989
163	0.0533901	0.0525617
164	0.0532526	0.0524265
165	0.0531174	0.0522941
166	0.0529832	0.0521636
167	0.0528514	0.0520344
168	0.0527218	0.0519079
169	0.0525941	0.0517833
170	0.0524686	0.0516601
171	0.0523445	0.0515386
172	0.0522228	0.0514195
173	0.0521029	0.051302
174	0.0519848	0.0511863
175	0.0518678	0.0510726
176	0.0517528	0.0509599
177	0.0516394	0.0508495
178	0.0515285	0.0507412
179	0.0514188	0.0506335
180	0.0513106	0.0505274
181	0.0512044	0.0504228
182	0.0510991	0.0503204
183	0.0509951	0.0502188
184	0.0508933	0.0501192
185	0.0507935	0.0500204
186	0.0506938	0.0499237
187	0.0505956	0.0498278
188	0.0504996	0.0497332
189	0.0504046	0.0496407
190	0.0503112	0.049549
191	0.0502188	0.0494586
192	0.0501279	0.0493692
193	0.0500384	0.0492813
194	0.0499494	0.0491945
195	0.0498621	0.0491086
196	0.0497747	0.0490245
197	0.0496905	0.0489409
198	0.0496071	0.0488589
199	0.0495237	0.0487775
200	0.0494424	0.0486974
201	0.049362	0.048619
202	0.0492818	0.0485408
203	0.0492034	0.0484643
204	0.0491247	0.0483881
205	0.0490502	0.0483134
206	0.0489737	0.0482396
207	0.0488992	0.0481664
208	0.0488254	0.0480943
209	0.0487532	0.0480237
210	0.048681	0.0479534
211	0.0486107	0.0478839
212	0.0485406	0.0478161
213	0.0484715	0.0477485
214	0.0484039	0.0476816
215	0.048336	0.0476157
216	0.048269	0.0475509
217	0.0482042	0.0474868
218	0.0481401	0.0474232
219	0.0480763	0.0473604
220	0.0480128	0.0472983
221	0.0479503	0.0472376
222	0.0478879	0.0471773
223	0.0478275	0.047118
224	0.0477673	0.0470587
225	0.0477085	0.0470009
226	0.0476495	0.0469434
227	0.0475914	0.0468865
228	0.0475338	0.0468305
229	0.0474775	0.0467751
230	0.0474218	0.0467202
231	0.0473662	0.046666
232	0.0473112	0.0466122
233	0.0472577	0.0465593
234	0.0472039	0.0465071
235	0.0471511	0.0464551
236	0.0470988	0.0464046
237	0.0470477	0.0463541
238	0.0469965	0.0463042
239	0.046946	0.0462548
240	0.0468959	0.0462062
241	0.046847	0.046158
242	0.0467988	0.0461104
243	0.0467501	0.0460633
244	0.0467024	0.0460165
245	0.0466554	0.0459706
246	0.0466086	0.0459252
247	0.0465635	0.0458803
248	0.0465177	0.0458356
249	0.046472	0.0457915
250	0.0464282	0.0457481
251	0.0463834	0.045705
252	0.0463398	0.0456625
253	0.0462978	0.04562
254	0.0462545	0.0455784
255	0.0462131	0.0455373
256	0.0461699	0.0454962
257	0.0461294	0.0454565
258	0.0460888	0.0454165
259	0.046048	0.0453768
260	0.0460083	0.0453375
261	0.0459686	0.0452988
262	0.0459302	0.0452604
263	0.0458914	0.0452226
264	0.045853	0.0451849
265	0.0458143	0.0451475
266	0.045778	0.045111
267	0.0457401	0.0450751
268	0.0457034	0.0450393
269	0.0456672	0.0450038
270	0.0456308	0.0449685
271	0.0455953	0.0449335
272	0.0455604	0.0448992
273	0.0455258	0.0448648
274	0.0454909	0.0448312
275	0.0454572	0.0447975
276	0.0454233	0.0447645
277	0.0453891	0.0447318
278	0.0453562	0.0446991
279	0.0453231	0.044667
280	0.0452902	0.0446351
281	0.0452588	0.0446035
282	0.0452267	0.0445724
283	0.0451957	0.0445415
284	0.0451638	0.0445108
285	0.045132	0.0444805
286	0.0451022	0.0444501
287	0.0450717	0.0444204
288	0.0450415	0.044391
289	0.0450118	0.0443618
290	0.0449814	0.0443328
291	0.0449523	0.0443043
292	0.0449242	0.0442761
293	0.0448955	0.0442482
294	0.0448668	0.0442203
295	0.0448385	0.044193
296	0.0448109	0.0441659
297	0.0447823	0.044139
298	0.0447547	0.0441118
299	0.0447282	0.0440854
300	0.0447015	0.0440591
301	0.0446748	0.0440331
302	0.0446485	0.0440071
303	0.0446224	0.0439814
304	0.0445962	0.0439563
305	0.0445703	0.0439311
306	0.0445454	0.0439065
307	0.0445198	0.0438816
308	0.0444949	0.0438571
309	0.0444705	0.0438332
310	0.0444467	0.0438092
311	0.0444214	0.0437851
312	0.0443973	0.0437618
313	0.0443732	0.0437385
314	0.04435	0.0437151
315	0.0443268	0.0436921
316	0.0443029	0.0436694
317	0.0442792	0.0436472
318	0.0442576	0.0436249
319	0.0442347	0.0436028
320	0.0442126	0.0435807
321	0.0441903	0.0435589
322	0.044168	0.0435376
323	0.0441459	0.043516
324	0.0441243	0.0434947
325	0.0441033	0.0434736
326	0.0440809	0.0434529
327	0.0440601	0.0434327
328	0.0440396	0.0434119
329	0.0440184	0.0433914
330	0.0439981	0.0433712
331	0.0439774	0.0433513
332	0.043957	0.0433317
333	0.0439374	0.043312
334	0.043917	0.0432928
335	0.0438973	0.0432732
336	0.0438772	0.0432543
337	0.0438581	0.0432351
338	0.0438382	0.0432165
339	0.0438189	0.0431976
340	0.0438008	0.043179
341	0.0437821	0.0431608
342	0.0437635	0.0431424
343	0.0437451	0.0431243
344	0.0437264	0.0431064
345	0.0437081	0.0430889
346	0.0436903	0.0430712
347	0.0436724	0.0430534
348	0.0436546	0.0430359
349	0.0436362	0.0430187
350	0.0436197	0.0430017
351	0.0436024	0.0429848
352	0.0435848	0.0429682
353	0.0435669	0.0429511
354	0.0435504	0.0429347
355	0.043534	0.0429183
356	0.0435168	0.042902
357	0.0435007	0.0428856
358	0.0434837	0.0428695
359	0.0434682	0.042854
360	0.043452	0.0428383
361	0.0434356	0.0428222
362	0.043419	0.0428065
363	0.0434039	0.042791
364	0.0433882	0.0427756
365	0.0433719	0.0427605
366	0.0433567	0.0427455
367	0.0433411	0.0427305
368	0.0433259	0.0427155
369	0.0433109	0.0427008
370	0.0432962	0.0426861
371	0.0432812	0.0426717
372	0.0432664	0.0426573
373	0.0432516	0.0426432
374	0.0432376	0.0426288
375	0.0432228	0.0426149
376	0.043208	0.0426008
377	0.0431937	0.0425869
378	0.0431806	0.0425733
379	0.043166	0.0425595
380	0.0431525	0.0425458
381	0.0431383	0.0425323
382	0.0431241	0.0425189
383	0.0431106	0.0425056
384	0.0430974	0.0424924
385	0.0430836	0.0424794
386	0.0430703	0.0424665
387	0.0430572	0.0424535
388	0.0430445	0.0424409
389	0.0430312	0.0424281
390	0.043018	0.0424156
391	0.0430058	0.042403
392	0.0429924	0.0423903
393	0.0429796	0.0423782
394	0.0429674	0.0423658
395	0.042955	0.0423535
396	0.0429422	0.0423411
397	0.0429303	0.0423291
398	0.0429179	0.0423172
399	0.0429053	0.0423054
400	0.0428937	0.0422935
401	0.0428814	0.0422818
402	0.0428702	0.0422703
403	0.0428579	0.0422588
404	0.0428461	0.0422474
405	0.0428343	0.0422362
406	0.0428223	0.0422249
407	0.0428114	0.0422134
408	0.0428001	0.042202
409	0.0427883	0.0421909
410	0.0427771	0.0421799
411	0.0427665	0.0421689
412	0.0427547	0.0421585
413	0.042744	0.0421475
414	0.0427337	0.0421368
415	0.0427222	0.0421262
416	0.0427109	0.0421155
417	0.0427002	0.0421048
418	0.0426896	0.0420941
419	0.0426789	0.042084
420	0.0426681	0.0420736
421	0.0426575	0.0420632
422	0.0426467	0.0420528
423	0.0426368	0.0420427
424	0.0426267	0.0420325
425	0.042616	0.0420224
426	0.0426058	0.0420124
427	0.0425954	0.0420026
428	0.0425857	0.0419929
429	0.0425755	0.0419833
430	0.0425653	0.0419735
431	0.0425555	0.0419637
432	0.0425459	0.0419542
433	0.0425361	0.0419447
434	0.042526	0.0419352
435	0.0425169	0.041926
436	0.042507	0.0419166
437	0.0424975	0.0419077
438	0.0424886	0.0418983
439	0.0424786	0.0418893
440	0.0424688	0.0418802
441	0.0424602	0.0418712
442	0.0424509	0.0418621
443	0.0424418	0.041853
444	0.0424327	0.0418438
445	0.0424234	0.0418348
446	0.0424146	0.0418261
447	0.0424059	0.0418173
448	0.0423972	0.0418088
449	0.0423881	0.0418001
450	0.0423788	0.0417916
451	0.0423709	0.0417831
452	0.0423606	0.0417743
453	0.0423529	0.0417659
454	0.0423442	0.0417576
455	0.0423354	0.0417492
456	0.0423269	0.0417409
457	0.0423186	0.0417325
458	0.0423104	0.0417242
459	0.0423015	0.041716
460	0.0422937	0.0417079
461	0.0422852	0.0417
462	0.0422772	0.0416921
463	0.042269	0.0416839
464	0.0422607	0.041676
465	0.0422528	0.0416681
466	0.0422452	0.0416604
467	0.0422362	0.0416525
468	0.0422283	0.0416448
469	0.0422212	0.0416373
470	0.0422123	0.0416295
471	0.0422048	0.0416218
472	0.0421976	0.0416142
473	0.0421893	0.0416066
474	0.0421815	0.0415993
475	0.0421736	0.0415918
476	0.0421658	0.0415844
477	0.0421589	0.041577
478	0.0421509	0.0415697
479	0.0421437	0.0415624
480	0.0421358	0.041555
481	0.0421288	0.0415479
482	0.0421213	0.0415404
483	0.0421143	0.0415333
484	0.0421062	0.041526
485	0.042099	0.0415191
486	0.0420922	0.041512
487	0.042085	0.0415051
488	0.0420782	0.0414981
489	0.0420707	0.0414911
490	0.0420631	0.0414843
491	0.0420564	0.0414775
492	0.0420493	0.0414709
493	0.0420421	0.0414641
494	0.0420358	0.0414573
495	0.0420281	0.0414505
496	0.0420217	0.0414437
497	0.0420143	0.0414371
498	0.042008	0.0414305
499	0.0420018	0.041424
500	0.0419948	0.0414174
501	0.0419879	0.0414109
502	0.0419812	0.0414045
503	0.0419741	0.041398
504	0.0419674	0.0413915
505	0.0419615	0.0413853
506	0.0419548	0.041379
507	0.0419482	0.0413726
508	0.0419414	0.0413663
509	0.0419353	0.04136
510	0.041929	0.0413538
511	0.0419224	0.0413476
512	0.0419157	0.0413415
513	0.0419099	0.0413355
514	0.0419036	0.0413291
515	0.0418972	0.0413231
516	0.0418913	0.041317
517	0.0418849	0.0413109
518	0.0418783	0.0413049
519	0.041873	0.0412989
520	0.041867	0.0412929
521	0.0418602	0.0412872
522	0.0418541	0.0412812
523	0.0418483	0.0412755
524	0.0418423	0.0412699
525	0.0418362	0.0412639
526	0.0418305	0.0412581
527	0.0418245	0.0412521
528	0.041819	0.0412462
529	0.0418125	0.0412405
530	0.0418069	0.041235
531	0.0418011	0.0412294
532	0.0417955	0.0412237
533	0.0417896	0.0412181
534	0.0417839	0.0412123
535	0.0417779	0.041207
536	0.0417718	0.0412014
537	0.0417669	0.041196
538	0.0417608	0.0411905
539	0.0417557	0.041185
540	0.04175	0.0411795
541	0.0417444	0.0411742
542	0.0417383	0.0411686
543	0.0417332	0.0411632
544	0.0417276	0.0411578
545	0.0417224	0.0411523
546	0.0417173	0.041147
547	0.0417115	0.0411417
548	0.0417057	0.0411365
549	0.0417003	0.0411313
550	0.0416948	0.0411261
551	0.0416894	0.0411213
552	0.0416851	0.0411163
553	0.041679	0.0411109
554	0.0416734	0.0411057
555	0.0416681	0.0411006
556	0.0416635	0.0410956
557	0.0416579	0.0410906
558	0.0416528	0.0410857
559	0.041648	0.0410805
560	0.0416429	0.0410756
561	0.0416376	0.0410704
562	0.0416326	0.0410654
563	0.0416279	0.0410605
564	0.0416224	0.0410556
565	0.0416171	0.0410508
566	0.0416123	0.041046
567	0.0416076	0.0410411
568	0.041602	0.0410362
569	0.0415978	0.0410314
570	0.0415925	0.0410267
571	0.0415884	0.041022
572	0.0415838	0.0410171
573	0.0415778	0.0410126
574	0.0415737	0.0410076
575	0.0415687	0.041003
576	0.0415639	0.0409982
577	0.0415588	0.0409935
578	0.0415544	0.040989
579	0.0415494	0.0409843
580	0.041545	0.0409796
581	0.0415401	0.0409751
582	0.0415349	0.0409705
583	0.0415308	0.0409661
584	0.0415263	0.0409616
585	0.041521	0.040957
586	0.0415172	0.0409523
587	0.041512	0.040948
588	0.0415073	0.0409434
589	0.0415029	0.0409389
590	0.0414987	0.0409345
591	0.0414943	0.0409301
592	0.0414899	0.0409258
593	0.0414858	0.0409213
594	0.0414809	0.0409171
595	0.0414756	0.0409128
596	0.0414714	0.0409083
597	0.0414669	0.0409042
598	0.0414624	0.0408998
599	0.0414585	0.0408955
600	0.0414541	0.0408913
601	0.0414495	0.0408872
602	0.0414447	0.0408828
603	0.0414402	0.0408786
604	0.0414358	0.0408745
605	0.0414319	0.0408702
606	0.0414274	0.0408661
607	0.0414233	0.0408621
608	0.0414194	0.0408577
609	0.0414148	0.0408534
610	0.0414103	0.0408492
611	0.0414067	0.0408451
612	0.041403	0.040841
613	0.0413977	0.0408367
614	0.0413943	0.0408327
615	0.0413899	0.0408288
616	0.0413858	0.0408247
617	0.0413818	0.0408207
618	0.0413769	0.0408168
619	0.0413729	0.0408127
620	0.041369	0.0408088
621	0.0413648	0.0408049
622	0.0413615	0.040801
623	0.0413568	0.0407971
624	0.0413531	0.040793
625	0.0413492	0.0407891
626	0.0413453	0.0407852
627	0.0413413	0.0407813
628	0.0413372	0.0407774
629	0.0413334	0.0407735
630	0.0413294	0.0407699
631	0.041325	0.040766
632	0.0413217	0.0407621
633	0.0413167	0.0407584
634	0.0413138	0.0407545
635	0.0413096	0.0407507
636	0.0413061	0.0407469
637	0.0413015	0.0407432
638	0.0412982	0.0407393
639	0.0412941	0.0407355
640	0.0412903	0.0407319
641	0.0412865	0.0407281
642	0.0412828	0.0407243
643	0.0412794	0.0407207
644	0.0412752	0.040717
645	0.0412712	0.0407132
646	0.0412672	0.0407097
647	0.0412636	0.0407061
648	0.0412603	0.0407025
649	0.0412561	0.0406987
650	0.0412528	0.040695
651	0.0412487	0.0406916
652	0.0412452	0.0406881
653	0.0412414	0.0406846
654	0.0412376	0.0406811
655	0.0412345	0.0406774
656	0.0412307	0.0406739
657	0.0412267	0.0406703
658	0.0412233	0.0406667
659	0.0412194	0.0406633
660	0.0412161	0.0406598
661	0.0412123	0.0406564
662	0.0412086	0.0406529
663	0.0412055	0.0406492
664	0.0412018	0.0406457
665	0.0411981	0.0406422
666	0.0411949	0.0406388
667	0.0411911	0.0406353
668	0.0411875	0.0406318
669	0.0411838	0.0406284
670	0.0411801	0.0406252
671	0.041177	0.0406217
672	0.0411732	0.0406184
673	0.0411704	0.0406151
674	0.0411667	0.0406117
675	0.0411631	0.0406083
676	0.0411602	0.0406047
677	0.0411562	0.0406015
678	0.0411533	0.0405982
679	0.04115	0.0405951
680	0.0411456	0.0405919
681	0.0411425	0.0405886
682	0.0411393	0.0405854
683	0.0411359	0.0405822
684	0.0411331	0.0405788
685	0.041129	0.0405756
686	0.0411261	0.0405723
687	0.0411227	0.0405692
688	0.0411193	0.0405659
689	0.0411156	0.0405626
690	0.041113	0.0405593
691	0.0411095	0.0405561
692	0.0411065	0.0405529
693	0.0411026	0.0405498
694	0.0410992	0.0405465
695	0.041096	0.0405434
696	0.0410926	0.0405401
697	0.0410893	0.0405369
698	0.0410863	0.0405337
699	0.0410825	0.0405306
700	0.0410795	0.0405274
701	0.0410767	0.0405244
702	0.0410735	0.0405214
703	0.0410703	0.0405181
704	0.0410669	0.0405149
705	0.0410642	0.0405118
706	0.041061	0.0405089
707	0.0410569	0.0405057
708	0.0410542	0.0405026
709	0.041051	0.0404995
710	0.0410481	0.0404965
711	0.0410447	0.0404935
712	0.0410415	0.0404905
713	0.0410383	0.0404874
714	0.0410355	0.0404844
715	0.0410323	0.0404814
716	0.0410289	0.0404784
717	0.0410262	0.0404751
718	0.0410229	0.0404721
719	0.0410198	0.0404691
720	0.0410176	0.040466
721	0.0410144	0.0404631
722	0.0410111	0.0404602
723	0.0410079	0.0404572
724	0.0410055	0.0404544
725	0.0410016	0.0404516
726	0.0409983	0.0404487
727	0.0409957	0.0404457
728	0.0409925	0.0404429
729	0.0409903	0.0404398
730	0.040987	0.040437
731	0.0409843	0.0404341
732	0.0409807	0.040431
733	0.0409783	0.0404281
734	0.0409748	0.0404251
735	0.0409717	0.0404223
736	0.0409689	0.0404193
737	0.0409666	0.0404165
738	0.040963	0.0404138
739	0.0409606	0.0404109
740	0.0409572	0.0404079
741	0.0409543	0.040405
742	0.0409522	0.0404021
743	0.0409488	0.0403993
744	0.0409456	0.0403964
745	0.0409433	0.0403937
746	0.0409404	0.040391
747	0.0409375	0.0403882
748	0.0409349	0.0403855
749	0.0409315	0.0403828
750	0.0409294	0.04038
751	0.0409265	0.0403773
752	0.0409232	0.0403745
753	0.0409199	0.0403718
754	0.0409182	0.040369
755	0.0409148	0.0403662
756	0.040912	0.0403633
757	0.0409088	0.0403607
758	0.0409064	0.0403579
759	0.0409028	0.0403551
760	0.0409002	0.0403525
761	0.0408976	0.0403499
762	0.0408951	0.0403473
763	0.040892	0.0403445
764	0.0408895	0.0403418
765	0.0408865	0.0403392
766	0.0408841	0.0403364
767	0.0408811	0.0403338
768	0.0408782	0.0403313
769	0.0408757	0.0403287
770	0.0408728	0.0403259
771	0.0408701	0.0403235
772	0.0408678	0.0403207
773	0.040865	0.040318
774	0.0408626	0.0403153
775	0.0408593	0.0403127
776	0.0408568	0.04031
777	0.0408544	0.0403073
778	0.0408515	0.0403048
779	0.040849	0.0403023
780	0.0408458	0.0402997
781	0.0408434	0.0402971
782	0.0408406	0.0402945
783	0.0408384	0.0402918
784	0.0408351	0.0402893
785	0.0408326	0.0402866
786	0.04083	0.040284
787	0.0408276	0.0402815
788	0.0408248	0.0402789
789	0.0408221	0.0402763
790	0.0408197	0.0402739
791	0.0408166	0.0402713
792	0.0408143	0.040269
793	0.0408117	0.0402665
794	0.0408087	0.0402639
795	0.0408067	0.0402613
796	0.040804	0.0402587
797	0.0408014	0.0402563
798	0.040798	0.0402537
799	0.040796	0.0402512
800	0.040793	0.0402487
801	0.0407912	0.0402461
802	0.0407885	0.0402436
803	0.040786	0.0402412
804	0.0407836	0.0402388
805	0.0407811	0.0402364
806	0.0407781	0.0402339
807	0.0407756	0.0402313
808	0.0407731	0.0402289
809	0.0407711	0.0402265
810	0.0407684	0.040224
811	0.0407655	0.0402216
812	0.0407632	0.0402193
813	0.0407607	0.0402169
814	0.0407584	0.0402146
815	0.0407559	0.0402121
816	0.0407532	0.0402097
817	0.0407507	0.0402073
818	0.0407483	0.0402048
819	0.0407456	0.0402024
820	0.0407436	0.0402001
821	0.0407413	0.0401974
822	0.0407387	0.0401951
823	0.040737	0.0401927
824	0.0407343	0.0401903
825	0.0407312	0.0401878
826	0.0407288	0.0401853
827	0.0407264	0.0401829
828	0.0407241	0.0401806
829	0.040722	0.0401784
830	0.0407193	0.0401761
831	0.0407168	0.0401737
832	0.0407144	0.0401713
833	0.0407121	0.040169
834	0.0407098	0.0401666
835	0.0407068	0.0401642
836	0.0407049	0.0401619
837	0.0407028	0.0401596
838	0.0407003	0.0401573
839	0.0406978	0.0401549
840	0.040695	0.0401527
841	0.0406929	0.0401505
842	0.0406907	0.0401482
843	0.0406881	0.040146
844	0.0406854	0.0401436
845	0.0406832	0.0401413
846	0.0406816	0.0401391
847	0.0406785	0.0401368
848	0.0406762	0.0401345
849	0.0406745	0.0401322
850	0.0406717	0.04013
851	0.0406696	0.0401276
852	0.0406666	0.0401254
853	0.0406652	0.0401232
854	0.0406624	0.0401209
855	0.0406608	0.0401185
856	0.0406582	0.0401162
857	0.0406558	0.040114
858	0.0406532	0.0401118
859	0.0406507	0.0401096
860	0.0406484	0.0401074
861	0.0406473	0.0401052
862	0.0406444	0.040103
863	0.0406422	0.0401006
864	0.0406393	0.0400985
865	0.0406366	0.0400962
866	0.0406349	0.0400941
867	0.0406323	0.0400918
868	0.0406306	0.0400897
869	0.040628	0.0400875
870	0.040626	0.0400853
871	0.0406235	0.040083
872	0.0406219	0.0400808
873	0.0406193	0.0400787
874	0.0406173	0.0400765
875	0.0406147	0.0400743
876	0.0406128	0.040072
877	0.0406111	0.0400697
878	0.0406084	0.0400675
879	0.0406062	0.0400654
880	0.0406037	0.0400631
881	0.0406009	0.040061
882	0.0405995	0.0400588
883	0.0405965	0.0400567
884	0.0405948	0.0400545
885	0.0405924	0.0400524
886	0.0405909	0.0400502
887	0.0405885	0.0400481
888	0.0405868	0.0400459
889	0.0405842	0.0400438
890	0.0405815	0.0400418
891	0.0405804	0.0400397
892	0.0405775	0.0400377
893	0.0405754	0.0400355
894	0.0405733	0.0400334
895	0.0405705	0.0400313
896	0.0405689	0.040029
897	0.0405667	0.040027
898	0.040564	0.0400249
899	0.0405628	0.0400229
900	0.0405605	0.0400208
901	0.0405582	0.0400187
902	0.0405561	0.0400166
903	0.0405535	0.0400144
904	0.0405517	0.0400123
905	0.04055	0.0400103
906	0.040548	0.0400083
907	0.0405451	0.0400062
908	0.0405429	0.0400042
909	0.0405408	0.0400021
910	0.0405389	0.0400001
911	0.0405371	0.039998
912	0.0405342	0.0399959
913	0.0405324	0.0399938
914	0.0405303	0.0399919
915	0.0405283	0.0399899
916	0.0405264	0.0399879
917	0.0405238	0.0399857
918	0.0405224	0.0399836
919	0.0405203	0.0399816
920	0.0405179	0.0399796
921	0.0405162	0.0399776
922	0.0405136	0.0399755
923	0.0405121	0.0399735
924	0.04051	0.0399714
925	0.0405074	0.0399694
926	0.040506	0.0399674
927	0.0405036	0.0399654
928	0.0405016	0.0399635
929	0.0404989	0.0399614
930	0.0404974	0.0399593
931	0.0404954	0.0399573
932	0.040493	0.0399553
933	0.0404915	0.0399533
934	0.0404887	0.0399512
935	0.0404867	0.0399493
936	0.0404848	0.0399474
937	0.0404825	0.0399454
938	0.0404802	0.0399434
939	0.0404791	0.0399414
940	0.0404771	0.0399393
941	0.0404743	0.0399373
942	0.0404729	0.0399352
943	0.0404705	0.0399333
944	0.0404691	0.0399313
945	0.0404669	0.0399293
946	0.0404644	0.0399273
947	0.0404631	0.0399253
948	0.0404608	0.0399232
949	0.0404589	0.0399213
950	0.0404567	0.0399194
951	0.0404552	0.0399173
952	0.040453	0.0399155
953	0.0404507	0.0399136
954	0.0404491	0.0399117
955	0.0404469	0.0399097
956	0.0404449	0.0399079
957	0.0404429	0.039906
958	0.0404414	0.0399042
959	0.0404386	0.0399021
960	0.0404371	0.0399002
961	0.0404353	0.0398983
962	0.0404331	0.0398964
963	0.0404312	0.0398946
964	0.0404288	0.0398926
965	0.0404273	0.0398907
966	0.0404251	0.0398888
967	0.0404236	0.0398869
968	0.0404218	0.039885
969	0.0404197	0.0398831
970	0.0404176	0.0398813
971	0.0404158	0.0398794
972	0.0404143	0.0398775
973	0.0404117	0.0398756
974	0.0404095	0.0398736
975	0.040408	0.0398717
976	0.0404061	0.0398697
977	0.040404	0.0398677
978	0.0404019	0.039866
979	0.0404002	0.0398642
980	0.0403982	0.0398624
981	0.0403961	0.0398605
982	0.0403946	0.0398586
983	0.0403928	0.0398567
984	0.0403909	0.0398549
985	0.0403888	0.039853
986	0.0403867	0.0398511
987	0.0403849	0.0398493
988	0.0403825	0.0398475
989	0.0403813	0.0398457
990	0.0403793	0.0398438
991	0.0403777	0.039842
992	0.0403754	0.0398402
993	0.0403735	0.0398383
994	0.0403713	0.0398365
995	0.0403697	0.0398347
996	0.0403679	0.0398329
997	0.0403656	0.0398311
998	0.040364	0.0398292
999	0.0403617	0.0398273
1000	0.0403605	0.0398255
1001	0.0403583	0.0398237
1002	0.0403567	0.0398218
1003	0.040355	0.03982
1004	0.0403534	0.0398181
1005	0.0403515	0.0398162
1006	0.0403494	0.0398144
1007	0.0403476	0.0398126
1008	0.0403453	0.0398109
1009	0.0403437	0.0398091
1010	0.0403415	0.0398074
1011	0.0403406	0.0398057
1012	0.040338	0.0398039
1013	0.0403363	0.0398022
1014	0.0403346	0.0398004
1015	0.0403329	0.0397985
1016	0.0403312	0.0397967
1017	0.0403288	0.0397949
1018	0.0403269	0.039793
1019	0.0403253	0.0397912
1020	0.0403243	0.0397894
1021	0.0403221	0.0397876
1022	0.0403201	0.0397858
1023	0.0403184	0.0397841
1024	0.0403165	0.0397823
1025	0.0403146	0.0397805
1026	0.0403127	0.0397788
1027	0.0403107	0.039777
1028	0.0403092	0.0397753
1029	0.0403074	0.0397737
1030	0.0403058	0.0397719
1031	0.0403037	0.0397701
1032	0.0403019	0.0397683
1033	0.0403	0.0397666
1034	0.0402982	0.0397649
1035	0.0402968	0.0397632
1036	0.0402949	0.0397615
1037	0.0402931	0.0397596
1038	0.0402913	0.039758
1039	0.0402894	0.0397562
1040	0.0402878	0.0397545
1041	0.040286	0.0397527
1042	0.0402839	0.0397509
1043	0.0402829	0.0397492
1044	0.0402811	0.0397476
1045	0.0402787	0.0397459
1046	0.0402767	0.0397442
1047	0.0402756	0.0397424
1048	0.0402735	0.0397406
1049	0.0402715	0.039739
1050	0.0402705	0.0397374
1051	0.0402684	0.0397358
1052	0.0402667	0.039734
1053	0.0402653	0.0397322
1054	0.0402635	0.0397304
1055	0.0402615	0.0397287
1056	0.0402603	0.039727
1057	0.0402578	0.0397253
1058	0.0402565	0.0397236
1059	0.0402546	0.039722
1060	0.0402528	0.0397203
1061	0.040251	0.0397186
1062	0.040249	0.0397169
1063	0.0402475	0.0397152
1064	0.040246	0.0397135
1065	0.0402445	0.0397118
1066	0.0402422	0.0397102
1067	0.0402404	0.0397084
1068	0.0402386	0.0397068
1069	0.0402372	0.0397051
1070	0.0402354	0.0397032
1071	0.040234	0.0397015
1072	0.0402321	0.0396998
1073	0.0402298	0.0396981
1074	0.0402287	0.0396964
1075	0.0402268	0.0396947
1076	0.0402253	0.0396931
1077	0.0402238	0.0396915
1078	0.0402216	0.0396898
1079	0.0402202	0.0396882
1080	0.0402192	0.0396865
1081	0.0402173	0.0396848
1082	0.040215	0.0396831
1083	0.0402139	0.0396815
1084	0.0402119	0.0396798
1085	0.0402106	0.0396782
1086	0.0402083	0.0396767
1087	0.0402068	0.0396749
1088	0.0402051	0.0396733
1089	0.0402034	0.0396716
1090	0.0402015	0.0396701
1091	0.0402001	0.0396684
1092	0.0401988	0.0396668
1093	0.0401966	0.0396652
1094	0.0401947	0.0396636
1095	0.0401933	0.039662
1096	0.0401915	0.0396602
1097	0.04019	0.0396586
1098	0.0401879	0.039657
1099	0.0401869	0.0396554
1100	0.0401846	0.0396539
1101	0.0401831	0.0396522
1102	0.0401817	0.0396507
1103	0.0401806	0.039649
1104	0.0401789	0.0396475
1105	0.0401767	0.0396458
1106	0.0401756	0.0396441
1107	0.040174	0.0396426
1108	0.040172	0.039641
1109	0.0401702	0.0396395
1110	0.0401687	0.0396379
1111	0.0401673	0.0396364
1112	0.0401656	0.0396348
1113	0.0401635	0.0396332
1114	0.0401623	0.0396316
1115	0.0401604	0.03963
1116	0.0401597	0.0396284
1117	0.0401574	0.0396267
1118	0.0401563	0.0396251
1119	0.0401539	0.0396235
1120	0.0401531	0.0396219
1121	0.0401512	0.0396203
1122	0.04015	0.0396187
1123	0.0401479	0.0396171
1124	0.0401459	0.0396155
1125	0.0401444	0.039614
1126	0.0401432	0.0396124
1127	0.0401417	0.0396108
1128	0.0401399	0.0396093
1129	0.0401384	0.0396078
1130	0.0401362	0.0396062
1131	0.0401355	0.0396046
1132	0.0401333	0.0396031
1133	0.0401315	0.0396016
1134	0.04013	0.0396
1135	0.0401285	0.0395984
1136	0.0401262	0.0395967
1137	0.0401251	0.0395952
1138	0.0401237	0.0395936
1139	0.0401228	0.0395922
1140	0.0401209	0.0395907
1141	0.0401187	0.0395892
1142	0.0401177	0.0395877
1143	0.0401162	0.0395861
1144	0.0401146	0.0395845
1145	0.0401134	0.039583
1146	0.0401111	0.0395816
1147	0.0401096	0.03958
1148	0.0401082	0.0395785
1149	0.0401066	0.039577
1150	0.0401046	0.0395755
1151	0.0401032	0.0395739
1152	0.0401021	0.0395723
1153	0.0401006	0.0395709
1154	0.0400987	0.0395694
1155	0.0400973	0.0395679
1156	0.0400959	0.0395663
1157	0.0400945	0.0395648
1158	0.040093	0.0395633
1159	0.0400915	0.0395617
1160	0.0400898	0.0395603
1161	0.0400881	0.0395588
1162	0.0400869	0.0395573
1163	0.0400851	0.039556
1164	0.0400836	0.0395543
1165	0.0400818	0.0395529
1166	0.0400806	0.0395515
1167	0.0400787	0.0395501
1168	0.0400773	0.0395486
1169	0.0400756	0.0395469
1170	0.0400745	0.0395454
1171	0.0400724	0.0395439
1172	0.0400709	0.0395425
1173	0.0400699	0.039541
1174	0.0400682	0.0395395
1175	0.0400663	0.0395381
1176	0.040065	0.0395365
1177	0.0400633	0.039535
1178	0.0400624	0.0395336
1179	0.0400609	0.039532
1180	0.0400596	0.0395305
1181	0.0400578	0.0395289
1182	0.0400557	0.0395275
1183	0.0400554	0.0395261
1184	0.040053	0.0395247
1185	0.0400518	0.0395232
1186	0.0400502	0.0395217
1187	0.0400484	0.0395203
1188	0.0400472	0.0395188
1189	0.0400459	0.0395173
1190	0.0400445	0.0395158
1191	0.0400431	0.0395144
1192	0.0400411	0.0395129
1193	0.0400394	0.0395114
1194	0.0400388	0.0395098
1195	0.0400366	0.0395084
1196	0.0400356	0.0395069
1197	0.0400334	0.0395055
1198	0.0400325	0.039504
1199	0.0400305	0.0395026
1200	0.0400296	0.0395012
1201	0.0400281	0.0394997
1202	0.0400265	0.0394982
1203	0.0400249	0.0394968
1204	0.0400238	0.0394953
1205	0.0400216	0.0394939
1206	0.0400209	0.0394925
1207	0.040019	0.039491
1208	0.0400174	0.0394896
1209	0.0400161	0.0394881
1210	0.0400147	0.0394866
1211	0.0400134	0.0394853
1212	0.0400117	0.0394838
1213	0.0400107	0.0394824
1214	0.0400086	0.0394809
1215	0.0400074	0.0394795
1216	0.0400063	0.0394781
1217	0.0400048	0.0394767
1218	0.040003	0.0394754
1219	0.0400016	0.0394741
1220	0.0399998	0.0394727
