1	0.220918	0.21021
2	0.211624	0.202037
3	0.203402	0.19475
4	0.196071	0.188179
5	0.18946	0.182214
6	0.183461	0.176744
7	0.177967	0.171701
8	0.172898	0.167028
9	0.168201	0.16268
10	0.163831	0.158605
11	0.159734	0.15478
12	0.15589	0.151176
13	0.152268	0.147762
14	0.148837	0.144515
15	0.145575	0.141421
16	0.142466	0.138465
17	0.139499	0.13564
18	0.136658	0.132934
19	0.133939	0.130336
20	0.13133	0.127839
21	0.128825	0.125443
22	0.126416	0.123134
23	0.124097	0.120913
24	0.121868	0.118769
25	0.119716	0.116703
26	0.11764	0.114708
27	0.115636	0.112781
28	0.113702	0.110919
29	0.111831	0.109119
30	0.110026	0.107377
31	0.108276	0.105691
32	0.106586	0.10406
33	0.104946	0.102482
34	0.10336	0.100952
35	0.101825	0.0994689
36	0.100336	0.0980337
37	0.0988931	0.0966428
38	0.0974967	0.0952932
39	0.0961409	0.0939848
40	0.0948267	0.092716
41	0.0935535	0.0914844
42	0.0923171	0.0902907
43	0.0911206	0.0891325
44	0.0899558	0.0880092
45	0.0888279	0.0869187
46	0.0877328	0.0858605
47	0.0866698	0.0848324
48	0.0856382	0.0838361
49	0.0846374	0.0828677
50	0.0836656	0.0819277
51	0.0827229	0.0810152
52	0.0818053	0.0801283
53	0.0809135	0.0792666
54	0.08005	0.0784299
55	0.0792109	0.0776163
56	0.0783928	0.0768273
57	0.0776011	0.0760595
58	0.0768303	0.0753132
59	0.0760822	0.074588
60	0.075353	0.0738832
61	0.0746444	0.0731974
62	0.0739552	0.0725303
63	0.0732868	0.0718829
64	0.0726354	0.0712503
65	0.0720022	0.070637
66	0.0713856	0.0700397
67	0.0707847	0.0694589
68	0.070201	0.0688924
69	0.0696328	0.0683418
70	0.0690801	0.0678055
71	0.0685404	0.0672833
72	0.0680178	0.0667751
73	0.067506	0.0662791
74	0.0670081	0.065796
75	0.0665239	0.0653262
76	0.0660504	0.0648682
77	0.0655895	0.0644216
78	0.065143	0.0639866
79	0.0647051	0.0635612
80	0.0642791	0.0631476
81	0.0638637	0.0627453
82	0.0634582	0.0623516
83	0.0630623	0.0619679
84	0.0626772	0.0615928
85	0.0623008	0.0612275
86	0.061933	0.0608711
87	0.0615759	0.0605226
88	0.0612255	0.0601832
89	0.0608852	0.0598515
90	0.0605507	0.0595281
91	0.0602252	0.0592115
92	0.0599082	0.0589022
93	0.0595972	0.058601
94	0.0592935	0.0583051
95	0.0589973	0.0580166
96	0.0587072	0.0577361
97	0.058424	0.0574601
98	0.0581478	0.0571906
99	0.0578777	0.0569267
100	0.0576131	0.0566706
101	0.0573542	0.056419
102	0.0571007	0.056172
103	0.0568536	0.0559321
104	0.0566102	0.0556967
105	0.0563744	0.0554656
106	0.0561426	0.0552397
107	0.055915	0.0550183
108	0.0556931	0.0548024
109	0.0554759	0.0545905
110	0.0552626	0.0543838
111	0.0550547	0.0541797
112	0.0548502	0.0539813
113	0.0546498	0.0537866
114	0.0544532	0.0535951
115	0.0542622	0.0534081
116	0.0540733	0.0532247
117	0.0538892	0.0530449
118	0.0537081	0.052869
119	0.0535314	0.0526963
120	0.0533575	0.0525275
121	0.0531867	0.0523611
122	0.0530199	0.0521982
123	0.052856	0.0520384
124	0.052696	0.0518819
125	0.0525383	0.0517279
126	0.0523833	0.0515775
127	0.0522311	0.051429
128	0.0520828	0.0512843
129	0.0519363	0.0511417
130	0.0517925	0.051002
131	0.0516516	0.0508647
132	0.0515134	0.0507301
133	0.0513783	0.0505975
134	0.0512449	0.0504674
135	0.0511143	0.0503404
136	0.0509862	0.0502155
137	0.0508596	0.0500918
138	0.0507363	0.0499709
139	0.0506141	0.0498526
140	0.0504946	0.0497362
141	0.0503769	0.0496211
142	0.0502614	0.0495083
143	0.0501481	0.0493976
144	0.0500365	0.0492888
145	0.0499267	0.049182
146	0.0498193	0.0490766
147	0.0497127	0.048973
148	0.0496091	0.0488718
149	0.0495063	0.0487718
150	0.0494059	0.0486729
151	0.049307	0.0485766
152	0.04921	0.0484813
153	0.0491138	0.0483879
154	0.0490199	0.0482955
155	0.0489269	0.0482053
156	0.0488357	0.0481164
157	0.0487459	0.0480291
158	0.0486574	0.0479427
159	0.0485709	0.0478579
160	0.0484848	0.0477739
161	0.0483999	0.047692
162	0.048317	0.0476107
163	0.0482363	0.047531
164	0.0481553	0.0474524
165	0.0480762	0.0473747
166	0.0479979	0.047299
167	0.0479217	0.0472239
168	0.0478461	0.0471504
169	0.0477718	0.0470777
170	0.0476982	0.0470061
171	0.0476259	0.0469353
172	0.0475555	0.0468659
173	0.0474854	0.0467977
174	0.0474167	0.0467301
175	0.047348	0.0466634
176	0.0472812	0.046598
177	0.0472149	0.0465333
178	0.0471493	0.0464691
179	0.0470852	0.0464067
180	0.0470222	0.0463453
181	0.0469604	0.0462836
182	0.0468984	0.0462239
183	0.0468377	0.0461649
184	0.0467778	0.0461067
185	0.0467201	0.046049
186	0.0466616	0.0459923
187	0.0466034	0.0459359
188	0.0465471	0.0458806
189	0.0464916	0.045826
190	0.0464366	0.0457721
191	0.0463825	0.0457198
192	0.0463294	0.0456677
193	0.0462768	0.0456159
194	0.0462242	0.0455647
195	0.0461725	0.0455149
196	0.0461222	0.0454654
197	0.0460718	0.0454155
198	0.0460226	0.045367
199	0.0459737	0.0453193
200	0.0459258	0.0452725
201	0.0458778	0.0452259
202	0.0458308	0.0451806
203	0.0457851	0.0451351
204	0.0457388	0.0450905
205	0.0456941	0.0450461
206	0.0456493	0.0450026
207	0.0456058	0.0449596
208	0.0455621	0.0449169
209	0.0455191	0.0448753
210	0.0454766	0.044834
211	0.0454351	0.0447934
212	0.0453942	0.044753
213	0.0453528	0.0447127
214	0.0453127	0.0446735
215	0.0452722	0.0446349
216	0.0452332	0.0445964
217	0.0451947	0.0445578
218	0.0451558	0.0445206
219	0.0451183	0.0444836
220	0.0450805	0.0444469
221	0.0450437	0.0444107
222	0.0450074	0.0443749
223	0.0449709	0.0443392
224	0.0449351	0.0443043
225	0.0448999	0.04427
226	0.0448654	0.0442358
227	0.0448304	0.044202
228	0.0447961	0.0441691
229	0.0447626	0.0441358
230	0.0447297	0.0441031
231	0.0446966	0.0440709
232	0.0446641	0.0440389
233	0.0446321	0.044007
234	0.0446003	0.0439758
235	0.0445686	0.0439451
236	0.0445371	0.0439145
237	0.0445061	0.043884
238	0.0444757	0.0438545
239	0.0444455	0.043825
240	0.0444156	0.0437959
241	0.0443858	0.043767
242	0.0443571	0.0437383
243	0.0443282	0.0437101
244	0.0442998	0.0436821
245	0.0442719	0.0436544
246	0.0442432	0.0436272
247	0.0442162	0.0435997
248	0.0441879	0.0435731
249	0.0441617	0.0435468
250	0.0441349	0.0435206
251	0.0441078	0.0434947
252	0.0440808	0.0434691
253	0.0440556	0.0434438
254	0.0440301	0.0434186
255	0.0440045	0.0433934
256	0.0439789	0.0433686
257	0.0439541	0.0433441
258	0.0439294	0.0433198
259	0.0439051	0.0432957
260	0.0438813	0.0432722
261	0.0438574	0.0432487
262	0.0438334	0.0432252
263	0.0438099	0.0432022
264	0.0437871	0.04318
265	0.0437641	0.0431572
266	0.0437412	0.0431348
267	0.0437181	0.0431127
268	0.0436962	0.0430907
269	0.0436736	0.0430689
270	0.0436521	0.0430475
271	0.0436298	0.0430264
272	0.043609	0.0430053
273	0.0435869	0.0429844
274	0.0435661	0.0429637
275	0.0435456	0.042943
276	0.043524	0.0429229
277	0.0435037	0.0429029
278	0.0434834	0.0428828
279	0.0434633	0.0428631
280	0.0434438	0.0428436
281	0.0434243	0.0428242
282	0.0434037	0.0428053
283	0.0433853	0.0427862
284	0.0433653	0.0427674
285	0.0433462	0.0427486
286	0.0433278	0.04273
287	0.0433087	0.0427118
288	0.0432902	0.0426936
289	0.0432718	0.0426757
290	0.0432536	0.0426578
291	0.0432354	0.0426401
292	0.0432171	0.0426226
293	0.043199	0.0426051
294	0.0431821	0.0425876
295	0.0431643	0.0425707
296	0.0431471	0.0425537
297	0.0431296	0.0425368
298	0.0431126	0.0425203
299	0.0430961	0.0425035
300	0.0430791	0.0424871
301	0.0430628	0.0424708
302	0.0430466	0.0424548
303	0.0430302	0.042439
304	0.0430137	0.0424229
305	0.0429977	0.0424074
306	0.0429818	0.0423916
307	0.0429664	0.0423763
308	0.0429505	0.0423612
309	0.0429352	0.0423458
310	0.0429193	0.0423308
311	0.0429048	0.0423158
312	0.0428893	0.0423009
313	0.0428748	0.042286
314	0.042859	0.0422712
315	0.0428446	0.0422568
316	0.0428299	0.0422425
317	0.0428148	0.042228
318	0.0428008	0.042214
319	0.0427857	0.0421998
320	0.0427721	0.0421854
321	0.042758	0.0421715
322	0.0427439	0.0421577
323	0.0427297	0.0421441
324	0.0427158	0.0421307
325	0.0427014	0.0421175
326	0.0426888	0.0421043
327	0.042675	0.0420914
328	0.0426621	0.0420782
329	0.0426488	0.0420651
330	0.0426352	0.042052
331	0.0426222	0.042039
332	0.0426092	0.0420265
333	0.0425963	0.0420141
334	0.042584	0.0420014
335	0.0425712	0.0419889
336	0.0425579	0.0419768
337	0.0425456	0.0419643
338	0.0425333	0.0419524
339	0.0425208	0.0419402
340	0.042509	0.0419281
341	0.0424962	0.0419165
342	0.0424843	0.0419045
343	0.0424721	0.0418926
344	0.0424601	0.0418808
345	0.0424487	0.0418693
346	0.0424372	0.0418574
347	0.0424246	0.041846
348	0.042414	0.0418346
349	0.0424022	0.0418231
350	0.0423904	0.0418119
351	0.042379	0.0418009
352	0.0423679	0.0417896
353	0.0423571	0.0417787
354	0.0423459	0.041768
355	0.042335	0.0417571
356	0.0423234	0.0417464
357	0.0423128	0.0417359
358	0.0423019	0.0417251
359	0.0422909	0.0417144
360	0.0422802	0.0417038
361	0.04227	0.0416931
362	0.0422594	0.0416827
363	0.0422485	0.0416727
364	0.0422381	0.0416624
365	0.0422277	0.0416526
366	0.0422175	0.0416425
367	0.0422075	0.0416322
368	0.0421973	0.0416223
369	0.0421869	0.0416124
370	0.0421767	0.0416027
371	0.0421669	0.0415929
372	0.0421572	0.0415831
373	0.0421469	0.0415735
374	0.0421367	0.0415638
375	0.0421271	0.0415545
376	0.0421181	0.041545
377	0.0421085	0.0415355
378	0.0420985	0.041526
379	0.0420888	0.0415169
380	0.0420799	0.0415074
381	0.0420706	0.0414983
382	0.0420613	0.041489
383	0.0420516	0.0414799
384	0.0420432	0.0414709
385	0.0420331	0.0414618
386	0.042024	0.0414528
387	0.0420153	0.0414437
388	0.0420061	0.0414349
389	0.0419967	0.0414261
390	0.0419881	0.0414173
391	0.0419788	0.0414086
392	0.0419699	0.0414001
393	0.0419615	0.0413914
394	0.0419529	0.0413831
395	0.041944	0.0413744
396	0.0419349	0.0413661
397	0.0419271	0.0413574
398	0.041918	0.041349
399	0.0419098	0.0413408
400	0.0419013	0.0413323
401	0.0418931	0.0413241
402	0.0418853	0.0413161
403	0.0418768	0.0413079
404	0.0418686	0.0412997
405	0.0418606	0.0412918
406	0.041852	0.0412838
407	0.0418437	0.0412758
408	0.0418358	0.041268
409	0.0418283	0.0412602
410	0.0418202	0.0412522
411	0.041812	0.0412443
412	0.0418041	0.0412366
413	0.0417966	0.0412289
414	0.041789	0.041221
415	0.0417805	0.0412132
416	0.0417736	0.0412059
417	0.0417657	0.0411985
418	0.0417577	0.041191
419	0.0417505	0.0411836
420	0.0417422	0.041176
421	0.0417349	0.0411686
422	0.0417275	0.0411611
423	0.0417207	0.041154
424	0.0417124	0.0411468
425	0.0417053	0.0411395
426	0.0416981	0.0411324
427	0.0416905	0.0411252
428	0.0416835	0.041118
429	0.0416761	0.0411108
430	0.0416689	0.0411037
431	0.0416618	0.0410965
432	0.0416547	0.0410895
433	0.0416471	0.0410825
434	0.0416405	0.0410756
435	0.0416328	0.0410686
436	0.0416267	0.041062
437	0.041619	0.0410552
438	0.0416118	0.0410482
439	0.041605	0.0410417
440	0.0415993	0.0410349
441	0.0415921	0.041028
442	0.0415844	0.0410214
443	0.0415781	0.0410146
444	0.0415715	0.041008
445	0.041565	0.0410014
446	0.041558	0.0409949
447	0.0415516	0.0409884
448	0.0415442	0.0409817
449	0.0415383	0.0409753
450	0.0415318	0.0409688
451	0.0415252	0.0409624
452	0.0415186	0.0409561
453	0.0415117	0.0409499
454	0.0415059	0.0409435
455	0.0414995	0.0409369
456	0.0414927	0.0409307
457	0.0414866	0.0409245
458	0.04148	0.0409185
459	0.0414735	0.0409122
460	0.0414673	0.0409061
461	0.0414614	0.0408998
462	0.0414555	0.0408935
463	0.041449	0.0408874
464	0.0414421	0.0408814
465	0.0414363	0.0408755
466	0.0414306	0.0408694
467	0.0414244	0.0408632
468	0.0414183	0.0408574
469	0.0414122	0.0408513
470	0.0414071	0.0408454
471	0.0413999	0.0408393
472	0.0413939	0.0408334
473	0.0413887	0.0408276
474	0.0413823	0.0408217
475	0.0413762	0.040816
476	0.0413709	0.0408101
477	0.0413644	0.0408044
478	0.0413583	0.0407986
479	0.0413529	0.0407931
480	0.0413479	0.0407873
481	0.0413417	0.0407815
482	0.0413362	0.0407759
483	0.0413306	0.0407701
484	0.0413243	0.0407646
485	0.0413186	0.0407592
486	0.0413131	0.0407538
487	0.0413075	0.0407481
488	0.0413018	0.0407427
489	0.0412964	0.0407371
490	0.0412907	0.0407317
491	0.0412851	0.0407264
492	0.0412799	0.040721
493	0.0412743	0.0407156
494	0.0412688	0.0407104
495	0.0412637	0.040705
496	0.0412577	0.0406998
497	0.0412522	0.0406945
498	0.0412473	0.0406892
499	0.0412414	0.0406838
500	0.0412363	0.0406785
501	0.0412312	0.0406734
502	0.041226	0.0406683
503	0.0412203	0.0406631
504	0.0412156	0.040658
505	0.0412094	0.0406529
506	0.0412048	0.0406477
507	0.0411994	0.0406425
508	0.0411944	0.0406374
509	0.0411891	0.0406322
510	0.0411841	0.0406272
511	0.0411788	0.040622
512	0.0411739	0.040617
513	0.041169	0.0406121
514	0.0411636	0.0406072
515	0.0411588	0.0406023
516	0.0411538	0.0405973
517	0.0411493	0.0405921
518	0.0411436	0.0405872
519	0.0411384	0.0405823
520	0.0411336	0.0405774
521	0.0411287	0.0405726
522	0.0411238	0.040568
523	0.0411191	0.040563
524	0.0411144	0.0405583
525	0.0411095	0.0405536
526	0.0411045	0.0405486
527	0.0410991	0.0405438
528	0.0410946	0.0405391
529	0.0410901	0.0405344
530	0.0410846	0.0405298
531	0.0410806	0.0405249
532	0.0410755	0.0405203
533	0.0410705	0.0405157
534	0.0410664	0.040511
535	0.0410613	0.0405064
536	0.0410565	0.0405018
537	0.0410524	0.0404972
538	0.0410478	0.0404926
539	0.0410426	0.0404881
540	0.0410381	0.0404834
541	0.0410336	0.0404789
542	0.0410285	0.0404743
543	0.0410244	0.0404699
544	0.0410198	0.0404654
545	0.0410158	0.040461
546	0.0410104	0.0404563
547	0.0410059	0.0404518
548	0.0410023	0.0404475
549	0.0409973	0.0404431
550	0.0409934	0.0404389
551	0.0409882	0.0404344
552	0.0409833	0.04043
553	0.040979	0.0404257
554	0.0409752	0.0404214
555	0.040971	0.0404169
556	0.0409666	0.0404127
557	0.040962	0.0404085
558	0.0409575	0.0404042
559	0.0409536	0.0403999
560	0.0409494	0.0403955
561	0.040945	0.0403914
562	0.0409407	0.0403873
563	0.0409362	0.0403832
564	0.0409325	0.0403789
565	0.0409276	0.0403746
566	0.0409235	0.0403704
567	0.0409195	0.0403663
568	0.0409151	0.0403621
569	0.040911	0.040358
570	0.0409064	0.0403538
571	0.0409021	0.0403497
572	0.0408981	0.0403455
573	0.0408944	0.0403414
574	0.0408903	0.0403375
575	0.0408859	0.0403334
576	0.0408816	0.0403294
577	0.0408774	0.0403254
578	0.0408733	0.0403216
579	0.0408698	0.0403177
580	0.0408653	0.0403137
581	0.0408614	0.0403098
582	0.040858	0.0403058
583	0.0408534	0.0403017
584	0.04085	0.0402978
585	0.0408454	0.0402939
586	0.0408413	0.0402899
587	0.0408376	0.0402861
588	0.0408334	0.0402821
589	0.0408295	0.0402781
590	0.0408255	0.0402742
591	0.0408214	0.0402703
592	0.0408175	0.0402664
593	0.0408138	0.0402624
594	0.0408102	0.0402587
595	0.0408068	0.0402549
596	0.0408023	0.0402511
597	0.0407991	0.0402473
598	0.0407953	0.0402435
599	0.0407911	0.0402398
600	0.040787	0.040236
601	0.0407831	0.0402324
602	0.0407797	0.0402288
603	0.0407754	0.040225
604	0.0407725	0.0402212
605	0.0407679	0.0402176
606	0.0407646	0.0402139
607	0.0407607	0.0402103
608	0.0407567	0.0402066
609	0.0407537	0.040203
610	0.0407495	0.0401994
611	0.0407458	0.0401959
612	0.0407419	0.0401923
613	0.0407384	0.0401887
614	0.0407351	0.040185
615	0.0407311	0.0401814
616	0.0407275	0.0401778
617	0.0407236	0.0401742
618	0.0407206	0.0401707
619	0.0407165	0.0401673
620	0.040713	0.0401637
621	0.04071	0.0401603
622	0.0407063	0.0401568
623	0.0407033	0.0401533
624	0.0406991	0.04015
625	0.0406961	0.0401464
626	0.0406926	0.0401428
627	0.0406888	0.0401395
628	0.0406856	0.0401359
629	0.0406821	0.0401325
630	0.0406778	0.040129
631	0.0406751	0.0401256
632	0.0406713	0.0401221
633	0.0406682	0.0401186
634	0.0406645	0.0401153
635	0.0406607	0.0401119
636	0.0406575	0.0401085
637	0.0406543	0.0401052
638	0.0406505	0.0401018
639	0.0406475	0.0400985
640	0.0406441	0.0400952
641	0.0406403	0.0400919
642	0.0406369	0.0400886
643	0.0406343	0.0400854
644	0.0406307	0.0400823
645	0.0406278	0.0400791
646	0.0406244	0.0400759
647	0.0406207	0.0400727
648	0.0406176	0.0400696
649	0.0406138	0.0400663
650	0.040611	0.040063
651	0.0406077	0.0400596
652	0.0406041	0.0400565
653	0.0406011	0.0400534
654	0.0405982	0.0400502
655	0.0405946	0.0400471
656	0.0405906	0.0400438
657	0.0405883	0.0400408
658	0.0405851	0.0400374
659	0.0405818	0.0400341
660	0.0405781	0.040031
661	0.0405757	0.0400281
662	0.0405724	0.040025
663	0.0405686	0.040022
664	0.0405659	0.0400188
665	0.0405632	0.0400158
666	0.0405595	0.0400126
667	0.0405564	0.0400095
668	0.040553	0.0400066
669	0.0405504	0.0400036
670	0.0405477	0.0400004
671	0.0405441	0.0399973
672	0.040541	0.0399943
673	0.0405379	0.0399913
674	0.040535	0.0399883
675	0.0405317	0.0399855
676	0.0405288	0.0399824
677	0.0405255	0.0399794
678	0.0405228	0.0399762
679	0.0405195	0.0399731
680	0.0405166	0.0399703
681	0.0405134	0.0399674
682	0.04051	0.0399644
683	0.0405078	0.0399614
684	0.0405048	0.0399585
685	0.0405012	0.0399556
686	0.0404988	0.0399526
687	0.0404958	0.0399496
688	0.0404928	0.0399466
689	0.0404901	0.0399438
690	0.0404866	0.0399409
691	0.0404835	0.0399381
692	0.0404813	0.0399352
693	0.0404793	0.0399325
694	0.040476	0.0399294
695	0.0404728	0.0399265
696	0.0404697	0.0399236
697	0.0404673	0.039921
698	0.0404642	0.0399181
699	0.0404611	0.0399153
700	0.0404584	0.0399125
701	0.0404557	0.0399096
702	0.0404528	0.0399068
703	0.0404497	0.039904
704	0.0404472	0.0399011
705	0.0404449	0.0398984
706	0.0404411	0.0398957
707	0.0404392	0.039893
708	0.0404363	0.0398903
709	0.0404332	0.0398876
710	0.0404301	0.0398849
711	0.0404281	0.0398822
712	0.0404248	0.0398795
713	0.0404226	0.0398768
714	0.0404193	0.0398742
715	0.0404169	0.0398716
716	0.040414	0.0398689
717	0.0404116	0.0398661
718	0.0404088	0.0398633
719	0.0404061	0.0398606
720	0.0404034	0.039858
721	0.0404005	0.0398555
722	0.0403984	0.039853
723	0.0403955	0.0398504
724	0.0403926	0.039848
725	0.0403902	0.0398454
726	0.0403876	0.0398427
727	0.0403851	0.0398401
728	0.0403816	0.0398375
729	0.040379	0.0398351
730	0.0403777	0.0398325
731	0.0403741	0.0398299
732	0.0403721	0.0398272
733	0.0403694	0.0398247
734	0.0403665	0.0398222
735	0.0403642	0.0398197
736	0.0403609	0.0398172
737	0.0403589	0.0398147
738	0.0403563	0.0398122
739	0.040354	0.0398095
740	0.0403509	0.0398069
741	0.0403489	0.0398045
742	0.0403464	0.039802
743	0.0403436	0.0397994
744	0.0403408	0.0397971
745	0.0403387	0.0397946
746	0.040336	0.0397922
747	0.0403331	0.0397897
748	0.0403309	0.0397872
749	0.0403288	0.0397848
750	0.0403261	0.0397822
751	0.0403234	0.0397797
752	0.0403212	0.0397773
753	0.0403187	0.039775
754	0.0403161	0.0397726
755	0.0403134	0.0397701
756	0.0403118	0.0397675
757	0.0403089	0.0397651
758	0.0403065	0.0397628
759	0.040304	0.0397605
760	0.0403011	0.0397582
761	0.040299	0.0397558
762	0.0402967	0.0397535
763	0.0402942	0.0397511
764	0.0402917	0.0397488
765	0.0402897	0.0397465
766	0.0402876	0.0397441
767	0.0402848	0.0397417
768	0.040283	0.0397394
769	0.0402802	0.0397371
770	0.040278	0.0397348
771	0.0402752	0.0397325
772	0.040273	0.0397302
773	0.0402709	0.0397278
774	0.040269	0.0397255
775	0.0402663	0.0397233
776	0.0402635	0.039721
777	0.040261	0.0397188
778	0.0402593	0.0397164
779	0.0402569	0.0397141
780	0.0402547	0.039712
781	0.0402517	0.0397098
782	0.0402506	0.0397076
783	0.0402478	0.0397054
784	0.0402458	0.0397031
785	0.0402429	0.039701
786	0.0402408	0.0396987
787	0.0402386	0.0396965
788	0.0402367	0.0396944
789	0.0402337	0.0396921
790	0.0402319	0.0396899
791	0.0402304	0.0396877
792	0.0402275	0.0396856
793	0.040225	0.0396834
794	0.0402235	0.0396812
795	0.0402208	0.039679
796	0.0402187	0.0396768
797	0.0402167	0.0396746
798	0.0402146	0.0396725
799	0.0402122	0.0396704
800	0.0402102	0.0396683
801	0.040208	0.0396662
802	0.0402059	0.0396641
803	0.0402036	0.0396619
804	0.0402011	0.0396597
805	0.0401994	0.0396575
806	0.0401976	0.0396555
807	0.0401951	0.0396534
808	0.0401931	0.0396513
809	0.0401912	0.0396491
810	0.040189	0.039647
811	0.0401861	0.0396449
812	0.0401845	0.0396426
813	0.0401825	0.0396406
814	0.0401805	0.0396386
815	0.0401784	0.0396365
816	0.0401763	0.0396345
817	0.0401742	0.0396325
818	0.0401723	0.0396305
819	0.0401696	0.0396284
820	0.0401676	0.0396265
821	0.0401651	0.0396246
822	0.0401636	0.0396226
823	0.0401617	0.0396207
824	0.0401593	0.0396187
825	0.0401572	0.0396167
826	0.0401556	0.0396148
827	0.040153	0.0396128
828	0.0401518	0.0396109
829	0.0401488	0.0396089
830	0.0401479	0.039607
831	0.0401453	0.039605
832	0.0401436	0.039603
833	0.0401418	0.039601
834	0.0401393	0.039599
835	0.0401376	0.0395971
836	0.0401358	0.0395951
837	0.040133	0.0395933
838	0.0401315	0.0395914
839	0.0401299	0.0395894
840	0.0401276	0.0395875
841	0.0401253	0.0395855
842	0.0401239	0.0395835
843	0.0401219	0.0395815
844	0.0401193	0.0395795
845	0.0401177	0.0395776
846	0.0401164	0.0395758
847	0.0401142	0.0395739
848	0.0401119	0.039572
849	0.0401104	0.0395702
850	0.0401088	0.0395683
851	0.0401068	0.0395665
852	0.0401048	0.0395645
853	0.0401032	0.0395626
854	0.0401005	0.0395607
855	0.0400986	0.0395589
856	0.0400971	0.0395571
857	0.0400953	0.0395552
858	0.0400935	0.0395534
859	0.0400917	0.0395516
860	0.0400897	0.0395496
861	0.0400881	0.0395478
862	0.0400862	0.0395462
863	0.0400841	0.0395443
864	0.0400822	0.0395426
865	0.0400796	0.0395408
866	0.0400786	0.0395389
867	0.0400764	0.0395371
868	0.0400747	0.0395354
869	0.0400726	0.0395336
870	0.0400708	0.0395317
871	0.0400692	0.0395299
872	0.040067	0.0395283
873	0.0400657	0.0395265
874	0.0400636	0.0395247
875	0.0400612	0.039523
876	0.04006	0.0395212
877	0.0400586	0.0395196
878	0.0400569	0.0395178
879	0.0400546	0.0395161
880	0.0400535	0.0395144
881	0.0400515	0.0395126
882	0.0400496	0.0395108
883	0.0400481	0.039509
884	0.0400461	0.0395073
885	0.0400447	0.0395056
886	0.0400428	0.0395038
887	0.0400414	0.0395021
888	0.0400394	0.0395004
889	0.0400374	0.0394987
890	0.0400351	0.039497
891	0.0400343	0.0394953
892	0.0400328	0.0394937
893	0.0400306	0.0394921
894	0.0400291	0.0394904
895	0.0400275	0.0394887
896	0.0400259	0.0394871
897	0.0400233	0.0394853
898	0.0400224	0.0394837
899	0.0400205	0.039482
900	0.040019	0.0394803
901	0.0400176	0.0394787
902	0.0400156	0.039477
903	0.0400142	0.0394752
904	0.0400122	0.0394736
905	0.0400103	0.039472
906	0.040009	0.0394703
907	0.0400071	0.0394685
908	0.040006	0.039467
909	0.0400041	0.0394653
910	0.0400016	0.0394636
911	0.0400003	0.039462
912	0.0399991	0.0394604
