1	0.283897	0.264291
2	0.266192	0.247794
3	0.249563	0.232645
4	0.2343	0.219095
5	0.220646	0.207149
6	0.208615	0.196699
7	0.198092	0.187555
8	0.188886	0.179509
9	0.180785	0.172362
10	0.173596	0.165964
11	0.167159	0.160181
12	0.161347	0.154916
13	0.156055	0.150102
14	0.151217	0.145671
15	0.146766	0.141575
16	0.142649	0.137771
17	0.138831	0.134226
18	0.13527	0.130904
19	0.131934	0.127782
20	0.128799	0.124842
21	0.125848	0.122067
22	0.123059	0.11944
23	0.120423	0.11695
24	0.117922	0.114588
25	0.11555	0.112343
26	0.113296	0.110204
27	0.111149	0.108166
28	0.109105	0.106224
29	0.107154	0.104368
30	0.10529	0.102595
31	0.10351	0.100897
32	0.101807	0.0992736
33	0.100175	0.0977196
34	0.0986109	0.0962255
35	0.0971116	0.0947918
36	0.0956721	0.0934159
37	0.0942909	0.0920905
38	0.0929603	0.0908176
39	0.0916816	0.0895913
40	0.0904502	0.08841
41	0.0892632	0.0872724
42	0.0881191	0.0861735
43	0.0870168	0.0851148
44	0.0859527	0.0840918
45	0.084923	0.0831026
46	0.0839305	0.082148
47	0.0829696	0.0812236
48	0.0820418	0.08033
49	0.0811448	0.0794655
50	0.0802753	0.0786287
51	0.079435	0.0778183
52	0.0786207	0.0770324
53	0.0778311	0.0762705
54	0.0770664	0.0755329
55	0.0763241	0.0748161
56	0.0756061	0.0741218
57	0.0749067	0.0734473
58	0.0742285	0.0727929
59	0.073572	0.0721565
60	0.0729323	0.0715391
61	0.0723112	0.0709395
62	0.0717078	0.0703555
63	0.0711207	0.0697884
64	0.0705516	0.0692367
65	0.0699972	0.0686993
66	0.0694573	0.0681789
67	0.068933	0.0676691
68	0.0684218	0.0671742
69	0.0679236	0.0666919
70	0.0674397	0.0662233
71	0.0669673	0.065765
72	0.0665071	0.0653198
73	0.0660591	0.0648849
74	0.065622	0.0644604
75	0.0651954	0.0640475
76	0.0647799	0.0636448
77	0.0643755	0.0632517
78	0.0639792	0.0628671
79	0.0635929	0.0624918
80	0.0632171	0.0621266
81	0.0628477	0.0617696
82	0.0624889	0.0614201
83	0.0621381	0.0610795
84	0.0617962	0.0607458
85	0.0614594	0.0604204
86	0.0611318	0.0601019
87	0.0608121	0.0597909
88	0.0604996	0.0594864
89	0.0601943	0.0591894
90	0.0598941	0.0588981
91	0.0596014	0.0586136
92	0.0593155	0.0583355
93	0.0590353	0.0580623
94	0.0587609	0.0577964
95	0.0584919	0.0575347
96	0.0582288	0.0572787
97	0.0579728	0.0570291
98	0.0577207	0.0567834
99	0.0574743	0.0565437
100	0.0572324	0.0563081
101	0.0569953	0.0560779
102	0.0567633	0.0558515
103	0.0565356	0.0556302
104	0.0563124	0.0554134
105	0.0560945	0.0552001
106	0.055881	0.0549914
107	0.055671	0.0547875
108	0.0554654	0.0545874
109	0.0552637	0.0543898
110	0.0550649	0.0541974
111	0.0548716	0.0540083
112	0.0546808	0.0538225
113	0.0544928	0.0536396
114	0.0543098	0.053461
115	0.0541296	0.0532852
116	0.0539525	0.0531133
117	0.053779	0.0529437
118	0.0536087	0.052778
119	0.0534417	0.0526149
120	0.0532769	0.0524545
121	0.0531156	0.0522971
122	0.0529572	0.0521425
123	0.0528012	0.0519907
124	0.052648	0.0518416
125	0.0524977	0.0516953
126	0.0523506	0.051551
127	0.0522046	0.0514106
128	0.0520625	0.051271
129	0.0519218	0.0511336
130	0.0517844	0.0509996
131	0.0516488	0.0508672
132	0.0515155	0.0507373
133	0.0513843	0.0506096
134	0.0512547	0.0504838
135	0.0511287	0.05036
136	0.0510042	0.0502389
137	0.050882	0.0501191
138	0.0507608	0.0500012
139	0.0506425	0.0498858
140	0.050525	0.0497717
141	0.0504107	0.0496598
142	0.0502977	0.0495491
143	0.0501868	0.0494407
144	0.0500773	0.0493343
145	0.0499695	0.0492295
146	0.0498639	0.0491255
147	0.0497595	0.049024
148	0.049656	0.0489235
149	0.0495552	0.0488246
150	0.0494554	0.0487276
151	0.0493576	0.0486315
152	0.0492605	0.0485375
153	0.0491655	0.0484445
154	0.0490717	0.0483529
155	0.0489789	0.0482625
156	0.0488884	0.0481738
157	0.0487986	0.0480862
158	0.04871	0.0480003
159	0.0486233	0.047915
160	0.0485377	0.0478317
161	0.0484538	0.047749
162	0.0483708	0.0476675
163	0.0482881	0.0475875
164	0.0482073	0.0475087
165	0.0481272	0.0474309
166	0.0480488	0.0473542
167	0.047972	0.0472784
168	0.0478951	0.0472037
169	0.0478199	0.0471301
170	0.0477459	0.0470579
171	0.0476725	0.0469863
172	0.0475999	0.0469156
173	0.0475285	0.046846
174	0.0474585	0.0467774
175	0.0473899	0.0467101
176	0.0473215	0.0466428
177	0.0472534	0.0465772
178	0.0471873	0.0465123
179	0.0471218	0.0464484
180	0.0470571	0.0463853
181	0.046993	0.0463227
182	0.04693	0.0462609
183	0.0468678	0.0462002
184	0.046806	0.0461404
185	0.0467461	0.0460814
186	0.046686	0.0460226
187	0.0466269	0.0459653
188	0.0465688	0.045908
189	0.0465113	0.0458527
190	0.0464541	0.0457974
191	0.0463988	0.045742
192	0.0463429	0.0456879
193	0.0462886	0.0456345
194	0.0462345	0.0455813
195	0.0461813	0.0455296
196	0.046129	0.045478
197	0.0460768	0.0454276
198	0.046025	0.0453774
199	0.0459753	0.0453278
200	0.0459248	0.0452792
201	0.0458754	0.0452307
202	0.0458272	0.045183
203	0.0457785	0.0451362
204	0.0457314	0.0450897
205	0.0456839	0.0450438
206	0.0456382	0.0449984
207	0.0455921	0.0449538
208	0.0455466	0.0449095
209	0.0455022	0.0448658
210	0.0454577	0.0448223
211	0.0454138	0.0447796
212	0.0453712	0.0447374
213	0.0453278	0.0446953
214	0.0452857	0.0446539
215	0.0452437	0.0446137
216	0.0452031	0.0445731
217	0.0451624	0.0445333
218	0.0451222	0.0444938
219	0.0450824	0.0444547
220	0.0450432	0.0444162
221	0.0450039	0.0443784
222	0.0449648	0.0443412
223	0.0449281	0.0443041
224	0.0448899	0.0442672
225	0.044853	0.0442308
226	0.0448165	0.0441948
227	0.0447797	0.0441594
228	0.0447438	0.0441244
229	0.0447089	0.0440895
230	0.0446737	0.044055
231	0.0446387	0.0440208
232	0.0446043	0.0439875
233	0.0445699	0.0439543
234	0.0445363	0.0439213
235	0.0445031	0.0438888
236	0.0444712	0.0438568
237	0.044438	0.043825
238	0.0444064	0.0437935
239	0.0443738	0.0437623
240	0.0443425	0.0437313
241	0.0443115	0.043701
242	0.0442805	0.0436709
243	0.0442494	0.0436413
244	0.0442193	0.043612
245	0.0441899	0.0435827
246	0.0441603	0.0435539
247	0.044131	0.0435256
248	0.0441026	0.0434975
249	0.0440734	0.0434692
250	0.0440451	0.0434414
251	0.0440173	0.0434138
252	0.0439895	0.0433874
253	0.0439623	0.0433604
254	0.0439353	0.043334
255	0.043908	0.0433075
256	0.0438812	0.043281
257	0.0438554	0.0432556
258	0.043829	0.04323
259	0.0438034	0.0432049
260	0.0437781	0.0431797
261	0.0437531	0.0431551
262	0.0437275	0.0431307
263	0.0437026	0.0431067
264	0.043678	0.0430829
265	0.0436542	0.0430592
266	0.04363	0.0430356
267	0.0436064	0.0430124
268	0.0435828	0.0429892
269	0.0435591	0.0429663
270	0.0435355	0.0429437
271	0.0435133	0.0429215
272	0.0434904	0.0428993
273	0.0434684	0.0428774
274	0.0434463	0.0428552
275	0.0434234	0.0428334
276	0.043402	0.0428123
277	0.0433798	0.0427913
278	0.0433586	0.0427703
279	0.0433374	0.0427494
280	0.0433165	0.0427287
281	0.0432958	0.0427088
282	0.0432754	0.0426887
283	0.0432554	0.0426685
284	0.0432349	0.0426489
285	0.0432147	0.0426296
286	0.0431948	0.0426098
287	0.0431747	0.0425906
288	0.0431563	0.0425717
289	0.0431362	0.0425528
290	0.0431174	0.042534
291	0.0430983	0.0425155
292	0.043079	0.0424971
293	0.0430604	0.0424788
294	0.0430421	0.0424608
295	0.0430237	0.0424429
296	0.043006	0.0424255
297	0.0429881	0.0424077
298	0.0429697	0.0423904
299	0.0429521	0.0423731
300	0.042935	0.0423562
301	0.0429177	0.0423392
302	0.0429004	0.0423226
303	0.0428834	0.0423062
304	0.0428667	0.0422895
305	0.0428496	0.0422734
306	0.042833	0.0422573
307	0.0428168	0.0422412
308	0.0428004	0.0422254
309	0.0427847	0.0422091
310	0.042769	0.0421937
311	0.0427531	0.042178
312	0.0427373	0.0421628
313	0.0427213	0.0421473
314	0.0427063	0.0421319
315	0.042691	0.0421174
316	0.0426753	0.0421025
317	0.0426608	0.0420879
318	0.0426458	0.0420731
319	0.0426307	0.042059
320	0.0426163	0.0420447
321	0.0426021	0.0420305
322	0.0425873	0.042016
323	0.0425723	0.0420022
324	0.0425591	0.0419885
325	0.0425444	0.0419745
326	0.0425306	0.0419611
327	0.0425168	0.0419475
328	0.0425033	0.0419339
329	0.0424899	0.0419207
330	0.0424766	0.0419075
331	0.0424625	0.0418946
332	0.0424488	0.0418818
333	0.0424358	0.0418687
334	0.0424225	0.041856
335	0.0424102	0.0418434
336	0.0423967	0.0418308
337	0.0423845	0.0418183
338	0.0423713	0.0418058
339	0.0423594	0.0417937
340	0.0423461	0.0417817
341	0.0423341	0.0417692
342	0.0423218	0.0417574
343	0.0423103	0.0417456
344	0.042298	0.0417336
345	0.0422856	0.0417221
346	0.0422738	0.0417106
347	0.0422625	0.0416991
348	0.0422507	0.0416875
349	0.042239	0.0416758
350	0.0422275	0.041665
351	0.0422159	0.0416537
352	0.0422042	0.0416425
353	0.042193	0.0416318
354	0.0421821	0.0416211
355	0.0421707	0.0416101
356	0.0421602	0.0415996
357	0.0421492	0.0415891
358	0.0421389	0.0415786
359	0.0421281	0.0415679
360	0.0421172	0.0415574
361	0.0421069	0.041547
362	0.0420962	0.0415367
363	0.0420857	0.0415265
364	0.0420752	0.0415163
365	0.0420648	0.041506
366	0.042055	0.0414961
367	0.0420443	0.0414863
368	0.0420348	0.0414768
369	0.0420245	0.0414669
370	0.0420152	0.0414574
371	0.0420053	0.0414479
372	0.0419953	0.0414381
373	0.0419858	0.0414285
374	0.0419759	0.0414194
375	0.0419663	0.0414101
376	0.0419566	0.0414008
377	0.041947	0.0413918
378	0.0419374	0.0413827
379	0.0419289	0.0413737
380	0.0419204	0.0413647
381	0.0419106	0.0413557
382	0.0419016	0.0413471
383	0.0418924	0.0413384
384	0.0418834	0.0413297
385	0.0418746	0.0413211
386	0.0418652	0.0413125
387	0.0418568	0.0413041
388	0.0418484	0.0412955
389	0.0418401	0.0412868
390	0.0418313	0.0412785
391	0.0418223	0.0412703
392	0.0418142	0.0412619
393	0.0418058	0.0412538
394	0.0417975	0.0412459
395	0.0417887	0.0412378
396	0.0417808	0.0412297
397	0.041773	0.0412217
398	0.0417652	0.0412137
399	0.0417565	0.0412059
400	0.0417491	0.041198
401	0.0417415	0.0411901
402	0.0417335	0.0411827
403	0.0417254	0.0411749
404	0.0417174	0.0411671
405	0.0417097	0.0411598
406	0.0417021	0.0411524
407	0.0416946	0.041145
408	0.0416871	0.0411378
409	0.0416795	0.0411304
410	0.0416722	0.0411233
411	0.0416647	0.041116
412	0.041657	0.0411088
413	0.0416499	0.0411016
414	0.0416422	0.0410942
415	0.0416355	0.0410871
416	0.0416282	0.0410801
417	0.0416212	0.041073
418	0.041614	0.0410661
419	0.0416059	0.0410592
420	0.0416002	0.0410527
421	0.0415926	0.0410461
422	0.0415859	0.0410396
423	0.0415788	0.0410329
424	0.0415725	0.0410262
425	0.0415649	0.0410196
426	0.041559	0.0410132
427	0.041552	0.0410066
428	0.0415451	0.0410002
429	0.0415388	0.0409939
430	0.0415325	0.0409873
431	0.0415254	0.0409806
432	0.0415195	0.0409743
433	0.0415127	0.0409682
434	0.0415065	0.0409621
435	0.0415005	0.0409559
436	0.0414938	0.0409499
437	0.0414879	0.0409437
438	0.0414808	0.0409376
439	0.0414747	0.0409316
440	0.0414692	0.0409256
441	0.0414631	0.0409194
442	0.0414567	0.0409135
443	0.0414506	0.0409074
444	0.0414447	0.0409016
445	0.0414394	0.0408957
446	0.0414324	0.0408897
447	0.0414275	0.0408841
448	0.0414213	0.0408785
449	0.0414152	0.0408728
450	0.04141	0.0408673
451	0.0414042	0.0408616
452	0.0413978	0.0408561
453	0.0413915	0.0408504
454	0.0413867	0.0408449
455	0.0413816	0.0408393
456	0.0413755	0.040834
457	0.0413704	0.0408284
458	0.0413646	0.040823
459	0.0413592	0.0408177
460	0.0413536	0.0408125
461	0.0413481	0.0408071
462	0.0413421	0.0408021
463	0.0413377	0.0407968
464	0.0413319	0.0407916
465	0.0413265	0.0407864
466	0.0413209	0.0407811
467	0.0413159	0.0407762
468	0.0413106	0.040771
469	0.0413056	0.0407659
470	0.0413005	0.0407609
471	0.0412956	0.0407561
472	0.0412899	0.040751
473	0.0412847	0.0407462
474	0.0412794	0.0407413
475	0.041275	0.0407363
476	0.0412697	0.0407314
477	0.0412649	0.0407267
478	0.04126	0.0407219
479	0.0412549	0.0407171
480	0.0412506	0.0407124
481	0.0412458	0.0407076
482	0.0412406	0.0407029
483	0.0412357	0.0406984
484	0.0412311	0.0406934
485	0.041226	0.0406885
486	0.0412213	0.040684
487	0.0412168	0.0406793
488	0.0412126	0.0406749
489	0.041208	0.0406703
490	0.0412033	0.0406658
491	0.0411987	0.0406613
492	0.0411942	0.040657
493	0.0411897	0.0406526
494	0.0411846	0.0406484
495	0.0411803	0.040644
496	0.0411761	0.0406397
497	0.0411716	0.0406354
498	0.0411668	0.040631
499	0.0411627	0.0406268
500	0.0411578	0.0406226
501	0.0411539	0.0406183
502	0.0411495	0.0406141
503	0.0411455	0.04061
504	0.0411404	0.0406059
505	0.0411369	0.0406019
506	0.0411326	0.0405977
507	0.0411284	0.0405935
508	0.0411246	0.0405894
509	0.0411205	0.0405854
510	0.0411165	0.0405813
511	0.041112	0.0405773
512	0.0411079	0.0405735
513	0.0411041	0.0405694
514	0.0410995	0.0405654
515	0.0410962	0.0405613
516	0.0410919	0.0405573
517	0.0410881	0.0405535
518	0.0410836	0.0405498
519	0.0410798	0.0405458
520	0.0410762	0.0405419
521	0.0410716	0.040538
522	0.0410685	0.0405342
523	0.0410638	0.0405307
524	0.0410601	0.0405272
525	0.0410561	0.0405233
526	0.0410528	0.0405196
527	0.0410485	0.0405157
528	0.0410449	0.040512
529	0.0410411	0.0405082
530	0.041037	0.0405045
531	0.0410338	0.0405009
532	0.0410299	0.0404971
533	0.0410259	0.0404936
534	0.0410227	0.04049
535	0.0410185	0.0404866
536	0.0410152	0.040483
537	0.0410112	0.0404796
538	0.0410079	0.040476
539	0.0410047	0.0404724
540	0.0410007	0.0404688
541	0.0409967	0.0404654
542	0.0409939	0.0404618
543	0.04099	0.0404584
544	0.0409866	0.0404551
545	0.0409824	0.0404517
546	0.0409791	0.0404484
547	0.0409757	0.040445
548	0.0409727	0.0404416
549	0.0409687	0.0404382
550	0.0409658	0.0404348
551	0.040962	0.0404317
552	0.0409588	0.0404283
553	0.0409553	0.040425
554	0.0409522	0.0404217
555	0.0409485	0.0404185
556	0.0409452	0.0404151
557	0.0409421	0.040412
558	0.0409386	0.0404087
559	0.0409349	0.0404055
560	0.0409317	0.0404023
561	0.040929	0.0403992
562	0.0409253	0.0403961
563	0.0409223	0.0403931
564	0.0409199	0.04039
565	0.0409162	0.0403871
566	0.0409138	0.0403838
567	0.0409097	0.0403807
568	0.040907	0.0403775
569	0.0409034	0.0403744
570	0.0409001	0.0403716
571	0.0408975	0.0403685
572	0.0408941	0.0403655
573	0.0408909	0.0403626
574	0.0408879	0.0403596
575	0.0408853	0.0403566
576	0.0408816	0.0403535
577	0.0408786	0.0403506
578	0.0408756	0.0403477
579	0.0408731	0.0403449
580	0.0408699	0.0403419
581	0.0408669	0.0403389
582	0.0408641	0.0403361
583	0.0408605	0.0403332
584	0.0408574	0.0403303
585	0.0408546	0.0403276
586	0.0408521	0.0403248
587	0.0408492	0.0403219
588	0.0408461	0.040319
589	0.0408432	0.0403162
590	0.0408406	0.0403134
591	0.0408377	0.0403106
592	0.0408348	0.0403079
593	0.0408326	0.0403048
594	0.0408292	0.0403022
595	0.0408264	0.0402995
596	0.0408241	0.0402967
597	0.0408207	0.0402939
598	0.0408176	0.0402911
599	0.0408153	0.0402885
600	0.040812	0.040286
601	0.0408099	0.0402833
602	0.0408071	0.0402807
603	0.0408048	0.0402782
604	0.0408016	0.0402756
605	0.0407982	0.0402729
606	0.0407964	0.0402704
607	0.0407941	0.0402677
608	0.0407906	0.0402652
609	0.0407887	0.0402626
610	0.0407854	0.04026
611	0.040783	0.0402574
612	0.0407801	0.0402546
613	0.0407779	0.0402521
614	0.0407754	0.0402498
615	0.0407725	0.0402473
616	0.04077	0.0402449
617	0.0407674	0.0402424
618	0.0407648	0.04024
619	0.0407618	0.0402375
620	0.0407599	0.0402351
621	0.0407573	0.0402326
622	0.0407547	0.0402302
623	0.0407525	0.0402277
624	0.0407499	0.0402251
625	0.040747	0.0402227
626	0.0407446	0.0402202
627	0.0407426	0.0402178
628	0.0407402	0.0402153
629	0.0407381	0.0402129
630	0.0407351	0.0402105
631	0.0407328	0.0402082
632	0.0407303	0.0402058
633	0.0407282	0.0402033
634	0.0407246	0.0402008
635	0.0407231	0.0401985
636	0.0407209	0.0401961
637	0.0407181	0.0401937
638	0.0407159	0.0401914
639	0.0407126	0.040189
640	0.0407105	0.0401865
641	0.0407087	0.0401843
642	0.0407058	0.0401821
643	0.0407035	0.0401798
644	0.0407019	0.0401776
645	0.0406992	0.0401754
646	0.0406973	0.0401732
647	0.0406943	0.0401709
648	0.040693	0.0401688
649	0.0406899	0.0401666
650	0.0406879	0.0401644
651	0.0406863	0.0401622
652	0.0406834	0.0401599
653	0.040681	0.0401578
654	0.0406788	0.0401557
655	0.0406759	0.0401535
656	0.0406744	0.0401514
657	0.0406718	0.0401492
658	0.0406699	0.0401471
659	0.0406674	0.0401449
660	0.0406649	0.0401425
661	0.0406632	0.0401403
662	0.0406606	0.0401381
663	0.0406581	0.0401359
664	0.0406566	0.0401338
665	0.0406537	0.0401318
666	0.0406519	0.0401297
667	0.0406494	0.0401277
668	0.0406476	0.0401257
669	0.0406454	0.0401236
670	0.0406433	0.0401215
671	0.0406409	0.0401194
672	0.0406387	0.0401173
673	0.0406361	0.0401153
674	0.0406343	0.0401134
675	0.0406329	0.0401113
676	0.0406307	0.0401093
677	0.0406286	0.0401072
678	0.0406262	0.040105
679	0.040625	0.040103
680	0.0406222	0.0401009
681	0.04062	0.0400988
682	0.0406184	0.0400967
683	0.0406163	0.0400947
684	0.0406137	0.0400927
685	0.0406125	0.0400907
686	0.04061	0.0400887
687	0.0406081	0.0400868
688	0.0406063	0.0400847
689	0.0406041	0.0400826
690	0.0406022	0.0400808
691	0.0406004	0.0400789
692	0.0405976	0.0400769
693	0.0405962	0.0400751
694	0.0405938	0.0400729
695	0.0405919	0.0400711
696	0.0405901	0.0400692
697	0.0405879	0.0400673
698	0.0405864	0.0400654
699	0.0405842	0.0400635
700	0.0405822	0.0400617
701	0.0405808	0.0400597
702	0.0405783	0.0400579
703	0.0405767	0.0400561
704	0.0405745	0.0400543
705	0.0405729	0.0400525
706	0.0405706	0.0400507
707	0.0405687	0.0400488
708	0.0405667	0.040047
709	0.0405651	0.0400452
710	0.0405633	0.0400432
711	0.0405611	0.0400414
712	0.0405592	0.0400397
713	0.0405572	0.040038
714	0.0405562	0.0400363
715	0.0405539	0.0400344
716	0.0405517	0.0400324
717	0.0405493	0.0400306
718	0.0405481	0.0400286
719	0.0405459	0.0400268
720	0.0405447	0.040025
721	0.0405432	0.0400232
722	0.0405404	0.0400214
723	0.0405388	0.0400197
724	0.0405369	0.0400178
725	0.0405355	0.040016
726	0.0405331	0.0400144
727	0.0405324	0.0400126
728	0.0405294	0.0400109
729	0.0405282	0.0400092
730	0.0405262	0.0400073
731	0.0405246	0.0400054
732	0.0405229	0.0400037
733	0.0405211	0.0400019
734	0.0405194	0.0400001
735	0.0405176	0.0399985
736	0.0405157	0.0399968
737	0.0405146	0.0399951
738	0.0405123	0.0399934
739	0.0405105	0.0399917
740	0.0405092	0.03999
741	0.0405071	0.0399883
742	0.0405054	0.0399866
743	0.0405038	0.039985
744	0.0405016	0.0399833
745	0.0405005	0.0399816
746	0.0404983	0.0399799
747	0.0404966	0.0399782
748	0.0404946	0.0399766
749	0.0404933	0.039975
750	0.0404915	0.0399732
751	0.0404899	0.0399716
752	0.0404877	0.03997
753	0.0404864	0.0399684
754	0.040485	0.0399667
755	0.0404837	0.0399651
756	0.0404813	0.0399634
757	0.0404797	0.0399618
758	0.0404785	0.0399603
759	0.0404767	0.0399588
760	0.0404748	0.0399572
761	0.040473	0.0399555
762	0.0404714	0.0399538
763	0.0404699	0.0399522
764	0.0404682	0.0399506
765	0.0404661	0.0399489
766	0.0404649	0.0399473
767	0.0404631	0.0399457
768	0.0404619	0.0399442
769	0.0404602	0.0399426
770	0.040459	0.0399411
771	0.0404572	0.0399396
772	0.0404553	0.039938
773	0.040454	0.0399364
774	0.0404519	0.0399349
775	0.0404502	0.0399332
776	0.0404484	0.0399316
777	0.0404471	0.0399301
778	0.0404454	0.0399284
779	0.0404437	0.0399268
780	0.040442	0.0399252
781	0.0404406	0.0399237
782	0.0404395	0.0399221
783	0.0404377	0.0399206
784	0.0404365	0.0399191
785	0.0404348	0.0399176
786	0.0404329	0.0399161
787	0.0404313	0.0399147
788	0.040429	0.0399132
789	0.0404285	0.0399117
790	0.0404267	0.0399102
791	0.0404252	0.0399087
792	0.0404236	0.0399071
793	0.0404218	0.0399055
794	0.0404204	0.039904
795	0.0404187	0.0399025
796	0.0404171	0.0399011
797	0.0404157	0.0398995
798	0.0404139	0.0398981
799	0.040413	0.0398966
800	0.0404117	0.0398951
801	0.0404099	0.0398937
802	0.0404081	0.0398921
803	0.0404068	0.0398906
804	0.0404055	0.0398891
805	0.0404041	0.0398878
806	0.0404017	0.0398862
807	0.0404004	0.0398847
808	0.040399	0.0398832
809	0.0403974	0.0398818
810	0.0403963	0.0398804
811	0.0403949	0.0398789
812	0.0403934	0.0398775
813	0.0403917	0.0398761
814	0.0403906	0.0398748
815	0.0403885	0.0398732
816	0.0403871	0.0398718
817	0.0403861	0.0398703
818	0.0403842	0.0398689
819	0.040383	0.0398676
820	0.0403816	0.0398662
821	0.0403798	0.0398647
822	0.040379	0.0398633
823	0.0403774	0.039862
824	0.0403754	0.0398606
825	0.0403743	0.0398592
826	0.040373	0.0398578
827	0.0403716	0.0398565
828	0.0403699	0.039855
829	0.0403686	0.0398536
830	0.0403674	0.0398523
831	0.0403654	0.0398508
832	0.040364	0.0398493
833	0.0403623	0.039848
834	0.0403615	0.0398466
835	0.0403602	0.0398453
836	0.0403583	0.0398439
837	0.0403574	0.0398424
838	0.0403557	0.0398411
839	0.0403543	0.0398396
840	0.0403531	0.0398382
841	0.0403515	0.0398368
842	0.04035	0.0398354
843	0.0403487	0.039834
844	0.0403474	0.0398327
845	0.0403457	0.0398314
846	0.0403443	0.0398301
847	0.0403432	0.0398287
848	0.0403416	0.0398273
849	0.0403404	0.0398259
850	0.0403387	0.0398244
851	0.0403377	0.0398231
852	0.040336	0.0398218
853	0.0403348	0.0398204
854	0.0403334	0.0398191
855	0.0403321	0.0398177
856	0.0403308	0.0398165
857	0.0403293	0.0398151
858	0.0403281	0.0398137
859	0.0403267	0.0398123
860	0.0403258	0.039811
861	0.0403237	0.0398097
862	0.0403229	0.0398083
863	0.0403214	0.039807
864	0.0403196	0.0398056
865	0.0403188	0.0398042
866	0.0403166	0.039803
867	0.0403159	0.0398017
868	0.040315	0.0398004
869	0.0403136	0.0397991
870	0.0403119	0.0397978
871	0.0403106	0.0397965
872	0.0403094	0.0397952
873	0.0403081	0.0397939
874	0.0403061	0.0397926
875	0.040305	0.0397913
876	0.0403041	0.0397901
877	0.040302	0.0397888
878	0.0403012	0.0397875
879	0.0402994	0.0397862
880	0.0402989	0.0397849
881	0.0402974	0.0397837
882	0.0402958	0.0397824
883	0.0402945	0.0397811
884	0.0402931	0.03978
885	0.0402918	0.0397787
886	0.0402912	0.0397773
887	0.0402893	0.039776
888	0.0402876	0.0397749
889	0.0402869	0.0397736
890	0.0402856	0.0397725
891	0.0402843	0.0397712
892	0.0402826	0.0397699
893	0.0402815	0.0397686
894	0.0402803	0.0397674
895	0.0402787	0.0397662
896	0.0402774	0.039765
897	0.0402763	0.0397637
898	0.0402749	0.0397624
899	0.0402741	0.0397611
900	0.0402725	0.0397598
901	0.0402712	0.0397586
902	0.0402696	0.0397574
903	0.0402689	0.0397561
904	0.0402679	0.0397547
905	0.0402662	0.0397536
906	0.0402656	0.0397523
907	0.0402646	0.0397511
908	0.0402626	0.0397498
909	0.0402612	0.0397486
910	0.04026	0.0397474
911	0.0402587	0.0397462
912	0.0402575	0.0397449
913	0.0402567	0.0397436
914	0.0402556	0.0397423
915	0.0402538	0.039741
916	0.0402522	0.0397397
917	0.0402512	0.0397386
918	0.0402501	0.0397374
919	0.0402486	0.0397362
920	0.0402482	0.039735
921	0.0402466	0.0397338
922	0.0402445	0.0397325
923	0.040244	0.0397314
924	0.0402426	0.0397301
925	0.0402414	0.039729
926	0.0402402	0.0397278
927	0.0402387	0.0397266
928	0.0402377	0.0397254
929	0.0402366	0.0397241
930	0.0402349	0.0397228
931	0.0402339	0.0397216
932	0.0402335	0.0397204
933	0.0402319	0.0397192
934	0.0402305	0.0397181
935	0.0402296	0.0397168
936	0.0402281	0.0397157
937	0.0402266	0.0397145
938	0.040226	0.0397133
939	0.0402247	0.0397122
940	0.040223	0.039711
941	0.0402216	0.0397097
942	0.0402207	0.0397085
943	0.0402199	0.0397073
944	0.0402186	0.0397063
945	0.0402175	0.0397051
946	0.0402162	0.0397039
947	0.0402149	0.0397028
948	0.0402141	0.0397015
949	0.0402128	0.0397004
950	0.0402117	0.0396991
951	0.0402101	0.039698
952	0.0402092	0.0396969
953	0.0402074	0.0396958
954	0.0402067	0.0396945
955	0.0402052	0.0396934
956	0.0402045	0.0396923
957	0.0402029	0.0396911
958	0.0402016	0.03969
959	0.0402016	0.0396888
960	0.0401995	0.0396877
961	0.0401978	0.0396864
962	0.0401976	0.0396853
963	0.0401958	0.0396842
964	0.0401951	0.0396831
965	0.0401934	0.039682
966	0.040192	0.0396808
967	0.0401913	0.0396797
968	0.04019	0.0396786
969	0.0401892	0.0396774
970	0.040188	0.0396762
971	0.0401865	0.0396751
972	0.0401853	0.0396739
973	0.0401843	0.0396728
974	0.0401832	0.0396718
975	0.0401822	0.0396706
976	0.040181	0.0396694
977	0.0401796	0.0396683
978	0.0401786	0.0396671
979	0.0401773	0.0396659
980	0.0401764	0.0396649
981	0.0401755	0.0396638
982	0.040174	0.0396625
983	0.0401726	0.0396614
984	0.0401715	0.0396603
985	0.0401705	0.0396591
986	0.0401698	0.039658
987	0.0401682	0.0396568
988	0.0401672	0.0396557
989	0.0401663	0.0396546
990	0.0401649	0.0396535
991	0.0401637	0.0396522
992	0.0401629	0.039651
993	0.0401615	0.03965
994	0.0401605	0.0396488
995	0.0401591	0.0396477
996	0.040158	0.0396465
997	0.0401569	0.0396455
998	0.0401561	0.0396444
999	0.0401549	0.0396434
1000	0.0401538	0.0396424
1001	0.040153	0.0396414
1002	0.0401515	0.0396402
1003	0.0401506	0.0396391
1004	0.0401497	0.039638
1005	0.0401482	0.0396369
1006	0.0401468	0.0396357
1007	0.0401455	0.0396347
1008	0.0401448	0.0396336
1009	0.0401438	0.0396325
1010	0.040143	0.0396314
1011	0.0401411	0.0396303
1012	0.0401406	0.0396293
1013	0.0401394	0.0396282
1014	0.0401379	0.0396272
1015	0.040137	0.0396261
1016	0.0401357	0.039625
1017	0.0401352	0.0396239
1018	0.040134	0.0396229
1019	0.0401323	0.0396218
1020	0.0401311	0.0396208
1021	0.0401303	0.0396197
1022	0.0401294	0.0396186
1023	0.0401282	0.0396175
1024	0.0401276	0.0396165
1025	0.0401259	0.0396154
1026	0.0401252	0.0396143
1027	0.0401237	0.0396131
1028	0.0401228	0.039612
1029	0.0401217	0.0396109
1030	0.0401212	0.0396099
1031	0.0401194	0.0396088
1032	0.0401185	0.0396078
1033	0.0401172	0.0396066
1034	0.0401166	0.0396056
1035	0.0401153	0.0396045
1036	0.040114	0.0396034
1037	0.0401141	0.0396024
1038	0.040112	0.0396014
1039	0.0401114	0.0396002
1040	0.0401094	0.0395992
1041	0.0401081	0.0395981
1042	0.0401078	0.0395972
1043	0.0401066	0.0395962
1044	0.0401057	0.0395951
1045	0.0401043	0.0395939
1046	0.0401035	0.0395928
1047	0.0401022	0.0395918
1048	0.0401014	0.0395907
1049	0.0401003	0.0395896
1050	0.040099	0.0395886
1051	0.0400977	0.0395876
1052	0.0400963	0.0395866
1053	0.0400956	0.0395855
1054	0.040094	0.0395844
1055	0.0400932	0.0395833
1056	0.0400921	0.0395822
1057	0.0400916	0.0395812
1058	0.0400903	0.0395802
1059	0.0400889	0.0395793
1060	0.0400881	0.0395782
1061	0.0400873	0.0395772
1062	0.040086	0.0395762
1063	0.0400854	0.0395751
1064	0.040084	0.0395741
1065	0.0400826	0.039573
1066	0.040082	0.039572
1067	0.0400805	0.0395709
1068	0.0400798	0.0395698
1069	0.0400785	0.0395688
1070	0.0400768	0.0395679
1071	0.0400766	0.0395668
1072	0.0400754	0.0395657
1073	0.0400748	0.0395647
1074	0.040074	0.0395636
1075	0.0400726	0.0395626
1076	0.0400717	0.0395614
1077	0.0400707	0.0395605
1078	0.0400691	0.0395594
1079	0.0400684	0.0395585
1080	0.0400671	0.0395574
1081	0.0400662	0.0395564
1082	0.0400649	0.0395553
1083	0.0400637	0.0395542
1084	0.0400629	0.0395532
1085	0.0400616	0.039552
1086	0.0400611	0.039551
1087	0.0400599	0.03955
1088	0.0400589	0.0395491
1089	0.0400579	0.0395481
1090	0.0400572	0.0395471
1091	0.040056	0.0395461
1092	0.0400547	0.0395451
1093	0.0400537	0.0395441
1094	0.0400529	0.0395431
1095	0.0400514	0.0395421
1096	0.0400505	0.0395411
1097	0.0400494	0.03954
1098	0.0400485	0.0395391
1099	0.0400479	0.039538
1100	0.0400463	0.039537
1101	0.0400461	0.0395361
1102	0.0400439	0.0395351
1103	0.0400433	0.039534
1104	0.0400427	0.039533
1105	0.0400413	0.0395319
1106	0.0400404	0.0395308
1107	0.0400396	0.0395298
1108	0.0400382	0.0395288
1109	0.040037	0.0395278
1110	0.0400363	0.0395268
1111	0.0400351	0.0395257
1112	0.0400341	0.0395247
1113	0.0400335	0.0395236
1114	0.0400322	0.0395227
1115	0.0400315	0.0395217
1116	0.0400297	0.0395207
1117	0.0400293	0.0395196
1118	0.0400276	0.0395186
1119	0.040027	0.0395176
1120	0.040026	0.0395165
1121	0.040025	0.0395155
1122	0.0400238	0.0395145
1123	0.0400229	0.0395135
1124	0.040022	0.0395126
1125	0.0400209	0.0395117
1126	0.0400197	0.0395107
1127	0.0400186	0.0395096
1128	0.0400181	0.0395087
1129	0.0400169	0.0395078
1130	0.0400157	0.0395067
1131	0.0400148	0.0395057
1132	0.0400136	0.0395047
1133	0.0400132	0.0395037
1134	0.0400118	0.0395026
1135	0.0400112	0.0395016
1136	0.0400095	0.0395006
1137	0.0400088	0.0394996
1138	0.0400074	0.0394986
1139	0.0400071	0.0394976
1140	0.040006	0.0394966
1141	0.0400048	0.0394956
1142	0.0400044	0.0394947
1143	0.040003	0.0394937
1144	0.0400018	0.0394927
1145	0.0400013	0.0394917
1146	0.0399996	0.0394907
