1	0.275109	0.258139
2	0.260299	0.24536
3	0.247418	0.234422
4	0.236387	0.225004
5	0.226888	0.216682
6	0.218501	0.209179
7	0.210934	0.202318
8	0.204017	0.195967
9	0.197617	0.190059
10	0.191662	0.184532
11	0.186093	0.179335
12	0.180856	0.174424
13	0.175909	0.169778
14	0.171229	0.165374
15	0.166789	0.161188
16	0.162578	0.157214
17	0.158575	0.153426
18	0.154758	0.149818
19	0.151121	0.146371
20	0.147653	0.143078
21	0.144337	0.139933
22	0.141171	0.136927
23	0.138137	0.134046
24	0.13524	0.131288
25	0.132464	0.128646
26	0.129803	0.126111
27	0.12725	0.123677
28	0.124799	0.121336
29	0.122443	0.119091
30	0.120182	0.116929
31	0.118007	0.114852
32	0.115912	0.112852
33	0.1139	0.110924
34	0.111958	0.109068
35	0.110089	0.10728
36	0.10829	0.105555
37	0.106551	0.103892
38	0.104878	0.102288
39	0.103262	0.100739
40	0.101702	0.0992438
41	0.100196	0.0978007
42	0.0987424	0.0964074
43	0.097339	0.0950604
44	0.0959832	0.0937594
45	0.0946735	0.0925018
46	0.0934055	0.0912846
47	0.0921798	0.0901099
48	0.0909955	0.0889718
49	0.0898509	0.0878719
50	0.0887428	0.0868067
51	0.0876695	0.0857757
52	0.0866317	0.084777
53	0.0856259	0.0838091
54	0.084652	0.0828725
55	0.083708	0.0819651
56	0.082794	0.0810859
57	0.0819089	0.080232
58	0.0810492	0.0794056
59	0.080216	0.0786026
60	0.0794095	0.0778245
61	0.0786244	0.0770687
62	0.0778632	0.0763356
63	0.0771252	0.0756226
64	0.0764084	0.074932
65	0.0757131	0.0742604
66	0.0750358	0.0736074
67	0.0743794	0.072972
68	0.0737408	0.0723568
69	0.0731198	0.0717561
70	0.0725165	0.0711739
71	0.0719283	0.0706064
72	0.0713591	0.070055
73	0.0708037	0.0695185
74	0.070263	0.0689962
75	0.069737	0.0684862
76	0.0692258	0.0679917
77	0.0687257	0.0675096
78	0.0682404	0.0670405
79	0.0677667	0.0665826
80	0.0673073	0.0661359
81	0.0668571	0.0657014
82	0.0664194	0.0652767
83	0.0659925	0.0648634
84	0.0655772	0.0644598
85	0.065171	0.0640666
86	0.0647755	0.0636828
87	0.0643895	0.0633089
88	0.0640117	0.0629432
89	0.0636442	0.0625865
90	0.0632869	0.0622373
91	0.0629348	0.0618977
92	0.0625911	0.0615652
93	0.0622585	0.0612407
94	0.0619311	0.0609232
95	0.061612	0.0606138
96	0.0612996	0.0603106
97	0.0609947	0.0600141
98	0.0606971	0.0597243
99	0.0604053	0.0594412
100	0.0601204	0.0591642
101	0.0598418	0.0588931
102	0.05957	0.0586283
103	0.0593022	0.0583688
104	0.0590422	0.0581151
105	0.0587875	0.0578667
106	0.0585367	0.057623
107	0.0582919	0.0573859
108	0.0580528	0.0571524
109	0.057818	0.0569246
110	0.0575878	0.0567007
111	0.0573628	0.0564814
112	0.0571423	0.0562667
113	0.0569271	0.0560564
114	0.0567142	0.0558501
115	0.0565069	0.0556487
116	0.056304	0.0554504
117	0.0561045	0.0552558
118	0.0559086	0.0550655
119	0.0557175	0.0548793
120	0.0555292	0.0546959
121	0.0553453	0.0545163
122	0.0551641	0.0543398
123	0.0549866	0.0541662
124	0.0548131	0.0539972
125	0.0546419	0.0538307
126	0.0544761	0.0536675
127	0.0543107	0.0535068
128	0.0541493	0.0533491
129	0.05399	0.0531948
130	0.0538347	0.0530433
131	0.0536815	0.0528933
132	0.0535315	0.0527469
133	0.0533839	0.0526035
134	0.0532395	0.052462
135	0.0530971	0.0523233
136	0.0529574	0.0521867
137	0.0528203	0.0520524
138	0.0526854	0.0519207
139	0.0525529	0.0517914
140	0.0524212	0.0516641
141	0.0522937	0.0515391
142	0.0521675	0.0514156
143	0.052044	0.0512947
144	0.0519214	0.0511756
145	0.0518014	0.0510591
146	0.0516836	0.0509437
147	0.0515683	0.0508306
148	0.0514542	0.0507193
149	0.0513424	0.0506098
150	0.051232	0.0505023
151	0.0511232	0.0503956
152	0.0510163	0.0502916
153	0.0509109	0.0501889
154	0.0508077	0.0500874
155	0.0507057	0.0499882
156	0.0506045	0.04989
157	0.0505065	0.0497932
158	0.0504091	0.0496983
159	0.0503129	0.0496048
160	0.0502188	0.0495122
161	0.0501265	0.0494219
162	0.0500359	0.0493322
163	0.0499453	0.0492447
164	0.0498566	0.0491575
165	0.0497693	0.0490723
166	0.0496831	0.0489879
167	0.0495987	0.0489055
168	0.0495147	0.0488239
169	0.0494319	0.0487431
170	0.0493508	0.0486636
171	0.0492708	0.0485853
172	0.049193	0.0485082
173	0.0491152	0.0484324
174	0.0490386	0.0483573
175	0.0489623	0.0482837
176	0.0488878	0.048211
177	0.0488144	0.0481391
178	0.0487417	0.0480687
179	0.0486705	0.0479984
180	0.0486	0.0479296
181	0.0485313	0.0478613
182	0.0484625	0.0477945
183	0.048395	0.0477286
184	0.0483288	0.0476632
185	0.048263	0.0475991
186	0.0481983	0.0475355
187	0.048134	0.0474732
188	0.0480706	0.0474114
189	0.0480087	0.0473502
190	0.047947	0.0472901
191	0.0478862	0.0472306
192	0.0478264	0.0471725
193	0.0477678	0.0471147
194	0.0477093	0.0470577
195	0.0476514	0.0470015
196	0.0475949	0.0469457
197	0.0475391	0.0468909
198	0.0474839	0.0468366
199	0.0474291	0.0467828
200	0.047375	0.0467301
201	0.0473223	0.0466775
202	0.0472689	0.0466257
203	0.0472174	0.0465748
204	0.047166	0.0465247
205	0.0471146	0.0464759
206	0.047065	0.0464268
207	0.0470156	0.0463783
208	0.0469667	0.0463308
209	0.0469186	0.0462834
210	0.0468707	0.0462362
211	0.0468236	0.0461901
212	0.0467768	0.0461446
213	0.0467309	0.0460995
214	0.0466853	0.0460548
215	0.0466405	0.0460111
216	0.0465961	0.0459673
217	0.0465522	0.0459248
218	0.0465087	0.0458822
219	0.0464656	0.0458407
220	0.0464238	0.0457992
221	0.046381	0.0457577
222	0.0463399	0.0457169
223	0.0462992	0.0456772
224	0.0462589	0.0456375
225	0.0462191	0.0455983
226	0.0461794	0.0455597
227	0.0461402	0.0455215
228	0.0461018	0.0454834
229	0.0460632	0.0454463
230	0.0460256	0.0454089
231	0.0459882	0.0453729
232	0.0459521	0.0453367
233	0.0459148	0.0453014
234	0.0458791	0.0452658
235	0.0458436	0.0452307
236	0.0458082	0.0451963
237	0.0457734	0.0451619
238	0.0457387	0.0451282
239	0.0457048	0.0450948
240	0.0456712	0.045062
241	0.0456375	0.0450289
242	0.0456044	0.0449964
243	0.0455716	0.0449647
244	0.0455395	0.0449327
245	0.0455076	0.0449009
246	0.0454757	0.0448699
247	0.0454439	0.0448397
248	0.0454127	0.0448092
249	0.0453824	0.0447792
250	0.0453519	0.0447495
251	0.0453217	0.0447201
252	0.0452923	0.0446906
253	0.0452627	0.0446616
254	0.0452334	0.0446333
255	0.0452041	0.0446051
256	0.0451761	0.0445771
257	0.0451476	0.0445495
258	0.04512	0.0445216
259	0.0450926	0.0444945
260	0.0450642	0.0444678
261	0.0450379	0.0444412
262	0.0450102	0.0444147
263	0.0449836	0.0443884
264	0.0449578	0.044363
265	0.0449315	0.0443374
266	0.0449055	0.0443123
267	0.0448802	0.0442872
268	0.0448556	0.0442627
269	0.0448298	0.0442378
270	0.0448054	0.0442136
271	0.0447801	0.0441896
272	0.0447563	0.0441655
273	0.0447318	0.0441421
274	0.0447079	0.0441186
275	0.0446838	0.0440954
276	0.0446606	0.0440722
277	0.0446371	0.0440493
278	0.0446138	0.0440267
279	0.0445911	0.0440046
280	0.0445688	0.0439823
281	0.044546	0.0439604
282	0.0445242	0.0439391
283	0.0445019	0.0439173
284	0.0444802	0.0438958
285	0.0444588	0.0438749
286	0.044438	0.043854
287	0.0444162	0.043833
288	0.0443955	0.0438124
289	0.0443745	0.0437918
290	0.0443541	0.0437717
291	0.0443335	0.043752
292	0.0443135	0.043732
293	0.044293	0.0437126
294	0.0442737	0.0436931
295	0.0442538	0.0436737
296	0.0442347	0.043655
297	0.0442161	0.0436359
298	0.0441959	0.0436172
299	0.0441766	0.0435986
300	0.044158	0.04358
301	0.0441395	0.043562
302	0.044121	0.0435439
303	0.0441023	0.043526
304	0.0440838	0.0435081
305	0.0440657	0.0434906
306	0.0440481	0.0434729
307	0.0440305	0.0434555
308	0.0440129	0.0434382
309	0.0439955	0.043421
310	0.0439781	0.043404
311	0.0439607	0.0433872
312	0.0439436	0.0433706
313	0.0439272	0.0433542
314	0.0439111	0.0433377
315	0.0438941	0.0433215
316	0.0438773	0.0433058
317	0.0438613	0.0432898
318	0.0438456	0.0432739
319	0.0438286	0.0432582
320	0.0438133	0.0432428
321	0.043797	0.0432273
322	0.0437818	0.043212
323	0.0437658	0.0431971
324	0.0437508	0.0431819
325	0.0437355	0.0431675
326	0.0437202	0.0431526
327	0.0437051	0.0431376
328	0.0436909	0.0431231
329	0.0436764	0.0431084
330	0.0436613	0.0430942
331	0.0436467	0.04308
332	0.0436326	0.0430656
333	0.0436178	0.0430516
334	0.0436045	0.0430378
335	0.0435903	0.043024
336	0.0435754	0.0430102
337	0.043562	0.0429968
338	0.0435478	0.0429832
339	0.0435339	0.04297
340	0.04352	0.0429567
341	0.0435071	0.0429437
342	0.0434939	0.0429302
343	0.043481	0.0429173
344	0.0434676	0.0429044
345	0.0434543	0.0428917
346	0.0434411	0.0428789
347	0.0434287	0.0428668
348	0.043416	0.042854
349	0.0434037	0.0428416
350	0.0433906	0.0428295
351	0.0433784	0.0428172
352	0.0433661	0.0428051
353	0.0433537	0.0427931
354	0.0433416	0.0427812
355	0.0433295	0.0427693
356	0.0433171	0.0427576
357	0.0433053	0.0427459
358	0.0432934	0.0427343
359	0.0432822	0.0427231
360	0.0432701	0.0427118
361	0.0432585	0.0427003
362	0.0432473	0.0426891
363	0.0432355	0.0426781
364	0.0432243	0.0426667
365	0.043213	0.0426558
366	0.0432015	0.0426446
367	0.0431908	0.042634
368	0.0431795	0.0426228
369	0.0431682	0.0426121
370	0.0431579	0.0426016
371	0.0431468	0.0425909
372	0.0431359	0.0425807
373	0.0431256	0.0425702
374	0.0431143	0.0425601
375	0.0431039	0.0425496
376	0.0430938	0.0425393
377	0.0430835	0.0425293
378	0.0430736	0.0425189
379	0.043063	0.0425089
380	0.0430526	0.042499
381	0.0430427	0.0424891
382	0.0430327	0.042479
383	0.043023	0.0424693
384	0.0430127	0.0424596
385	0.043003	0.04245
386	0.0429935	0.0424406
387	0.0429838	0.0424311
388	0.0429744	0.0424216
389	0.0429653	0.0424125
390	0.0429554	0.0424033
391	0.0429458	0.042394
392	0.0429363	0.0423849
393	0.0429273	0.0423757
394	0.042918	0.0423667
395	0.0429084	0.0423575
396	0.042899	0.0423485
397	0.0428906	0.0423399
398	0.0428817	0.0423311
399	0.0428727	0.0423223
400	0.0428637	0.0423136
401	0.0428544	0.042305
402	0.0428458	0.0422964
403	0.0428369	0.042288
404	0.0428286	0.0422793
405	0.0428198	0.0422707
406	0.0428116	0.0422623
407	0.0428027	0.0422539
408	0.042794	0.0422457
409	0.0427858	0.0422372
410	0.0427771	0.0422291
411	0.0427689	0.0422211
412	0.0427609	0.0422129
413	0.0427524	0.0422047
414	0.0427445	0.0421967
415	0.0427358	0.0421891
416	0.0427278	0.0421811
417	0.0427196	0.0421731
418	0.042712	0.0421652
419	0.042704	0.042157
420	0.0426955	0.0421493
421	0.0426881	0.0421417
422	0.0426804	0.0421341
423	0.042672	0.0421264
424	0.0426646	0.0421188
425	0.0426569	0.0421113
426	0.0426491	0.042104
427	0.0426415	0.0420966
428	0.0426341	0.0420892
429	0.0426266	0.0420817
430	0.042619	0.0420747
431	0.0426121	0.0420671
432	0.0426047	0.0420598
433	0.0425972	0.0420527
434	0.0425902	0.0420457
435	0.0425822	0.0420385
436	0.0425753	0.0420313
437	0.0425677	0.0420243
438	0.0425606	0.0420173
439	0.0425537	0.0420103
440	0.0425465	0.0420033
441	0.0425393	0.0419967
442	0.0425332	0.0419897
443	0.042526	0.0419829
444	0.0425191	0.041976
445	0.0425122	0.0419694
446	0.0425057	0.0419625
447	0.0424984	0.0419561
448	0.0424917	0.0419493
449	0.0424852	0.0419426
450	0.0424783	0.0419363
451	0.0424715	0.0419298
452	0.0424654	0.0419233
453	0.0424587	0.0419169
454	0.0424512	0.0419103
455	0.0424452	0.0419041
456	0.0424389	0.0418975
457	0.0424326	0.0418912
458	0.0424256	0.0418848
459	0.0424193	0.0418785
460	0.0424135	0.0418725
461	0.0424072	0.0418663
462	0.0423999	0.0418603
463	0.0423944	0.0418543
464	0.0423881	0.0418482
465	0.0423821	0.0418421
466	0.0423759	0.0418359
467	0.0423695	0.0418298
468	0.0423632	0.0418236
469	0.0423572	0.0418177
470	0.0423515	0.0418117
471	0.0423451	0.0418056
472	0.0423389	0.0418
473	0.0423332	0.0417942
474	0.0423276	0.0417883
475	0.0423212	0.0417825
476	0.0423152	0.0417768
477	0.0423094	0.0417707
478	0.0423036	0.0417646
479	0.0422976	0.0417591
480	0.0422921	0.0417534
481	0.0422862	0.0417477
482	0.0422803	0.0417422
483	0.0422749	0.0417365
484	0.0422687	0.0417311
485	0.0422638	0.0417257
486	0.0422576	0.0417202
487	0.0422516	0.0417147
488	0.0422464	0.0417092
489	0.0422407	0.0417038
490	0.0422353	0.0416985
491	0.0422295	0.0416931
492	0.0422245	0.0416878
493	0.0422191	0.0416823
494	0.0422134	0.041677
495	0.0422081	0.0416718
496	0.0422028	0.0416664
497	0.0421975	0.0416613
498	0.0421924	0.041656
499	0.0421874	0.0416506
500	0.0421816	0.0416453
501	0.0421763	0.04164
502	0.0421711	0.041635
503	0.0421661	0.0416299
504	0.0421604	0.0416249
505	0.0421554	0.0416197
506	0.0421506	0.0416147
507	0.0421448	0.0416097
508	0.04214	0.0416048
509	0.0421355	0.0415997
510	0.0421297	0.0415946
511	0.0421238	0.0415897
512	0.0421196	0.0415847
513	0.0421144	0.0415797
514	0.0421093	0.0415748
515	0.0421046	0.0415699
516	0.0420993	0.0415651
517	0.0420944	0.04156
518	0.0420894	0.0415551
519	0.0420848	0.0415501
520	0.0420796	0.0415452
521	0.0420753	0.0415405
522	0.0420706	0.0415357
523	0.0420656	0.0415309
524	0.042061	0.0415261
525	0.0420557	0.0415213
526	0.0420513	0.0415165
527	0.0420462	0.0415119
528	0.042042	0.0415071
529	0.042037	0.0415025
530	0.0420323	0.041498
531	0.0420267	0.0414933
532	0.0420223	0.0414887
533	0.0420176	0.0414842
534	0.0420133	0.0414798
535	0.042009	0.0414753
536	0.0420042	0.0414707
537	0.0419991	0.0414662
538	0.0419952	0.0414618
539	0.0419906	0.0414573
540	0.0419849	0.0414529
541	0.0419811	0.0414484
542	0.041977	0.0414438
543	0.0419719	0.0414393
544	0.0419682	0.041435
545	0.0419633	0.0414307
546	0.0419586	0.0414262
547	0.041954	0.0414219
548	0.0419492	0.0414178
549	0.041945	0.0414133
550	0.0419412	0.041409
551	0.0419363	0.0414047
552	0.0419324	0.0414003
553	0.0419278	0.041396
554	0.0419237	0.0413918
555	0.041919	0.0413876
556	0.0419147	0.0413833
557	0.0419105	0.0413791
558	0.041906	0.0413751
559	0.0419015	0.0413707
560	0.0418973	0.0413666
561	0.0418928	0.0413626
562	0.0418891	0.0413583
563	0.041885	0.0413543
564	0.0418804	0.0413501
565	0.0418764	0.041346
566	0.0418725	0.0413419
567	0.0418682	0.0413377
568	0.0418641	0.0413337
569	0.0418596	0.0413294
570	0.0418554	0.0413253
571	0.0418515	0.0413213
572	0.0418475	0.0413172
573	0.0418431	0.0413132
574	0.0418387	0.0413092
575	0.0418346	0.041305
576	0.0418308	0.0413012
577	0.0418269	0.0412973
578	0.0418232	0.0412934
579	0.0418192	0.0412893
580	0.041815	0.0412854
581	0.0418107	0.0412815
582	0.0418066	0.0412774
583	0.0418031	0.0412735
584	0.0417987	0.0412698
585	0.0417948	0.0412657
586	0.0417908	0.0412619
587	0.041787	0.0412579
588	0.041783	0.041254
589	0.0417787	0.0412501
590	0.0417753	0.0412463
591	0.041771	0.0412425
592	0.0417677	0.0412387
593	0.0417639	0.0412348
594	0.0417595	0.0412311
595	0.0417558	0.0412274
596	0.0417519	0.0412237
597	0.0417488	0.0412199
598	0.0417445	0.041216
599	0.04174	0.0412124
600	0.0417365	0.0412085
601	0.0417326	0.0412046
602	0.041729	0.0412009
603	0.0417253	0.0411971
604	0.0417212	0.0411933
605	0.041718	0.0411896
606	0.0417141	0.041186
607	0.0417107	0.0411824
608	0.0417073	0.0411787
609	0.0417029	0.0411751
610	0.0416995	0.0411715
611	0.0416954	0.0411678
612	0.0416913	0.0411642
613	0.0416885	0.0411605
614	0.0416846	0.041157
615	0.041681	0.0411534
616	0.041677	0.0411497
617	0.0416737	0.0411461
618	0.0416697	0.0411426
619	0.0416665	0.0411391
620	0.0416627	0.0411356
621	0.0416591	0.0411319
622	0.0416557	0.0411284
623	0.0416527	0.0411248
624	0.0416485	0.0411212
625	0.0416444	0.0411176
626	0.0416413	0.0411142
627	0.0416369	0.0411105
628	0.0416344	0.041107
629	0.041631	0.0411034
630	0.0416272	0.0411
631	0.0416234	0.0410965
632	0.0416202	0.041093
633	0.0416168	0.0410895
634	0.0416127	0.0410861
635	0.0416094	0.0410825
636	0.0416062	0.041079
637	0.0416023	0.0410757
638	0.0415988	0.0410723
639	0.0415958	0.0410687
640	0.0415923	0.0410654
641	0.0415889	0.041062
642	0.0415852	0.0410585
643	0.0415818	0.041055
644	0.0415784	0.0410515
645	0.0415756	0.0410481
646	0.0415715	0.0410449
647	0.041568	0.0410414
648	0.041565	0.0410381
649	0.0415616	0.0410348
650	0.0415577	0.0410315
651	0.0415553	0.0410282
652	0.0415508	0.0410248
653	0.041548	0.0410215
654	0.0415444	0.0410183
655	0.0415407	0.0410149
656	0.0415381	0.0410117
657	0.0415348	0.0410083
658	0.0415316	0.041005
659	0.0415282	0.0410017
660	0.0415244	0.0409985
661	0.0415212	0.0409952
662	0.0415179	0.0409919
663	0.0415147	0.0409887
664	0.0415116	0.0409855
665	0.0415078	0.0409823
666	0.041505	0.040979
667	0.0415021	0.0409757
668	0.0414982	0.0409723
669	0.041495	0.040969
670	0.0414915	0.0409659
671	0.0414881	0.0409626
672	0.0414851	0.0409594
673	0.0414817	0.0409561
674	0.0414788	0.0409529
675	0.0414758	0.0409496
676	0.0414719	0.0409465
677	0.0414686	0.0409434
678	0.0414658	0.0409402
679	0.0414623	0.0409371
680	0.041459	0.0409338
681	0.041456	0.0409306
682	0.0414528	0.0409275
683	0.0414494	0.0409243
684	0.0414464	0.0409211
685	0.0414432	0.0409178
686	0.0414396	0.0409147
687	0.0414363	0.0409115
688	0.0414342	0.0409084
689	0.0414305	0.0409054
690	0.0414269	0.0409022
691	0.0414239	0.0408991
692	0.0414204	0.0408961
693	0.0414176	0.0408931
694	0.0414145	0.0408899
695	0.0414118	0.0408868
696	0.0414083	0.0408836
697	0.041405	0.0408805
698	0.0414019	0.0408776
699	0.0413988	0.0408745
700	0.0413958	0.0408715
701	0.0413927	0.0408685
702	0.0413892	0.0408654
703	0.0413858	0.0408623
704	0.0413834	0.0408593
705	0.0413805	0.0408563
706	0.0413774	0.0408531
707	0.0413741	0.0408501
708	0.0413708	0.0408471
709	0.0413678	0.0408441
710	0.0413652	0.0408411
711	0.0413621	0.0408381
712	0.0413585	0.0408352
713	0.0413558	0.0408322
714	0.0413529	0.0408292
715	0.0413494	0.0408262
716	0.0413466	0.0408233
717	0.0413435	0.0408204
718	0.0413403	0.0408172
719	0.0413379	0.0408141
720	0.0413346	0.040811
721	0.0413317	0.040808
722	0.0413287	0.0408051
723	0.0413255	0.040802
724	0.041322	0.0407991
725	0.0413196	0.0407961
726	0.0413168	0.0407932
727	0.0413136	0.0407902
728	0.0413111	0.0407872
729	0.0413074	0.0407842
730	0.041305	0.0407813
731	0.0413019	0.0407783
732	0.0412989	0.0407756
733	0.0412952	0.0407728
734	0.0412932	0.04077
735	0.0412898	0.040767
736	0.0412865	0.0407641
737	0.0412841	0.0407612
738	0.0412812	0.0407583
739	0.0412781	0.0407552
740	0.0412753	0.0407522
741	0.0412723	0.0407493
742	0.041269	0.0407463
743	0.0412664	0.0407434
744	0.0412635	0.0407405
745	0.0412605	0.0407376
746	0.0412575	0.0407347
747	0.0412543	0.0407319
748	0.0412519	0.040729
749	0.0412489	0.0407261
750	0.0412464	0.0407233
751	0.041243	0.0407205
752	0.0412404	0.0407176
753	0.0412377	0.0407147
754	0.0412346	0.0407118
755	0.0412312	0.0407087
756	0.0412282	0.040706
757	0.0412261	0.040703
758	0.0412231	0.0407003
759	0.0412208	0.0406974
760	0.0412174	0.0406946
761	0.041215	0.0406917
762	0.0412119	0.040689
763	0.041209	0.0406861
764	0.0412058	0.0406834
765	0.0412034	0.0406806
766	0.0411999	0.0406777
767	0.0411974	0.0406749
768	0.041194	0.0406722
769	0.0411917	0.0406695
770	0.0411889	0.0406667
771	0.0411867	0.0406639
772	0.0411833	0.0406611
773	0.04118	0.0406583
774	0.0411776	0.0406554
775	0.0411746	0.0406525
776	0.0411717	0.0406498
777	0.041169	0.0406472
778	0.0411661	0.0406444
779	0.0411632	0.0406416
780	0.0411599	0.0406388
781	0.0411576	0.0406361
782	0.0411549	0.0406334
783	0.0411521	0.0406306
784	0.0411498	0.0406278
785	0.0411467	0.0406249
786	0.0411441	0.0406222
787	0.0411408	0.0406194
788	0.0411384	0.0406167
789	0.0411355	0.040614
790	0.0411327	0.0406112
791	0.0411305	0.0406084
792	0.0411277	0.0406056
793	0.0411241	0.040603
794	0.0411216	0.0406002
795	0.0411192	0.0405976
796	0.0411162	0.0405948
797	0.041113	0.0405921
798	0.0411108	0.0405895
799	0.0411078	0.0405867
800	0.041105	0.0405838
801	0.0411028	0.040581
802	0.0410996	0.0405784
803	0.0410964	0.0405756
804	0.0410944	0.0405727
805	0.0410916	0.04057
806	0.041089	0.0405674
807	0.0410866	0.0405647
808	0.0410834	0.0405619
809	0.0410808	0.0405593
810	0.0410778	0.0405567
811	0.0410752	0.040554
812	0.0410732	0.0405513
813	0.04107	0.0405487
814	0.0410675	0.0405459
815	0.0410647	0.0405432
816	0.0410618	0.0405406
817	0.0410587	0.0405379
818	0.0410565	0.0405353
819	0.041054	0.0405326
820	0.0410514	0.04053
821	0.0410487	0.0405273
822	0.0410455	0.0405247
823	0.0410432	0.0405219
824	0.0410406	0.0405192
825	0.0410382	0.0405166
826	0.0410352	0.0405139
827	0.041033	0.0405113
828	0.0410296	0.0405086
829	0.0410277	0.0405059
830	0.0410253	0.0405033
831	0.0410221	0.0405007
832	0.0410196	0.0404981
833	0.0410167	0.0404953
834	0.0410141	0.0404926
835	0.0410106	0.04049
836	0.0410087	0.0404873
837	0.0410062	0.0404847
838	0.0410036	0.0404822
839	0.0410006	0.0404796
840	0.0409978	0.0404771
841	0.0409954	0.0404746
842	0.0409933	0.0404719
843	0.0409908	0.0404692
844	0.0409875	0.0404667
845	0.040985	0.040464
846	0.0409827	0.0404613
847	0.0409796	0.0404588
848	0.0409776	0.0404561
849	0.0409748	0.0404535
850	0.0409723	0.0404509
851	0.0409696	0.0404482
852	0.0409674	0.0404458
853	0.0409642	0.0404432
854	0.0409617	0.0404407
855	0.0409591	0.0404382
856	0.0409561	0.0404356
857	0.0409538	0.0404331
858	0.0409511	0.0404304
859	0.0409484	0.0404279
860	0.0409461	0.0404253
861	0.040943	0.0404227
862	0.0409412	0.0404203
863	0.0409384	0.0404177
864	0.0409357	0.0404151
865	0.0409331	0.0404124
866	0.0409308	0.04041
867	0.040928	0.0404074
868	0.0409252	0.0404048
869	0.0409232	0.0404023
870	0.0409208	0.0403999
871	0.0409178	0.0403975
872	0.0409157	0.040395
873	0.0409124	0.0403925
874	0.0409103	0.0403899
875	0.0409078	0.0403873
876	0.0409046	0.0403848
877	0.040903	0.0403823
878	0.0408999	0.0403798
879	0.0408977	0.0403773
880	0.0408952	0.0403747
881	0.0408928	0.0403722
882	0.0408899	0.0403695
883	0.0408875	0.0403669
884	0.0408852	0.0403645
885	0.040883	0.0403621
886	0.0408798	0.0403597
887	0.0408779	0.0403572
888	0.0408746	0.0403547
889	0.0408722	0.0403522
890	0.0408696	0.0403496
891	0.0408673	0.040347
892	0.0408646	0.0403445
893	0.0408621	0.0403421
894	0.0408591	0.0403395
895	0.0408571	0.0403371
896	0.0408551	0.0403346
897	0.0408523	0.0403322
898	0.0408499	0.0403296
899	0.0408471	0.0403272
900	0.0408447	0.0403247
901	0.0408429	0.0403222
902	0.04084	0.0403196
903	0.0408376	0.040317
904	0.0408354	0.0403144
905	0.0408329	0.0403119
906	0.0408299	0.0403095
907	0.040827	0.0403071
908	0.0408247	0.0403047
909	0.0408221	0.0403023
910	0.0408195	0.0402998
911	0.0408173	0.0402974
912	0.0408155	0.040295
913	0.0408129	0.0402927
914	0.0408103	0.0402902
915	0.0408075	0.0402878
916	0.0408048	0.0402854
917	0.0408029	0.0402828
918	0.0408004	0.0402804
919	0.040798	0.040278
920	0.0407954	0.0402756
921	0.040793	0.0402732
922	0.0407904	0.0402708
923	0.0407881	0.0402684
924	0.0407851	0.0402659
925	0.040783	0.0402635
926	0.040781	0.0402611
927	0.0407783	0.0402586
928	0.0407759	0.0402562
929	0.040773	0.0402538
930	0.0407712	0.0402514
931	0.0407684	0.040249
932	0.040766	0.0402466
933	0.0407641	0.0402442
934	0.0407613	0.0402418
935	0.0407591	0.0402395
936	0.0407564	0.0402371
937	0.0407546	0.0402349
938	0.0407516	0.0402325
939	0.0407488	0.0402301
940	0.0407467	0.0402277
941	0.0407445	0.0402254
942	0.0407421	0.040223
943	0.04074	0.0402205
944	0.0407372	0.040218
945	0.0407351	0.0402157
946	0.040732	0.0402133
947	0.0407303	0.0402109
948	0.0407275	0.0402085
949	0.0407254	0.0402061
950	0.0407232	0.0402037
951	0.0407203	0.0402013
952	0.0407182	0.0401991
953	0.0407161	0.0401966
954	0.0407133	0.0401943
955	0.0407108	0.040192
956	0.0407085	0.0401896
957	0.0407064	0.0401873
958	0.040704	0.0401849
959	0.0407019	0.0401825
960	0.040699	0.0401803
961	0.0406968	0.0401779
962	0.0406943	0.0401756
963	0.0406923	0.0401733
964	0.0406902	0.040171
965	0.0406879	0.0401687
966	0.0406854	0.0401663
967	0.0406831	0.040164
968	0.0406805	0.0401617
969	0.040679	0.0401592
970	0.040676	0.0401568
971	0.040674	0.0401543
972	0.0406711	0.0401519
973	0.0406689	0.0401497
974	0.0406665	0.0401473
975	0.0406639	0.0401451
976	0.0406618	0.0401428
977	0.0406594	0.0401404
978	0.0406571	0.0401382
979	0.0406547	0.0401358
980	0.0406531	0.0401335
981	0.0406504	0.0401311
982	0.0406475	0.0401288
983	0.0406459	0.0401266
984	0.0406431	0.0401243
985	0.0406411	0.0401221
986	0.0406384	0.0401198
987	0.0406365	0.0401174
988	0.0406346	0.0401151
989	0.0406321	0.0401129
990	0.0406296	0.0401107
991	0.040627	0.0401084
992	0.040625	0.0401062
993	0.040623	0.040104
994	0.0406205	0.0401017
995	0.0406179	0.0400995
996	0.040616	0.0400971
997	0.0406141	0.0400948
998	0.0406117	0.0400926
999	0.0406094	0.0400903
1000	0.040607	0.0400881
1001	0.0406044	0.0400858
1002	0.0406025	0.0400836
1003	0.0406001	0.0400814
1004	0.040598	0.040079
1005	0.0405957	0.0400767
1006	0.040593	0.0400744
1007	0.0405913	0.040072
1008	0.0405885	0.0400699
1009	0.0405865	0.0400676
1010	0.0405844	0.0400652
1011	0.0405814	0.040063
1012	0.0405793	0.0400608
1013	0.0405771	0.0400587
1014	0.0405749	0.0400566
1015	0.0405726	0.0400543
1016	0.0405704	0.0400522
1017	0.040569	0.0400499
1018	0.0405661	0.0400476
1019	0.0405641	0.0400454
1020	0.0405626	0.0400433
1021	0.0405594	0.0400409
1022	0.0405572	0.0400386
1023	0.0405552	0.0400366
1024	0.0405529	0.0400343
1025	0.0405507	0.0400321
1026	0.0405486	0.04003
1027	0.0405461	0.0400278
1028	0.0405439	0.0400255
1029	0.0405418	0.0400233
1030	0.0405397	0.0400211
1031	0.0405374	0.0400189
1032	0.0405354	0.0400167
1033	0.0405329	0.0400146
1034	0.0405304	0.0400124
1035	0.0405285	0.0400102
1036	0.040526	0.0400079
1037	0.0405241	0.0400057
1038	0.0405216	0.0400035
1039	0.0405196	0.0400014
1040	0.0405176	0.0399992
1041	0.0405158	0.039997
1042	0.0405134	0.0399949
1043	0.0405111	0.0399925
1044	0.040509	0.0399904
1045	0.0405069	0.0399882
1046	0.0405042	0.0399861
1047	0.040502	0.0399838
1048	0.0404999	0.0399816
1049	0.040498	0.0399794
1050	0.0404957	0.0399774
1051	0.0404942	0.0399752
1052	0.0404917	0.039973
1053	0.040489	0.0399709
1054	0.0404873	0.0399687
1055	0.0404848	0.0399665
1056	0.0404832	0.0399642
1057	0.0404805	0.0399621
1058	0.0404793	0.0399599
1059	0.0404763	0.0399577
1060	0.040474	0.0399556
1061	0.0404717	0.0399535
1062	0.0404698	0.0399514
1063	0.0404679	0.0399492
1064	0.0404657	0.0399471
1065	0.0404635	0.039945
1066	0.0404613	0.0399429
1067	0.0404593	0.0399409
1068	0.0404571	0.0399386
1069	0.0404549	0.0399366
1070	0.0404531	0.0399346
1071	0.0404509	0.0399324
1072	0.0404482	0.0399304
1073	0.0404465	0.0399284
1074	0.0404447	0.0399262
1075	0.0404426	0.0399241
1076	0.04044	0.039922
1077	0.0404375	0.0399199
1078	0.040436	0.0399177
1079	0.0404341	0.0399158
1080	0.040432	0.0399137
1081	0.0404296	0.0399116
1082	0.0404274	0.0399095
1083	0.0404254	0.0399075
1084	0.0404235	0.0399054
1085	0.0404208	0.0399034
1086	0.0404197	0.0399012
1087	0.0404168	0.0398991
1088	0.0404145	0.0398969
1089	0.0404129	0.0398948
1090	0.0404113	0.0398927
1091	0.0404094	0.0398907
1092	0.0404066	0.0398885
1093	0.0404044	0.0398866
1094	0.0404025	0.0398845
1095	0.0404008	0.0398825
1096	0.0403985	0.0398803
1097	0.0403958	0.0398782
1098	0.040394	0.0398762
1099	0.0403923	0.0398741
1100	0.0403904	0.0398721
1101	0.040389	0.03987
1102	0.0403855	0.039868
1103	0.040384	0.039866
1104	0.0403819	0.039864
1105	0.0403798	0.0398621
1106	0.040378	0.03986
1107	0.0403762	0.0398581
1108	0.0403733	0.0398559
1109	0.0403716	0.0398539
1110	0.04037	0.0398519
1111	0.0403677	0.03985
1112	0.0403659	0.0398479
1113	0.0403639	0.0398459
1114	0.0403615	0.0398439
1115	0.0403592	0.039842
1116	0.0403577	0.0398399
1117	0.040356	0.0398379
1118	0.0403534	0.0398358
1119	0.0403516	0.0398338
1120	0.0403489	0.0398318
1121	0.0403477	0.0398297
1122	0.0403457	0.0398277
1123	0.0403438	0.0398256
1124	0.0403413	0.0398235
1125	0.04034	0.0398216
1126	0.0403376	0.0398196
1127	0.0403353	0.0398177
1128	0.0403337	0.0398158
1129	0.0403314	0.0398137
1130	0.0403291	0.0398117
1131	0.0403274	0.0398097
1132	0.0403256	0.0398077
1133	0.0403232	0.0398057
1134	0.0403219	0.0398038
1135	0.0403199	0.0398019
1136	0.0403181	0.0398
1137	0.0403161	0.0397981
1138	0.0403137	0.0397961
1139	0.0403117	0.0397941
1140	0.0403103	0.0397922
1141	0.0403082	0.0397902
1142	0.0403063	0.0397883
1143	0.0403045	0.0397862
1144	0.0403021	0.0397843
1145	0.0403001	0.0397824
1146	0.0402988	0.0397806
1147	0.0402963	0.0397786
1148	0.0402947	0.0397767
1149	0.0402925	0.0397748
1150	0.0402909	0.0397729
1151	0.0402888	0.039771
1152	0.0402864	0.0397691
1153	0.0402846	0.0397671
1154	0.0402825	0.0397652
1155	0.0402805	0.0397632
1156	0.0402785	0.0397612
1157	0.0402762	0.0397593
1158	0.0402749	0.0397574
1159	0.0402727	0.0397555
1160	0.040271	0.0397536
1161	0.0402691	0.0397515
1162	0.0402674	0.0397495
1163	0.0402654	0.0397476
1164	0.0402632	0.0397458
1165	0.040262	0.0397439
1166	0.0402598	0.0397419
1167	0.0402578	0.0397401
1168	0.040256	0.0397383
1169	0.0402538	0.0397364
1170	0.040252	0.0397345
1171	0.0402503	0.0397328
1172	0.040248	0.0397308
1173	0.0402464	0.0397288
1174	0.0402446	0.0397269
1175	0.0402427	0.0397251
1176	0.040241	0.0397233
1177	0.0402386	0.0397214
1178	0.0402364	0.0397195
1179	0.0402352	0.0397176
1180	0.0402333	0.0397156
1181	0.040231	0.0397138
1182	0.0402295	0.039712
1183	0.0402274	0.03971
1184	0.0402253	0.0397081
1185	0.0402237	0.0397062
1186	0.0402219	0.0397043
1187	0.0402196	0.0397025
1188	0.0402173	0.0397008
1189	0.0402168	0.0396989
1190	0.040215	0.0396971
1191	0.0402124	0.0396953
1192	0.0402105	0.0396934
1193	0.0402089	0.0396916
1194	0.0402073	0.0396899
1195	0.0402052	0.039688
1196	0.0402036	0.0396861
1197	0.0402016	0.0396843
1198	0.0401997	0.0396824
1199	0.0401979	0.0396807
1200	0.040196	0.0396789
1201	0.0401943	0.0396771
1202	0.040192	0.0396752
1203	0.0401899	0.0396735
1204	0.040188	0.0396717
1205	0.0401872	0.03967
1206	0.040185	0.0396681
1207	0.0401832	0.0396662
1208	0.0401817	0.0396643
1209	0.0401796	0.0396626
1210	0.0401772	0.0396607
1211	0.0401759	0.0396589
1212	0.0401741	0.0396571
1213	0.0401727	0.0396553
1214	0.0401709	0.0396536
1215	0.0401687	0.0396518
1216	0.0401668	0.0396501
1217	0.0401652	0.0396483
1218	0.0401634	0.0396466
1219	0.0401611	0.0396448
1220	0.0401594	0.039643
1221	0.040158	0.0396412
1222	0.0401561	0.0396395
1223	0.0401546	0.0396377
1224	0.0401532	0.0396359
1225	0.040151	0.039634
1226	0.0401493	0.0396321
1227	0.0401477	0.0396304
1228	0.0401459	0.0396286
1229	0.0401438	0.0396269
1230	0.040142	0.0396251
1231	0.0401402	0.0396233
1232	0.0401389	0.0396215
1233	0.0401366	0.0396198
1234	0.0401347	0.039618
1235	0.0401336	0.0396163
1236	0.0401317	0.0396145
1237	0.0401295	0.0396127
1238	0.0401279	0.039611
1239	0.0401264	0.0396093
1240	0.0401255	0.0396074
1241	0.0401228	0.0396057
1242	0.0401208	0.039604
1243	0.0401195	0.0396023
1244	0.0401178	0.0396007
1245	0.0401164	0.039599
1246	0.0401142	0.0395973
1247	0.0401124	0.0395956
1248	0.0401117	0.0395939
1249	0.0401089	0.0395921
1250	0.0401076	0.0395905
1251	0.0401055	0.0395888
1252	0.0401038	0.0395871
1253	0.040102	0.0395854
1254	0.0401002	0.0395837
1255	0.0400982	0.039582
1256	0.0400969	0.0395802
1257	0.0400949	0.0395785
1258	0.0400935	0.0395767
1259	0.0400918	0.0395751
1260	0.0400901	0.0395734
1261	0.0400884	0.0395716
1262	0.040087	0.0395699
1263	0.0400849	0.0395682
1264	0.0400839	0.0395664
1265	0.0400819	0.0395649
1266	0.0400801	0.0395632
1267	0.0400784	0.0395615
1268	0.0400765	0.0395597
1269	0.0400745	0.039558
1270	0.0400733	0.0395563
1271	0.0400718	0.0395546
1272	0.0400699	0.039553
1273	0.040068	0.0395513
1274	0.0400662	0.0395496
1275	0.0400649	0.039548
1276	0.0400626	0.0395463
1277	0.0400617	0.0395446
1278	0.0400603	0.0395429
1279	0.0400583	0.0395414
1280	0.0400567	0.0395397
1281	0.0400544	0.0395381
1282	0.0400537	0.0395365
1283	0.0400519	0.0395349
1284	0.0400499	0.0395334
1285	0.0400482	0.0395317
1286	0.0400467	0.0395301
1287	0.0400451	0.0395283
1288	0.0400434	0.0395267
1289	0.0400418	0.0395251
1290	0.0400401	0.0395235
1291	0.0400383	0.0395219
1292	0.040036	0.0395202
1293	0.0400353	0.0395187
1294	0.0400334	0.0395169
1295	0.0400319	0.0395153
1296	0.0400306	0.0395137
1297	0.0400286	0.039512
1298	0.0400271	0.0395104
1299	0.0400252	0.0395088
1300	0.0400231	0.0395071
1301	0.0400222	0.0395056
1302	0.0400209	0.0395039
1303	0.040019	0.0395024
1304	0.0400176	0.0395008
1305	0.0400158	0.0394993
1306	0.0400137	0.0394978
1307	0.0400129	0.0394962
1308	0.0400105	0.0394945
1309	0.0400095	0.039493
1310	0.0400075	0.0394913
1311	0.040006	0.0394897
1312	0.0400043	0.0394882
1313	0.040003	0.0394867
1314	0.040001	0.0394852
1315	0.0399997	0.0394835
