1	0.233323	0.221378
2	0.222753	0.212263
3	0.2136	0.204151
4	0.20545	0.196828
5	0.198091	0.190191
6	0.191424	0.184127
7	0.185331	0.178572
8	0.179749	0.173458
9	0.174607	0.168726
10	0.169856	0.164343
11	0.165449	0.160263
12	0.161348	0.156449
13	0.157516	0.152871
14	0.153921	0.149508
15	0.150543	0.146343
16	0.147357	0.143344
17	0.144345	0.140507
18	0.141492	0.137808
19	0.138784	0.135242
20	0.136205	0.132798
21	0.133748	0.13046
22	0.131402	0.128225
23	0.129154	0.126083
24	0.127003	0.124027
25	0.124937	0.122053
26	0.122956	0.120153
27	0.121049	0.118328
28	0.119215	0.116568
29	0.117446	0.114872
30	0.115743	0.113231
31	0.114096	0.111649
32	0.112506	0.110116
33	0.110969	0.108636
34	0.109482	0.107199
35	0.10804	0.105808
36	0.106645	0.104462
37	0.105294	0.103155
38	0.103979	0.101889
39	0.102706	0.100658
40	0.101472	0.0994634
41	0.100273	0.0983015
42	0.0991082	0.0971736
43	0.0979775	0.0960782
44	0.0968774	0.0950111
45	0.0958086	0.0939743
46	0.0947672	0.0929655
47	0.093755	0.091984
48	0.0927696	0.0910277
49	0.0918095	0.090097
50	0.0908765	0.0891901
51	0.0899661	0.0883058
52	0.0890802	0.0874457
53	0.0882164	0.086606
54	0.0873745	0.0857886
55	0.0865533	0.0849912
56	0.0857545	0.0842154
57	0.0849747	0.0834552
58	0.0842148	0.0827152
59	0.0834725	0.0819949
60	0.0827494	0.0812905
61	0.0820419	0.0806044
62	0.0813523	0.0799339
63	0.0806812	0.0792791
64	0.0800243	0.07864
65	0.0793835	0.0780163
66	0.0787579	0.0774071
67	0.078147	0.0768118
68	0.07755	0.0762301
69	0.0769666	0.0756623
70	0.0763966	0.0751074
71	0.0758405	0.0745652
72	0.0752975	0.0740352
73	0.0747651	0.0735178
74	0.074245	0.0730098
75	0.0737368	0.0725147
76	0.0732412	0.0720311
77	0.0727554	0.0715575
78	0.0722794	0.0710941
79	0.0718163	0.0706405
80	0.0713622	0.0701974
81	0.0709172	0.0697645
82	0.0704817	0.0693397
83	0.0700568	0.0689249
84	0.0696403	0.0685182
85	0.069232	0.0681201
86	0.0688332	0.0677307
87	0.0684428	0.067349
88	0.0680595	0.0669759
89	0.0676855	0.0666107
90	0.0673187	0.0662519
91	0.0669597	0.0659013
92	0.0666072	0.0655582
93	0.066263	0.0652216
94	0.0659245	0.0648911
95	0.0655932	0.0645674
96	0.06527	0.0642509
97	0.0649514	0.0639407
98	0.0646413	0.0636355
99	0.0643353	0.0633379
100	0.0640356	0.0630453
101	0.0637431	0.0627586
102	0.0634538	0.0624771
103	0.0631719	0.0622008
104	0.0628957	0.0619305
105	0.0626239	0.0616651
106	0.0623582	0.0614042
107	0.0620962	0.0611486
108	0.0618389	0.0608983
109	0.0615881	0.0606529
110	0.0613405	0.0604104
111	0.0610984	0.0601733
112	0.06086	0.0599409
113	0.0606272	0.0597116
114	0.0603965	0.0594878
115	0.0601724	0.0592665
116	0.0599508	0.0590503
117	0.0597328	0.0588384
118	0.0595209	0.0586294
119	0.0593101	0.0584236
120	0.0591043	0.0582227
121	0.0589015	0.0580246
122	0.058703	0.05783
123	0.0585083	0.0576392
124	0.0583157	0.0574513
125	0.0581273	0.0572664
126	0.0579423	0.057085
127	0.0577595	0.0569059
128	0.0575796	0.0567301
129	0.0574039	0.0565581
130	0.0572298	0.0563885
131	0.0570601	0.0562221
132	0.0568923	0.0560571
133	0.0567269	0.0558963
134	0.0565654	0.055737
135	0.0564059	0.055581
136	0.0562494	0.0554275
137	0.0560942	0.0552762
138	0.0559432	0.055127
139	0.0557932	0.0549807
140	0.0556467	0.0548367
141	0.0555017	0.0546952
142	0.0553586	0.0545557
143	0.0552188	0.0544174
144	0.05508	0.0542825
145	0.0549446	0.054149
146	0.0548104	0.0540178
147	0.0546789	0.0538886
148	0.0545489	0.0537619
149	0.0544209	0.0536361
150	0.0542954	0.0535124
151	0.0541705	0.0533912
152	0.0540485	0.0532708
153	0.0539279	0.0531525
154	0.0538092	0.0530366
155	0.0536923	0.0529218
156	0.0535772	0.0528091
157	0.0534642	0.0526979
158	0.0533515	0.0525883
159	0.0532414	0.0524801
160	0.0531322	0.0523734
161	0.0530255	0.0522686
162	0.0529194	0.0521647
163	0.052815	0.0520624
164	0.052712	0.0519616
165	0.0526114	0.0518624
166	0.0525111	0.0517644
167	0.0524126	0.0516675
168	0.0523158	0.0515724
169	0.0522194	0.0514788
170	0.0521249	0.0513859
171	0.0520316	0.0512942
172	0.0519394	0.0512038
173	0.0518487	0.0511145
174	0.0517592	0.0510269
175	0.0516711	0.0509401
176	0.0515831	0.0508546
177	0.051497	0.0507703
178	0.0514119	0.0506869
179	0.0513279	0.0506046
180	0.0512455	0.050523
181	0.0511633	0.0504428
182	0.0510828	0.0503629
183	0.0510031	0.0502853
184	0.0509239	0.0502086
185	0.0508464	0.0501323
186	0.050769	0.0500569
187	0.0506932	0.0499825
188	0.0506182	0.0499088
189	0.050544	0.0498365
190	0.0504714	0.0497651
191	0.0503993	0.049694
192	0.050328	0.0496238
193	0.050257	0.0495543
194	0.0501878	0.0494862
195	0.0501191	0.0494191
196	0.0500509	0.0493527
197	0.0499834	0.0492866
198	0.0499171	0.0492212
199	0.0498523	0.0491572
200	0.0497871	0.0490933
201	0.0497231	0.0490304
202	0.0496597	0.0489686
203	0.0495974	0.0489069
204	0.0495357	0.0488466
205	0.0494739	0.0487862
206	0.0494136	0.0487269
207	0.0493536	0.0486683
208	0.0492944	0.0486102
209	0.0492365	0.0485528
210	0.0491784	0.0484963
211	0.049122	0.0484405
212	0.0490654	0.0483848
213	0.0490086	0.0483298
214	0.048954	0.0482756
215	0.0488991	0.048222
216	0.0488442	0.0481686
217	0.048791	0.0481165
218	0.048738	0.0480639
219	0.0486856	0.0480127
220	0.0486336	0.0479619
221	0.0485827	0.0479114
222	0.048532	0.0478618
223	0.0484807	0.0478126
224	0.0484318	0.0477637
225	0.048383	0.0477152
226	0.0483345	0.0476679
227	0.0482855	0.0476204
228	0.0482377	0.0475734
229	0.0481906	0.0475267
230	0.0481439	0.0474812
231	0.0480979	0.0474359
232	0.0480516	0.047391
233	0.0480069	0.0473463
234	0.0479613	0.0473016
235	0.0479174	0.0472588
236	0.0478732	0.0472156
237	0.0478294	0.0471727
238	0.0477859	0.0471304
239	0.0477437	0.0470886
240	0.0477008	0.0470471
241	0.047659	0.0470059
242	0.0476173	0.0469648
243	0.0475761	0.046924
244	0.0475355	0.0468842
245	0.0474949	0.0468448
246	0.0474548	0.0468055
247	0.0474152	0.0467664
248	0.0473759	0.0467279
249	0.0473376	0.04669
250	0.0472984	0.0466519
251	0.0472611	0.0466146
252	0.0472226	0.0465775
253	0.0471853	0.0465406
254	0.0471482	0.0465044
255	0.0471113	0.0464685
256	0.0470747	0.0464326
257	0.0470392	0.0463969
258	0.047003	0.046362
259	0.0469673	0.0463271
260	0.0469323	0.0462925
261	0.0468979	0.0462585
262	0.0468625	0.046224
263	0.0468278	0.0461909
264	0.0467944	0.0461575
265	0.0467607	0.0461246
266	0.0467269	0.0460922
267	0.046694	0.0460595
268	0.046662	0.0460275
269	0.0466293	0.0459951
270	0.0465971	0.0459636
271	0.0465648	0.0459321
272	0.0465336	0.0459012
273	0.0465018	0.0458703
274	0.0464708	0.0458398
275	0.0464404	0.0458095
276	0.0464092	0.0457794
277	0.0463786	0.0457493
278	0.0463485	0.0457198
279	0.0463187	0.0456906
280	0.0462892	0.0456611
281	0.0462593	0.0456321
282	0.0462304	0.0456033
283	0.0462012	0.045575
284	0.0461726	0.0455468
285	0.0461443	0.0455188
286	0.0461163	0.0454915
287	0.0460886	0.0454642
288	0.0460601	0.0454366
289	0.0460333	0.0454099
290	0.0460057	0.045383
291	0.0459782	0.0453567
292	0.0459516	0.04533
293	0.0459249	0.0453037
294	0.0458988	0.0452775
295	0.0458714	0.0452519
296	0.0458459	0.0452263
297	0.0458199	0.0452008
298	0.0457939	0.045176
299	0.0457688	0.045151
300	0.0457431	0.0451261
301	0.0457179	0.0451013
302	0.0456932	0.0450773
303	0.0456689	0.0450529
304	0.0456442	0.0450286
305	0.0456191	0.0450048
306	0.0455965	0.0449812
307	0.0455718	0.0449575
308	0.0455473	0.0449343
309	0.0455242	0.0449107
310	0.0455004	0.0448878
311	0.0454774	0.0448646
312	0.0454547	0.044842
313	0.0454312	0.0448195
314	0.0454088	0.0447973
315	0.0453862	0.0447751
316	0.0453634	0.044753
317	0.0453419	0.0447308
318	0.0453194	0.044709
319	0.0452973	0.0446872
320	0.0452752	0.0446656
321	0.0452532	0.0446442
322	0.0452317	0.0446232
323	0.0452105	0.0446022
324	0.0451891	0.0445814
325	0.0451683	0.0445606
326	0.0451467	0.0445404
327	0.0451256	0.04452
328	0.0451052	0.0444996
329	0.0450843	0.0444791
330	0.0450644	0.0444594
331	0.0450445	0.0444394
332	0.045024	0.0444197
333	0.045004	0.0444002
334	0.0449843	0.0443806
335	0.0449648	0.0443613
336	0.0449452	0.044342
337	0.044925	0.044323
338	0.0449064	0.0443036
339	0.0448871	0.0442849
340	0.0448677	0.044266
341	0.0448485	0.0442475
342	0.0448297	0.0442288
343	0.0448113	0.0442106
344	0.0447932	0.0441924
345	0.044774	0.0441743
346	0.0447557	0.0441562
347	0.0447372	0.0441385
348	0.0447192	0.0441206
349	0.0447014	0.0441031
350	0.0446836	0.0440855
351	0.0446655	0.0440679
352	0.0446482	0.0440506
353	0.0446307	0.0440335
354	0.0446127	0.0440164
355	0.0445952	0.0439993
356	0.0445783	0.0439824
357	0.0445613	0.0439657
358	0.0445442	0.043949
359	0.0445268	0.0439323
360	0.0445106	0.0439157
361	0.0444943	0.0438993
362	0.0444775	0.0438831
363	0.044461	0.0438668
364	0.0444452	0.0438505
365	0.0444283	0.0438346
366	0.0444116	0.0438186
367	0.0443961	0.0438029
368	0.0443801	0.0437872
369	0.0443637	0.0437717
370	0.044348	0.0437563
371	0.0443327	0.0437407
372	0.044317	0.0437256
373	0.0443013	0.0437103
374	0.0442853	0.0436952
375	0.04427	0.0436799
376	0.044255	0.0436649
377	0.0442403	0.0436499
378	0.0442248	0.0436351
379	0.0442097	0.0436203
380	0.0441945	0.0436059
381	0.0441806	0.0435914
382	0.0441659	0.0435768
383	0.0441503	0.0435624
384	0.0441362	0.0435483
385	0.0441215	0.0435339
386	0.0441072	0.0435198
387	0.0440932	0.0435058
388	0.0440789	0.0434918
389	0.0440647	0.043478
390	0.0440508	0.0434641
391	0.0440365	0.0434503
392	0.0440228	0.0434364
393	0.0440087	0.0434229
394	0.0439948	0.0434095
395	0.0439815	0.0433964
396	0.0439675	0.0433828
397	0.043954	0.0433693
398	0.0439402	0.0433564
399	0.0439271	0.0433433
400	0.0439137	0.0433302
401	0.0439006	0.0433168
402	0.0438874	0.0433037
403	0.0438738	0.043291
404	0.0438615	0.0432782
405	0.0438479	0.0432655
406	0.0438348	0.0432527
407	0.0438224	0.0432404
408	0.043809	0.0432276
409	0.0437969	0.0432151
410	0.0437844	0.0432026
411	0.0437714	0.0431902
412	0.0437585	0.0431781
413	0.0437462	0.0431658
414	0.0437343	0.043154
415	0.0437219	0.043142
416	0.0437099	0.0431298
417	0.0436975	0.0431177
418	0.0436854	0.0431058
419	0.0436733	0.0430937
420	0.0436616	0.043082
421	0.0436493	0.0430704
422	0.0436375	0.0430591
423	0.0436256	0.0430474
424	0.0436145	0.0430359
425	0.0436017	0.0430243
426	0.0435906	0.0430129
427	0.0435802	0.0430016
428	0.0435678	0.0429903
429	0.043556	0.0429788
430	0.043545	0.0429678
431	0.0435331	0.0429566
432	0.0435222	0.0429457
433	0.0435111	0.0429343
434	0.0434999	0.0429236
435	0.0434883	0.0429129
436	0.0434774	0.042902
437	0.0434662	0.0428911
438	0.0434556	0.0428804
439	0.0434445	0.0428697
440	0.0434342	0.0428591
441	0.0434234	0.0428481
442	0.0434124	0.0428379
443	0.0434019	0.0428274
444	0.043391	0.0428169
445	0.0433803	0.0428067
446	0.0433698	0.0427964
447	0.0433598	0.0427861
448	0.043349	0.0427759
449	0.0433392	0.0427658
450	0.0433281	0.0427557
451	0.0433178	0.0427456
452	0.0433072	0.0427351
453	0.0432974	0.0427251
454	0.0432881	0.0427153
455	0.0432781	0.0427055
456	0.0432671	0.0426958
457	0.0432577	0.0426859
458	0.0432478	0.042676
459	0.0432375	0.0426661
460	0.043228	0.0426566
461	0.0432177	0.0426469
462	0.0432085	0.0426369
463	0.0431982	0.0426278
464	0.0431882	0.0426184
465	0.0431793	0.0426089
466	0.0431692	0.0425993
467	0.0431598	0.0425898
468	0.0431504	0.0425805
469	0.0431413	0.0425712
470	0.0431314	0.0425618
471	0.0431224	0.0425528
472	0.0431133	0.0425437
473	0.0431041	0.0425345
474	0.0430948	0.0425255
475	0.0430848	0.0425165
476	0.0430756	0.0425077
477	0.0430667	0.0424985
478	0.0430577	0.0424894
479	0.0430489	0.0424804
480	0.0430392	0.0424717
481	0.0430303	0.0424628
482	0.0430215	0.042454
483	0.0430129	0.0424453
484	0.0430039	0.0424365
485	0.0429955	0.0424275
486	0.042986	0.0424191
487	0.0429775	0.0424106
488	0.0429689	0.0424017
489	0.0429599	0.0423933
490	0.042951	0.0423847
491	0.0429432	0.0423764
492	0.0429344	0.0423679
493	0.0429256	0.0423595
494	0.0429171	0.0423511
495	0.0429086	0.0423427
496	0.0429006	0.0423346
497	0.0428918	0.0423262
498	0.0428838	0.0423182
499	0.0428749	0.04231
500	0.0428668	0.042302
501	0.0428589	0.0422938
502	0.0428506	0.0422861
503	0.0428426	0.042278
504	0.0428343	0.0422701
505	0.0428263	0.0422624
506	0.0428187	0.0422545
507	0.0428102	0.0422467
508	0.0428023	0.0422386
509	0.0427941	0.0422307
510	0.0427862	0.0422231
511	0.0427783	0.0422153
512	0.0427704	0.0422074
513	0.0427621	0.0421996
514	0.042755	0.0421919
515	0.0427471	0.0421841
516	0.0427394	0.0421765
517	0.0427316	0.042169
518	0.0427236	0.0421616
519	0.0427161	0.0421538
520	0.042709	0.0421462
521	0.0427008	0.0421388
522	0.0426934	0.0421313
523	0.0426852	0.0421239
524	0.0426779	0.0421166
525	0.0426704	0.0421093
526	0.0426636	0.0421021
527	0.042656	0.0420948
528	0.0426484	0.0420876
529	0.0426411	0.0420803
530	0.0426334	0.0420732
531	0.0426266	0.0420659
532	0.0426195	0.0420588
533	0.0426122	0.0420519
534	0.0426047	0.0420449
535	0.0425974	0.0420376
536	0.0425897	0.0420306
537	0.0425829	0.0420237
538	0.0425763	0.0420167
539	0.042569	0.0420097
540	0.0425621	0.0420027
541	0.042555	0.0419957
542	0.0425478	0.0419888
543	0.0425404	0.0419821
544	0.0425341	0.0419752
545	0.0425273	0.0419683
546	0.04252	0.0419614
547	0.0425134	0.0419548
548	0.0425068	0.0419481
549	0.0424997	0.0419414
550	0.0424932	0.0419348
551	0.042486	0.0419281
552	0.0424794	0.0419216
553	0.042473	0.0419149
554	0.0424661	0.0419083
555	0.0424593	0.0419017
556	0.0424528	0.0418952
557	0.0424464	0.0418887
558	0.0424399	0.0418822
559	0.0424336	0.0418758
560	0.0424263	0.0418694
561	0.04242	0.041863
562	0.0424134	0.0418565
563	0.042407	0.0418502
564	0.0424006	0.0418437
565	0.0423934	0.0418373
566	0.0423877	0.041831
567	0.042381	0.0418249
568	0.0423744	0.0418186
569	0.0423681	0.0418124
570	0.042362	0.0418063
571	0.0423561	0.0418
572	0.0423495	0.0417938
573	0.0423431	0.0417878
574	0.0423375	0.0417814
575	0.042331	0.0417755
576	0.0423246	0.0417694
577	0.0423179	0.0417633
578	0.0423119	0.0417575
579	0.042306	0.0417511
580	0.0422999	0.041745
581	0.0422934	0.0417392
582	0.0422875	0.0417335
583	0.042282	0.0417278
584	0.042276	0.041722
585	0.0422699	0.0417158
586	0.0422641	0.04171
587	0.0422576	0.041704
588	0.042252	0.0416984
589	0.042246	0.0416925
590	0.04224	0.0416867
591	0.0422339	0.0416809
592	0.0422286	0.0416754
593	0.0422227	0.0416696
594	0.0422166	0.0416638
595	0.0422109	0.041658
596	0.0422054	0.0416522
597	0.0421997	0.0416467
598	0.0421936	0.0416411
599	0.0421884	0.0416354
600	0.042182	0.0416299
601	0.0421765	0.0416243
602	0.042171	0.0416187
603	0.0421648	0.0416131
604	0.0421594	0.0416076
605	0.0421536	0.0416022
606	0.0421485	0.0415965
607	0.0421433	0.0415913
608	0.042138	0.0415857
609	0.0421317	0.0415803
610	0.0421263	0.0415747
611	0.0421212	0.0415694
612	0.0421154	0.0415638
613	0.0421101	0.0415586
614	0.0421046	0.0415532
615	0.0420989	0.0415479
616	0.0420937	0.0415425
617	0.0420883	0.0415371
618	0.0420833	0.0415317
619	0.0420775	0.0415263
620	0.0420729	0.0415212
621	0.0420676	0.0415161
622	0.0420622	0.0415109
623	0.0420567	0.0415055
624	0.042051	0.0415005
625	0.0420461	0.0414951
626	0.0420405	0.04149
627	0.0420355	0.0414848
628	0.0420306	0.0414797
629	0.0420255	0.0414745
630	0.0420202	0.0414695
631	0.0420154	0.0414645
632	0.0420096	0.0414595
633	0.0420052	0.0414547
634	0.0419999	0.0414497
635	0.0419952	0.0414447
636	0.0419894	0.0414397
637	0.0419842	0.0414349
638	0.0419796	0.04143
639	0.0419746	0.041425
640	0.0419697	0.04142
641	0.0419644	0.0414152
642	0.0419594	0.0414103
643	0.0419548	0.0414054
644	0.0419493	0.0414004
645	0.0419447	0.0413956
646	0.0419393	0.0413907
647	0.0419345	0.041386
648	0.0419297	0.0413812
649	0.0419251	0.0413764
650	0.0419195	0.0413717
651	0.0419153	0.0413669
652	0.0419105	0.0413622
653	0.041906	0.0413574
654	0.041901	0.0413528
655	0.0418963	0.0413479
656	0.0418918	0.0413432
657	0.0418874	0.0413386
658	0.041882	0.041334
659	0.0418774	0.0413294
660	0.0418726	0.0413247
661	0.0418678	0.0413201
662	0.0418631	0.0413154
663	0.0418589	0.0413108
664	0.0418535	0.0413062
665	0.0418492	0.0413016
666	0.0418444	0.0412971
667	0.0418396	0.0412925
668	0.0418355	0.0412878
669	0.0418308	0.0412833
670	0.0418261	0.0412788
671	0.0418218	0.0412742
672	0.0418174	0.0412695
673	0.0418126	0.041265
674	0.041808	0.0412606
675	0.0418037	0.0412563
676	0.0417991	0.0412517
677	0.0417944	0.0412474
678	0.0417897	0.0412431
679	0.0417858	0.0412388
680	0.0417817	0.0412343
681	0.0417765	0.04123
682	0.0417728	0.0412257
683	0.0417678	0.0412213
684	0.0417642	0.0412172
685	0.0417596	0.0412131
686	0.041755	0.0412088
687	0.0417507	0.0412045
688	0.041746	0.0412003
689	0.0417421	0.0411959
690	0.0417377	0.0411915
691	0.0417331	0.0411872
692	0.0417297	0.0411829
693	0.0417242	0.0411785
694	0.0417201	0.0411743
695	0.041716	0.0411701
696	0.0417117	0.0411659
697	0.0417074	0.0411617
698	0.041703	0.0411576
699	0.0416993	0.0411534
700	0.041695	0.0411492
701	0.0416907	0.0411451
702	0.0416866	0.041141
703	0.0416826	0.0411369
704	0.0416782	0.0411327
705	0.041674	0.0411287
706	0.0416697	0.0411245
707	0.0416659	0.0411205
708	0.0416615	0.0411166
709	0.0416582	0.0411126
710	0.0416538	0.0411086
711	0.0416496	0.0411046
712	0.0416462	0.0411006
713	0.0416417	0.0410966
714	0.0416374	0.0410928
715	0.0416332	0.0410889
716	0.0416293	0.0410848
717	0.0416253	0.0410809
718	0.0416211	0.0410773
719	0.0416173	0.0410733
720	0.0416132	0.0410693
721	0.0416092	0.0410653
722	0.0416058	0.0410615
723	0.041601	0.0410578
724	0.0415971	0.041054
725	0.0415932	0.0410501
726	0.0415898	0.0410464
727	0.041586	0.0410425
728	0.0415818	0.0410386
729	0.0415782	0.0410347
730	0.0415748	0.0410309
731	0.0415705	0.0410268
732	0.041566	0.0410232
733	0.0415621	0.0410195
734	0.0415589	0.0410156
735	0.0415549	0.0410118
736	0.0415516	0.041008
737	0.0415477	0.0410043
738	0.0415438	0.0410006
739	0.0415397	0.040997
740	0.0415366	0.0409933
741	0.0415325	0.0409896
742	0.0415288	0.0409859
743	0.0415248	0.0409821
744	0.0415211	0.0409784
745	0.0415173	0.0409746
746	0.0415136	0.0409711
747	0.0415105	0.0409674
748	0.0415063	0.0409638
749	0.0415029	0.0409601
750	0.0414999	0.0409564
751	0.0414956	0.0409527
752	0.0414919	0.0409493
753	0.041488	0.0409456
754	0.0414845	0.0409418
755	0.0414813	0.0409382
756	0.0414775	0.0409348
757	0.0414736	0.0409313
758	0.0414696	0.0409277
759	0.0414661	0.0409242
760	0.0414626	0.0409207
761	0.0414595	0.0409172
762	0.041456	0.0409136
763	0.0414517	0.0409102
764	0.0414484	0.0409068
765	0.0414454	0.0409034
766	0.041442	0.0409
767	0.0414378	0.0408966
768	0.0414343	0.0408931
769	0.0414304	0.0408897
770	0.0414268	0.0408862
771	0.0414241	0.0408828
772	0.0414205	0.0408793
773	0.0414172	0.040876
774	0.041414	0.0408727
775	0.0414104	0.0408693
776	0.041407	0.0408658
777	0.0414037	0.0408626
778	0.0414004	0.040859
779	0.0413968	0.0408557
780	0.0413941	0.0408523
781	0.0413895	0.0408488
782	0.0413864	0.0408456
783	0.0413837	0.0408423
784	0.0413799	0.0408391
785	0.0413763	0.0408358
786	0.0413731	0.0408324
787	0.0413697	0.0408291
788	0.0413662	0.0408258
789	0.0413634	0.0408225
790	0.0413594	0.0408194
791	0.0413563	0.0408161
792	0.0413525	0.0408129
793	0.0413496	0.0408096
794	0.0413464	0.0408066
795	0.0413435	0.0408034
796	0.0413398	0.0408
797	0.0413361	0.0407968
798	0.0413337	0.0407938
799	0.0413296	0.0407907
800	0.041327	0.0407874
801	0.041323	0.0407843
802	0.0413206	0.0407809
803	0.0413173	0.0407778
804	0.0413142	0.0407746
805	0.0413105	0.0407713
806	0.0413074	0.0407682
807	0.0413042	0.040765
808	0.0413011	0.040762
809	0.0412981	0.0407589
810	0.0412951	0.0407559
811	0.0412913	0.0407527
812	0.0412889	0.0407496
813	0.0412852	0.0407465
814	0.0412823	0.0407435
815	0.0412791	0.0407404
816	0.0412761	0.0407373
817	0.0412723	0.0407341
818	0.0412697	0.0407308
819	0.0412663	0.0407277
820	0.0412636	0.0407248
821	0.0412605	0.0407218
822	0.0412571	0.0407188
823	0.0412542	0.0407156
824	0.0412512	0.0407127
825	0.0412485	0.0407096
826	0.0412454	0.0407066
827	0.0412418	0.0407036
828	0.0412392	0.0407005
829	0.041236	0.0406975
830	0.0412333	0.0406945
831	0.0412305	0.0406916
832	0.0412273	0.0406885
833	0.0412232	0.0406856
834	0.0412212	0.0406826
835	0.0412179	0.0406797
836	0.0412149	0.0406767
837	0.0412125	0.0406738
838	0.0412089	0.040671
839	0.0412058	0.0406681
840	0.0412026	0.0406652
841	0.0412002	0.0406623
842	0.0411973	0.0406593
843	0.041194	0.0406564
844	0.041191	0.0406535
845	0.0411884	0.0406506
846	0.0411851	0.0406478
847	0.0411821	0.040645
848	0.0411792	0.0406421
849	0.0411767	0.0406392
850	0.0411734	0.0406361
851	0.0411706	0.0406332
852	0.0411678	0.0406305
853	0.0411653	0.0406278
854	0.0411617	0.0406249
855	0.0411592	0.0406221
856	0.0411562	0.0406192
857	0.0411531	0.0406164
858	0.0411504	0.0406136
859	0.0411479	0.0406109
860	0.041145	0.040608
861	0.0411421	0.0406053
862	0.0411397	0.0406025
863	0.0411365	0.0405998
864	0.0411343	0.0405971
865	0.0411311	0.0405944
866	0.0411285	0.0405916
867	0.0411254	0.0405888
868	0.041123	0.0405858
869	0.0411201	0.040583
870	0.0411178	0.0405802
871	0.0411148	0.0405775
872	0.0411118	0.0405748
873	0.0411092	0.0405721
874	0.0411065	0.0405695
875	0.0411037	0.0405669
876	0.0411004	0.0405642
877	0.0410984	0.0405616
878	0.0410953	0.0405589
879	0.0410924	0.0405563
880	0.04109	0.0405536
881	0.041087	0.0405509
882	0.0410844	0.0405481
883	0.041082	0.0405455
884	0.0410787	0.0405427
885	0.0410763	0.0405401
886	0.0410739	0.0405375
887	0.0410715	0.0405349
888	0.041068	0.0405322
889	0.041066	0.0405296
890	0.0410634	0.040527
891	0.0410603	0.0405243
892	0.0410574	0.0405217
893	0.0410553	0.0405191
894	0.0410521	0.0405165
895	0.0410506	0.0405138
896	0.0410472	0.0405112
897	0.0410447	0.0405088
898	0.0410422	0.0405062
899	0.04104	0.0405037
900	0.0410371	0.0405011
901	0.0410343	0.0404986
902	0.0410316	0.0404961
903	0.0410294	0.0404935
904	0.0410269	0.0404908
905	0.0410238	0.0404882
906	0.0410217	0.0404857
907	0.041019	0.0404832
908	0.0410168	0.0404806
909	0.0410142	0.040478
910	0.0410113	0.0404755
911	0.0410082	0.0404731
912	0.0410063	0.0404706
913	0.0410031	0.040468
914	0.0410015	0.0404655
915	0.0409984	0.040463
916	0.0409964	0.0404605
917	0.0409937	0.040458
918	0.0409907	0.0404556
919	0.0409887	0.0404531
920	0.0409857	0.0404507
921	0.0409836	0.0404483
922	0.04098	0.0404459
923	0.0409784	0.0404434
924	0.0409761	0.0404411
925	0.0409732	0.0404387
926	0.0409717	0.0404361
927	0.0409687	0.0404337
928	0.0409662	0.0404314
929	0.0409631	0.0404291
930	0.0409613	0.0404267
931	0.0409588	0.0404243
932	0.0409565	0.040422
933	0.0409538	0.0404194
934	0.0409512	0.040417
935	0.0409488	0.0404148
936	0.0409466	0.0404123
937	0.0409441	0.0404099
938	0.0409412	0.0404073
939	0.0409395	0.040405
940	0.0409369	0.0404027
941	0.0409343	0.0404003
942	0.0409317	0.040398
943	0.04093	0.0403956
944	0.0409273	0.0403933
945	0.0409248	0.040391
946	0.0409228	0.0403886
947	0.0409202	0.0403863
948	0.0409176	0.040384
949	0.040916	0.0403816
950	0.0409128	0.0403792
951	0.0409108	0.040377
952	0.0409083	0.0403747
953	0.0409063	0.0403725
954	0.0409036	0.0403702
955	0.0409017	0.0403677
956	0.0408985	0.0403655
957	0.0408966	0.0403633
958	0.0408944	0.0403609
959	0.0408921	0.0403586
960	0.0408898	0.0403565
961	0.0408878	0.0403542
962	0.0408851	0.0403518
963	0.040883	0.0403496
964	0.040881	0.0403473
965	0.0408782	0.0403451
966	0.0408762	0.0403428
967	0.0408737	0.0403405
968	0.0408718	0.0403382
969	0.0408696	0.040336
970	0.0408667	0.0403337
971	0.0408649	0.0403316
972	0.0408628	0.0403293
973	0.0408604	0.0403271
974	0.0408581	0.0403249
975	0.040856	0.0403226
976	0.0408534	0.0403203
977	0.0408513	0.0403181
978	0.0408491	0.0403159
979	0.0408468	0.0403138
980	0.0408447	0.0403116
981	0.0408424	0.0403094
982	0.0408405	0.0403073
983	0.0408377	0.040305
984	0.0408359	0.0403027
985	0.0408336	0.0403007
986	0.0408314	0.0402986
987	0.0408296	0.0402964
988	0.0408272	0.0402942
989	0.0408251	0.0402922
990	0.0408227	0.0402899
991	0.0408204	0.0402878
992	0.0408182	0.0402855
993	0.0408164	0.0402834
994	0.0408139	0.0402813
995	0.0408118	0.0402791
996	0.0408088	0.0402769
997	0.0408077	0.0402749
998	0.0408056	0.0402729
999	0.0408029	0.0402707
1000	0.0408013	0.0402685
1001	0.040799	0.0402664
1002	0.0407959	0.0402643
1003	0.040795	0.0402623
1004	0.0407923	0.0402602
1005	0.0407909	0.0402581
1006	0.040788	0.0402559
1007	0.0407857	0.0402537
1008	0.0407843	0.0402516
1009	0.040782	0.0402496
1010	0.0407802	0.0402476
1011	0.0407779	0.0402454
1012	0.0407757	0.0402435
1013	0.0407736	0.0402415
1014	0.0407716	0.0402395
1015	0.0407694	0.0402374
1016	0.0407677	0.0402354
1017	0.0407651	0.0402332
1018	0.0407633	0.0402312
1019	0.0407609	0.0402292
1020	0.040759	0.0402272
1021	0.0407573	0.0402251
1022	0.0407553	0.0402231
1023	0.0407531	0.0402211
1024	0.0407508	0.0402192
1025	0.0407483	0.0402174
1026	0.0407467	0.0402153
1027	0.0407452	0.0402133
1028	0.0407427	0.0402113
1029	0.0407409	0.0402092
1030	0.0407388	0.0402072
1031	0.0407368	0.040205
1032	0.0407346	0.040203
1033	0.0407323	0.0402011
1034	0.0407305	0.0401991
1035	0.0407287	0.0401971
1036	0.0407265	0.040195
1037	0.0407239	0.0401929
1038	0.0407226	0.0401909
1039	0.0407203	0.040189
1040	0.0407177	0.040187
1041	0.0407162	0.040185
1042	0.0407144	0.0401831
1043	0.0407122	0.0401811
1044	0.0407108	0.0401792
1045	0.0407085	0.0401772
1046	0.0407067	0.0401753
1047	0.0407049	0.0401733
1048	0.0407029	0.0401715
1049	0.040701	0.0401696
1050	0.0406987	0.0401677
1051	0.0406976	0.0401657
1052	0.0406954	0.0401638
1053	0.0406928	0.0401618
1054	0.0406907	0.0401598
1055	0.0406888	0.0401579
1056	0.0406867	0.040156
1057	0.040685	0.040154
1058	0.040683	0.0401521
1059	0.040681	0.0401502
1060	0.040679	0.0401483
1061	0.0406775	0.0401465
1062	0.0406756	0.0401446
1063	0.0406732	0.0401427
1064	0.0406711	0.0401408
1065	0.0406693	0.0401391
1066	0.0406677	0.0401372
1067	0.0406657	0.0401354
1068	0.0406636	0.0401336
1069	0.0406615	0.0401318
1070	0.0406602	0.0401299
1071	0.0406578	0.0401279
1072	0.0406564	0.0401259
1073	0.040655	0.040124
1074	0.0406529	0.0401222
1075	0.0406505	0.0401203
1076	0.0406494	0.0401185
1077	0.040647	0.0401167
1078	0.0406445	0.0401149
1079	0.0406432	0.0401131
1080	0.040642	0.0401112
1081	0.0406395	0.0401094
1082	0.0406374	0.0401075
1083	0.0406352	0.0401056
1084	0.0406339	0.0401037
1085	0.0406321	0.040102
1086	0.0406304	0.0401002
1087	0.0406287	0.0400985
1088	0.0406264	0.0400965
1089	0.0406246	0.0400947
1090	0.040623	0.0400928
1091	0.0406209	0.0400911
1092	0.0406195	0.0400892
1093	0.0406174	0.0400876
1094	0.0406158	0.0400858
1095	0.0406136	0.040084
1096	0.0406121	0.0400822
1097	0.0406102	0.0400803
1098	0.0406088	0.0400787
1099	0.0406064	0.040077
1100	0.040605	0.0400753
1101	0.0406029	0.0400735
1102	0.0406012	0.0400717
1103	0.0405992	0.04007
1104	0.0405973	0.0400682
1105	0.0405958	0.0400664
1106	0.0405938	0.0400646
1107	0.0405914	0.0400629
1108	0.0405898	0.0400609
1109	0.0405885	0.0400592
1110	0.0405871	0.0400575
1111	0.0405857	0.0400558
1112	0.0405833	0.040054
1113	0.0405818	0.0400524
1114	0.0405797	0.0400506
1115	0.0405777	0.0400489
1116	0.0405764	0.0400471
1117	0.0405752	0.0400453
1118	0.0405728	0.0400435
1119	0.0405714	0.0400418
1120	0.0405687	0.0400402
1121	0.0405673	0.0400384
1122	0.0405653	0.0400367
1123	0.0405642	0.040035
1124	0.0405625	0.0400332
1125	0.0405608	0.0400316
1126	0.0405581	0.0400298
1127	0.0405577	0.0400282
1128	0.0405554	0.0400264
1129	0.0405537	0.0400248
1130	0.0405517	0.0400231
1131	0.0405499	0.0400215
1132	0.0405489	0.0400197
1133	0.0405471	0.0400182
1134	0.0405448	0.0400165
1135	0.0405435	0.0400148
1136	0.0405413	0.0400131
1137	0.0405397	0.0400115
1138	0.0405381	0.0400098
1139	0.0405372	0.0400081
1140	0.0405348	0.0400064
1141	0.0405335	0.0400047
1142	0.0405317	0.040003
1143	0.0405298	0.0400012
1144	0.0405282	0.0399996
1145	0.0405267	0.0399979
1146	0.0405248	0.0399963
1147	0.0405232	0.0399946
1148	0.0405215	0.0399929
1149	0.0405199	0.0399913
1150	0.0405182	0.0399897
1151	0.0405163	0.0399881
1152	0.0405149	0.0399863
1153	0.0405129	0.0399847
1154	0.0405118	0.039983
1155	0.0405097	0.0399814
1156	0.0405086	0.0399797
1157	0.0405065	0.039978
1158	0.0405052	0.0399764
1159	0.0405032	0.0399748
1160	0.0405018	0.0399731
1161	0.0405002	0.0399714
1162	0.0404987	0.0399698
1163	0.0404971	0.0399683
1164	0.0404949	0.0399666
1165	0.0404934	0.039965
1166	0.0404921	0.0399634
1167	0.0404903	0.0399619
1168	0.0404891	0.0399604
1169	0.040487	0.0399589
1170	0.040485	0.0399572
1171	0.0404839	0.0399556
1172	0.0404825	0.0399541
1173	0.0404808	0.0399525
1174	0.0404789	0.0399508
1175	0.0404776	0.0399492
1176	0.0404752	0.0399477
1177	0.0404739	0.039946
1178	0.0404725	0.0399445
1179	0.0404706	0.0399429
1180	0.0404693	0.0399414
1181	0.0404675	0.0399397
1182	0.0404661	0.0399382
1183	0.0404647	0.0399366
1184	0.0404633	0.039935
1185	0.0404621	0.0399335
1186	0.0404594	0.039932
1187	0.040459	0.0399304
1188	0.0404568	0.0399288
1189	0.0404554	0.0399272
1190	0.0404535	0.0399257
1191	0.0404522	0.0399242
1192	0.040451	0.0399227
1193	0.0404493	0.0399211
1194	0.0404476	0.0399196
1195	0.0404452	0.0399181
1196	0.0404445	0.0399167
1197	0.0404426	0.0399151
1198	0.0404409	0.0399136
1199	0.0404395	0.0399121
1200	0.0404382	0.0399106
1201	0.0404366	0.0399091
1202	0.040435	0.0399076
1203	0.0404333	0.0399061
1204	0.040432	0.0399045
1205	0.0404299	0.0399029
1206	0.0404286	0.0399014
1207	0.0404273	0.0398998
1208	0.0404255	0.0398984
1209	0.0404241	0.0398969
1210	0.040423	0.0398954
1211	0.0404208	0.0398939
1212	0.0404198	0.0398924
1213	0.0404183	0.0398908
1214	0.0404169	0.0398893
1215	0.0404155	0.0398879
1216	0.0404136	0.0398864
1217	0.0404123	0.0398849
1218	0.0404109	0.0398835
1219	0.0404096	0.0398819
1220	0.040407	0.0398804
1221	0.0404057	0.0398789
1222	0.0404044	0.0398773
1223	0.0404032	0.0398759
1224	0.0404015	0.0398744
1225	0.0404001	0.0398729
1226	0.0403987	0.0398714
1227	0.0403973	0.0398699
1228	0.0403956	0.0398685
1229	0.0403939	0.0398671
1230	0.0403928	0.0398655
1231	0.0403907	0.0398641
1232	0.0403898	0.0398625
1233	0.0403881	0.0398611
1234	0.0403872	0.0398596
1235	0.040385	0.0398582
1236	0.040384	0.0398567
1237	0.0403826	0.0398554
1238	0.0403806	0.0398539
1239	0.0403798	0.0398524
1240	0.0403786	0.039851
1241	0.0403763	0.0398495
1242	0.0403752	0.0398481
1243	0.0403734	0.0398467
1244	0.040372	0.0398452
1245	0.040371	0.0398438
1246	0.0403691	0.0398423
1247	0.0403679	0.0398409
1248	0.0403663	0.0398395
1249	0.040365	0.0398381
1250	0.0403639	0.0398366
1251	0.040362	0.0398351
1252	0.0403605	0.0398336
1253	0.0403591	0.0398322
1254	0.040358	0.0398307
1255	0.0403562	0.0398292
1256	0.0403545	0.0398278
1257	0.0403537	0.0398264
1258	0.0403518	0.039825
1259	0.0403507	0.0398237
1260	0.0403487	0.0398222
1261	0.0403481	0.0398209
1262	0.040346	0.0398195
1263	0.040345	0.0398182
1264	0.0403437	0.0398167
1265	0.0403424	0.0398153
1266	0.0403405	0.039814
1267	0.0403395	0.0398125
1268	0.0403375	0.0398111
1269	0.040336	0.0398096
1270	0.040335	0.0398082
1271	0.0403335	0.0398067
1272	0.0403322	0.0398052
1273	0.0403307	0.0398039
1274	0.0403293	0.0398024
1275	0.0403284	0.0398011
1276	0.0403262	0.0397998
1277	0.0403255	0.0397984
1278	0.0403237	0.039797
1279	0.0403226	0.0397956
1280	0.0403211	0.0397942
1281	0.0403194	0.0397928
1282	0.0403185	0.0397915
1283	0.0403166	0.0397901
1284	0.0403153	0.0397887
1285	0.0403146	0.0397874
1286	0.0403126	0.039786
1287	0.040312	0.0397847
1288	0.0403102	0.0397833
1289	0.0403083	0.039782
1290	0.0403079	0.0397808
1291	0.0403064	0.0397795
1292	0.0403043	0.0397781
1293	0.0403032	0.0397767
1294	0.0403016	0.0397753
1295	0.0403006	0.0397739
1296	0.0402992	0.0397725
1297	0.0402977	0.0397712
1298	0.0402964	0.0397698
1299	0.040295	0.0397685
1300	0.0402935	0.0397672
1301	0.0402924	0.0397659
1302	0.0402917	0.0397645
1303	0.04029	0.0397632
1304	0.0402887	0.0397619
1305	0.0402872	0.0397605
1306	0.040286	0.0397592
1307	0.0402846	0.0397579
1308	0.040283	0.0397566
1309	0.0402816	0.0397554
1310	0.0402806	0.039754
1311	0.0402786	0.0397527
1312	0.0402776	0.0397514
1313	0.0402768	0.0397501
1314	0.0402748	0.0397487
1315	0.0402741	0.0397473
1316	0.0402723	0.039746
1317	0.0402713	0.0397446
1318	0.04027	0.0397433
1319	0.0402688	0.0397421
1320	0.0402673	0.0397408
1321	0.0402662	0.0397395
1322	0.0402641	0.0397383
1323	0.0402632	0.039737
1324	0.040262	0.0397357
1325	0.0402611	0.0397345
1326	0.0402587	0.0397333
1327	0.0402577	0.0397319
1328	0.0402563	0.0397306
1329	0.0402553	0.0397293
1330	0.0402538	0.039728
1331	0.0402528	0.0397268
1332	0.0402512	0.0397255
1333	0.0402499	0.0397243
1334	0.0402492	0.039723
1335	0.0402471	0.0397219
1336	0.0402463	0.0397206
1337	0.040245	0.0397193
1338	0.040244	0.039718
1339	0.0402421	0.0397168
1340	0.040241	0.0397156
1341	0.0402403	0.0397143
1342	0.0402389	0.0397131
1343	0.0402367	0.0397118
1344	0.0402356	0.0397105
1345	0.0402343	0.0397093
1346	0.0402336	0.039708
1347	0.040232	0.0397067
1348	0.040231	0.0397054
1349	0.0402299	0.0397042
1350	0.0402284	0.0397029
1351	0.0402272	0.0397017
1352	0.0402256	0.0397004
1353	0.0402239	0.0396992
1354	0.0402237	0.0396979
1355	0.040222	0.0396966
1356	0.0402204	0.0396954
1357	0.0402195	0.0396942
1358	0.0402182	0.0396929
1359	0.0402169	0.0396917
1360	0.0402158	0.0396904
1361	0.0402146	0.0396893
1362	0.0402133	0.0396879
1363	0.0402111	0.0396868
1364	0.0402106	0.0396856
1365	0.0402089	0.0396844
1366	0.0402082	0.0396832
1367	0.0402071	0.039682
1368	0.040206	0.0396807
1369	0.040204	0.0396795
1370	0.0402034	0.0396784
1371	0.0402019	0.0396771
1372	0.0402006	0.0396759
1373	0.0401995	0.0396746
1374	0.0401989	0.0396733
1375	0.0401974	0.0396721
1376	0.0401957	0.0396708
1377	0.040195	0.0396697
1378	0.0401936	0.0396684
1379	0.0401917	0.0396673
1380	0.0401905	0.0396661
1381	0.0401898	0.0396649
1382	0.0401889	0.0396637
1383	0.0401876	0.0396624
1384	0.0401856	0.0396612
1385	0.0401841	0.0396601
1386	0.0401836	0.0396588
1387	0.0401825	0.0396576
1388	0.0401809	0.0396564
1389	0.0401801	0.0396553
1390	0.040179	0.039654
1391	0.040177	0.0396527
1392	0.0401762	0.0396516
1393	0.040175	0.0396504
1394	0.0401737	0.0396492
1395	0.0401727	0.0396481
1396	0.0401718	0.039647
1397	0.0401706	0.0396458
1398	0.0401691	0.0396445
1399	0.0401679	0.0396433
1400	0.0401666	0.0396421
1401	0.0401656	0.039641
1402	0.0401646	0.0396398
1403	0.0401632	0.0396386
1404	0.0401617	0.0396375
1405	0.0401605	0.0396364
1406	0.0401594	0.0396352
1407	0.0401583	0.039634
1408	0.0401569	0.0396328
1409	0.0401558	0.0396316
1410	0.0401546	0.0396305
1411	0.0401534	0.0396294
1412	0.040152	0.0396283
1413	0.0401508	0.0396271
1414	0.0401504	0.0396261
1415	0.0401488	0.0396249
1416	0.0401474	0.0396238
1417	0.0401469	0.0396226
1418	0.0401452	0.0396214
1419	0.0401437	0.0396202
1420	0.0401428	0.0396191
1421	0.0401419	0.039618
1422	0.0401403	0.0396167
1423	0.0401391	0.0396157
1424	0.0401383	0.0396145
1425	0.040137	0.0396133
1426	0.0401362	0.0396121
1427	0.0401349	0.0396109
1428	0.0401334	0.0396098
1429	0.0401329	0.0396087
1430	0.0401313	0.0396076
1431	0.0401306	0.0396064
1432	0.0401291	0.0396052
1433	0.0401278	0.0396041
1434	0.0401265	0.0396029
1435	0.0401258	0.0396017
1436	0.0401245	0.0396006
1437	0.0401235	0.0395995
1438	0.0401222	0.0395984
1439	0.0401217	0.0395972
1440	0.0401202	0.039596
1441	0.0401194	0.0395949
1442	0.0401179	0.0395937
1443	0.0401165	0.0395926
1444	0.0401154	0.0395915
1445	0.0401141	0.0395904
1446	0.0401127	0.0395892
1447	0.0401123	0.039588
1448	0.0401105	0.0395868
1449	0.0401095	0.0395857
1450	0.0401082	0.0395845
1451	0.0401076	0.0395834
1452	0.0401069	0.0395822
1453	0.0401056	0.0395811
1454	0.0401047	0.0395801
1455	0.0401031	0.039579
1456	0.0401024	0.0395779
1457	0.0401013	0.0395768
1458	0.0400996	0.0395757
1459	0.0400987	0.0395746
1460	0.0400974	0.0395735
1461	0.0400966	0.0395725
1462	0.0400954	0.0395713
1463	0.0400942	0.0395703
1464	0.0400934	0.0395692
1465	0.040092	0.0395681
1466	0.0400908	0.039567
1467	0.0400899	0.0395659
1468	0.0400883	0.0395648
1469	0.0400876	0.0395637
1470	0.0400865	0.0395627
1471	0.040085	0.0395616
1472	0.0400846	0.0395605
1473	0.0400833	0.0395595
1474	0.0400819	0.0395585
1475	0.0400815	0.0395573
1476	0.04008	0.0395562
1477	0.0400788	0.0395551
1478	0.0400775	0.039554
1479	0.0400771	0.039553
1480	0.0400753	0.039552
1481	0.0400741	0.0395509
1482	0.0400736	0.0395499
1483	0.0400724	0.0395489
1484	0.0400709	0.0395478
1485	0.0400701	0.0395468
1486	0.0400689	0.0395457
1487	0.0400676	0.0395447
1488	0.0400663	0.0395436
1489	0.0400662	0.0395426
1490	0.0400648	0.0395415
1491	0.0400638	0.0395403
1492	0.0400628	0.0395392
1493	0.0400616	0.0395382
1494	0.0400606	0.0395371
1495	0.0400595	0.0395362
1496	0.0400576	0.0395351
1497	0.040057	0.039534
1498	0.040056	0.039533
1499	0.0400549	0.0395318
1500	0.0400538	0.0395308
1501	0.0400526	0.0395297
1502	0.0400517	0.0395287
1503	0.0400509	0.0395277
1504	0.0400498	0.0395266
1505	0.0400484	0.0395256
1506	0.0400472	0.0395245
1507	0.0400467	0.0395235
1508	0.0400452	0.0395224
1509	0.0400446	0.0395214
1510	0.0400435	0.0395203
1511	0.0400425	0.0395193
1512	0.040041	0.0395182
1513	0.04004	0.0395171
1514	0.0400392	0.039516
1515	0.0400379	0.039515
1516	0.0400373	0.039514
1517	0.0400359	0.039513
1518	0.0400346	0.0395119
1519	0.0400341	0.0395108
1520	0.0400326	0.0395098
1521	0.0400319	0.0395087
1522	0.0400304	0.0395076
1523	0.0400296	0.0395065
1524	0.0400288	0.0395055
1525	0.0400273	0.0395045
1526	0.0400265	0.0395035
1527	0.040026	0.0395025
1528	0.040025	0.0395015
1529	0.0400236	0.0395005
1530	0.0400227	0.0394995
1531	0.0400211	0.0394985
1532	0.0400202	0.0394975
1533	0.0400196	0.0394965
1534	0.0400184	0.0394955
1535	0.0400172	0.0394944
1536	0.0400168	0.0394933
1537	0.0400151	0.0394924
1538	0.0400144	0.0394913
1539	0.0400132	0.0394903
1540	0.0400119	0.0394892
1541	0.0400107	0.0394882
1542	0.0400102	0.0394872
1543	0.0400089	0.0394862
1544	0.0400079	0.0394851
1545	0.0400076	0.0394841
1546	0.0400062	0.039483
1547	0.040005	0.0394819
1548	0.0400042	0.0394809
1549	0.0400032	0.0394798
1550	0.0400025	0.0394789
1551	0.0400011	0.0394778
1552	0.0399998	0.0394768
