1	0.279372	0.259417
2	0.261622	0.244582
3	0.246674	0.232429
4	0.234437	0.222444
5	0.224378	0.214049
6	0.215925	0.206784
7	0.208605	0.200362
8	0.202135	0.19456
9	0.196284	0.189246
10	0.190927	0.184323
11	0.185962	0.179725
12	0.181325	0.175406
13	0.176969	0.171332
14	0.172865	0.167478
15	0.168979	0.163818
16	0.165286	0.160326
17	0.161764	0.156994
18	0.158405	0.153806
19	0.155189	0.150751
20	0.152103	0.147815
21	0.149144	0.144994
22	0.1463	0.142278
23	0.143561	0.139657
24	0.140916	0.137129
25	0.138367	0.134686
26	0.135906	0.132328
27	0.133528	0.13005
28	0.13123	0.127844
29	0.129009	0.125709
30	0.126854	0.123639
31	0.12477	0.121635
32	0.122748	0.11969
33	0.120788	0.117801
34	0.118885	0.115973
35	0.117043	0.114196
36	0.115253	0.112471
37	0.113513	0.110796
38	0.111825	0.109169
39	0.110186	0.107589
40	0.108594	0.106054
41	0.107047	0.104563
42	0.105546	0.103113
43	0.104085	0.101705
44	0.102666	0.100336
45	0.101287	0.0990058
46	0.0999474	0.0977109
47	0.0986425	0.096453
48	0.0973762	0.0952302
49	0.0961427	0.0940404
50	0.0949455	0.0928822
51	0.093781	0.0917579
52	0.092647	0.0906628
53	0.0915441	0.0895983
54	0.0904727	0.0885621
55	0.0894298	0.0875546
56	0.0884156	0.0865735
57	0.0874266	0.0856193
58	0.0864677	0.08469
59	0.0855319	0.0837878
60	0.084621	0.0829055
61	0.0837341	0.0820485
62	0.0828721	0.0812142
63	0.0820323	0.0804037
64	0.0812154	0.0796115
65	0.0804181	0.0788409
66	0.0796426	0.0780911
67	0.0788888	0.0773597
68	0.078152	0.0766468
69	0.0774365	0.0759531
70	0.0767371	0.0752773
71	0.0760565	0.074619
72	0.0753941	0.0739766
73	0.074749	0.0733507
74	0.0741193	0.0727409
75	0.0735045	0.0721457
76	0.0729072	0.0715655
77	0.0723239	0.0709999
78	0.0717543	0.0704479
79	0.0711996	0.0699103
80	0.0706562	0.0693852
81	0.0701293	0.0688733
82	0.0696142	0.0683737
83	0.0691115	0.0678855
84	0.0686214	0.0674088
85	0.0681427	0.0669447
86	0.0676741	0.0664904
87	0.0672192	0.0660472
88	0.0667719	0.0656136
89	0.066337	0.0651908
90	0.0659111	0.0647781
91	0.0654942	0.0643747
92	0.0650895	0.0639793
93	0.0646938	0.0635955
94	0.0643053	0.0632181
95	0.0639252	0.06285
96	0.0635571	0.0624899
97	0.0631933	0.0621372
98	0.0628392	0.0617935
99	0.062493	0.0614565
100	0.0621551	0.0611275
101	0.0618225	0.0608056
102	0.0614996	0.0604898
103	0.0611816	0.060181
104	0.0608704	0.0598801
105	0.0605671	0.0595844
106	0.0602707	0.0592958
107	0.0599798	0.0590118
108	0.0596952	0.0587348
109	0.0594161	0.0584632
110	0.0591426	0.058197
111	0.0588763	0.0579365
112	0.0586136	0.0576815
113	0.0583574	0.0574314
114	0.0581046	0.0571864
115	0.057858	0.056946
116	0.0576174	0.0567108
117	0.0573804	0.0564802
118	0.057148	0.056254
119	0.0569203	0.0560315
120	0.0566973	0.0558146
121	0.0564785	0.0556004
122	0.0562633	0.0553917
123	0.0560531	0.0551864
124	0.055847	0.0549849
125	0.0556442	0.0547871
126	0.055445	0.054593
127	0.0552504	0.0544034
128	0.0550589	0.0542162
129	0.0548709	0.0540334
130	0.0546868	0.0538536
131	0.0545054	0.0536767
132	0.0543274	0.0535029
133	0.0541521	0.053333
134	0.0539805	0.0531657
135	0.0538118	0.0530008
136	0.0536471	0.0528398
137	0.0534845	0.0526808
138	0.0533259	0.0525246
139	0.053169	0.0523722
140	0.0530142	0.0522215
141	0.0528634	0.0520739
142	0.0527142	0.0519284
143	0.0525681	0.0517857
144	0.0524246	0.0516455
145	0.0522822	0.0515073
146	0.0521438	0.0513718
147	0.0520073	0.0512387
148	0.0518734	0.0511075
149	0.0517414	0.0509787
150	0.0516111	0.0508519
151	0.0514834	0.0507271
152	0.0513573	0.0506045
153	0.0512342	0.0504836
154	0.0511127	0.0503652
155	0.0509928	0.0502479
156	0.0508753	0.0501328
157	0.0507598	0.0500194
158	0.0506454	0.049908
159	0.0505336	0.0497988
160	0.0504235	0.0496908
161	0.0503144	0.0495849
162	0.050207	0.0494805
163	0.0501015	0.049377
164	0.0499977	0.0492757
165	0.0498955	0.0491761
166	0.0497951	0.0490777
167	0.0496964	0.0489812
168	0.0495985	0.0488857
169	0.049503	0.0487919
170	0.0494081	0.0486996
171	0.0493155	0.0486079
172	0.0492234	0.0485182
173	0.049133	0.0484299
174	0.0490434	0.0483426
175	0.0489562	0.0482567
176	0.0488693	0.048172
177	0.0487843	0.0480888
178	0.0487005	0.048007
179	0.0486177	0.047926
180	0.0485361	0.0478464
181	0.0484553	0.0477676
182	0.0483761	0.0476898
183	0.0482978	0.0476133
184	0.0482208	0.0475385
185	0.0481448	0.047464
186	0.0480701	0.0473902
187	0.0479963	0.0473181
188	0.0479237	0.0472469
189	0.0478514	0.0471766
190	0.047781	0.0471073
191	0.047711	0.0470394
192	0.0476418	0.0469715
193	0.0475738	0.0469051
194	0.0475066	0.0468396
195	0.0474401	0.046775
196	0.047375	0.0467108
197	0.0473112	0.0466482
198	0.0472475	0.046586
199	0.0471846	0.0465247
200	0.0471224	0.046464
201	0.0470616	0.0464041
202	0.0470014	0.0463451
203	0.0469425	0.0462872
204	0.0468832	0.0462295
205	0.0468255	0.0461728
206	0.0467691	0.0461168
207	0.0467127	0.0460616
208	0.0466566	0.0460072
209	0.0466009	0.0459533
210	0.0465467	0.0459
211	0.0464937	0.0458476
212	0.0464405	0.0457962
213	0.0463888	0.0457452
214	0.0463361	0.0456943
215	0.0462865	0.0456447
216	0.0462355	0.045595
217	0.0461851	0.0455463
218	0.0461367	0.0454981
219	0.0460883	0.0454507
220	0.0460398	0.0454034
221	0.045993	0.0453576
222	0.0459466	0.0453117
223	0.0459006	0.0452663
224	0.045855	0.0452217
225	0.0458091	0.0451778
226	0.0457651	0.0451343
227	0.0457214	0.045091
228	0.0456779	0.0450486
229	0.0456346	0.0450064
230	0.0455919	0.0449651
231	0.0455503	0.0449235
232	0.0455091	0.044883
233	0.0454681	0.0448425
234	0.0454277	0.0448028
235	0.0453872	0.0447634
236	0.0453481	0.0447247
237	0.045309	0.0446867
238	0.0452698	0.0446488
239	0.0452314	0.0446114
240	0.0451939	0.0445743
241	0.0451567	0.0445377
242	0.04512	0.0445017
243	0.0450835	0.0444658
244	0.0450471	0.0444304
245	0.0450122	0.0443952
246	0.0449755	0.0443607
247	0.044941	0.0443266
248	0.044906	0.0442924
249	0.0448722	0.0442588
250	0.0448381	0.0442259
251	0.0448044	0.0441929
252	0.044772	0.0441607
253	0.044739	0.0441287
254	0.0447073	0.044097
255	0.0446746	0.0440657
256	0.0446426	0.0440344
257	0.0446115	0.0440039
258	0.0445808	0.0439736
259	0.0445503	0.0439434
260	0.0445194	0.0439136
261	0.0444895	0.0438842
262	0.0444599	0.0438549
263	0.0444306	0.0438259
264	0.0444011	0.0437974
265	0.0443728	0.0437688
266	0.044344	0.0437408
267	0.0443169	0.0437133
268	0.0442886	0.0436859
269	0.0442611	0.0436591
270	0.0442335	0.0436324
271	0.0442064	0.0436057
272	0.044179	0.0435797
273	0.0441532	0.0435536
274	0.0441267	0.0435277
275	0.0441003	0.0435023
276	0.044075	0.0434774
277	0.044049	0.0434524
278	0.0440236	0.0434275
279	0.0439992	0.0434032
280	0.0439747	0.0433786
281	0.04395	0.0433548
282	0.0439253	0.0433309
283	0.0439011	0.0433072
284	0.0438777	0.043284
285	0.0438541	0.0432609
286	0.0438306	0.043238
287	0.0438075	0.0432153
288	0.0437853	0.0431932
289	0.0437626	0.0431709
290	0.0437403	0.0431487
291	0.0437175	0.043127
292	0.0436959	0.0431054
293	0.0436738	0.0430838
294	0.0436519	0.0430627
295	0.0436311	0.0430418
296	0.0436091	0.043021
297	0.043589	0.0430003
298	0.0435676	0.04298
299	0.0435465	0.0429599
300	0.0435263	0.0429396
301	0.0435058	0.0429198
302	0.0434855	0.0428999
303	0.0434662	0.0428802
304	0.0434463	0.0428609
305	0.043427	0.0428418
306	0.0434075	0.0428229
307	0.0433889	0.0428039
308	0.0433692	0.0427852
309	0.0433506	0.0427666
310	0.0433319	0.042748
311	0.0433135	0.0427297
312	0.0432955	0.0427117
313	0.0432767	0.042694
314	0.0432587	0.0426762
315	0.04324	0.0426585
316	0.043223	0.0426411
317	0.0432051	0.042624
318	0.043188	0.0426068
319	0.0431704	0.0425898
320	0.0431534	0.042573
321	0.0431367	0.0425561
322	0.0431198	0.0425397
323	0.0431026	0.0425235
324	0.0430861	0.042507
325	0.0430696	0.0424911
326	0.0430531	0.0424749
327	0.0430371	0.0424592
328	0.0430213	0.0424434
329	0.0430058	0.0424278
330	0.0429901	0.0424125
331	0.042975	0.0423971
332	0.0429592	0.0423817
333	0.0429436	0.0423666
334	0.0429283	0.0423516
335	0.0429129	0.0423366
336	0.0428977	0.0423217
337	0.0428831	0.0423073
338	0.0428682	0.0422925
339	0.0428534	0.0422783
340	0.042839	0.0422641
341	0.0428246	0.04225
342	0.0428099	0.0422362
343	0.0427957	0.0422224
344	0.0427819	0.0422085
345	0.0427669	0.0421948
346	0.0427538	0.0421811
347	0.0427401	0.0421677
348	0.0427262	0.0421544
349	0.042713	0.0421412
350	0.0426992	0.0421281
351	0.0426859	0.0421149
352	0.0426731	0.0421018
353	0.0426598	0.0420889
354	0.0426465	0.0420761
355	0.0426337	0.0420633
356	0.042621	0.0420504
357	0.0426083	0.0420378
358	0.0425956	0.0420254
359	0.0425828	0.0420129
360	0.0425712	0.0420005
361	0.0425584	0.0419884
362	0.042546	0.0419765
363	0.0425331	0.0419645
364	0.0425217	0.0419525
365	0.0425088	0.0419407
366	0.0424971	0.0419291
367	0.0424855	0.0419178
368	0.0424733	0.041906
369	0.0424618	0.0418945
370	0.0424508	0.0418827
371	0.0424394	0.0418717
372	0.0424278	0.0418603
373	0.0424161	0.0418493
374	0.0424052	0.0418382
375	0.0423933	0.041827
376	0.0423833	0.0418162
377	0.0423716	0.0418054
378	0.0423609	0.0417947
379	0.0423499	0.041784
380	0.0423392	0.0417733
381	0.042328	0.0417627
382	0.0423175	0.0417525
383	0.0423065	0.0417421
384	0.0422961	0.0417316
385	0.0422861	0.0417212
386	0.0422759	0.0417109
387	0.0422649	0.0417009
388	0.0422552	0.0416908
389	0.0422441	0.0416808
390	0.0422351	0.0416709
391	0.0422246	0.041661
392	0.0422149	0.0416511
393	0.0422045	0.0416413
394	0.0421955	0.0416316
395	0.0421853	0.0416222
396	0.0421756	0.0416127
397	0.0421655	0.0416032
398	0.0421557	0.0415937
399	0.0421462	0.0415845
400	0.0421371	0.041575
401	0.0421274	0.0415657
402	0.0421178	0.0415563
403	0.042109	0.0415471
404	0.0420996	0.041538
405	0.0420908	0.0415292
406	0.0420814	0.04152
407	0.042072	0.041511
408	0.0420633	0.0415023
409	0.042054	0.0414934
410	0.042045	0.0414847
411	0.0420366	0.0414759
412	0.0420279	0.0414673
413	0.0420194	0.0414585
414	0.0420097	0.04145
415	0.0420016	0.0414412
416	0.0419927	0.0414328
417	0.0419843	0.0414245
418	0.0419757	0.0414161
419	0.0419675	0.0414078
420	0.0419596	0.0413994
421	0.0419506	0.0413914
422	0.0419426	0.0413833
423	0.0419344	0.0413753
424	0.0419261	0.0413673
425	0.041918	0.0413593
426	0.0419099	0.0413512
427	0.0419021	0.0413435
428	0.041894	0.0413356
429	0.0418859	0.0413276
430	0.0418776	0.0413198
431	0.0418702	0.0413123
432	0.0418621	0.0413046
433	0.0418542	0.0412971
434	0.0418468	0.0412894
435	0.041839	0.0412818
436	0.0418313	0.0412742
437	0.0418239	0.0412667
438	0.0418168	0.0412592
439	0.0418087	0.0412516
440	0.0418016	0.0412443
441	0.0417937	0.0412371
442	0.041786	0.0412298
443	0.0417789	0.0412227
444	0.0417715	0.0412156
445	0.0417645	0.0412085
446	0.0417575	0.0412013
447	0.0417501	0.0411943
448	0.0417426	0.0411873
449	0.0417355	0.0411802
450	0.041729	0.0411732
451	0.0417216	0.0411661
452	0.0417148	0.041159
453	0.0417073	0.0411524
454	0.0417005	0.0411455
455	0.0416935	0.0411385
456	0.0416869	0.0411318
457	0.0416802	0.0411252
458	0.0416734	0.0411187
459	0.0416664	0.0411119
460	0.0416601	0.0411052
461	0.0416532	0.0410987
462	0.0416468	0.0410922
463	0.04164	0.0410858
464	0.0416334	0.0410793
465	0.0416269	0.041073
466	0.0416202	0.0410666
467	0.0416142	0.0410601
468	0.041607	0.0410539
469	0.041601	0.0410476
470	0.0415942	0.0410412
471	0.0415886	0.0410347
472	0.0415823	0.0410285
473	0.0415753	0.0410222
474	0.0415701	0.0410161
475	0.041563	0.0410101
476	0.0415572	0.041004
477	0.0415507	0.0409978
478	0.0415446	0.0409918
479	0.0415382	0.0409859
480	0.041532	0.04098
481	0.0415259	0.0409739
482	0.0415201	0.040968
483	0.0415143	0.040962
484	0.0415081	0.0409561
485	0.0415017	0.0409501
486	0.0414965	0.0409439
487	0.0414901	0.0409382
488	0.0414843	0.0409325
489	0.0414789	0.0409268
490	0.0414729	0.040921
491	0.0414674	0.0409153
492	0.0414619	0.0409098
493	0.0414555	0.0409042
494	0.0414504	0.0408985
495	0.0414442	0.0408929
496	0.0414391	0.0408874
497	0.0414334	0.0408818
498	0.0414276	0.0408763
499	0.0414219	0.0408709
500	0.0414167	0.0408655
501	0.0414106	0.0408603
502	0.0414052	0.0408547
503	0.0413995	0.0408493
504	0.0413945	0.0408438
505	0.0413887	0.0408384
506	0.0413829	0.0408331
507	0.041378	0.040828
508	0.0413728	0.0408227
509	0.0413672	0.0408175
510	0.0413623	0.0408122
511	0.0413567	0.040807
512	0.0413514	0.0408016
513	0.0413463	0.0407966
514	0.0413407	0.0407917
515	0.0413356	0.0407867
516	0.0413307	0.0407816
517	0.0413254	0.0407765
518	0.0413206	0.0407714
519	0.0413155	0.0407663
520	0.0413097	0.0407611
521	0.0413054	0.0407561
522	0.0412996	0.0407511
523	0.0412945	0.040746
524	0.0412898	0.0407411
525	0.041285	0.0407362
526	0.0412802	0.0407312
527	0.0412752	0.0407263
528	0.0412699	0.0407215
529	0.0412645	0.0407166
530	0.0412605	0.0407118
531	0.0412551	0.040707
532	0.0412508	0.0407022
533	0.0412454	0.0406974
534	0.0412409	0.0406928
535	0.0412362	0.040688
536	0.041231	0.0406833
537	0.0412269	0.0406785
538	0.0412223	0.040674
539	0.0412179	0.0406694
540	0.0412129	0.0406646
541	0.041208	0.0406599
542	0.0412029	0.0406554
543	0.0411982	0.0406509
544	0.0411937	0.0406464
545	0.0411892	0.0406417
546	0.041185	0.0406372
547	0.0411809	0.0406327
548	0.0411753	0.0406284
549	0.0411713	0.0406239
550	0.0411668	0.0406195
551	0.0411623	0.0406151
552	0.0411571	0.0406108
553	0.0411532	0.0406063
554	0.0411486	0.0406019
555	0.0411443	0.0405976
556	0.0411402	0.0405932
557	0.0411353	0.0405889
558	0.041131	0.0405844
559	0.0411269	0.04058
560	0.0411223	0.0405757
561	0.041118	0.0405714
562	0.0411133	0.040567
563	0.0411093	0.0405628
564	0.041105	0.0405587
565	0.0411009	0.0405544
566	0.041097	0.0405502
567	0.0410921	0.040546
568	0.041088	0.0405418
569	0.0410838	0.0405376
570	0.0410797	0.0405336
571	0.0410755	0.0405295
572	0.0410713	0.0405252
573	0.0410671	0.0405212
574	0.0410632	0.0405171
575	0.0410593	0.040513
576	0.0410548	0.0405089
577	0.0410505	0.0405047
578	0.0410459	0.0405008
579	0.0410426	0.0404967
580	0.0410388	0.0404928
581	0.0410339	0.0404889
582	0.0410301	0.0404849
583	0.041026	0.0404809
584	0.0410217	0.0404767
585	0.041018	0.0404728
586	0.041014	0.0404689
587	0.04101	0.0404649
588	0.0410066	0.0404612
589	0.0410024	0.0404573
590	0.0409982	0.0404535
591	0.0409943	0.0404495
592	0.0409902	0.0404459
593	0.0409867	0.0404421
594	0.040983	0.0404382
595	0.0409789	0.0404344
596	0.0409751	0.0404304
597	0.0409708	0.0404267
598	0.0409673	0.040423
599	0.0409642	0.0404193
600	0.0409596	0.0404156
601	0.040956	0.0404118
602	0.0409515	0.0404083
603	0.0409484	0.0404045
604	0.0409444	0.0404007
605	0.0409406	0.0403969
606	0.040937	0.0403931
607	0.0409332	0.0403894
608	0.04093	0.0403859
609	0.0409262	0.0403822
610	0.040922	0.0403788
611	0.0409193	0.0403753
612	0.0409155	0.0403715
613	0.0409115	0.0403678
614	0.0409077	0.0403644
615	0.040904	0.0403608
616	0.0409003	0.0403573
617	0.0408975	0.0403538
618	0.0408936	0.0403503
619	0.0408903	0.0403466
620	0.0408865	0.0403431
621	0.0408829	0.0403397
622	0.0408798	0.0403362
623	0.0408758	0.0403326
624	0.0408722	0.0403293
625	0.0408691	0.0403257
626	0.0408656	0.0403222
627	0.0408609	0.0403188
628	0.0408583	0.0403153
629	0.0408546	0.0403118
630	0.0408515	0.0403085
631	0.0408481	0.040305
632	0.0408448	0.0403016
633	0.0408411	0.0402983
634	0.040838	0.0402949
635	0.0408345	0.0402916
636	0.0408312	0.0402882
637	0.0408272	0.0402851
638	0.0408241	0.0402816
639	0.0408209	0.0402783
640	0.0408177	0.0402753
641	0.0408145	0.0402721
642	0.0408107	0.0402687
643	0.0408074	0.0402654
644	0.0408044	0.0402623
645	0.0408006	0.0402591
646	0.0407971	0.0402558
647	0.0407943	0.0402525
648	0.0407909	0.0402493
649	0.0407878	0.0402461
650	0.0407838	0.0402428
651	0.0407812	0.0402397
652	0.0407776	0.0402363
653	0.0407746	0.0402331
654	0.0407716	0.0402299
655	0.0407683	0.0402268
656	0.0407654	0.0402235
657	0.0407628	0.0402203
658	0.0407591	0.0402172
659	0.0407553	0.0402141
660	0.0407522	0.0402111
661	0.0407495	0.0402079
662	0.0407466	0.0402047
663	0.0407428	0.0402016
664	0.0407399	0.0401987
665	0.0407369	0.0401954
666	0.0407333	0.0401923
667	0.0407304	0.0401892
668	0.0407281	0.040186
669	0.0407239	0.040183
670	0.0407212	0.0401799
671	0.0407178	0.0401768
672	0.0407147	0.0401737
673	0.0407125	0.0401707
674	0.0407089	0.0401676
675	0.0407054	0.0401646
676	0.040703	0.0401616
677	0.0406999	0.0401586
678	0.0406964	0.0401556
679	0.0406941	0.0401527
680	0.0406907	0.0401499
681	0.0406879	0.0401469
682	0.0406845	0.040144
683	0.0406819	0.0401411
684	0.0406789	0.0401382
685	0.0406754	0.0401351
686	0.0406728	0.0401323
687	0.0406698	0.0401294
688	0.0406666	0.0401265
689	0.040663	0.0401237
690	0.0406614	0.0401209
691	0.0406581	0.0401179
692	0.0406556	0.040115
693	0.0406523	0.0401121
694	0.0406488	0.0401093
695	0.0406464	0.0401065
696	0.0406439	0.0401037
697	0.0406409	0.0401008
698	0.0406379	0.040098
699	0.0406348	0.0400951
700	0.0406323	0.0400923
701	0.0406293	0.0400894
702	0.0406269	0.0400867
703	0.040623	0.0400839
704	0.0406209	0.040081
705	0.040618	0.0400784
706	0.0406153	0.0400757
707	0.0406125	0.0400728
708	0.0406098	0.0400703
709	0.0406063	0.0400676
710	0.040604	0.0400649
711	0.0406013	0.0400622
712	0.0405983	0.0400594
713	0.0405947	0.0400566
714	0.0405928	0.0400539
715	0.0405902	0.0400513
716	0.040587	0.0400485
717	0.0405842	0.0400459
718	0.040582	0.0400431
719	0.0405795	0.0400403
720	0.0405765	0.0400375
721	0.0405734	0.0400348
722	0.040571	0.0400321
723	0.0405681	0.0400296
724	0.0405657	0.0400271
725	0.0405632	0.0400243
726	0.0405602	0.0400216
727	0.0405576	0.0400189
728	0.0405548	0.0400163
729	0.0405526	0.0400137
730	0.0405494	0.0400111
731	0.0405477	0.0400083
732	0.0405445	0.0400057
733	0.0405415	0.0400031
734	0.0405385	0.0400004
735	0.0405366	0.0399979
736	0.040534	0.0399952
737	0.0405307	0.0399926
738	0.0405289	0.03999
739	0.0405264	0.0399875
740	0.0405236	0.0399848
741	0.0405208	0.0399822
742	0.0405191	0.0399797
743	0.0405155	0.0399771
744	0.040513	0.0399745
745	0.0405103	0.039972
746	0.0405079	0.0399696
747	0.0405058	0.039967
748	0.0405034	0.0399645
749	0.0405009	0.039962
750	0.0404984	0.0399595
751	0.0404956	0.039957
752	0.0404934	0.0399544
753	0.0404906	0.039952
754	0.0404884	0.0399495
755	0.0404851	0.0399471
756	0.040483	0.0399446
757	0.0404805	0.039942
758	0.0404782	0.0399396
759	0.0404751	0.0399373
760	0.0404727	0.0399347
761	0.0404703	0.0399323
762	0.0404678	0.0399299
763	0.0404653	0.0399273
764	0.0404628	0.0399248
765	0.0404601	0.0399224
766	0.0404579	0.03992
767	0.0404557	0.0399175
768	0.0404532	0.0399153
769	0.0404505	0.0399128
770	0.0404484	0.0399103
771	0.0404459	0.0399079
772	0.0404435	0.0399054
773	0.0404412	0.0399031
774	0.0404388	0.0399007
775	0.0404363	0.0398984
776	0.0404346	0.0398961
777	0.0404313	0.0398937
778	0.0404294	0.0398913
779	0.0404264	0.0398891
780	0.0404245	0.0398868
781	0.0404217	0.0398845
782	0.0404198	0.0398821
783	0.0404173	0.0398799
784	0.0404157	0.0398774
785	0.0404125	0.0398752
786	0.0404105	0.0398729
787	0.0404081	0.0398705
788	0.0404057	0.0398682
789	0.0404032	0.039866
790	0.0404009	0.0398637
791	0.0403984	0.0398614
792	0.0403957	0.0398591
793	0.040394	0.0398569
794	0.0403916	0.0398547
795	0.0403892	0.0398524
796	0.0403871	0.0398502
797	0.0403849	0.0398479
798	0.0403821	0.0398456
799	0.0403804	0.0398434
800	0.0403775	0.0398411
801	0.0403756	0.0398389
802	0.0403732	0.0398367
803	0.0403711	0.0398344
804	0.0403694	0.0398322
805	0.0403659	0.03983
806	0.0403643	0.0398277
807	0.0403621	0.0398256
808	0.0403598	0.0398233
809	0.040358	0.0398211
810	0.0403553	0.0398187
811	0.040353	0.0398164
812	0.0403513	0.0398142
813	0.0403488	0.039812
814	0.0403467	0.0398098
815	0.0403446	0.0398076
816	0.0403419	0.0398055
817	0.04034	0.0398032
818	0.0403381	0.0398011
819	0.040335	0.039799
820	0.0403332	0.0397968
821	0.0403311	0.0397948
822	0.0403287	0.0397926
823	0.0403267	0.0397903
824	0.0403242	0.0397882
825	0.0403225	0.0397862
826	0.0403203	0.0397841
827	0.0403184	0.0397819
828	0.040316	0.0397799
829	0.0403142	0.0397777
830	0.0403108	0.0397755
831	0.0403087	0.0397733
832	0.0403072	0.0397713
833	0.0403045	0.0397691
834	0.0403032	0.039767
835	0.0403012	0.0397649
836	0.0402989	0.0397628
837	0.0402966	0.0397606
838	0.0402948	0.0397586
839	0.0402927	0.0397564
840	0.0402901	0.0397543
841	0.0402889	0.0397522
842	0.0402862	0.0397501
843	0.0402839	0.039748
844	0.040282	0.0397459
845	0.0402798	0.0397439
846	0.0402778	0.0397419
847	0.040276	0.0397399
848	0.0402732	0.0397378
849	0.0402712	0.0397358
850	0.0402695	0.0397338
851	0.0402672	0.0397317
852	0.0402658	0.0397296
853	0.0402638	0.0397275
854	0.0402611	0.0397256
855	0.0402591	0.0397237
856	0.0402571	0.0397216
857	0.0402555	0.0397195
858	0.0402525	0.0397175
859	0.0402508	0.0397155
860	0.0402494	0.0397134
861	0.0402472	0.0397115
862	0.0402446	0.0397095
863	0.0402429	0.0397077
864	0.040241	0.0397057
865	0.040239	0.0397037
866	0.0402371	0.0397017
867	0.0402345	0.0396997
868	0.0402324	0.0396977
869	0.0402307	0.0396957
870	0.0402287	0.0396939
871	0.0402268	0.039692
872	0.0402247	0.03969
873	0.040223	0.0396881
874	0.0402205	0.039686
875	0.0402186	0.0396841
876	0.0402167	0.0396821
877	0.0402155	0.0396802
878	0.0402131	0.0396783
879	0.0402105	0.0396764
880	0.0402087	0.0396744
881	0.0402066	0.0396725
882	0.0402044	0.0396705
883	0.0402029	0.0396685
884	0.0402009	0.0396666
885	0.0401996	0.0396645
886	0.040197	0.0396626
887	0.0401953	0.0396608
888	0.0401935	0.0396588
889	0.0401916	0.039657
890	0.0401891	0.0396551
891	0.0401875	0.0396533
892	0.0401852	0.0396514
893	0.0401836	0.0396494
894	0.0401818	0.0396475
895	0.0401792	0.0396456
896	0.0401778	0.0396438
897	0.0401757	0.0396419
898	0.0401739	0.0396402
899	0.0401721	0.0396383
900	0.0401699	0.0396363
901	0.0401684	0.0396344
902	0.0401666	0.0396325
903	0.0401644	0.0396307
904	0.040163	0.0396289
905	0.040161	0.0396269
906	0.0401591	0.0396251
907	0.0401569	0.0396232
908	0.0401554	0.0396214
909	0.040153	0.0396197
910	0.0401519	0.0396178
911	0.0401491	0.039616
912	0.0401481	0.0396141
913	0.040146	0.0396123
914	0.0401437	0.0396105
915	0.0401422	0.0396086
916	0.04014	0.0396068
917	0.0401383	0.039605
918	0.0401368	0.0396031
919	0.0401352	0.0396013
920	0.0401334	0.0395993
921	0.0401311	0.0395975
922	0.0401293	0.0395957
923	0.0401275	0.039594
924	0.040126	0.0395922
925	0.0401236	0.0395904
926	0.040123	0.0395886
927	0.0401204	0.0395867
928	0.0401189	0.0395849
929	0.0401168	0.0395831
930	0.0401149	0.0395814
931	0.0401132	0.0395795
932	0.0401112	0.0395778
933	0.0401099	0.039576
934	0.0401078	0.0395742
935	0.0401061	0.0395725
936	0.0401042	0.0395708
937	0.0401022	0.0395691
938	0.0401002	0.0395674
939	0.0400987	0.0395657
940	0.0400972	0.039564
941	0.0400952	0.0395623
942	0.0400939	0.0395605
943	0.0400909	0.0395587
944	0.0400896	0.039557
945	0.040088	0.0395552
946	0.0400868	0.0395534
947	0.0400848	0.0395517
948	0.040083	0.0395499
949	0.0400811	0.0395481
950	0.0400794	0.0395464
951	0.0400778	0.0395448
952	0.0400763	0.039543
953	0.0400743	0.0395414
954	0.0400721	0.0395396
955	0.0400706	0.0395378
956	0.0400691	0.0395361
957	0.0400669	0.0395344
958	0.0400654	0.0395327
959	0.0400643	0.039531
960	0.0400624	0.0395294
961	0.0400605	0.0395277
962	0.0400587	0.0395258
963	0.0400573	0.0395242
964	0.0400553	0.0395225
965	0.0400536	0.0395209
966	0.0400519	0.0395192
967	0.04005	0.0395176
968	0.0400483	0.0395159
969	0.0400464	0.0395142
970	0.040045	0.0395126
971	0.0400433	0.0395109
972	0.0400416	0.0395093
973	0.0400398	0.0395075
974	0.0400379	0.0395059
975	0.0400367	0.0395043
976	0.0400352	0.0395025
977	0.0400329	0.0395009
978	0.0400313	0.0394992
979	0.0400298	0.0394976
980	0.0400281	0.0394958
981	0.0400267	0.0394942
982	0.0400252	0.0394925
983	0.040023	0.0394909
984	0.0400214	0.0394892
985	0.0400194	0.0394875
986	0.0400184	0.0394859
987	0.0400163	0.0394843
988	0.0400147	0.0394826
989	0.040013	0.0394808
990	0.0400119	0.0394792
991	0.04001	0.0394775
992	0.0400083	0.0394759
993	0.0400067	0.0394742
994	0.0400052	0.0394726
995	0.0400031	0.039471
996	0.0400019	0.0394694
997	0.0400002	0.0394678
998	0.0399984	0.0394662
