1	0.233822	0.224581
2	0.227266	0.218478
3	0.221104	0.212707
4	0.215274	0.207198
5	0.209709	0.201913
6	0.204365	0.196842
7	0.19923	0.19195
8	0.194284	0.187244
9	0.18951	0.182722
10	0.184928	0.17838
11	0.180525	0.174231
12	0.176322	0.170293
13	0.172324	0.166558
14	0.16854	0.163035
15	0.164969	0.159718
16	0.161606	0.156595
17	0.158442	0.153656
18	0.155463	0.150883
19	0.152654	0.148263
20	0.150004	0.145784
21	0.147492	0.14343
22	0.145107	0.141187
23	0.142842	0.139045
24	0.140673	0.136989
25	0.138593	0.135015
26	0.136597	0.133112
27	0.134674	0.131278
28	0.13282	0.129502
29	0.131026	0.127779
30	0.129284	0.126108
31	0.127597	0.124482
32	0.125957	0.122901
33	0.124357	0.121358
34	0.122796	0.119852
35	0.121279	0.118379
36	0.119793	0.11694
37	0.118338	0.115529
38	0.116917	0.114147
39	0.115521	0.112791
40	0.11415	0.111461
41	0.11281	0.110155
42	0.111494	0.108875
43	0.110202	0.107615
44	0.108931	0.106377
45	0.107683	0.105163
46	0.106457	0.103967
47	0.105252	0.10279
48	0.104066	0.101635
49	0.102901	0.100501
50	0.101758	0.0993855
51	0.100631	0.0982876
52	0.0995242	0.0972066
53	0.0984367	0.0961457
54	0.0973654	0.0951002
55	0.0963132	0.0940708
56	0.0952764	0.0930595
57	0.0942574	0.0920647
58	0.0932529	0.0910842
59	0.0922651	0.0901208
60	0.0912933	0.0891713
61	0.0903367	0.088238
62	0.0893973	0.0873201
63	0.0884711	0.0864168
64	0.0875616	0.0855298
65	0.0866675	0.0846566
66	0.0857892	0.0837997
67	0.0849252	0.0829565
68	0.0840763	0.0821282
69	0.0832409	0.0813134
70	0.0824216	0.0805149
71	0.0816155	0.07973
72	0.0808244	0.0789592
73	0.0800492	0.0782022
74	0.079288	0.0774595
75	0.0785394	0.0767305
76	0.077806	0.0760166
77	0.077087	0.0753155
78	0.0763812	0.0746287
79	0.0756886	0.0739546
80	0.0750106	0.0732943
81	0.0743458	0.0726476
82	0.0736948	0.0720124
83	0.073055	0.0713919
84	0.0724298	0.0707832
85	0.0718171	0.0701877
86	0.0712184	0.0696035
87	0.0706305	0.069033
88	0.0700541	0.0684743
89	0.069492	0.0679259
90	0.0689416	0.0673902
91	0.0684022	0.0668658
92	0.0678744	0.066354
93	0.0673584	0.0658517
94	0.0668534	0.0653606
95	0.0663588	0.0648805
96	0.0658759	0.0644103
97	0.0654036	0.0639524
98	0.0649422	0.0635036
99	0.0644905	0.0630641
100	0.0640486	0.0626352
101	0.0636165	0.0622158
102	0.0631942	0.0618056
103	0.0627807	0.061404
104	0.0623782	0.0610123
105	0.0619826	0.060629
106	0.0615975	0.0602542
107	0.0612207	0.0598875
108	0.0608515	0.0595296
109	0.0604918	0.0591797
110	0.060139	0.0588366
111	0.0597944	0.0585021
112	0.0594579	0.0581753
113	0.0591294	0.0578553
114	0.0588074	0.0575426
115	0.0584923	0.0572367
116	0.0581845	0.0569373
117	0.0578846	0.0566455
118	0.0575895	0.0563592
119	0.0573027	0.0560799
120	0.0570219	0.0558067
121	0.0567466	0.0555396
122	0.0564769	0.0552785
123	0.0562145	0.0550229
124	0.0559569	0.0547727
125	0.0557052	0.0545278
126	0.0554597	0.0542885
127	0.055219	0.054054
128	0.0549826	0.0538252
129	0.0547521	0.0536008
130	0.0545266	0.0533815
131	0.0543051	0.0531671
132	0.0540905	0.0529565
133	0.0538783	0.0527511
134	0.0536707	0.0525493
135	0.0534689	0.0523524
136	0.0532702	0.0521598
137	0.053076	0.0519714
138	0.052886	0.051786
139	0.0526993	0.0516046
140	0.0525175	0.0514275
141	0.0523392	0.0512536
142	0.0521642	0.0510834
143	0.051993	0.0509169
144	0.0518255	0.0507537
145	0.0516611	0.0505936
146	0.0514996	0.0504368
147	0.0513418	0.0502828
148	0.0511872	0.0501316
149	0.0510354	0.0499849
150	0.0508865	0.0498403
151	0.0507414	0.0496984
152	0.0505991	0.0495593
153	0.050458	0.0494224
154	0.0503205	0.0492886
155	0.050186	0.0491579
156	0.0500543	0.0490291
157	0.0499243	0.0489032
158	0.049797	0.0487791
159	0.0496727	0.0486574
160	0.0495505	0.0485384
161	0.0494304	0.048422
162	0.0493124	0.048307
163	0.0491978	0.0481943
164	0.0490846	0.0480835
165	0.0489728	0.0479751
166	0.0488636	0.0478685
167	0.048756	0.0477637
168	0.0486506	0.047661
169	0.0485474	0.0475604
170	0.0484448	0.0474614
171	0.0483457	0.0473639
172	0.0482475	0.0472683
173	0.048151	0.0471746
174	0.0480573	0.0470827
175	0.0479642	0.0469915
176	0.0478725	0.0469025
177	0.0477829	0.0468152
178	0.0476943	0.0467294
179	0.0476077	0.0466445
180	0.0475223	0.0465614
181	0.0474394	0.0464794
182	0.0473566	0.0463992
183	0.047276	0.04632
184	0.0471959	0.0462429
185	0.0471177	0.0461668
186	0.0470408	0.0460921
187	0.0469658	0.0460179
188	0.046891	0.045945
189	0.0468181	0.0458736
190	0.046746	0.0458035
191	0.0466753	0.0457345
192	0.0466055	0.0456663
193	0.0465368	0.0455995
194	0.0464688	0.0455336
195	0.0464024	0.0454688
196	0.0463377	0.0454045
197	0.0462734	0.0453417
198	0.0462096	0.0452798
199	0.0461471	0.0452188
200	0.0460859	0.045159
201	0.0460261	0.0451004
202	0.045966	0.045042
203	0.0459073	0.0449849
204	0.0458496	0.0449284
205	0.0457929	0.0448726
206	0.0457366	0.0448181
207	0.045682	0.0447638
208	0.0456281	0.0447107
209	0.0455743	0.0446583
210	0.0455209	0.044607
211	0.0454692	0.0445562
212	0.0454183	0.0445058
213	0.0453677	0.0444564
214	0.0453174	0.0444081
215	0.0452686	0.04436
216	0.0452206	0.0443126
217	0.0451731	0.0442661
218	0.0451257	0.0442205
219	0.0450789	0.0441753
220	0.0450338	0.0441307
221	0.044989	0.0440863
222	0.0449451	0.0440431
223	0.0449005	0.044
224	0.0448575	0.0439582
225	0.0448157	0.0439166
226	0.0447725	0.0438756
227	0.0447316	0.043835
228	0.0446909	0.0437952
229	0.0446507	0.043756
230	0.0446104	0.043717
231	0.0445712	0.0436784
232	0.0445326	0.0436405
233	0.0444943	0.0436035
234	0.0444569	0.0435667
235	0.0444198	0.0435308
236	0.044383	0.0434953
237	0.0443465	0.0434595
238	0.0443109	0.0434242
239	0.044276	0.04339
240	0.0442409	0.043356
241	0.0442067	0.0433221
242	0.0441727	0.0432887
243	0.0441398	0.043256
244	0.0441059	0.0432235
245	0.0440738	0.0431917
246	0.0440413	0.0431604
247	0.0440092	0.0431289
248	0.0439778	0.0430984
249	0.0439471	0.0430682
250	0.0439167	0.0430382
251	0.0438864	0.0430088
252	0.0438562	0.0429793
253	0.0438265	0.0429506
254	0.0437975	0.0429222
255	0.0437687	0.0428939
256	0.0437405	0.042866
257	0.0437121	0.0428387
258	0.0436845	0.0428116
259	0.0436567	0.0427842
260	0.0436295	0.0427577
261	0.0436029	0.0427315
262	0.0435763	0.0427057
263	0.0435495	0.0426799
264	0.0435236	0.0426549
265	0.0434985	0.0426301
266	0.0434727	0.0426052
267	0.0434481	0.0425807
268	0.0434236	0.0425566
269	0.043399	0.0425324
270	0.0433748	0.0425088
271	0.0433511	0.0424856
272	0.0433276	0.0424626
273	0.0433046	0.0424394
274	0.0432814	0.0424169
275	0.0432584	0.0423945
276	0.0432355	0.0423725
277	0.0432135	0.0423508
278	0.0431914	0.0423291
279	0.0431694	0.0423076
280	0.0431485	0.0422866
281	0.0431271	0.0422657
282	0.0431059	0.0422447
283	0.0430849	0.0422246
284	0.043064	0.0422041
285	0.0430439	0.0421841
286	0.0430237	0.0421642
287	0.0430042	0.0421445
288	0.042984	0.0421254
289	0.0429644	0.042106
290	0.042945	0.042087
291	0.0429263	0.0420685
292	0.0429068	0.04205
293	0.0428883	0.0420315
294	0.0428698	0.0420133
295	0.0428512	0.0419954
296	0.0428332	0.0419777
297	0.0428154	0.04196
298	0.042797	0.0419428
299	0.0427792	0.041925
300	0.0427626	0.0419077
301	0.0427448	0.0418909
302	0.0427272	0.041874
303	0.0427098	0.0418573
304	0.0426936	0.041841
305	0.0426766	0.0418248
306	0.0426599	0.0418085
307	0.0426436	0.0417927
308	0.0426276	0.0417769
309	0.0426117	0.0417613
310	0.0425954	0.0417458
311	0.0425801	0.0417302
312	0.0425649	0.041715
313	0.0425491	0.0417002
314	0.0425349	0.0416854
315	0.0425187	0.0416706
316	0.0425041	0.0416558
317	0.0424896	0.0416413
318	0.0424751	0.0416272
319	0.0424612	0.041613
320	0.0424464	0.0415992
321	0.042432	0.0415848
322	0.0424175	0.0415711
323	0.0424039	0.0415571
324	0.0423894	0.0415436
325	0.0423759	0.0415304
326	0.0423632	0.0415171
327	0.0423493	0.0415039
328	0.0423367	0.0414911
329	0.0423227	0.0414782
330	0.0423097	0.0414652
331	0.0422972	0.0414526
332	0.0422838	0.0414399
333	0.0422708	0.0414276
334	0.0422588	0.0414151
335	0.0422459	0.041403
336	0.0422329	0.0413906
337	0.0422202	0.0413787
338	0.0422083	0.0413668
339	0.042196	0.0413548
340	0.0421841	0.041343
341	0.0421723	0.0413316
342	0.0421607	0.04132
343	0.0421484	0.0413086
344	0.0421367	0.041297
345	0.0421256	0.0412857
346	0.0421144	0.0412746
347	0.0421024	0.0412632
348	0.0420917	0.0412525
349	0.0420805	0.0412414
350	0.0420695	0.0412308
351	0.0420583	0.0412198
352	0.0420479	0.0412092
353	0.042037	0.0411989
354	0.0420259	0.0411884
355	0.0420155	0.0411779
356	0.0420045	0.0411676
357	0.0419942	0.0411573
358	0.0419842	0.041147
359	0.0419741	0.0411371
360	0.0419637	0.0411271
361	0.0419533	0.0411173
362	0.0419432	0.0411073
363	0.0419334	0.0410974
364	0.0419234	0.0410881
365	0.0419137	0.0410785
366	0.0419043	0.0410691
367	0.0418952	0.0410595
368	0.0418851	0.0410502
369	0.0418755	0.041041
370	0.0418666	0.0410317
371	0.0418573	0.0410227
372	0.041848	0.0410136
373	0.0418391	0.0410045
374	0.0418298	0.0409958
375	0.0418202	0.0409871
376	0.0418112	0.0409786
377	0.0418026	0.0409696
378	0.0417938	0.0409608
379	0.0417852	0.0409522
380	0.0417761	0.0409435
381	0.0417673	0.040935
382	0.0417591	0.0409264
383	0.0417501	0.0409181
384	0.0417413	0.04091
385	0.0417331	0.0409018
386	0.0417249	0.0408936
387	0.0417168	0.0408854
388	0.0417083	0.0408774
389	0.0416999	0.0408697
390	0.0416926	0.0408616
391	0.0416845	0.0408537
392	0.0416763	0.0408459
393	0.0416683	0.0408379
394	0.0416606	0.04083
395	0.041653	0.0408226
396	0.0416451	0.0408151
397	0.0416371	0.0408077
398	0.0416297	0.0408002
399	0.0416222	0.0407926
400	0.0416145	0.040785
401	0.041607	0.0407776
402	0.0415995	0.0407702
403	0.0415927	0.040763
404	0.041585	0.0407557
405	0.0415771	0.0407487
406	0.0415703	0.0407418
407	0.0415632	0.040735
408	0.0415557	0.0407281
409	0.041549	0.0407212
410	0.0415417	0.0407141
411	0.0415347	0.0407072
412	0.0415275	0.0407001
413	0.0415207	0.0406934
414	0.0415131	0.0406866
415	0.0415068	0.0406798
416	0.0414997	0.0406733
417	0.041493	0.0406667
418	0.0414861	0.04066
419	0.0414795	0.0406534
420	0.0414728	0.0406468
421	0.0414667	0.0406404
422	0.0414598	0.0406339
423	0.0414533	0.0406277
424	0.0414464	0.0406214
425	0.04144	0.040615
426	0.0414341	0.040609
427	0.041427	0.0406026
428	0.0414208	0.0405966
429	0.0414143	0.0405903
430	0.0414088	0.0405844
431	0.0414025	0.0405783
432	0.0413962	0.0405723
433	0.0413904	0.0405664
434	0.0413839	0.0405603
435	0.041378	0.0405544
436	0.0413724	0.0405486
437	0.0413663	0.0405426
438	0.04136	0.0405369
439	0.0413542	0.0405311
440	0.0413486	0.0405255
441	0.0413422	0.0405198
442	0.0413365	0.0405141
443	0.041331	0.0405084
444	0.0413253	0.0405025
445	0.0413191	0.040497
446	0.0413133	0.0404916
447	0.0413079	0.040486
448	0.0413024	0.0404803
449	0.0412966	0.0404749
450	0.0412918	0.0404697
451	0.0412856	0.0404641
452	0.0412803	0.0404588
453	0.0412747	0.0404536
454	0.041269	0.0404483
455	0.0412641	0.040443
456	0.0412584	0.0404378
457	0.0412531	0.0404324
458	0.0412479	0.0404274
459	0.0412425	0.040422
460	0.0412376	0.0404169
461	0.0412324	0.0404117
462	0.0412271	0.0404066
463	0.0412217	0.0404016
464	0.0412164	0.0403966
465	0.0412117	0.0403916
466	0.041206	0.0403865
467	0.0412013	0.0403815
468	0.0411963	0.0403763
469	0.0411913	0.0403714
470	0.0411857	0.0403668
471	0.0411811	0.0403618
472	0.0411763	0.0403571
473	0.0411717	0.0403522
474	0.0411668	0.0403476
475	0.0411612	0.0403428
476	0.0411568	0.0403381
477	0.0411517	0.0403332
478	0.0411477	0.0403286
479	0.041143	0.040324
480	0.0411382	0.0403193
481	0.0411338	0.0403147
482	0.0411288	0.0403102
483	0.0411241	0.0403059
484	0.0411189	0.0403014
485	0.0411147	0.0402969
486	0.0411103	0.0402924
487	0.0411055	0.0402879
488	0.041101	0.0402835
489	0.0410963	0.0402789
490	0.0410918	0.0402742
491	0.0410877	0.0402699
492	0.0410829	0.0402655
493	0.0410784	0.0402612
494	0.0410745	0.040257
495	0.0410698	0.0402529
496	0.0410648	0.0402487
497	0.0410612	0.0402443
498	0.0410567	0.0402399
499	0.0410529	0.0402356
500	0.0410483	0.0402314
501	0.0410438	0.0402272
502	0.0410395	0.040223
503	0.0410353	0.0402187
504	0.0410311	0.0402148
505	0.0410272	0.0402106
506	0.0410224	0.0402066
507	0.0410183	0.0402026
508	0.0410143	0.0401984
509	0.0410096	0.0401944
510	0.0410057	0.0401904
511	0.0410016	0.0401861
512	0.0409973	0.0401822
513	0.0409936	0.0401783
514	0.0409896	0.0401743
515	0.0409857	0.0401706
516	0.0409818	0.0401668
517	0.040977	0.0401627
518	0.0409736	0.0401588
519	0.0409694	0.0401549
520	0.0409659	0.040151
521	0.0409619	0.0401471
522	0.0409578	0.0401433
523	0.0409539	0.0401394
524	0.04095	0.0401355
525	0.0409455	0.0401317
526	0.0409422	0.040128
527	0.0409381	0.0401244
528	0.0409344	0.0401207
529	0.0409303	0.0401172
530	0.0409269	0.0401134
531	0.040923	0.0401098
532	0.0409196	0.0401061
533	0.0409155	0.0401024
534	0.0409121	0.0400987
535	0.0409081	0.040095
536	0.040904	0.0400914
537	0.0409012	0.0400878
538	0.0408974	0.040084
539	0.040894	0.0400804
540	0.0408903	0.0400768
541	0.0408862	0.0400732
542	0.0408831	0.0400696
543	0.0408794	0.0400661
544	0.0408754	0.0400626
545	0.0408719	0.040059
546	0.0408682	0.0400556
547	0.0408645	0.0400521
548	0.0408615	0.0400486
549	0.0408577	0.0400452
550	0.0408543	0.0400418
551	0.0408508	0.0400382
552	0.0408469	0.0400349
553	0.0408437	0.0400314
554	0.0408405	0.040028
555	0.0408365	0.0400246
556	0.0408333	0.0400214
557	0.0408303	0.0400181
558	0.040827	0.0400148
559	0.0408235	0.0400115
560	0.0408204	0.0400082
561	0.0408164	0.0400048
562	0.0408128	0.0400014
563	0.0408095	0.0399981
564	0.0408067	0.0399949
565	0.0408031	0.0399917
566	0.0408003	0.0399885
567	0.0407964	0.0399853
568	0.0407936	0.0399821
569	0.0407901	0.0399789
570	0.0407872	0.0399758
571	0.0407834	0.0399726
572	0.0407804	0.0399695
573	0.0407776	0.0399662
574	0.0407742	0.039963
575	0.0407705	0.0399599
576	0.0407676	0.0399567
577	0.0407643	0.0399536
578	0.0407615	0.0399506
579	0.0407585	0.0399475
580	0.0407544	0.0399444
581	0.040752	0.0399413
582	0.0407487	0.0399383
583	0.0407453	0.0399352
584	0.0407426	0.0399322
585	0.0407395	0.0399292
586	0.040736	0.0399259
587	0.0407336	0.0399229
588	0.0407301	0.0399201
589	0.0407269	0.0399172
590	0.0407243	0.0399142
591	0.0407208	0.0399112
592	0.040718	0.039908
593	0.0407152	0.039905
594	0.0407122	0.0399022
595	0.0407088	0.0398994
596	0.0407061	0.0398964
597	0.0407034	0.0398935
598	0.0407002	0.0398906
599	0.040697	0.0398877
600	0.0406939	0.0398848
601	0.040691	0.0398818
602	0.0406878	0.0398789
603	0.0406852	0.0398761
604	0.0406822	0.0398734
605	0.0406797	0.0398704
606	0.0406764	0.0398676
607	0.040673	0.0398648
608	0.0406708	0.039862
609	0.0406674	0.0398591
610	0.040665	0.0398562
611	0.0406614	0.0398535
612	0.0406596	0.0398508
613	0.0406569	0.0398479
614	0.0406538	0.0398452
615	0.0406506	0.0398423
616	0.040648	0.0398396
617	0.0406451	0.0398368
618	0.0406424	0.0398339
619	0.0406395	0.0398312
620	0.0406368	0.0398285
621	0.0406345	0.0398258
622	0.040632	0.0398231
623	0.0406284	0.0398206
624	0.0406257	0.0398179
625	0.0406235	0.0398153
626	0.0406204	0.0398126
627	0.0406176	0.0398099
628	0.0406146	0.0398073
629	0.0406121	0.0398047
630	0.0406102	0.039802
631	0.0406069	0.0397993
632	0.0406044	0.0397967
633	0.0406016	0.0397939
634	0.0405989	0.0397913
635	0.040596	0.0397887
636	0.0405937	0.0397861
637	0.0405903	0.0397835
638	0.0405885	0.0397809
639	0.0405857	0.0397783
640	0.0405833	0.0397756
641	0.040581	0.0397732
642	0.0405777	0.0397706
643	0.0405748	0.039768
644	0.0405726	0.0397655
645	0.0405697	0.039763
646	0.0405666	0.0397604
647	0.0405647	0.0397579
648	0.0405625	0.0397555
649	0.0405594	0.0397529
650	0.040557	0.0397504
651	0.0405541	0.0397479
652	0.0405518	0.0397455
653	0.0405496	0.0397429
654	0.040547	0.0397404
655	0.0405443	0.0397379
656	0.0405422	0.0397355
657	0.0405397	0.039733
658	0.0405363	0.0397307
659	0.0405339	0.0397282
660	0.0405318	0.0397257
661	0.0405288	0.0397234
662	0.0405268	0.039721
663	0.0405235	0.0397185
664	0.0405213	0.039716
665	0.0405194	0.0397136
666	0.0405169	0.0397112
667	0.0405147	0.0397087
668	0.0405123	0.0397064
669	0.0405101	0.0397041
670	0.0405075	0.0397017
671	0.0405049	0.0396992
672	0.0405021	0.0396969
673	0.0405	0.0396945
674	0.0404975	0.0396921
675	0.0404951	0.0396897
676	0.0404929	0.0396873
677	0.0404906	0.0396849
678	0.0404879	0.0396827
679	0.0404853	0.0396804
680	0.0404832	0.039678
681	0.0404812	0.0396757
682	0.0404788	0.0396735
683	0.0404756	0.0396711
684	0.0404738	0.0396687
685	0.040472	0.0396665
686	0.0404692	0.0396641
687	0.0404667	0.0396619
688	0.0404648	0.0396597
689	0.0404621	0.0396576
690	0.04046	0.0396553
691	0.0404583	0.039653
692	0.0404558	0.0396508
693	0.0404528	0.0396485
694	0.0404506	0.0396463
695	0.0404482	0.039644
696	0.0404462	0.0396416
697	0.040444	0.0396394
698	0.0404417	0.0396371
699	0.0404397	0.0396349
700	0.0404375	0.0396326
701	0.0404345	0.0396305
702	0.0404326	0.0396282
703	0.0404301	0.039626
704	0.0404282	0.0396238
705	0.0404267	0.0396216
706	0.0404239	0.0396194
707	0.0404217	0.0396172
708	0.0404193	0.039615
709	0.0404175	0.0396128
710	0.0404151	0.0396107
711	0.0404124	0.0396085
712	0.0404103	0.0396065
713	0.0404081	0.0396043
714	0.0404069	0.0396022
715	0.0404041	0.0396
716	0.0404016	0.0395977
717	0.0403994	0.0395955
718	0.0403975	0.0395934
719	0.0403954	0.0395913
720	0.0403928	0.039589
721	0.0403914	0.0395869
722	0.040389	0.0395848
723	0.0403867	0.0395827
724	0.0403847	0.0395806
725	0.0403828	0.0395785
726	0.0403807	0.0395765
727	0.0403778	0.0395743
728	0.0403761	0.0395722
729	0.040374	0.0395703
730	0.0403721	0.0395682
731	0.0403693	0.0395662
732	0.0403679	0.0395641
733	0.0403653	0.039562
734	0.0403634	0.03956
735	0.0403613	0.0395579
736	0.0403595	0.0395558
737	0.0403572	0.0395538
738	0.0403553	0.0395517
739	0.0403526	0.0395496
740	0.0403505	0.0395475
741	0.0403485	0.0395454
742	0.0403467	0.0395434
743	0.0403448	0.0395413
744	0.0403424	0.0395394
745	0.0403404	0.0395375
746	0.0403388	0.0395354
747	0.0403368	0.0395334
748	0.0403344	0.0395313
749	0.0403323	0.0395292
750	0.0403302	0.0395272
751	0.0403283	0.0395254
752	0.0403262	0.0395234
753	0.0403244	0.0395214
754	0.0403223	0.0395196
755	0.0403206	0.0395176
756	0.040318	0.0395157
757	0.0403162	0.0395137
758	0.0403148	0.0395118
759	0.0403119	0.0395097
760	0.0403108	0.0395079
761	0.0403082	0.039506
762	0.0403062	0.039504
763	0.0403047	0.0395021
764	0.0403026	0.0395001
765	0.0403002	0.0394982
766	0.0402988	0.0394963
767	0.0402964	0.0394943
768	0.0402949	0.0394924
769	0.0402927	0.0394905
770	0.0402903	0.0394885
771	0.0402886	0.0394866
772	0.0402866	0.0394847
773	0.0402843	0.0394826
774	0.0402825	0.0394807
775	0.0402812	0.0394788
776	0.0402786	0.0394768
777	0.0402765	0.039475
778	0.0402748	0.0394731
779	0.0402729	0.0394712
780	0.0402707	0.0394693
781	0.0402687	0.0394675
782	0.0402672	0.0394655
783	0.040265	0.0394637
784	0.0402636	0.0394618
785	0.0402622	0.0394599
786	0.0402595	0.0394579
787	0.0402578	0.039456
788	0.0402559	0.0394541
789	0.040254	0.0394523
790	0.0402524	0.0394505
791	0.0402502	0.0394486
792	0.0402483	0.0394469
793	0.0402463	0.039445
794	0.0402448	0.0394432
795	0.0402426	0.0394414
796	0.0402404	0.0394396
797	0.0402387	0.0394378
798	0.0402366	0.0394361
799	0.0402352	0.0394344
800	0.0402334	0.0394326
801	0.0402317	0.0394307
802	0.0402298	0.0394289
803	0.0402272	0.039427
804	0.0402258	0.0394252
805	0.0402236	0.0394234
806	0.0402225	0.0394216
807	0.0402197	0.0394198
808	0.0402184	0.039418
809	0.0402169	0.0394162
810	0.0402148	0.0394144
811	0.0402128	0.0394127
812	0.0402116	0.0394109
813	0.0402094	0.0394091
814	0.0402074	0.0394073
815	0.040206	0.0394056
816	0.0402046	0.0394037
817	0.0402023	0.0394018
818	0.0402008	0.0394
819	0.0401988	0.0393982
820	0.0401966	0.0393964
821	0.0401955	0.0393946
822	0.0401937	0.0393929
823	0.0401915	0.0393911
824	0.0401901	0.0393893
825	0.0401887	0.0393875
826	0.0401864	0.0393858
827	0.0401846	0.0393841
828	0.0401828	0.0393823
829	0.0401813	0.0393807
830	0.0401793	0.0393789
831	0.0401769	0.0393772
832	0.0401757	0.0393755
833	0.0401737	0.0393738
834	0.0401728	0.0393721
835	0.0401707	0.0393704
836	0.0401685	0.0393686
837	0.0401674	0.0393669
838	0.0401648	0.0393651
839	0.040164	0.0393635
840	0.0401618	0.0393617
841	0.0401605	0.03936
842	0.0401587	0.0393583
843	0.040157	0.0393567
844	0.040155	0.039355
845	0.0401536	0.0393532
846	0.0401516	0.0393516
847	0.0401499	0.0393499
848	0.0401481	0.0393481
849	0.040147	0.0393463
850	0.0401447	0.0393447
851	0.0401433	0.039343
852	0.0401415	0.0393414
853	0.0401397	0.0393397
854	0.0401377	0.039338
855	0.0401366	0.0393364
856	0.040135	0.0393347
857	0.0401322	0.0393331
858	0.0401313	0.0393315
859	0.0401299	0.0393298
860	0.0401279	0.0393281
861	0.040126	0.0393265
862	0.040124	0.0393249
863	0.0401224	0.0393232
864	0.0401214	0.0393217
865	0.0401196	0.0393201
866	0.0401171	0.0393184
867	0.0401162	0.0393168
868	0.0401143	0.039315
869	0.0401129	0.0393134
870	0.0401114	0.0393117
871	0.0401093	0.0393101
872	0.0401085	0.0393084
873	0.0401063	0.0393068
874	0.0401047	0.0393053
875	0.0401028	0.0393037
876	0.0401011	0.0393021
877	0.0400995	0.0393004
878	0.0400979	0.0392988
879	0.0400966	0.0392973
880	0.0400949	0.0392957
881	0.0400933	0.039294
882	0.0400919	0.0392924
883	0.0400897	0.0392909
884	0.0400883	0.0392893
885	0.0400867	0.0392878
886	0.0400855	0.0392862
887	0.0400839	0.0392846
888	0.0400822	0.0392831
889	0.0400803	0.0392816
890	0.0400782	0.0392799
891	0.0400772	0.0392783
892	0.0400752	0.0392768
893	0.0400739	0.0392752
894	0.0400722	0.0392736
895	0.0400705	0.039272
896	0.0400686	0.0392704
897	0.040068	0.0392688
898	0.0400657	0.0392672
899	0.0400643	0.0392655
900	0.0400631	0.039264
901	0.0400615	0.0392625
902	0.0400596	0.0392609
903	0.0400576	0.0392593
904	0.0400564	0.0392576
905	0.0400546	0.0392561
906	0.040053	0.0392546
907	0.0400514	0.0392531
908	0.0400503	0.0392516
909	0.0400482	0.0392501
910	0.0400467	0.0392485
911	0.0400452	0.0392469
912	0.0400432	0.0392454
913	0.040042	0.0392438
914	0.0400408	0.0392422
915	0.0400388	0.0392408
916	0.0400373	0.0392393
917	0.0400356	0.0392377
918	0.0400346	0.0392362
919	0.0400331	0.0392347
920	0.0400315	0.0392333
921	0.0400293	0.0392318
922	0.0400283	0.0392302
923	0.0400266	0.0392287
924	0.0400254	0.0392272
925	0.0400234	0.0392257
926	0.040022	0.0392242
927	0.0400204	0.0392226
928	0.040019	0.0392212
929	0.0400174	0.0392197
930	0.0400156	0.0392183
931	0.0400143	0.0392169
932	0.0400131	0.0392155
933	0.0400112	0.039214
934	0.0400102	0.0392125
935	0.0400082	0.0392111
936	0.0400074	0.0392096
937	0.0400056	0.0392081
938	0.0400041	0.0392066
939	0.0400032	0.0392051
940	0.0400006	0.0392037
941	0.0399998	0.0392022
