1	0.257059	0.243568
2	0.24561	0.232579
3	0.23453	0.222076
4	0.22394	0.212184
5	0.21397	0.203007
6	0.204723	0.194567
7	0.196218	0.186881
8	0.188481	0.179922
9	0.181471	0.173635
10	0.175134	0.16793
11	0.16939	0.162763
12	0.164178	0.158033
13	0.159418	0.15368
14	0.155037	0.149648
15	0.150974	0.145897
16	0.147197	0.142383
17	0.143653	0.139071
18	0.140322	0.135948
19	0.137174	0.132989
20	0.134194	0.130174
21	0.13136	0.127491
22	0.128659	0.124935
23	0.126084	0.122488
24	0.123619	0.120146
25	0.121261	0.117897
26	0.118996	0.115736
27	0.116818	0.113658
28	0.114725	0.111652
29	0.112709	0.10972
30	0.110761	0.107854
31	0.108882	0.106053
32	0.107067	0.104312
33	0.105317	0.102631
34	0.103622	0.101005
35	0.101987	0.0994317
36	0.100402	0.0979088
37	0.0988675	0.0964349
38	0.0973817	0.0950079
39	0.0959462	0.0936262
40	0.0945558	0.0922871
41	0.0932075	0.0909915
42	0.0919011	0.0897344
43	0.0906348	0.088516
44	0.0894102	0.0873362
45	0.08822	0.0861906
46	0.0870683	0.0850821
47	0.085951	0.0840057
48	0.0848691	0.082962
49	0.0838199	0.0819511
50	0.0828003	0.0809704
51	0.0818129	0.0800186
52	0.080855	0.0790959
53	0.0799245	0.0781983
54	0.079023	0.0773289
55	0.0781489	0.0764864
56	0.0772998	0.0756668
57	0.0764746	0.0748725
58	0.075676	0.0741
59	0.0748986	0.0733505
60	0.0741436	0.0726217
61	0.0734106	0.0719156
62	0.0726994	0.071228
63	0.0720091	0.0705606
64	0.0713356	0.0699118
65	0.0706832	0.0692816
66	0.0700483	0.0686686
67	0.0694315	0.0680733
68	0.0688331	0.0674937
69	0.0682498	0.0669306
70	0.0676828	0.066383
71	0.0671307	0.0658507
72	0.0665945	0.0653326
73	0.0660731	0.0648273
74	0.0655661	0.0643379
75	0.065072	0.0638593
76	0.0645918	0.0633948
77	0.0641247	0.0629426
78	0.0636687	0.0625016
79	0.0632261	0.0620714
80	0.0627941	0.0616546
81	0.0623719	0.0612472
82	0.0619628	0.0608505
83	0.0615633	0.0604636
84	0.0611745	0.060086
85	0.060795	0.0597194
86	0.0604259	0.059361
87	0.0600649	0.0590113
88	0.0597139	0.0586713
89	0.0593703	0.0583388
90	0.0590364	0.0580149
91	0.0587102	0.0576984
92	0.0583924	0.0573903
93	0.0580819	0.0570892
94	0.0577782	0.0567951
95	0.0574817	0.0565081
96	0.0571933	0.0562284
97	0.0569116	0.0559548
98	0.0566364	0.0556873
99	0.0563683	0.0554261
100	0.0561051	0.0551718
101	0.0558484	0.0549233
102	0.0555976	0.0546792
103	0.0553528	0.0544411
104	0.0551129	0.0542089
105	0.0548789	0.0539811
106	0.054651	0.0537586
107	0.054427	0.0535412
108	0.0542084	0.0533295
109	0.0539936	0.0531215
110	0.0537848	0.0529183
111	0.0535792	0.0527196
112	0.0533801	0.0525251
113	0.0531839	0.0523349
114	0.0529917	0.0521484
115	0.0528045	0.0519656
116	0.05262	0.0517869
117	0.0524405	0.0516121
118	0.052264	0.0514411
119	0.0520917	0.0512734
120	0.0519224	0.0511088
121	0.0517571	0.0509477
122	0.0515948	0.0507904
123	0.051436	0.0506358
124	0.0512797	0.0504845
125	0.0511278	0.0503359
126	0.0509789	0.0501907
127	0.0508322	0.0500476
128	0.0506887	0.0499079
129	0.0505479	0.0497715
130	0.0504096	0.0496369
131	0.0502738	0.0495053
132	0.0501418	0.0493763
133	0.0500108	0.0492495
134	0.049883	0.0491243
135	0.0497573	0.049003
136	0.0496354	0.0488836
137	0.0495149	0.0487661
138	0.0493966	0.0486508
139	0.0492809	0.0485374
140	0.0491664	0.0484268
141	0.0490548	0.0483172
142	0.0489441	0.0482109
143	0.0488367	0.0481061
144	0.0487299	0.0480024
145	0.0486253	0.0479009
146	0.0485229	0.0478016
147	0.0484225	0.0477039
148	0.0483243	0.0476074
149	0.0482274	0.0475132
150	0.048132	0.0474199
151	0.0480375	0.0473289
152	0.0479464	0.0472393
153	0.0478567	0.0471515
154	0.0477678	0.047065
155	0.0476802	0.0469801
156	0.0475947	0.0468964
157	0.047511	0.0468142
158	0.0474274	0.046733
159	0.0473469	0.0466541
160	0.047267	0.0465756
161	0.0471869	0.0464988
162	0.0471094	0.0464234
163	0.0470334	0.046349
164	0.0469588	0.0462758
165	0.0468858	0.0462037
166	0.0468128	0.0461333
167	0.0467406	0.0460637
168	0.0466707	0.0459951
169	0.0466015	0.045928
170	0.0465334	0.0458612
171	0.0464663	0.0457958
172	0.0463999	0.0457318
173	0.0463356	0.0456681
174	0.0462714	0.0456062
175	0.0462094	0.045545
176	0.046147	0.0454846
177	0.0460854	0.0454251
178	0.0460255	0.0453664
179	0.0459663	0.0453082
180	0.0459076	0.0452516
181	0.04585	0.0451954
182	0.0457937	0.0451407
183	0.0457383	0.0450863
184	0.0456835	0.0450329
185	0.0456292	0.0449803
186	0.0455759	0.044928
187	0.0455235	0.0448765
188	0.0454715	0.0448261
189	0.0454217	0.0447766
190	0.0453711	0.0447276
191	0.0453214	0.0446794
192	0.0452724	0.0446313
193	0.0452249	0.0445851
194	0.0451777	0.0445389
195	0.0451302	0.0444933
196	0.0450846	0.0444483
197	0.0450396	0.0444042
198	0.0449948	0.0443602
199	0.0449513	0.0443171
200	0.0449073	0.0442746
201	0.0448639	0.0442327
202	0.044822	0.0441912
203	0.0447803	0.0441509
204	0.0447399	0.0441107
205	0.0446987	0.0440712
206	0.044659	0.0440322
207	0.0446193	0.0439939
208	0.0445803	0.0439554
209	0.0445417	0.0439179
210	0.044504	0.0438807
211	0.0444656	0.0438446
212	0.0444291	0.0438081
213	0.044393	0.0437728
214	0.0443566	0.0437379
215	0.0443211	0.0437029
216	0.0442864	0.0436686
217	0.044252	0.043635
218	0.0442176	0.0436014
219	0.0441842	0.0435684
220	0.0441509	0.0435359
221	0.0441177	0.0435036
222	0.044086	0.0434719
223	0.0440537	0.0434404
224	0.0440216	0.0434094
225	0.043991	0.043379
226	0.0439602	0.0433487
227	0.0439295	0.0433192
228	0.0438993	0.0432898
229	0.0438696	0.0432606
230	0.0438399	0.0432321
231	0.0438116	0.0432038
232	0.0437827	0.0431758
233	0.0437544	0.0431481
234	0.0437262	0.043121
235	0.0436986	0.043094
236	0.0436716	0.0430674
237	0.043644	0.0430408
238	0.0436177	0.0430146
239	0.043591	0.042989
240	0.0435649	0.0429635
241	0.0435398	0.0429384
242	0.0435141	0.0429135
243	0.0434885	0.0428889
244	0.0434643	0.0428648
245	0.0434397	0.0428409
246	0.0434152	0.0428174
247	0.0433909	0.0427939
248	0.0433671	0.0427703
249	0.0433436	0.0427477
250	0.043321	0.0427251
251	0.0432976	0.0427026
252	0.0432748	0.0426807
253	0.0432525	0.0426587
254	0.0432307	0.0426372
255	0.0432089	0.0426151
256	0.0431871	0.0425939
257	0.0431659	0.0425732
258	0.0431447	0.0425525
259	0.0431239	0.042532
260	0.0431037	0.0425118
261	0.0430818	0.0424919
262	0.0430625	0.0424722
263	0.0430424	0.0424527
264	0.043022	0.0424336
265	0.0430024	0.0424143
266	0.0429827	0.0423954
267	0.042964	0.0423766
268	0.0429448	0.0423577
269	0.0429258	0.0423391
270	0.0429077	0.0423209
271	0.0428899	0.0423029
272	0.042871	0.0422852
273	0.0428528	0.0422674
274	0.0428353	0.0422502
275	0.0428172	0.042233
276	0.0427994	0.0422162
277	0.0427821	0.0421989
278	0.0427654	0.0421822
279	0.0427483	0.0421656
280	0.0427315	0.0421492
281	0.0427153	0.0421326
282	0.0426989	0.0421167
283	0.0426824	0.0421008
284	0.0426661	0.042085
285	0.04265	0.0420693
286	0.0426348	0.0420542
287	0.0426193	0.0420389
288	0.0426038	0.0420239
289	0.0425884	0.0420088
290	0.0425722	0.0419938
291	0.0425577	0.0419791
292	0.042543	0.0419645
293	0.0425287	0.04195
294	0.0425138	0.0419358
295	0.0424987	0.0419213
296	0.0424844	0.0419072
297	0.0424705	0.0418932
298	0.0424564	0.0418795
299	0.042443	0.0418659
300	0.0424284	0.0418522
301	0.042415	0.0418389
302	0.0424015	0.0418256
303	0.0423879	0.0418125
304	0.0423745	0.0417995
305	0.0423619	0.0417871
306	0.0423487	0.0417744
307	0.0423359	0.0417618
308	0.0423224	0.041749
309	0.0423098	0.0417366
310	0.0422966	0.0417242
311	0.0422849	0.0417119
312	0.0422722	0.0416998
313	0.0422605	0.0416876
314	0.0422478	0.0416756
315	0.0422363	0.041664
316	0.0422244	0.0416522
317	0.0422121	0.0416406
318	0.0422001	0.041629
319	0.0421884	0.0416175
320	0.0421776	0.0416064
321	0.0421658	0.0415949
322	0.0421543	0.0415838
323	0.0421433	0.041573
324	0.0421322	0.0415621
325	0.0421214	0.0415512
326	0.0421105	0.0415404
327	0.0420996	0.0415296
328	0.0420891	0.0415194
329	0.0420771	0.041509
330	0.0420672	0.0414983
331	0.0420567	0.0414878
332	0.0420461	0.0414775
333	0.0420359	0.0414676
334	0.0420252	0.0414576
335	0.042015	0.0414478
336	0.0420047	0.0414381
337	0.0419954	0.0414281
338	0.0419855	0.0414184
339	0.0419759	0.0414087
340	0.0419657	0.0413993
341	0.041956	0.0413898
342	0.0419461	0.0413803
343	0.041937	0.041371
344	0.041927	0.0413616
345	0.0419182	0.0413521
346	0.0419085	0.041343
347	0.0418995	0.041334
348	0.0418907	0.0413251
349	0.0418811	0.0413163
350	0.0418723	0.0413077
351	0.0418627	0.041299
352	0.0418543	0.0412907
353	0.0418454	0.0412821
354	0.0418363	0.0412735
355	0.0418282	0.041265
356	0.0418191	0.0412566
357	0.0418106	0.0412481
358	0.0418028	0.0412398
359	0.0417942	0.0412316
360	0.0417855	0.0412234
361	0.041777	0.0412153
362	0.0417686	0.0412073
363	0.0417606	0.0411993
364	0.0417523	0.0411911
365	0.041744	0.0411832
366	0.0417365	0.0411753
367	0.0417282	0.0411675
368	0.0417206	0.04116
369	0.0417126	0.0411524
370	0.0417047	0.0411448
371	0.0416966	0.0411374
372	0.0416894	0.0411298
373	0.041682	0.0411223
374	0.0416741	0.0411148
375	0.0416664	0.0411076
376	0.0416593	0.0411003
377	0.0416521	0.041093
378	0.041645	0.0410861
379	0.0416377	0.0410791
380	0.0416305	0.0410719
381	0.0416228	0.0410647
382	0.0416157	0.0410579
383	0.0416085	0.0410508
384	0.0416007	0.0410438
385	0.0415944	0.0410369
386	0.0415873	0.04103
387	0.0415808	0.0410231
388	0.0415735	0.0410164
389	0.041567	0.0410096
390	0.0415601	0.041003
391	0.0415535	0.0409964
392	0.0415468	0.0409897
393	0.0415399	0.0409831
394	0.0415338	0.0409766
395	0.0415267	0.0409703
396	0.0415205	0.0409641
397	0.0415144	0.0409579
398	0.041508	0.0409517
399	0.0415012	0.0409454
400	0.0414948	0.0409391
401	0.0414883	0.040933
402	0.0414825	0.0409269
403	0.0414761	0.0409208
404	0.0414696	0.0409149
405	0.0414645	0.0409089
406	0.0414574	0.0409028
407	0.0414515	0.0408969
408	0.041446	0.0408907
409	0.0414397	0.0408848
410	0.0414337	0.0408793
411	0.0414281	0.0408736
412	0.0414213	0.0408676
413	0.0414155	0.0408618
414	0.04141	0.0408563
415	0.0414048	0.0408508
416	0.0413986	0.040845
417	0.041393	0.0408393
418	0.0413873	0.0408338
419	0.0413812	0.0408283
420	0.0413766	0.0408228
421	0.0413703	0.0408174
422	0.0413649	0.0408121
423	0.041359	0.0408065
424	0.041354	0.0408012
425	0.041348	0.040796
426	0.0413429	0.0407906
427	0.0413377	0.0407852
428	0.0413325	0.0407799
429	0.041327	0.0407746
430	0.0413214	0.0407696
431	0.0413156	0.0407644
432	0.0413105	0.0407593
433	0.0413057	0.0407542
434	0.0413011	0.040749
435	0.0412952	0.040744
436	0.0412903	0.0407391
437	0.0412849	0.0407339
438	0.0412806	0.040729
439	0.0412757	0.040724
440	0.0412702	0.040719
441	0.0412651	0.0407144
442	0.0412598	0.0407095
443	0.0412556	0.0407047
444	0.0412502	0.0406997
445	0.0412456	0.040695
446	0.0412415	0.0406903
447	0.0412355	0.0406856
448	0.0412309	0.0406809
449	0.0412264	0.0406763
450	0.0412211	0.0406715
451	0.041217	0.0406669
452	0.0412121	0.0406623
453	0.0412071	0.0406578
454	0.041203	0.0406532
455	0.0411981	0.0406486
456	0.0411939	0.0406442
457	0.0411883	0.0406395
458	0.0411844	0.0406351
459	0.04118	0.0406305
460	0.0411754	0.0406263
461	0.0411705	0.040622
462	0.0411658	0.0406175
463	0.041162	0.040613
464	0.0411574	0.0406087
465	0.0411524	0.0406043
466	0.0411481	0.0405997
467	0.0411439	0.0405954
468	0.04114	0.0405912
469	0.0411355	0.0405872
470	0.0411313	0.040583
471	0.0411267	0.0405788
472	0.0411226	0.0405748
473	0.0411187	0.0405709
474	0.0411139	0.0405666
475	0.0411099	0.0405626
476	0.0411058	0.0405585
477	0.0411014	0.0405542
478	0.0410978	0.0405503
479	0.0410933	0.0405463
480	0.0410894	0.0405423
481	0.041085	0.0405384
482	0.0410812	0.0405344
483	0.0410766	0.0405305
484	0.0410733	0.0405268
485	0.0410691	0.0405229
486	0.0410648	0.040519
487	0.0410608	0.0405152
488	0.0410569	0.0405111
489	0.0410526	0.0405073
490	0.0410495	0.0405033
491	0.0410456	0.0404995
492	0.0410414	0.0404958
493	0.0410378	0.0404921
494	0.0410339	0.0404884
495	0.0410297	0.0404845
496	0.041026	0.0404807
497	0.0410222	0.0404771
498	0.0410184	0.0404734
499	0.0410149	0.0404697
500	0.0410108	0.0404661
501	0.0410076	0.0404624
502	0.0410036	0.0404588
503	0.041	0.0404553
504	0.0409963	0.0404515
505	0.0409926	0.0404479
506	0.0409887	0.0404443
507	0.0409852	0.0404408
508	0.0409813	0.040437
509	0.0409781	0.0404334
510	0.0409744	0.0404299
511	0.0409716	0.0404264
512	0.0409677	0.040423
513	0.0409639	0.0404197
514	0.0409604	0.040416
515	0.0409571	0.0404126
516	0.040953	0.0404092
517	0.0409495	0.0404058
518	0.0409453	0.0404024
519	0.0409426	0.0403991
520	0.0409391	0.0403956
521	0.0409361	0.0403922
522	0.0409325	0.040389
523	0.0409287	0.0403856
524	0.0409254	0.0403823
525	0.0409221	0.040379
526	0.0409191	0.0403757
527	0.0409154	0.0403723
528	0.0409122	0.0403691
529	0.0409089	0.0403658
530	0.0409057	0.0403624
531	0.0409022	0.0403591
532	0.0408989	0.0403559
533	0.0408961	0.0403527
534	0.0408921	0.0403494
535	0.0408894	0.0403462
536	0.0408855	0.0403431
537	0.0408825	0.0403399
538	0.0408791	0.0403366
539	0.0408761	0.0403333
540	0.0408724	0.0403302
541	0.0408692	0.0403271
542	0.0408662	0.040324
543	0.0408628	0.040321
544	0.0408602	0.0403179
545	0.0408571	0.0403149
546	0.0408544	0.0403117
547	0.040851	0.0403086
548	0.0408476	0.0403057
549	0.0408447	0.0403027
550	0.0408414	0.0402995
551	0.0408384	0.0402963
552	0.0408357	0.0402934
553	0.0408326	0.0402905
554	0.0408293	0.0402875
555	0.040826	0.0402847
556	0.0408233	0.0402818
557	0.0408202	0.0402788
558	0.0408171	0.0402759
559	0.0408138	0.040273
560	0.0408112	0.0402701
561	0.0408084	0.0402672
562	0.0408054	0.0402644
563	0.0408033	0.0402614
564	0.0407996	0.0402585
565	0.040797	0.0402557
566	0.0407935	0.0402527
567	0.0407907	0.04025
568	0.0407878	0.0402474
569	0.040785	0.0402445
570	0.0407826	0.0402418
571	0.040779	0.0402389
572	0.0407769	0.0402361
573	0.0407738	0.0402332
574	0.0407709	0.0402305
575	0.0407682	0.0402276
576	0.040765	0.0402247
577	0.0407624	0.0402219
578	0.0407597	0.0402192
579	0.0407566	0.0402163
580	0.0407538	0.0402135
581	0.0407517	0.040211
582	0.0407486	0.0402084
583	0.0407463	0.0402056
584	0.040744	0.040203
585	0.0407412	0.0402002
586	0.0407378	0.0401975
587	0.0407355	0.0401948
588	0.0407328	0.0401922
589	0.0407297	0.0401895
590	0.0407266	0.0401869
591	0.0407245	0.0401842
592	0.0407219	0.0401816
593	0.0407185	0.0401789
594	0.0407161	0.0401762
595	0.0407137	0.0401736
596	0.0407104	0.0401709
597	0.0407084	0.0401681
598	0.0407055	0.0401657
599	0.040703	0.040163
600	0.0407003	0.0401605
601	0.0406983	0.040158
602	0.0406952	0.0401553
603	0.0406925	0.0401529
604	0.0406904	0.0401504
605	0.0406869	0.0401479
606	0.0406844	0.0401453
607	0.040682	0.0401428
608	0.0406795	0.0401403
609	0.040677	0.0401378
610	0.0406746	0.0401354
611	0.0406719	0.0401329
612	0.0406697	0.0401305
613	0.0406669	0.0401281
614	0.0406644	0.0401255
615	0.0406619	0.0401231
616	0.0406597	0.0401205
617	0.0406573	0.0401181
618	0.040655	0.0401156
619	0.0406523	0.0401132
620	0.0406499	0.0401106
621	0.0406465	0.040108
622	0.0406448	0.0401056
623	0.040642	0.0401032
624	0.0406393	0.0401008
625	0.0406372	0.0400984
626	0.0406347	0.0400961
627	0.0406323	0.0400937
628	0.0406299	0.0400913
629	0.0406276	0.040089
630	0.0406257	0.0400866
631	0.0406228	0.0400843
632	0.0406204	0.0400819
633	0.0406186	0.0400796
634	0.0406155	0.0400773
635	0.0406133	0.0400749
636	0.0406104	0.0400726
637	0.0406086	0.0400702
638	0.0406056	0.040068
639	0.0406033	0.0400657
640	0.0406009	0.0400636
641	0.0405993	0.0400613
642	0.0405964	0.0400591
643	0.0405944	0.0400568
644	0.0405912	0.0400546
645	0.0405893	0.0400524
646	0.0405873	0.0400501
647	0.040585	0.0400479
648	0.0405828	0.0400456
649	0.0405807	0.0400434
650	0.0405782	0.0400413
651	0.0405756	0.0400389
652	0.0405738	0.0400367
653	0.0405709	0.0400343
654	0.040569	0.040032
655	0.0405664	0.0400299
656	0.0405648	0.0400278
657	0.0405619	0.0400256
658	0.0405597	0.0400236
659	0.0405583	0.0400214
660	0.0405555	0.0400191
661	0.0405534	0.0400168
662	0.0405509	0.0400146
663	0.0405482	0.0400125
664	0.0405467	0.0400102
665	0.0405445	0.0400081
666	0.0405419	0.0400059
667	0.0405403	0.0400037
668	0.040538	0.0400016
669	0.0405358	0.0399995
670	0.040533	0.0399974
671	0.0405308	0.0399953
672	0.0405287	0.039993
673	0.0405266	0.0399908
674	0.0405244	0.0399887
675	0.0405221	0.0399865
676	0.0405205	0.0399844
677	0.0405178	0.0399822
678	0.0405153	0.03998
679	0.0405133	0.0399779
680	0.040512	0.0399758
681	0.0405095	0.0399737
682	0.0405073	0.0399716
683	0.0405054	0.0399696
684	0.040503	0.0399674
685	0.0405009	0.0399653
686	0.0404989	0.0399633
687	0.0404972	0.0399613
688	0.0404944	0.0399592
689	0.0404927	0.0399572
690	0.0404905	0.0399553
691	0.0404881	0.0399533
692	0.0404862	0.0399511
693	0.0404843	0.039949
694	0.0404821	0.039947
695	0.0404805	0.0399449
696	0.0404775	0.0399427
697	0.0404759	0.0399407
698	0.0404739	0.0399387
699	0.040472	0.0399366
700	0.0404697	0.0399345
701	0.0404672	0.0399325
702	0.0404652	0.0399305
703	0.0404638	0.0399286
704	0.0404613	0.0399267
705	0.0404591	0.0399247
706	0.0404572	0.0399227
707	0.0404553	0.0399207
708	0.0404535	0.0399185
709	0.0404512	0.0399165
710	0.0404493	0.0399146
711	0.0404472	0.0399125
712	0.0404453	0.0399105
713	0.0404427	0.0399086
714	0.0404412	0.0399067
715	0.0404395	0.0399048
716	0.0404372	0.0399028
717	0.0404354	0.0399009
718	0.040434	0.039899
719	0.0404312	0.0398971
720	0.0404296	0.0398951
721	0.0404271	0.0398932
722	0.0404252	0.0398914
723	0.0404239	0.0398893
724	0.0404215	0.0398874
725	0.0404195	0.0398855
726	0.040418	0.0398836
727	0.0404154	0.0398818
728	0.0404139	0.0398799
729	0.0404118	0.0398779
730	0.0404093	0.0398761
731	0.0404069	0.0398743
732	0.0404061	0.0398724
733	0.040404	0.0398704
734	0.0404024	0.0398685
735	0.0404007	0.0398666
736	0.0403983	0.0398646
737	0.0403964	0.0398629
738	0.0403948	0.0398611
739	0.0403927	0.0398591
740	0.0403913	0.0398573
741	0.0403889	0.0398553
742	0.0403872	0.0398534
743	0.0403847	0.0398518
744	0.0403836	0.0398499
745	0.040381	0.0398481
746	0.0403789	0.0398462
747	0.0403781	0.0398445
748	0.0403757	0.0398427
749	0.0403744	0.0398409
750	0.040372	0.039839
751	0.0403696	0.0398373
752	0.0403681	0.0398355
753	0.0403668	0.0398336
754	0.0403648	0.0398318
755	0.0403631	0.0398301
756	0.040361	0.0398283
757	0.0403587	0.0398264
758	0.0403573	0.0398245
759	0.0403558	0.0398227
760	0.040354	0.0398209
761	0.0403517	0.0398192
762	0.04035	0.0398175
763	0.0403483	0.0398155
764	0.0403458	0.0398138
765	0.0403446	0.039812
766	0.0403428	0.0398102
767	0.0403407	0.0398084
768	0.0403395	0.0398067
769	0.0403373	0.039805
770	0.0403354	0.0398032
771	0.0403341	0.0398016
772	0.0403316	0.0397999
773	0.0403295	0.0397981
774	0.0403286	0.0397963
775	0.0403264	0.0397945
776	0.0403241	0.0397928
777	0.0403227	0.0397911
778	0.0403216	0.0397892
779	0.0403193	0.0397874
780	0.0403178	0.0397858
781	0.0403159	0.0397842
782	0.0403142	0.0397823
783	0.0403126	0.0397806
784	0.0403104	0.039779
785	0.0403088	0.0397773
786	0.0403069	0.0397756
787	0.0403055	0.0397739
788	0.0403042	0.0397721
789	0.0403024	0.0397703
790	0.0403	0.0397686
791	0.0402987	0.0397669
792	0.0402969	0.0397652
793	0.0402946	0.0397634
794	0.0402935	0.0397616
795	0.0402916	0.03976
796	0.0402898	0.0397582
797	0.040288	0.0397566
798	0.0402868	0.0397549
799	0.0402848	0.0397531
800	0.0402834	0.0397514
801	0.0402819	0.0397496
802	0.0402796	0.0397479
803	0.0402782	0.0397464
804	0.0402766	0.0397447
805	0.0402748	0.039743
806	0.0402733	0.0397414
807	0.0402712	0.0397397
808	0.0402697	0.0397381
809	0.0402675	0.0397364
810	0.040266	0.0397347
811	0.0402648	0.0397331
812	0.0402626	0.0397315
813	0.040261	0.0397298
814	0.0402594	0.0397282
815	0.0402574	0.0397266
816	0.040256	0.039725
817	0.0402538	0.0397233
818	0.0402524	0.0397217
819	0.0402508	0.03972
820	0.0402494	0.0397183
821	0.0402476	0.0397166
822	0.0402457	0.039715
823	0.0402443	0.0397134
824	0.0402427	0.0397118
825	0.0402413	0.0397101
826	0.0402395	0.0397084
827	0.0402376	0.0397066
828	0.040236	0.039705
829	0.0402341	0.0397033
830	0.0402332	0.0397018
831	0.0402315	0.0397002
832	0.0402295	0.0396986
833	0.040228	0.0396969
834	0.0402263	0.0396955
835	0.0402244	0.0396937
836	0.0402231	0.0396921
837	0.0402215	0.0396906
838	0.0402202	0.0396889
839	0.0402184	0.0396874
840	0.0402169	0.0396858
841	0.0402149	0.0396842
842	0.0402136	0.0396825
843	0.0402124	0.0396809
844	0.0402104	0.0396793
845	0.0402085	0.0396778
846	0.040207	0.0396763
847	0.0402052	0.0396747
848	0.0402044	0.0396731
849	0.0402018	0.0396717
850	0.040201	0.0396701
851	0.0401993	0.0396686
852	0.0401972	0.0396671
853	0.0401959	0.0396656
854	0.0401943	0.0396641
855	0.0401924	0.0396626
856	0.0401907	0.039661
857	0.0401898	0.0396595
858	0.0401879	0.039658
859	0.0401866	0.0396565
860	0.0401846	0.0396549
861	0.0401829	0.0396533
862	0.0401817	0.0396517
863	0.0401803	0.0396501
864	0.0401783	0.0396485
865	0.0401768	0.0396469
866	0.0401751	0.0396453
867	0.040174	0.0396437
868	0.0401722	0.0396423
869	0.0401708	0.0396407
870	0.0401694	0.0396392
871	0.0401675	0.0396377
872	0.0401658	0.0396361
873	0.0401643	0.0396346
874	0.0401624	0.0396331
875	0.0401617	0.0396315
876	0.0401598	0.0396299
877	0.0401587	0.0396284
878	0.0401565	0.0396269
879	0.0401548	0.0396253
880	0.0401534	0.0396238
881	0.0401519	0.0396223
882	0.0401506	0.0396209
883	0.040149	0.0396194
884	0.040147	0.0396178
885	0.0401455	0.0396163
886	0.0401447	0.0396147
887	0.0401429	0.0396132
888	0.0401411	0.0396117
889	0.0401399	0.0396102
890	0.0401386	0.0396087
891	0.040137	0.0396072
892	0.0401359	0.0396057
893	0.0401339	0.0396043
894	0.0401324	0.0396028
895	0.0401307	0.0396012
896	0.0401291	0.0395997
897	0.0401281	0.0395982
898	0.0401263	0.0395967
899	0.0401245	0.0395952
900	0.0401235	0.0395937
901	0.0401216	0.0395922
902	0.0401202	0.0395907
903	0.0401187	0.0395893
904	0.0401171	0.0395879
905	0.0401155	0.0395864
906	0.0401137	0.0395849
907	0.0401124	0.0395835
908	0.0401109	0.039582
909	0.0401097	0.0395806
910	0.0401079	0.0395792
911	0.0401067	0.0395777
912	0.040105	0.0395762
913	0.0401038	0.0395747
914	0.040102	0.0395732
915	0.0401007	0.0395718
916	0.0400991	0.0395703
917	0.0400977	0.0395688
918	0.0400965	0.0395672
919	0.0400952	0.0395659
920	0.0400934	0.0395643
921	0.0400912	0.0395629
922	0.0400904	0.0395615
923	0.0400884	0.0395601
924	0.0400876	0.0395587
925	0.0400857	0.0395572
926	0.0400845	0.0395558
927	0.0400825	0.0395543
928	0.0400818	0.0395528
929	0.0400797	0.0395515
930	0.0400782	0.0395501
931	0.0400771	0.0395487
932	0.0400763	0.0395472
933	0.0400743	0.0395457
934	0.0400726	0.0395442
935	0.0400718	0.0395429
936	0.0400699	0.0395414
937	0.0400681	0.0395399
938	0.0400669	0.0395386
939	0.0400654	0.0395372
940	0.0400643	0.0395359
941	0.0400627	0.0395346
942	0.0400612	0.0395331
943	0.0400594	0.0395317
944	0.0400586	0.0395302
945	0.0400571	0.0395288
946	0.0400554	0.0395274
947	0.0400541	0.039526
948	0.0400526	0.0395247
949	0.0400512	0.0395232
950	0.0400499	0.0395217
951	0.040048	0.0395203
952	0.0400468	0.0395189
953	0.0400455	0.0395175
954	0.0400437	0.0395162
955	0.0400426	0.0395148
956	0.0400408	0.0395134
957	0.0400401	0.039512
958	0.0400381	0.0395105
959	0.0400372	0.0395091
960	0.0400354	0.0395077
961	0.0400341	0.0395063
962	0.0400323	0.0395049
963	0.0400313	0.0395035
964	0.0400295	0.0395021
965	0.0400284	0.0395008
966	0.0400271	0.0394994
967	0.0400255	0.0394981
968	0.0400243	0.0394967
969	0.0400228	0.0394953
970	0.0400214	0.039494
971	0.0400198	0.0394926
972	0.0400186	0.0394911
973	0.040017	0.0394898
974	0.0400159	0.0394884
975	0.0400143	0.039487
976	0.0400131	0.0394856
977	0.040012	0.0394842
978	0.0400106	0.0394828
979	0.0400089	0.0394815
980	0.0400075	0.0394801
981	0.0400055	0.0394788
982	0.0400047	0.0394775
983	0.040003	0.039476
984	0.0400019	0.0394745
985	0.0400003	0.0394731
986	0.0399991	0.0394717
