1	0.272337	0.256386
2	0.25804	0.242293
3	0.243864	0.228839
4	0.230315	0.216421
5	0.217818	0.205322
6	0.206636	0.19561
7	0.196858	0.187218
8	0.18841	0.179917
9	0.181064	0.17359
10	0.174695	0.168028
11	0.169103	0.163103
12	0.164151	0.158715
13	0.159735	0.154749
14	0.155752	0.151143
15	0.152125	0.147829
16	0.148797	0.144771
17	0.145722	0.141922
18	0.14286	0.139262
19	0.140186	0.136755
20	0.137671	0.13439
21	0.135293	0.132141
22	0.133034	0.129997
23	0.130886	0.127953
24	0.128832	0.125994
25	0.126866	0.124113
26	0.124979	0.122302
27	0.123157	0.120556
28	0.121405	0.118868
29	0.11971	0.117233
30	0.118072	0.115653
31	0.116483	0.114116
32	0.114941	0.112625
33	0.113443	0.111175
34	0.111989	0.109764
35	0.110573	0.108392
36	0.109195	0.107053
37	0.107853	0.10575
38	0.106545	0.104477
39	0.105268	0.103239
40	0.104022	0.102027
41	0.102807	0.100848
42	0.101622	0.0996941
43	0.100464	0.09857
44	0.0993354	0.097471
45	0.0982332	0.0963993
46	0.0971564	0.0953496
47	0.0961044	0.0943257
48	0.0950764	0.0933258
49	0.0940727	0.0923488
50	0.0930906	0.0913941
51	0.0921327	0.0904595
52	0.0911957	0.0895474
53	0.090279	0.0886558
54	0.0893847	0.0877849
55	0.0885085	0.0869334
56	0.0876542	0.0860993
57	0.0868177	0.0852847
58	0.0860004	0.0844886
59	0.0852015	0.0837112
60	0.0844201	0.0829504
61	0.0836567	0.0822059
62	0.0829088	0.0814781
63	0.0821789	0.0807671
64	0.0814646	0.0800707
65	0.0807646	0.0793912
66	0.0800841	0.078727
67	0.0794162	0.078076
68	0.0787643	0.0774403
69	0.078125	0.0768172
70	0.0775007	0.0762092
71	0.0768901	0.0756141
72	0.0762933	0.0750332
73	0.0757085	0.0744634
74	0.0751385	0.0739065
75	0.0745796	0.0733625
76	0.0740334	0.0728304
77	0.0734988	0.0723086
78	0.0729763	0.0717992
79	0.0724648	0.0713016
80	0.0719635	0.0708135
81	0.0714753	0.0703369
82	0.070996	0.0698699
83	0.070528	0.069414
84	0.0700699	0.0689669
85	0.0696217	0.0685303
86	0.0691834	0.0681022
87	0.0687531	0.067683
88	0.068334	0.0672742
89	0.067922	0.0668728
90	0.067519	0.0664805
91	0.0671257	0.0660963
92	0.0667402	0.06572
93	0.0663637	0.0653525
94	0.0659942	0.0649922
95	0.0656308	0.064639
96	0.0652783	0.0642932
97	0.0649314	0.0639547
98	0.0645925	0.0636231
99	0.0642593	0.0632982
100	0.0639335	0.0629806
101	0.0636142	0.062669
102	0.0633012	0.0623634
103	0.0629945	0.0620645
104	0.0626955	0.0617706
105	0.0624006	0.0614844
106	0.0621111	0.0612034
107	0.0618297	0.0609274
108	0.0615529	0.0606571
109	0.0612815	0.0603919
110	0.0610148	0.0601322
111	0.060753	0.0598773
112	0.0604979	0.0596272
113	0.060247	0.0593824
114	0.0600021	0.059142
115	0.0597598	0.0589068
116	0.0595236	0.0586756
117	0.0592917	0.0584483
118	0.0590636	0.0582259
119	0.0588403	0.0580077
120	0.0586223	0.0577935
121	0.0584054	0.0575833
122	0.0581951	0.0573766
123	0.0579874	0.0571742
124	0.0577848	0.0569754
125	0.057585	0.0567802
126	0.0573888	0.0565884
127	0.0571964	0.0564003
128	0.0570071	0.0562158
129	0.0568213	0.0560346
130	0.0566391	0.0558556
131	0.0564599	0.0556803
132	0.0562843	0.0555084
133	0.0561115	0.0553389
134	0.0559413	0.0551727
135	0.0557745	0.0550101
136	0.0556104	0.054849
137	0.0554495	0.0546916
138	0.055291	0.0545364
139	0.0551353	0.0543839
140	0.0549828	0.0542342
141	0.0548313	0.0540872
142	0.0546838	0.053942
143	0.0545378	0.0537999
144	0.0543949	0.0536599
145	0.0542541	0.0535218
146	0.0541156	0.0533867
147	0.0539795	0.0532533
148	0.0538453	0.0531222
149	0.0537139	0.0529935
150	0.0535835	0.0528666
151	0.0534562	0.0527416
152	0.0533305	0.0526184
153	0.0532065	0.0524969
154	0.0530842	0.0523782
155	0.0529656	0.0522603
156	0.0528472	0.052145
157	0.0527315	0.0520314
158	0.0526177	0.0519197
159	0.0525047	0.0518094
160	0.0523943	0.0517005
161	0.0522839	0.0515939
162	0.0521763	0.0514882
163	0.0520714	0.0513851
164	0.0519671	0.0512828
165	0.0518649	0.0511824
166	0.0517634	0.0510831
167	0.0516633	0.0509855
168	0.0515641	0.0508895
169	0.0514678	0.0507946
170	0.0513721	0.0507008
171	0.0512784	0.0506083
172	0.0511858	0.0505175
173	0.0510937	0.0504282
174	0.0510034	0.0503397
175	0.050915	0.0502524
176	0.0508278	0.0501671
177	0.0507413	0.050082
178	0.0506564	0.0499985
179	0.0505722	0.049916
180	0.0504889	0.0498349
181	0.0504077	0.0497552
182	0.0503281	0.049676
183	0.0502471	0.0495982
184	0.0501688	0.0495211
185	0.0500918	0.0494452
186	0.0500154	0.0493701
187	0.0499403	0.0492965
188	0.0498659	0.0492237
189	0.0497925	0.0491517
190	0.0497201	0.0490807
191	0.0496494	0.0490106
192	0.0495779	0.0489417
193	0.0495084	0.0488736
194	0.0494398	0.0488061
195	0.0493719	0.0487392
196	0.0493054	0.0486739
197	0.0492391	0.0486091
198	0.049174	0.0485447
199	0.0491093	0.0484812
200	0.0490459	0.0484191
201	0.0489826	0.048358
202	0.0489211	0.0482967
203	0.0488596	0.0482365
204	0.0487991	0.0481774
205	0.0487386	0.0481184
206	0.0486804	0.0480608
207	0.0486212	0.048003
208	0.0485641	0.0479462
209	0.0485067	0.0478907
210	0.0484513	0.0478354
211	0.0483951	0.0477805
212	0.0483404	0.0477268
213	0.0482858	0.0476738
214	0.048232	0.047621
215	0.0481793	0.0475687
216	0.048127	0.0475173
217	0.0480756	0.0474661
218	0.0480238	0.0474158
219	0.0479725	0.0473662
220	0.0479223	0.0473166
221	0.0478731	0.0472681
222	0.0478246	0.0472198
223	0.047776	0.0471726
224	0.0477289	0.0471256
225	0.0476808	0.0470791
226	0.0476339	0.0470329
227	0.0475877	0.0469875
228	0.0475427	0.0469425
229	0.0474968	0.046898
230	0.0474522	0.0468539
231	0.0474074	0.0468104
232	0.0473627	0.0467673
233	0.0473198	0.0467251
234	0.0472776	0.0466826
235	0.0472349	0.0466413
236	0.047193	0.0465997
237	0.0471515	0.0465583
238	0.0471102	0.0465181
239	0.0470686	0.0464781
240	0.0470287	0.0464381
241	0.046989	0.046399
242	0.0469494	0.0463604
243	0.0469107	0.0463224
244	0.0468718	0.046285
245	0.0468332	0.0462472
246	0.0467951	0.0462099
247	0.0467583	0.0461728
248	0.0467215	0.0461365
249	0.0466851	0.0461003
250	0.0466482	0.0460644
251	0.0466119	0.0460289
252	0.0465771	0.045994
253	0.0465418	0.0459591
254	0.0465064	0.0459246
255	0.0464721	0.0458904
256	0.0464375	0.0458568
257	0.0464035	0.0458232
258	0.0463699	0.0457896
259	0.0463366	0.0457568
260	0.0463042	0.0457249
261	0.0462703	0.0456924
262	0.0462382	0.0456606
263	0.0462059	0.0456289
264	0.0461743	0.0455975
265	0.0461436	0.045567
266	0.0461122	0.0455363
267	0.0460808	0.0455058
268	0.0460502	0.0454755
269	0.0460204	0.0454459
270	0.0459905	0.0454162
271	0.0459605	0.0453867
272	0.0459309	0.0453579
273	0.0459015	0.0453292
274	0.045873	0.0453006
275	0.0458439	0.0452724
276	0.045816	0.0452444
277	0.0457871	0.0452167
278	0.0457591	0.045189
279	0.0457319	0.0451617
280	0.0457038	0.0451349
281	0.0456768	0.045108
282	0.0456497	0.0450813
283	0.0456236	0.0450553
284	0.0455969	0.045029
285	0.0455702	0.0450029
286	0.0455441	0.0449771
287	0.0455188	0.0449514
288	0.045493	0.0449264
289	0.0454678	0.0449015
290	0.0454418	0.0448765
291	0.0454167	0.0448515
292	0.0453922	0.0448272
293	0.0453678	0.0448034
294	0.0453433	0.0447794
295	0.0453191	0.0447554
296	0.0452952	0.0447321
297	0.0452714	0.0447086
298	0.0452483	0.0446849
299	0.0452245	0.0446621
300	0.045201	0.0446395
301	0.0451786	0.0446167
302	0.0451552	0.0445943
303	0.0451325	0.0445722
304	0.0451097	0.0445498
305	0.0450875	0.044528
306	0.0450657	0.0445059
307	0.0450434	0.0444843
308	0.045022	0.0444628
309	0.0450006	0.0444416
310	0.0449796	0.0444204
311	0.0449576	0.0443995
312	0.0449363	0.0443788
313	0.0449154	0.0443578
314	0.0448946	0.0443371
315	0.0448741	0.0443168
316	0.0448535	0.0442967
317	0.0448332	0.0442767
318	0.044813	0.0442567
319	0.0447935	0.0442371
320	0.044773	0.0442177
321	0.0447537	0.044198
322	0.0447346	0.0441787
323	0.0447146	0.0441591
324	0.0446948	0.0441403
325	0.0446769	0.0441212
326	0.0446572	0.0441023
327	0.0446383	0.0440837
328	0.0446197	0.0440655
329	0.0446007	0.0440475
330	0.0445824	0.0440292
331	0.0445645	0.0440111
332	0.0445461	0.043993
333	0.0445275	0.0439754
334	0.0445097	0.0439578
335	0.0444919	0.0439402
336	0.0444744	0.0439228
337	0.0444571	0.0439054
338	0.0444399	0.0438881
339	0.0444219	0.043871
340	0.0444049	0.043854
341	0.0443877	0.0438369
342	0.0443709	0.0438202
343	0.0443547	0.043804
344	0.0443372	0.0437871
345	0.0443207	0.0437706
346	0.0443036	0.0437539
347	0.0442871	0.0437379
348	0.0442709	0.0437218
349	0.0442549	0.0437061
350	0.0442387	0.0436903
351	0.044223	0.0436746
352	0.0442068	0.043659
353	0.0441917	0.0436432
354	0.0441761	0.043628
355	0.0441608	0.0436126
356	0.0441449	0.0435974
357	0.0441289	0.0435822
358	0.044114	0.0435669
359	0.0440993	0.0435517
360	0.0440839	0.0435371
361	0.0440692	0.0435224
362	0.0440542	0.0435073
363	0.0440393	0.0434928
364	0.0440247	0.0434785
365	0.0440097	0.0434639
366	0.0439953	0.0434497
367	0.0439808	0.0434357
368	0.0439661	0.0434213
369	0.0439525	0.0434071
370	0.0439377	0.0433931
371	0.0439241	0.0433792
372	0.0439102	0.0433655
373	0.0438961	0.043352
374	0.043882	0.0433382
375	0.0438687	0.0433248
376	0.0438544	0.043311
377	0.0438414	0.0432977
378	0.0438271	0.0432842
379	0.0438149	0.0432709
380	0.0438008	0.0432578
381	0.0437872	0.0432448
382	0.0437749	0.0432317
383	0.0437616	0.0432188
384	0.0437488	0.0432059
385	0.0437359	0.0431932
386	0.0437232	0.0431805
387	0.0437106	0.0431681
388	0.0436976	0.0431555
389	0.0436847	0.0431434
390	0.0436723	0.043131
391	0.0436592	0.0431185
392	0.0436469	0.0431062
393	0.0436345	0.043094
394	0.0436222	0.0430821
395	0.0436101	0.0430697
396	0.0435982	0.0430577
397	0.043586	0.0430458
398	0.0435742	0.0430337
399	0.0435625	0.0430218
400	0.0435505	0.04301
401	0.0435379	0.0429986
402	0.0435273	0.0429868
403	0.0435148	0.0429757
404	0.0435035	0.0429643
405	0.0434914	0.0429528
406	0.0434807	0.0429416
407	0.0434689	0.0429303
408	0.0434578	0.0429192
409	0.0434463	0.0429078
410	0.0434355	0.0428968
411	0.0434239	0.0428856
412	0.0434124	0.0428745
413	0.0434023	0.0428635
414	0.0433908	0.0428526
415	0.0433797	0.042842
416	0.0433685	0.0428313
417	0.0433583	0.0428206
418	0.0433472	0.0428099
419	0.0433361	0.0427992
420	0.0433263	0.0427886
421	0.0433151	0.042778
422	0.0433051	0.0427674
423	0.0432943	0.0427572
424	0.0432839	0.042747
425	0.0432737	0.0427367
426	0.043263	0.0427263
427	0.0432536	0.0427158
428	0.0432432	0.0427058
429	0.0432329	0.0426958
430	0.0432225	0.0426857
431	0.0432122	0.0426761
432	0.043202	0.0426661
433	0.043192	0.0426559
434	0.0431823	0.042646
435	0.0431724	0.0426361
436	0.0431622	0.0426263
437	0.0431531	0.0426169
438	0.0431428	0.042607
439	0.0431328	0.0425976
440	0.0431233	0.042588
441	0.0431141	0.0425788
442	0.043104	0.0425693
443	0.0430946	0.04256
444	0.0430852	0.0425505
445	0.0430762	0.0425414
446	0.0430661	0.0425321
447	0.0430563	0.0425227
448	0.0430479	0.0425136
449	0.0430386	0.0425046
450	0.0430286	0.0424955
451	0.0430196	0.0424865
452	0.0430111	0.0424775
453	0.0430014	0.0424685
454	0.0429926	0.0424593
455	0.0429835	0.0424503
456	0.0429748	0.0424414
457	0.0429656	0.0424328
458	0.0429571	0.0424241
459	0.0429486	0.0424154
460	0.0429392	0.0424066
461	0.0429308	0.0423977
462	0.0429216	0.0423891
463	0.042913	0.0423806
464	0.042904	0.0423722
465	0.042895	0.0423636
466	0.0428873	0.0423551
467	0.0428788	0.0423464
468	0.0428705	0.042338
469	0.0428619	0.0423294
470	0.0428531	0.042321
471	0.0428447	0.0423127
472	0.0428363	0.0423047
473	0.0428286	0.0422962
474	0.0428202	0.0422881
475	0.0428123	0.0422801
476	0.0428043	0.0422722
477	0.0427961	0.0422641
478	0.0427873	0.0422561
479	0.042779	0.0422481
480	0.0427715	0.0422399
481	0.0427629	0.042232
482	0.042755	0.0422241
483	0.0427471	0.0422164
484	0.0427392	0.0422086
485	0.0427311	0.0422004
486	0.0427231	0.0421925
487	0.0427159	0.0421847
488	0.0427079	0.042177
489	0.0426999	0.0421694
490	0.042693	0.0421619
491	0.0426848	0.0421541
492	0.0426767	0.0421466
493	0.0426696	0.042139
494	0.0426612	0.0421314
495	0.0426543	0.0421237
496	0.0426461	0.0421163
497	0.0426389	0.042109
498	0.0426311	0.0421015
499	0.0426243	0.0420942
500	0.0426169	0.0420871
501	0.0426092	0.0420796
502	0.0426017	0.0420723
503	0.0425947	0.042065
504	0.0425868	0.042058
505	0.0425799	0.0420504
506	0.0425726	0.0420433
507	0.0425655	0.0420363
508	0.0425581	0.0420291
509	0.0425511	0.042022
510	0.0425437	0.042015
511	0.0425363	0.0420081
512	0.0425298	0.042001
513	0.0425221	0.0419941
514	0.0425153	0.0419872
515	0.0425085	0.0419804
516	0.0425016	0.0419734
517	0.0424948	0.0419666
518	0.0424879	0.0419597
519	0.0424805	0.0419529
520	0.0424734	0.041946
521	0.0424671	0.0419393
522	0.0424597	0.0419326
523	0.0424534	0.0419256
524	0.042447	0.0419188
525	0.0424403	0.0419124
526	0.0424327	0.0419059
527	0.0424267	0.0418992
528	0.0424198	0.0418926
529	0.0424129	0.0418861
530	0.0424065	0.0418796
531	0.0423999	0.0418728
532	0.0423926	0.0418663
533	0.0423867	0.0418599
534	0.0423798	0.0418534
535	0.0423737	0.0418467
536	0.0423669	0.0418403
537	0.0423608	0.0418341
538	0.042354	0.0418277
539	0.0423478	0.0418216
540	0.0423413	0.0418152
541	0.0423346	0.0418089
542	0.0423287	0.0418025
543	0.0423227	0.0417963
544	0.0423156	0.04179
545	0.0423101	0.0417836
546	0.0423037	0.0417775
547	0.042297	0.0417714
548	0.0422912	0.041765
549	0.0422852	0.0417591
550	0.042279	0.041753
551	0.0422726	0.0417469
552	0.0422665	0.0417408
553	0.0422601	0.0417348
554	0.0422537	0.0417288
555	0.0422485	0.0417229
556	0.042242	0.0417168
557	0.0422367	0.0417107
558	0.042231	0.0417049
559	0.0422244	0.0416989
560	0.0422189	0.041693
561	0.0422125	0.0416872
562	0.0422069	0.0416814
563	0.0422005	0.0416754
564	0.0421956	0.0416696
565	0.0421891	0.0416638
566	0.042183	0.0416579
567	0.0421778	0.0416521
568	0.0421722	0.0416465
569	0.0421655	0.0416407
570	0.0421595	0.0416351
571	0.0421542	0.0416297
572	0.0421479	0.041624
573	0.0421425	0.0416183
574	0.0421368	0.0416128
575	0.0421313	0.0416072
576	0.0421261	0.0416016
577	0.0421201	0.041596
578	0.0421143	0.0415904
579	0.0421088	0.0415848
580	0.0421034	0.0415793
581	0.0420981	0.0415737
582	0.0420916	0.0415682
583	0.0420865	0.0415628
584	0.0420812	0.0415573
585	0.0420753	0.0415518
586	0.0420697	0.0415465
587	0.0420639	0.0415411
588	0.0420589	0.0415357
589	0.042054	0.0415305
590	0.0420479	0.0415252
591	0.0420427	0.0415199
592	0.0420375	0.0415145
593	0.0420317	0.041509
594	0.0420263	0.0415036
595	0.0420208	0.0414983
596	0.042016	0.041493
597	0.0420104	0.0414877
598	0.0420051	0.0414825
599	0.0419999	0.0414771
600	0.0419947	0.0414719
601	0.0419898	0.0414668
602	0.0419842	0.0414617
603	0.0419792	0.0414564
604	0.0419736	0.0414514
605	0.0419685	0.0414461
606	0.0419636	0.041441
607	0.041959	0.0414358
608	0.041953	0.0414308
609	0.0419482	0.0414256
610	0.041943	0.0414206
611	0.041938	0.0414156
612	0.0419329	0.0414106
613	0.0419282	0.0414055
614	0.0419227	0.0414006
615	0.0419177	0.0413957
616	0.0419126	0.0413907
617	0.0419081	0.0413858
618	0.0419034	0.0413807
619	0.0418978	0.0413759
620	0.0418933	0.0413711
621	0.0418881	0.0413662
622	0.0418827	0.0413615
623	0.041878	0.0413565
624	0.0418732	0.0413517
625	0.0418685	0.0413468
626	0.041864	0.041342
627	0.0418593	0.0413371
628	0.0418542	0.0413324
629	0.0418494	0.0413275
630	0.0418447	0.0413229
631	0.0418401	0.041318
632	0.0418352	0.0413135
633	0.0418304	0.041309
634	0.0418254	0.0413043
635	0.0418209	0.0412996
636	0.0418161	0.0412949
637	0.0418117	0.0412901
638	0.0418065	0.0412855
639	0.041802	0.041281
640	0.0417972	0.0412763
641	0.0417924	0.0412716
642	0.0417876	0.0412669
643	0.0417835	0.0412623
644	0.041779	0.0412577
645	0.0417742	0.0412532
646	0.0417694	0.0412487
647	0.041765	0.0412442
648	0.0417604	0.0412396
649	0.0417556	0.0412351
650	0.0417508	0.0412307
651	0.0417467	0.0412262
652	0.0417431	0.0412218
653	0.0417377	0.0412173
654	0.0417325	0.0412126
655	0.0417284	0.0412081
656	0.0417245	0.0412038
657	0.0417197	0.0411993
658	0.0417151	0.0411949
659	0.0417109	0.0411905
660	0.0417063	0.0411861
661	0.0417022	0.0411818
662	0.0416972	0.0411774
663	0.0416933	0.0411729
664	0.0416888	0.0411686
665	0.0416844	0.0411641
666	0.0416801	0.0411599
667	0.0416759	0.0411556
668	0.041671	0.0411513
669	0.0416669	0.041147
670	0.0416624	0.0411428
671	0.0416588	0.0411386
672	0.0416539	0.0411343
673	0.0416496	0.0411302
674	0.0416463	0.041126
675	0.0416416	0.0411216
676	0.0416374	0.0411174
677	0.0416331	0.0411133
678	0.0416289	0.0411092
679	0.0416246	0.041105
680	0.0416204	0.0411008
681	0.041616	0.0410967
682	0.0416124	0.0410925
683	0.0416073	0.0410882
684	0.0416037	0.0410839
685	0.0415992	0.0410797
686	0.0415952	0.0410757
687	0.0415908	0.0410714
688	0.0415868	0.0410673
689	0.0415827	0.0410631
690	0.0415787	0.0410592
691	0.041575	0.0410551
692	0.041571	0.0410513
693	0.0415662	0.0410473
694	0.0415627	0.0410435
695	0.0415587	0.0410395
696	0.0415546	0.0410356
697	0.04155	0.0410317
698	0.0415461	0.0410278
699	0.041542	0.0410238
700	0.0415388	0.04102
701	0.0415343	0.041016
702	0.0415302	0.041012
703	0.0415263	0.0410081
704	0.041523	0.0410044
705	0.0415186	0.0410005
706	0.0415149	0.0409966
707	0.04151	0.0409928
708	0.0415063	0.0409888
709	0.041503	0.0409848
710	0.0414987	0.0409809
711	0.0414944	0.040977
712	0.0414903	0.0409732
713	0.0414873	0.0409694
714	0.0414831	0.0409653
715	0.0414787	0.0409617
716	0.0414752	0.0409578
717	0.0414718	0.040954
718	0.041468	0.0409501
719	0.0414641	0.0409463
720	0.0414603	0.0409426
721	0.0414564	0.0409388
722	0.0414527	0.040935
723	0.0414487	0.0409313
724	0.0414447	0.0409275
725	0.0414411	0.0409238
726	0.0414374	0.04092
727	0.0414338	0.0409163
728	0.04143	0.0409125
729	0.0414262	0.0409088
730	0.0414234	0.0409051
731	0.0414185	0.0409015
732	0.0414147	0.0408978
733	0.0414112	0.0408943
734	0.0414082	0.0408904
735	0.0414037	0.0408868
736	0.0414005	0.0408831
737	0.0413969	0.0408795
738	0.0413927	0.0408757
739	0.0413892	0.0408722
740	0.0413857	0.0408686
741	0.0413827	0.0408649
742	0.0413786	0.0408613
743	0.0413744	0.0408576
744	0.0413713	0.040854
745	0.0413678	0.0408504
746	0.0413645	0.0408466
747	0.0413609	0.040843
748	0.0413568	0.0408394
749	0.0413537	0.0408359
750	0.0413498	0.0408324
751	0.0413463	0.0408289
752	0.0413427	0.0408254
753	0.0413389	0.0408219
754	0.0413357	0.0408185
755	0.0413317	0.040815
756	0.0413287	0.0408116
757	0.0413252	0.0408081
758	0.0413211	0.0408046
759	0.0413176	0.0408011
760	0.0413144	0.0407977
761	0.0413108	0.0407944
762	0.0413078	0.0407909
763	0.0413043	0.0407877
764	0.0413008	0.0407844
765	0.041297	0.0407809
766	0.0412938	0.0407776
767	0.0412905	0.0407741
768	0.041287	0.0407708
769	0.0412834	0.0407673
770	0.0412804	0.0407639
771	0.0412761	0.0407605
772	0.0412728	0.040757
773	0.0412692	0.0407537
774	0.0412663	0.0407503
775	0.0412627	0.0407468
776	0.0412597	0.0407433
777	0.0412561	0.04074
778	0.041253	0.0407368
779	0.0412497	0.0407334
780	0.0412462	0.0407299
781	0.0412426	0.0407265
782	0.0412396	0.0407232
783	0.041236	0.04072
784	0.0412333	0.0407167
785	0.04123	0.0407135
786	0.0412264	0.0407102
787	0.0412237	0.040707
788	0.0412198	0.0407038
789	0.0412167	0.0407005
790	0.0412131	0.0406972
791	0.04121	0.040694
792	0.041207	0.0406908
793	0.0412042	0.0406876
794	0.0412	0.0406842
795	0.0411967	0.040681
796	0.0411938	0.0406778
797	0.0411905	0.0406747
798	0.0411876	0.0406714
799	0.0411836	0.0406682
800	0.0411803	0.040665
801	0.0411774	0.0406619
802	0.0411742	0.0406587
803	0.0411713	0.0406555
804	0.0411675	0.0406526
805	0.0411644	0.0406492
806	0.0411611	0.0406462
807	0.0411582	0.0406431
808	0.0411549	0.0406399
809	0.0411514	0.0406367
810	0.0411482	0.0406335
811	0.0411454	0.0406305
812	0.0411428	0.0406273
813	0.0411391	0.0406242
814	0.0411364	0.040621
815	0.0411334	0.040618
816	0.0411296	0.040615
817	0.0411268	0.0406119
818	0.0411238	0.0406089
819	0.0411205	0.0406059
820	0.041118	0.0406029
821	0.0411152	0.0405998
822	0.0411112	0.040597
823	0.0411082	0.0405938
824	0.0411058	0.0405907
825	0.0411024	0.0405876
826	0.0410996	0.0405846
827	0.0410959	0.0405815
828	0.0410936	0.0405786
829	0.0410902	0.0405756
830	0.0410876	0.0405725
831	0.041084	0.0405695
832	0.0410816	0.0405665
833	0.0410787	0.0405635
834	0.0410756	0.0405604
835	0.0410725	0.0405574
836	0.0410692	0.0405544
837	0.0410661	0.0405514
838	0.0410633	0.0405484
839	0.0410605	0.0405455
840	0.0410581	0.0405427
841	0.0410547	0.0405398
842	0.041051	0.0405368
843	0.0410491	0.040534
844	0.0410453	0.0405309
845	0.0410418	0.040528
846	0.0410393	0.0405251
847	0.0410368	0.0405222
848	0.0410335	0.0405194
849	0.0410302	0.0405163
850	0.0410279	0.0405133
851	0.0410242	0.0405105
852	0.0410217	0.0405076
853	0.0410181	0.0405047
854	0.0410156	0.0405019
855	0.0410131	0.040499
856	0.0410101	0.0404962
857	0.0410072	0.0404933
858	0.0410041	0.0404903
859	0.0410017	0.0404875
860	0.0409988	0.0404848
861	0.0409956	0.0404819
862	0.0409925	0.0404793
863	0.0409897	0.0404765
864	0.0409868	0.0404737
865	0.0409837	0.0404708
866	0.0409813	0.040468
867	0.0409787	0.0404651
868	0.0409758	0.0404622
869	0.0409724	0.0404595
870	0.0409706	0.0404565
871	0.0409675	0.0404537
872	0.0409646	0.0404509
873	0.0409615	0.040448
874	0.0409592	0.0404453
875	0.0409556	0.0404427
876	0.0409535	0.0404399
877	0.0409506	0.0404371
878	0.0409477	0.0404345
879	0.0409455	0.0404318
880	0.0409423	0.0404291
881	0.0409392	0.0404262
882	0.0409364	0.0404234
883	0.0409335	0.0404206
884	0.0409315	0.0404179
885	0.0409287	0.0404152
886	0.0409255	0.0404125
887	0.0409225	0.0404097
888	0.0409208	0.0404071
889	0.0409173	0.0404043
890	0.0409144	0.0404016
891	0.0409121	0.0403989
892	0.0409094	0.0403964
893	0.0409067	0.0403937
894	0.0409041	0.040391
895	0.0409013	0.0403882
896	0.0408979	0.0403856
897	0.0408953	0.0403829
898	0.0408921	0.0403802
899	0.04089	0.0403776
900	0.0408877	0.0403749
901	0.0408848	0.0403722
902	0.040882	0.0403697
903	0.0408792	0.040367
904	0.0408767	0.0403643
905	0.0408741	0.0403616
906	0.0408712	0.040359
907	0.0408686	0.0403563
908	0.0408661	0.0403538
909	0.0408636	0.0403511
910	0.0408605	0.0403484
911	0.0408583	0.0403459
912	0.0408554	0.0403432
913	0.0408532	0.0403406
914	0.0408506	0.0403379
915	0.0408479	0.0403353
916	0.0408446	0.0403327
917	0.0408428	0.0403302
918	0.04084	0.0403278
919	0.0408371	0.0403252
920	0.0408348	0.0403227
921	0.0408319	0.0403202
922	0.0408298	0.0403177
923	0.0408269	0.040315
924	0.0408244	0.0403123
925	0.0408223	0.0403099
926	0.0408194	0.0403073
927	0.0408164	0.0403048
928	0.0408144	0.0403024
929	0.0408111	0.0402998
930	0.0408089	0.0402972
931	0.0408064	0.0402946
932	0.0408043	0.040292
933	0.0408019	0.0402894
934	0.040799	0.0402869
935	0.0407963	0.0402843
936	0.0407943	0.0402818
937	0.0407915	0.0402792
938	0.0407891	0.0402765
939	0.0407863	0.040274
940	0.0407836	0.0402715
941	0.0407809	0.0402691
942	0.0407787	0.0402667
943	0.0407761	0.0402641
944	0.0407737	0.0402616
945	0.0407711	0.0402592
946	0.0407686	0.0402568
947	0.0407665	0.0402542
948	0.040764	0.0402518
949	0.040761	0.0402493
950	0.0407588	0.0402468
951	0.040756	0.0402443
952	0.0407539	0.0402419
953	0.0407515	0.0402395
954	0.0407489	0.040237
955	0.0407462	0.0402346
956	0.0407441	0.0402321
957	0.0407415	0.0402296
958	0.0407386	0.0402272
959	0.0407373	0.0402247
960	0.0407339	0.0402223
961	0.0407319	0.0402198
962	0.0407291	0.0402174
963	0.0407266	0.040215
964	0.0407248	0.0402127
965	0.0407214	0.0402103
966	0.0407199	0.040208
967	0.0407169	0.0402056
968	0.0407143	0.0402032
969	0.0407118	0.0402006
970	0.0407091	0.0401982
971	0.0407073	0.0401959
972	0.040705	0.0401935
973	0.0407023	0.0401911
974	0.0407002	0.0401887
975	0.0406982	0.0401863
976	0.0406952	0.0401839
977	0.040693	0.0401816
978	0.0406906	0.0401792
979	0.040688	0.0401768
980	0.0406861	0.0401744
981	0.0406834	0.040172
982	0.0406813	0.0401698
983	0.0406793	0.0401674
984	0.0406762	0.040165
985	0.0406745	0.0401628
986	0.0406718	0.0401603
987	0.0406692	0.040158
988	0.0406671	0.0401557
989	0.0406649	0.0401534
990	0.0406619	0.0401511
991	0.04066	0.0401487
992	0.0406576	0.0401465
993	0.0406549	0.0401442
994	0.0406527	0.0401419
995	0.0406507	0.0401396
996	0.0406482	0.0401373
997	0.0406457	0.040135
998	0.0406437	0.0401327
999	0.0406417	0.0401305
1000	0.0406389	0.0401282
1001	0.0406369	0.0401259
1002	0.0406342	0.0401237
1003	0.0406323	0.0401215
1004	0.0406295	0.0401192
1005	0.0406273	0.0401169
1006	0.0406246	0.0401145
1007	0.0406231	0.0401122
1008	0.0406207	0.0401099
1009	0.0406186	0.0401075
1010	0.040616	0.0401054
1011	0.0406138	0.0401031
1012	0.0406115	0.0401009
1013	0.0406093	0.0400986
1014	0.0406067	0.0400963
1015	0.0406048	0.040094
1016	0.0406022	0.0400917
1017	0.0406006	0.0400895
1018	0.040598	0.0400873
1019	0.0405964	0.0400848
1020	0.040594	0.0400826
1021	0.040591	0.0400804
1022	0.0405892	0.0400783
1023	0.0405866	0.0400761
1024	0.0405847	0.0400738
1025	0.0405823	0.0400717
1026	0.0405797	0.0400694
1027	0.0405777	0.0400673
1028	0.0405755	0.0400651
1029	0.0405734	0.0400629
1030	0.0405712	0.0400608
1031	0.0405692	0.0400585
1032	0.0405669	0.0400563
1033	0.0405648	0.0400541
1034	0.0405621	0.0400519
1035	0.0405597	0.0400498
1036	0.0405583	0.0400476
1037	0.0405557	0.0400453
1038	0.0405539	0.0400432
1039	0.0405515	0.040041
1040	0.0405492	0.0400388
1041	0.0405471	0.0400368
1042	0.0405449	0.0400346
1043	0.0405426	0.0400325
1044	0.0405406	0.0400303
1045	0.040538	0.0400281
1046	0.0405359	0.040026
1047	0.0405337	0.0400238
1048	0.0405319	0.0400216
1049	0.0405294	0.0400195
1050	0.0405272	0.0400174
1051	0.0405249	0.0400153
1052	0.0405231	0.0400132
1053	0.0405208	0.0400111
1054	0.0405184	0.0400089
1055	0.0405161	0.0400068
1056	0.0405143	0.0400047
1057	0.0405123	0.0400027
1058	0.0405098	0.0400006
1059	0.040508	0.0399983
1060	0.0405056	0.0399963
1061	0.0405032	0.0399941
1062	0.0405017	0.039992
1063	0.0404993	0.0399899
1064	0.0404967	0.0399878
1065	0.0404953	0.0399856
1066	0.0404926	0.0399834
1067	0.0404907	0.0399813
1068	0.040489	0.0399792
1069	0.0404871	0.0399771
1070	0.0404847	0.0399751
1071	0.0404819	0.0399729
1072	0.0404806	0.039971
1073	0.040478	0.0399688
1074	0.0404757	0.0399668
1075	0.0404743	0.0399647
1076	0.0404715	0.0399626
1077	0.0404698	0.0399605
1078	0.0404676	0.0399585
1079	0.0404661	0.0399565
1080	0.0404638	0.0399544
1081	0.040462	0.0399523
1082	0.0404594	0.0399503
1083	0.0404576	0.0399482
1084	0.0404555	0.0399461
1085	0.0404528	0.0399441
1086	0.0404514	0.039942
1087	0.040449	0.0399398
1088	0.0404475	0.0399377
1089	0.0404457	0.0399357
1090	0.0404429	0.0399336
1091	0.0404409	0.0399316
1092	0.0404387	0.0399296
1093	0.0404367	0.0399275
1094	0.0404346	0.0399255
1095	0.0404331	0.0399235
1096	0.0404309	0.0399216
1097	0.040429	0.0399196
1098	0.0404265	0.0399176
1099	0.0404245	0.0399155
1100	0.0404225	0.0399135
1101	0.0404205	0.0399115
1102	0.0404184	0.0399096
1103	0.040416	0.0399076
1104	0.040415	0.0399055
1105	0.0404127	0.0399035
1106	0.0404105	0.0399014
1107	0.0404084	0.0398993
1108	0.0404067	0.0398973
1109	0.0404046	0.0398953
1110	0.040403	0.0398934
1111	0.0404006	0.0398914
1112	0.0403981	0.0398894
1113	0.0403968	0.0398873
1114	0.0403945	0.0398854
1115	0.0403926	0.0398834
1116	0.040391	0.0398814
1117	0.0403891	0.0398795
1118	0.0403867	0.0398775
1119	0.0403847	0.0398755
1120	0.0403828	0.0398735
1121	0.0403805	0.0398716
1122	0.0403791	0.0398697
1123	0.0403771	0.0398678
1124	0.0403747	0.0398659
1125	0.0403725	0.0398639
1126	0.0403708	0.039862
1127	0.0403684	0.03986
1128	0.040367	0.0398579
1129	0.0403648	0.0398559
1130	0.0403634	0.0398539
1131	0.0403609	0.039852
1132	0.040359	0.03985
1133	0.0403574	0.0398481
1134	0.0403548	0.0398461
1135	0.0403533	0.0398441
1136	0.040351	0.0398422
1137	0.0403495	0.0398403
1138	0.0403475	0.0398384
1139	0.0403453	0.0398365
1140	0.0403435	0.0398345
1141	0.0403415	0.0398326
1142	0.0403394	0.0398306
1143	0.0403373	0.0398287
1144	0.0403356	0.0398267
1145	0.0403339	0.0398249
1146	0.0403317	0.0398231
1147	0.0403298	0.0398213
1148	0.0403274	0.0398194
1149	0.040326	0.0398175
1150	0.0403237	0.0398156
1151	0.0403223	0.0398138
1152	0.04032	0.0398117
1153	0.040318	0.0398099
1154	0.0403164	0.039808
1155	0.0403143	0.0398062
1156	0.040313	0.0398042
1157	0.0403103	0.0398023
1158	0.0403081	0.0398005
1159	0.0403066	0.0397987
1160	0.0403046	0.0397967
1161	0.0403026	0.0397949
1162	0.040301	0.039793
1163	0.0402987	0.0397911
1164	0.0402974	0.0397892
1165	0.0402956	0.0397873
1166	0.0402933	0.0397855
1167	0.0402914	0.0397836
1168	0.0402897	0.0397817
1169	0.0402878	0.0397798
1170	0.0402855	0.0397779
1171	0.0402835	0.039776
1172	0.0402823	0.0397741
1173	0.0402803	0.0397723
1174	0.0402781	0.0397705
1175	0.0402764	0.0397686
1176	0.0402743	0.0397667
1177	0.0402726	0.0397649
1178	0.0402707	0.0397631
1179	0.0402689	0.0397612
1180	0.0402667	0.0397594
1181	0.040265	0.0397575
1182	0.0402635	0.0397557
1183	0.0402615	0.0397538
1184	0.0402597	0.0397518
1185	0.0402577	0.03975
1186	0.040256	0.0397483
1187	0.0402538	0.0397464
1188	0.0402522	0.0397445
1189	0.0402506	0.0397427
1190	0.0402486	0.0397409
1191	0.0402467	0.0397391
1192	0.0402446	0.0397372
1193	0.0402429	0.0397354
1194	0.0402418	0.0397335
1195	0.0402391	0.0397317
1196	0.0402378	0.03973
1197	0.0402357	0.0397282
1198	0.0402338	0.0397264
1199	0.0402317	0.0397246
1200	0.0402303	0.0397229
1201	0.0402288	0.039721
1202	0.0402264	0.0397191
1203	0.0402239	0.0397174
1204	0.0402229	0.0397156
1205	0.040221	0.0397137
1206	0.0402193	0.039712
1207	0.0402171	0.0397102
1208	0.0402153	0.0397084
1209	0.040214	0.0397066
1210	0.0402124	0.0397049
1211	0.0402104	0.0397029
1212	0.0402084	0.0397011
1213	0.0402068	0.0396994
1214	0.0402045	0.0396976
1215	0.0402027	0.0396957
1216	0.0402014	0.0396939
1217	0.0401992	0.0396922
1218	0.0401971	0.0396904
1219	0.0401959	0.0396887
1220	0.0401944	0.0396869
1221	0.0401927	0.0396851
1222	0.0401903	0.0396834
1223	0.0401893	0.0396816
1224	0.0401876	0.0396798
1225	0.0401853	0.0396781
1226	0.0401835	0.0396765
1227	0.0401815	0.0396748
1228	0.0401798	0.039673
1229	0.040178	0.0396713
1230	0.0401757	0.0396696
1231	0.0401743	0.0396678
1232	0.0401732	0.039666
1233	0.040171	0.0396644
1234	0.0401693	0.0396627
1235	0.0401676	0.0396609
1236	0.0401657	0.0396592
1237	0.040164	0.0396575
1238	0.0401621	0.0396556
1239	0.0401608	0.0396539
1240	0.040159	0.0396521
1241	0.0401569	0.0396503
1242	0.0401552	0.0396486
1243	0.0401532	0.0396468
1244	0.0401512	0.039645
1245	0.0401504	0.0396433
1246	0.0401481	0.0396416
1247	0.0401466	0.0396399
1248	0.0401451	0.0396382
1249	0.0401431	0.0396365
1250	0.0401414	0.0396347
1251	0.0401391	0.039633
1252	0.0401384	0.0396313
1253	0.040136	0.0396296
1254	0.0401341	0.0396278
1255	0.0401324	0.0396261
1256	0.040131	0.0396244
1257	0.0401291	0.0396226
1258	0.0401274	0.0396209
1259	0.0401261	0.0396192
1260	0.0401245	0.0396175
1261	0.0401215	0.0396157
1262	0.0401204	0.039614
1263	0.0401188	0.0396123
1264	0.040117	0.0396106
1265	0.0401154	0.0396088
1266	0.0401136	0.0396071
1267	0.0401121	0.0396054
1268	0.0401098	0.0396038
1269	0.0401088	0.039602
1270	0.0401062	0.0396004
1271	0.0401052	0.0395986
1272	0.0401032	0.039597
1273	0.0401018	0.0395953
1274	0.0401005	0.0395936
1275	0.0400985	0.0395918
1276	0.0400968	0.0395902
1277	0.0400948	0.0395885
1278	0.0400938	0.0395869
1279	0.0400916	0.0395852
1280	0.0400905	0.0395834
1281	0.0400877	0.0395817
1282	0.0400866	0.03958
1283	0.040085	0.0395784
1284	0.0400829	0.0395767
1285	0.0400811	0.039575
1286	0.0400802	0.0395733
1287	0.0400781	0.0395716
1288	0.0400768	0.0395698
1289	0.040075	0.0395682
1290	0.0400736	0.0395666
1291	0.040072	0.0395649
1292	0.0400703	0.0395632
1293	0.0400682	0.0395616
1294	0.0400664	0.03956
1295	0.0400651	0.0395583
1296	0.0400629	0.0395567
1297	0.0400619	0.0395551
1298	0.0400597	0.0395535
1299	0.0400581	0.0395519
1300	0.0400565	0.0395503
1301	0.0400549	0.0395486
1302	0.0400532	0.039547
1303	0.0400515	0.0395452
1304	0.0400502	0.0395436
1305	0.0400481	0.0395419
1306	0.0400468	0.0395403
1307	0.0400451	0.0395386
1308	0.0400431	0.0395371
1309	0.0400417	0.0395355
1310	0.0400401	0.0395339
1311	0.0400387	0.0395324
1312	0.040037	0.0395308
1313	0.0400352	0.0395291
1314	0.0400341	0.0395275
1315	0.0400319	0.0395258
1316	0.0400307	0.0395243
1317	0.0400289	0.0395227
1318	0.0400271	0.0395211
1319	0.0400259	0.0395195
1320	0.0400243	0.0395179
1321	0.0400227	0.0395162
1322	0.0400205	0.0395147
1323	0.0400185	0.0395131
1324	0.040017	0.0395114
1325	0.0400159	0.0395099
1326	0.0400148	0.0395084
1327	0.040013	0.0395067
1328	0.040011	0.0395051
1329	0.0400091	0.0395035
1330	0.040008	0.039502
1331	0.0400063	0.0395004
1332	0.0400044	0.0394989
1333	0.0400028	0.0394973
1334	0.0400017	0.0394957
1335	0.0399994	0.0394941
