1	0.240368	0.228138
2	0.230252	0.218837
3	0.220877	0.210252
4	0.212215	0.202347
5	0.204243	0.195084
6	0.196919	0.188408
7	0.190182	0.182264
8	0.183987	0.176599
9	0.178271	0.171354
10	0.172983	0.166479
11	0.16807	0.161943
12	0.163493	0.157701
13	0.159213	0.153709
14	0.155193	0.149957
15	0.151407	0.146413
16	0.147833	0.143058
17	0.144453	0.139874
18	0.14124	0.136849
19	0.138193	0.133972
20	0.135293	0.131226
21	0.132525	0.128605
22	0.129883	0.126099
23	0.127357	0.123698
24	0.124937	0.121401
25	0.122625	0.1192
26	0.120404	0.117087
27	0.118276	0.115055
28	0.116231	0.113103
29	0.114261	0.111222
30	0.112368	0.109415
31	0.110546	0.107674
32	0.108792	0.105995
33	0.107102	0.104376
34	0.10547	0.102815
35	0.103897	0.101308
36	0.10238	0.0998528
37	0.100912	0.0984462
38	0.0994969	0.0970885
39	0.0981292	0.0957739
40	0.0968056	0.0945044
41	0.0955248	0.0932752
42	0.0942861	0.0920845
43	0.0930894	0.0909321
44	0.0919294	0.0898172
45	0.090805	0.0887363
46	0.0897165	0.087689
47	0.088662	0.0866755
48	0.0876391	0.085691
49	0.0866488	0.0847371
50	0.0856885	0.083811
51	0.0847566	0.0829147
52	0.0838535	0.0820443
53	0.0829769	0.0811987
54	0.0821259	0.080378
55	0.0812984	0.0795831
56	0.0804966	0.078808
57	0.0797173	0.0780564
58	0.0789603	0.0773275
59	0.0782258	0.0766175
60	0.0775106	0.0759281
61	0.0768173	0.0752578
62	0.0761414	0.0746044
63	0.0754858	0.0739711
64	0.0748479	0.0733539
65	0.0742256	0.0727541
66	0.0736221	0.0721701
67	0.0730327	0.0716018
68	0.0724624	0.0710487
69	0.071904	0.0705104
70	0.0713621	0.0699853
71	0.0708347	0.069475
72	0.0703206	0.068978
73	0.0698195	0.0684928
74	0.0693302	0.0680208
75	0.0688548	0.0675604
76	0.0683912	0.0671115
77	0.0679399	0.066674
78	0.0674993	0.0662468
79	0.0670689	0.065831
80	0.0666503	0.0654251
81	0.0662412	0.0650286
82	0.0658425	0.0646421
83	0.0654526	0.0642649
84	0.0650724	0.0638965
85	0.0647016	0.0635374
86	0.0643402	0.0631865
87	0.0639869	0.0628431
88	0.0636408	0.062508
89	0.0633027	0.0621794
90	0.0629726	0.0618612
91	0.0626509	0.0615481
92	0.0623355	0.0612426
93	0.0620285	0.0609439
94	0.0617277	0.0606515
95	0.0614328	0.0603657
96	0.0611459	0.0600866
97	0.0608645	0.0598137
98	0.060589	0.0595456
99	0.0603194	0.0592843
100	0.0600564	0.059028
101	0.0597976	0.0587776
102	0.059546	0.0585324
103	0.0592984	0.0582924
104	0.0590565	0.0580572
105	0.0588194	0.0578264
106	0.0585864	0.0576008
107	0.0583604	0.0573799
108	0.0581366	0.0571632
109	0.0579182	0.0569511
110	0.0577045	0.0567434
111	0.0574956	0.0565394
112	0.0572897	0.0563398
113	0.0570888	0.0561432
114	0.0568911	0.0559511
115	0.0566973	0.0557627
116	0.0565072	0.055577
117	0.0563215	0.0553959
118	0.0561381	0.0552184
119	0.0559581	0.0550439
120	0.0557823	0.0548728
121	0.0556104	0.0547043
122	0.05544	0.0545396
123	0.0552749	0.0543774
124	0.0551111	0.0542182
125	0.0549503	0.0540623
126	0.0547925	0.0539088
127	0.0546387	0.0537584
128	0.0544859	0.0536107
129	0.0543363	0.0534647
130	0.0541902	0.0533218
131	0.0540459	0.0531817
132	0.0539046	0.0530436
133	0.0537651	0.0529076
134	0.0536281	0.0527745
135	0.0534941	0.0526434
136	0.0533614	0.0525144
137	0.0532312	0.0523877
138	0.0531038	0.0522634
139	0.0529777	0.0521407
140	0.0528544	0.05202
141	0.0527322	0.051902
142	0.0526127	0.0517851
143	0.0524947	0.0516701
144	0.0523788	0.0515576
145	0.0522655	0.0514462
146	0.052153	0.0513372
147	0.052043	0.05123
148	0.051934	0.0511231
149	0.0518269	0.051019
150	0.0517212	0.0509162
151	0.0516173	0.0508147
152	0.0515152	0.0507148
153	0.0514145	0.0506167
154	0.0513153	0.0505199
155	0.0512184	0.0504251
156	0.0511217	0.0503312
157	0.0510273	0.0502388
158	0.050934	0.0501479
159	0.0508418	0.050058
160	0.0507507	0.0499701
161	0.0506618	0.0498825
162	0.0505736	0.0497972
163	0.0504867	0.0497122
164	0.0504014	0.0496288
165	0.0503176	0.0495469
166	0.0502338	0.0494656
167	0.0501528	0.0493856
168	0.0500715	0.0493067
169	0.0499918	0.0492288
170	0.0499129	0.0491516
171	0.0498354	0.0490761
172	0.0497588	0.0490019
173	0.0496834	0.0489282
174	0.0496085	0.0488553
175	0.0495352	0.0487837
176	0.0494624	0.0487131
177	0.0493909	0.0486428
178	0.0493208	0.0485745
179	0.049251	0.0485065
180	0.049183	0.0484394
181	0.049115	0.0483729
182	0.0490477	0.0483073
183	0.0489814	0.0482428
184	0.0489171	0.0481794
185	0.048852	0.0481166
186	0.0487886	0.0480547
187	0.0487254	0.0479934
188	0.0486633	0.0479326
189	0.0486021	0.0478731
190	0.0485412	0.0478138
191	0.0484816	0.0477554
192	0.0484224	0.0476979
193	0.0483643	0.0476408
194	0.0483063	0.0475848
195	0.0482492	0.0475291
196	0.0481936	0.047474
197	0.0481378	0.0474201
198	0.048083	0.0473665
199	0.0480287	0.0473136
200	0.0479755	0.047261
201	0.0479225	0.0472095
202	0.0478705	0.0471587
203	0.0478182	0.0471082
204	0.0477668	0.0470584
205	0.0477164	0.0470087
206	0.047667	0.0469604
207	0.0476174	0.0469116
208	0.0475685	0.0468636
209	0.0475203	0.0468166
210	0.0474722	0.0467699
211	0.0474252	0.0467241
212	0.0473785	0.0466786
213	0.0473326	0.0466335
214	0.0472869	0.046589
215	0.0472416	0.0465453
216	0.0471974	0.0465014
217	0.0471532	0.0464583
218	0.0471094	0.0464154
219	0.0470667	0.0463736
220	0.0470237	0.0463317
221	0.0469816	0.04629
222	0.0469396	0.0462492
223	0.0468982	0.0462087
224	0.0468572	0.0461684
225	0.0468164	0.046129
226	0.0467765	0.0460899
227	0.0467375	0.0460514
228	0.0466977	0.0460124
229	0.0466579	0.0459745
230	0.0466197	0.0459371
231	0.0465817	0.0458997
232	0.0465438	0.0458626
233	0.046506	0.0458264
234	0.0464694	0.0457904
235	0.0464324	0.0457548
236	0.0463966	0.0457191
237	0.0463611	0.045684
238	0.0463254	0.0456491
239	0.0462904	0.045615
240	0.0462551	0.0455811
241	0.046221	0.045547
242	0.046187	0.0455136
243	0.0461531	0.0454809
244	0.0461196	0.0454484
245	0.0460862	0.0454158
246	0.0460537	0.0453834
247	0.0460207	0.0453512
248	0.0459889	0.04532
249	0.0459563	0.0452889
250	0.0459249	0.0452577
251	0.0458935	0.0452275
252	0.0458631	0.0451971
253	0.0458321	0.0451675
254	0.0458014	0.0451376
255	0.0457714	0.045108
256	0.0457406	0.0450787
257	0.045711	0.0450498
258	0.0456821	0.0450208
259	0.0456523	0.044992
260	0.0456229	0.044964
261	0.0455943	0.0449358
262	0.0455671	0.0449084
263	0.0455381	0.0448813
264	0.0455105	0.0448542
265	0.0454831	0.0448273
266	0.0454552	0.0448004
267	0.0454281	0.0447739
268	0.0454012	0.0447476
269	0.0453745	0.0447218
270	0.0453484	0.0446958
271	0.0453221	0.0446701
272	0.0452963	0.0446445
273	0.0452704	0.0446194
274	0.0452447	0.0445945
275	0.0452196	0.0445699
276	0.0451937	0.044545
277	0.045169	0.0445208
278	0.0451449	0.0444971
279	0.0451205	0.0444731
280	0.0450959	0.0444494
281	0.0450713	0.0444259
282	0.045048	0.0444027
283	0.0450242	0.0443798
284	0.0450012	0.0443565
285	0.044977	0.0443337
286	0.0449546	0.0443112
287	0.0449317	0.0442888
288	0.0449087	0.0442663
289	0.0448866	0.0442445
290	0.0448643	0.0442227
291	0.0448419	0.044201
292	0.0448197	0.0441793
293	0.0447974	0.0441579
294	0.0447764	0.0441368
295	0.0447552	0.0441159
296	0.044734	0.0440952
297	0.0447126	0.0440746
298	0.0446908	0.0440541
299	0.0446704	0.0440339
300	0.0446502	0.0440141
301	0.0446299	0.0439939
302	0.0446096	0.043974
303	0.0445896	0.0439542
304	0.0445689	0.0439346
305	0.0445489	0.0439154
306	0.0445298	0.0438963
307	0.0445099	0.0438773
308	0.0444899	0.043858
309	0.0444712	0.0438391
310	0.0444522	0.0438207
311	0.0444331	0.0438022
312	0.0444142	0.0437843
313	0.0443954	0.0437659
314	0.0443768	0.0437477
315	0.0443581	0.0437297
316	0.0443393	0.0437118
317	0.0443218	0.0436941
318	0.0443038	0.0436769
319	0.044285	0.0436592
320	0.0442678	0.0436415
321	0.0442504	0.0436243
322	0.0442331	0.0436073
323	0.0442154	0.0435903
324	0.0441981	0.0435732
325	0.0441812	0.0435563
326	0.0441641	0.0435399
327	0.0441469	0.0435234
328	0.0441305	0.0435069
329	0.0441138	0.0434907
330	0.0440976	0.0434742
331	0.0440809	0.0434581
332	0.0440646	0.0434422
333	0.0440483	0.0434268
334	0.0440321	0.0434111
335	0.0440163	0.0433956
336	0.044	0.0433799
337	0.0439848	0.0433645
338	0.043969	0.0433496
339	0.0439537	0.0433344
340	0.0439385	0.0433191
341	0.0439223	0.0433043
342	0.043908	0.0432896
343	0.0438923	0.0432745
344	0.0438774	0.0432599
345	0.0438623	0.0432454
346	0.0438471	0.0432308
347	0.0438329	0.0432166
348	0.0438179	0.0432024
349	0.0438032	0.043188
350	0.0437883	0.0431737
351	0.0437747	0.0431596
352	0.0437604	0.0431456
353	0.0437467	0.043132
354	0.0437321	0.0431182
355	0.0437182	0.0431047
356	0.0437048	0.0430911
357	0.0436903	0.0430776
358	0.0436771	0.043064
359	0.0436633	0.0430506
360	0.0436495	0.0430376
361	0.0436358	0.0430245
362	0.0436225	0.0430114
363	0.0436098	0.0429986
364	0.0435956	0.0429857
365	0.0435829	0.0429725
366	0.0435701	0.0429596
367	0.0435567	0.042947
368	0.043544	0.0429345
369	0.0435313	0.0429221
370	0.0435181	0.0429097
371	0.0435049	0.0428973
372	0.0434923	0.0428851
373	0.0434807	0.0428729
374	0.0434683	0.0428608
375	0.043456	0.0428489
376	0.0434437	0.0428372
377	0.0434313	0.0428251
378	0.0434191	0.0428131
379	0.0434071	0.0428014
380	0.043395	0.0427896
381	0.0433832	0.042778
382	0.0433713	0.0427664
383	0.0433595	0.0427549
384	0.0433477	0.0427436
385	0.0433366	0.0427317
386	0.0433239	0.0427205
387	0.043313	0.0427093
388	0.0433017	0.0426982
389	0.0432903	0.042687
390	0.0432779	0.042676
391	0.0432672	0.042665
392	0.0432559	0.0426543
393	0.0432451	0.0426434
394	0.0432343	0.0426326
395	0.0432227	0.0426219
396	0.0432118	0.0426112
397	0.0432006	0.0426004
398	0.0431901	0.0425897
399	0.0431797	0.0425791
400	0.0431684	0.0425689
401	0.0431579	0.0425585
402	0.0431473	0.0425483
403	0.043137	0.042538
404	0.0431263	0.0425277
405	0.0431156	0.0425178
406	0.0431053	0.0425074
407	0.0430947	0.0424974
408	0.0430852	0.0424872
409	0.0430745	0.0424775
410	0.0430648	0.0424678
411	0.0430547	0.0424577
412	0.0430446	0.0424479
413	0.0430346	0.0424381
414	0.0430248	0.0424282
415	0.0430149	0.0424186
416	0.0430051	0.0424092
417	0.0429955	0.0423996
418	0.0429858	0.0423899
419	0.042976	0.0423805
420	0.0429663	0.0423713
421	0.0429568	0.0423618
422	0.0429474	0.0423525
423	0.0429378	0.0423429
424	0.0429284	0.0423338
425	0.0429187	0.0423248
426	0.0429098	0.0423155
427	0.0429006	0.042307
428	0.0428908	0.0422981
429	0.0428818	0.0422888
430	0.0428728	0.0422798
431	0.0428632	0.0422711
432	0.0428544	0.0422624
433	0.0428457	0.0422537
434	0.0428372	0.0422448
435	0.0428267	0.042236
436	0.042819	0.0422273
437	0.0428097	0.0422186
438	0.0428011	0.0422102
439	0.0427925	0.0422018
440	0.0427833	0.0421931
441	0.0427745	0.0421845
442	0.0427662	0.0421761
443	0.0427575	0.042168
444	0.0427489	0.0421597
445	0.0427403	0.0421515
446	0.0427324	0.0421433
447	0.0427237	0.0421349
448	0.0427154	0.0421267
449	0.0427076	0.0421186
450	0.0426986	0.0421104
451	0.0426908	0.0421026
452	0.0426826	0.0420943
453	0.0426743	0.0420866
454	0.0426659	0.0420785
455	0.0426583	0.0420705
456	0.0426503	0.0420628
457	0.0426418	0.0420549
458	0.0426343	0.0420468
459	0.0426264	0.0420392
460	0.0426181	0.0420316
461	0.0426102	0.0420238
462	0.0426028	0.0420162
463	0.0425949	0.0420089
464	0.0425876	0.0420014
465	0.0425791	0.0419937
466	0.0425714	0.0419861
467	0.0425639	0.0419788
468	0.0425561	0.0419713
469	0.0425494	0.041964
470	0.0425415	0.0419566
471	0.0425331	0.0419492
472	0.0425261	0.0419419
473	0.0425187	0.0419346
474	0.0425113	0.0419273
475	0.0425035	0.0419201
476	0.0424963	0.0419128
477	0.0424895	0.0419058
478	0.0424819	0.0418987
479	0.042475	0.0418916
480	0.0424676	0.0418847
481	0.0424604	0.0418776
482	0.0424533	0.0418706
483	0.0424457	0.0418637
484	0.0424391	0.0418566
485	0.0424322	0.0418498
486	0.0424252	0.0418429
487	0.0424176	0.0418359
488	0.0424114	0.0418294
489	0.0424039	0.0418227
490	0.042397	0.0418158
491	0.0423901	0.041809
492	0.0423824	0.0418023
493	0.0423762	0.0417955
494	0.0423689	0.0417888
495	0.0423623	0.0417822
496	0.0423557	0.0417757
497	0.0423492	0.0417692
498	0.0423423	0.0417627
499	0.0423355	0.0417561
500	0.0423288	0.04175
501	0.0423222	0.0417434
502	0.0423157	0.0417369
503	0.0423087	0.0417305
504	0.0423027	0.0417241
505	0.0422964	0.0417177
506	0.0422898	0.0417114
507	0.0422837	0.0417051
508	0.0422766	0.041699
509	0.0422708	0.0416929
510	0.0422643	0.0416866
511	0.0422583	0.0416803
512	0.0422517	0.0416743
513	0.0422452	0.0416682
514	0.0422393	0.0416622
515	0.0422329	0.0416559
516	0.0422271	0.0416497
517	0.04222	0.0416439
518	0.0422139	0.0416379
519	0.0422079	0.0416316
520	0.0422022	0.0416255
521	0.0421955	0.0416194
522	0.0421898	0.0416135
523	0.0421836	0.0416075
524	0.0421773	0.0416018
525	0.0421723	0.041596
526	0.042166	0.0415903
527	0.04216	0.0415844
528	0.0421537	0.0415786
529	0.0421484	0.0415726
530	0.0421424	0.041567
531	0.0421357	0.041561
532	0.04213	0.0415553
533	0.0421246	0.0415494
534	0.042119	0.0415435
535	0.0421129	0.0415379
536	0.0421074	0.0415325
537	0.0421016	0.0415267
538	0.0420958	0.0415212
539	0.0420899	0.0415158
540	0.0420842	0.04151
541	0.0420789	0.0415045
542	0.0420731	0.0414988
543	0.0420673	0.0414935
544	0.0420613	0.0414881
545	0.0420562	0.0414826
546	0.0420512	0.0414773
547	0.0420455	0.041472
548	0.0420399	0.0414665
549	0.0420334	0.0414612
550	0.0420283	0.0414558
551	0.0420229	0.0414505
552	0.0420168	0.0414452
553	0.0420125	0.0414398
554	0.0420065	0.0414344
555	0.0420015	0.0414291
556	0.0419962	0.0414238
557	0.0419903	0.0414186
558	0.041985	0.0414137
559	0.0419796	0.0414087
560	0.0419745	0.0414036
561	0.0419696	0.0413984
562	0.0419646	0.0413932
563	0.0419591	0.041388
564	0.0419533	0.0413829
565	0.0419488	0.0413779
566	0.0419437	0.0413726
567	0.0419376	0.0413676
568	0.041933	0.0413626
569	0.0419281	0.0413576
570	0.0419229	0.0413527
571	0.0419182	0.0413477
572	0.0419133	0.0413428
573	0.0419078	0.0413379
574	0.0419026	0.0413329
575	0.0418975	0.041328
576	0.0418926	0.0413231
577	0.0418876	0.0413182
578	0.0418831	0.0413136
579	0.041878	0.0413089
580	0.0418727	0.041304
581	0.0418677	0.0412991
582	0.0418633	0.0412944
583	0.0418577	0.0412894
584	0.0418529	0.0412847
585	0.0418485	0.04128
586	0.041843	0.0412752
587	0.0418384	0.0412704
588	0.0418341	0.0412656
589	0.0418286	0.041261
590	0.0418243	0.0412564
591	0.0418194	0.0412518
592	0.0418143	0.0412473
593	0.0418101	0.0412429
594	0.0418051	0.0412382
595	0.0418005	0.0412337
596	0.0417956	0.041229
597	0.0417915	0.0412245
598	0.0417867	0.0412199
599	0.0417818	0.0412153
600	0.0417777	0.0412107
601	0.0417727	0.0412062
602	0.0417679	0.0412018
603	0.0417639	0.0411972
604	0.0417594	0.0411927
605	0.0417546	0.0411884
606	0.0417494	0.0411841
607	0.0417457	0.0411795
608	0.0417407	0.0411751
609	0.0417359	0.0411707
610	0.0417318	0.0411664
611	0.0417272	0.041162
612	0.0417225	0.0411576
613	0.0417183	0.0411533
614	0.0417138	0.0411488
615	0.0417089	0.0411445
616	0.041705	0.0411402
617	0.0417004	0.041136
618	0.0416959	0.0411314
619	0.0416919	0.0411272
620	0.0416875	0.041123
621	0.0416826	0.0411188
622	0.0416787	0.0411145
623	0.0416746	0.0411104
624	0.0416697	0.0411061
625	0.0416656	0.0411019
626	0.0416612	0.0410976
627	0.0416571	0.0410935
628	0.0416533	0.0410894
629	0.0416489	0.0410851
630	0.0416445	0.0410809
631	0.0416405	0.0410766
632	0.0416363	0.0410725
633	0.0416316	0.0410684
634	0.0416276	0.0410644
635	0.0416235	0.0410604
636	0.0416198	0.0410563
637	0.0416155	0.0410523
638	0.0416112	0.0410483
639	0.0416066	0.0410442
640	0.0416027	0.0410402
641	0.0415985	0.0410361
642	0.0415948	0.0410321
643	0.0415911	0.0410282
644	0.0415865	0.0410242
645	0.0415821	0.0410202
646	0.041578	0.0410163
647	0.0415747	0.0410124
648	0.0415712	0.0410087
649	0.0415661	0.0410047
650	0.0415625	0.041001
651	0.0415588	0.0409969
652	0.0415553	0.0409931
653	0.0415506	0.0409893
654	0.0415472	0.0409856
655	0.0415429	0.0409819
656	0.041539	0.0409781
657	0.0415352	0.0409743
658	0.0415315	0.0409705
659	0.0415276	0.0409669
660	0.0415238	0.0409631
661	0.0415196	0.0409593
662	0.0415156	0.0409555
663	0.0415117	0.0409518
664	0.0415084	0.040948
665	0.0415044	0.0409444
666	0.0415009	0.0409406
667	0.0414969	0.0409367
668	0.0414928	0.0409332
669	0.0414889	0.0409294
670	0.0414859	0.0409257
671	0.041482	0.0409219
672	0.0414783	0.0409181
673	0.0414747	0.0409146
674	0.0414699	0.0409109
675	0.0414673	0.0409073
676	0.0414633	0.0409037
677	0.0414597	0.0409001
678	0.041456	0.0408964
679	0.0414519	0.0408927
680	0.0414483	0.040889
681	0.0414447	0.0408856
682	0.0414403	0.0408821
683	0.0414376	0.0408784
684	0.0414337	0.0408749
685	0.0414297	0.0408714
686	0.0414264	0.0408678
687	0.0414231	0.0408642
688	0.0414197	0.0408606
689	0.0414153	0.0408571
690	0.0414112	0.0408535
691	0.0414083	0.04085
692	0.0414041	0.0408465
693	0.0414009	0.040843
694	0.0413979	0.0408395
695	0.041394	0.0408361
696	0.0413905	0.0408326
697	0.0413867	0.0408289
698	0.0413839	0.0408256
699	0.0413801	0.0408219
700	0.0413767	0.0408184
701	0.0413735	0.0408149
702	0.0413692	0.0408115
703	0.0413662	0.0408082
704	0.0413627	0.0408049
705	0.0413594	0.0408015
706	0.0413557	0.0407983
707	0.0413521	0.0407948
708	0.0413483	0.0407915
709	0.0413461	0.040788
710	0.0413419	0.0407848
711	0.0413387	0.0407815
712	0.0413346	0.040778
713	0.0413322	0.0407746
714	0.0413289	0.0407711
715	0.0413252	0.0407679
716	0.0413217	0.0407646
717	0.041318	0.0407614
718	0.0413155	0.0407583
719	0.0413121	0.040755
720	0.0413083	0.0407517
721	0.0413048	0.0407485
722	0.0413014	0.0407452
723	0.0412982	0.0407419
724	0.0412955	0.0407387
725	0.0412919	0.0407354
726	0.0412882	0.0407322
727	0.0412855	0.0407291
728	0.0412814	0.0407259
729	0.0412786	0.0407228
730	0.0412749	0.0407196
731	0.0412721	0.0407163
732	0.0412687	0.0407133
733	0.0412655	0.0407103
734	0.0412619	0.0407073
735	0.0412595	0.040704
736	0.0412558	0.0407008
737	0.0412529	0.0406974
738	0.0412498	0.0406939
739	0.0412468	0.0406907
740	0.0412436	0.0406877
741	0.0412396	0.0406846
742	0.0412372	0.0406818
743	0.0412336	0.0406788
744	0.0412305	0.0406758
745	0.041227	0.0406726
746	0.0412241	0.0406695
747	0.041221	0.0406664
748	0.0412182	0.0406632
749	0.0412154	0.0406604
750	0.041212	0.0406573
751	0.0412086	0.0406543
752	0.041206	0.0406512
753	0.0412021	0.0406481
754	0.0411988	0.0406449
755	0.0411962	0.0406418
756	0.0411931	0.0406389
757	0.0411899	0.040636
758	0.041187	0.0406332
759	0.0411837	0.0406301
760	0.0411806	0.0406272
761	0.0411777	0.0406242
762	0.0411751	0.0406212
763	0.0411716	0.0406182
764	0.0411687	0.0406153
765	0.0411657	0.0406123
766	0.0411628	0.0406093
767	0.0411595	0.0406063
768	0.0411567	0.0406035
769	0.0411536	0.0406005
770	0.0411511	0.0405977
771	0.0411479	0.0405949
772	0.0411448	0.0405919
773	0.0411416	0.0405892
774	0.0411392	0.0405864
775	0.0411358	0.0405835
776	0.0411325	0.0405807
777	0.0411301	0.0405778
778	0.0411278	0.0405748
779	0.0411244	0.040572
780	0.0411212	0.0405691
781	0.0411187	0.0405662
782	0.0411154	0.0405633
783	0.0411128	0.0405603
784	0.0411099	0.0405575
785	0.0411068	0.0405547
786	0.041104	0.0405519
787	0.0411013	0.0405491
788	0.0410984	0.0405463
789	0.0410951	0.0405434
790	0.041092	0.0405407
791	0.0410897	0.0405378
792	0.0410869	0.0405352
793	0.0410837	0.0405323
794	0.0410816	0.0405296
795	0.0410775	0.0405268
796	0.0410752	0.0405239
797	0.0410726	0.0405211
798	0.0410702	0.0405183
799	0.0410667	0.0405156
800	0.0410638	0.0405129
801	0.0410612	0.0405102
802	0.0410587	0.0405075
803	0.0410556	0.0405049
804	0.0410526	0.0405023
805	0.0410505	0.0404995
806	0.0410476	0.0404967
807	0.0410444	0.0404939
808	0.0410424	0.0404912
809	0.0410388	0.0404885
810	0.0410365	0.040486
811	0.0410335	0.0404834
812	0.0410308	0.0404807
813	0.0410286	0.0404779
814	0.0410257	0.0404754
815	0.041023	0.0404728
816	0.0410202	0.0404701
817	0.0410174	0.0404675
818	0.0410151	0.0404648
819	0.041012	0.040462
820	0.041009	0.0404593
821	0.0410068	0.0404568
822	0.0410043	0.0404542
823	0.0410015	0.0404516
824	0.0409985	0.0404491
825	0.0409962	0.0404465
826	0.040993	0.0404438
827	0.0409905	0.0404412
828	0.040988	0.0404386
829	0.0409851	0.0404361
830	0.0409831	0.0404334
831	0.0409795	0.0404308
832	0.0409773	0.0404283
833	0.0409746	0.0404257
834	0.0409721	0.0404231
835	0.0409695	0.0404204
836	0.040967	0.0404179
837	0.0409644	0.0404153
838	0.0409616	0.0404127
839	0.0409588	0.0404101
840	0.0409567	0.0404075
841	0.0409535	0.040405
842	0.0409513	0.0404025
843	0.0409483	0.0403999
844	0.0409458	0.0403974
845	0.0409435	0.0403948
846	0.0409411	0.0403923
847	0.0409388	0.0403897
848	0.0409366	0.0403871
849	0.0409337	0.0403846
850	0.0409309	0.0403821
851	0.0409287	0.0403797
852	0.0409261	0.0403773
853	0.0409232	0.0403748
854	0.0409213	0.0403724
855	0.0409181	0.04037
856	0.0409157	0.0403674
857	0.0409133	0.0403648
858	0.0409107	0.0403623
859	0.0409078	0.04036
860	0.040906	0.0403575
861	0.0409037	0.040355
862	0.0409014	0.0403525
863	0.0408985	0.0403502
864	0.0408964	0.0403478
865	0.0408933	0.0403454
866	0.0408906	0.040343
867	0.0408891	0.0403405
868	0.0408862	0.0403381
869	0.0408841	0.0403357
870	0.0408813	0.0403333
871	0.0408791	0.0403308
872	0.0408764	0.0403284
873	0.0408743	0.040326
874	0.0408712	0.0403235
875	0.0408693	0.0403211
876	0.0408666	0.0403188
877	0.0408643	0.0403164
878	0.0408622	0.0403141
879	0.0408592	0.0403117
880	0.0408573	0.0403092
881	0.040855	0.0403069
882	0.040852	0.0403045
883	0.0408497	0.040302
884	0.0408471	0.0402996
885	0.0408443	0.0402973
886	0.0408425	0.0402948
887	0.0408403	0.0402925
888	0.0408381	0.0402902
889	0.0408359	0.040288
890	0.040833	0.0402855
891	0.0408311	0.0402833
892	0.0408285	0.040281
893	0.0408265	0.0402787
894	0.0408236	0.0402765
895	0.0408217	0.0402741
896	0.0408192	0.0402719
897	0.0408166	0.0402697
898	0.0408148	0.0402674
899	0.0408118	0.0402649
900	0.04081	0.0402627
901	0.0408075	0.0402605
902	0.0408048	0.0402583
903	0.0408027	0.040256
904	0.040801	0.0402537
905	0.0407976	0.0402515
906	0.040796	0.0402492
907	0.0407936	0.0402469
908	0.0407908	0.0402448
909	0.0407889	0.0402426
910	0.0407869	0.0402405
911	0.0407849	0.0402381
912	0.0407825	0.0402357
913	0.0407792	0.0402335
914	0.0407768	0.0402312
915	0.0407751	0.0402291
916	0.0407725	0.0402268
917	0.0407703	0.0402246
918	0.0407683	0.0402224
919	0.0407667	0.0402202
920	0.0407639	0.0402179
921	0.0407622	0.0402157
922	0.0407594	0.0402135
923	0.0407566	0.0402113
924	0.040755	0.0402092
925	0.0407523	0.040207
926	0.0407505	0.0402048
927	0.0407484	0.0402027
928	0.0407459	0.0402006
929	0.0407441	0.0401984
930	0.0407418	0.0401961
931	0.0407393	0.0401939
932	0.0407369	0.0401917
933	0.0407355	0.0401897
934	0.040733	0.0401877
935	0.0407304	0.0401855
936	0.0407286	0.0401834
937	0.0407267	0.0401812
938	0.0407241	0.0401791
939	0.0407221	0.040177
940	0.0407194	0.040175
941	0.0407176	0.040173
942	0.0407154	0.0401708
943	0.0407132	0.0401685
944	0.0407109	0.0401663
945	0.0407089	0.0401643
946	0.0407069	0.0401623
947	0.0407047	0.0401602
948	0.0407019	0.0401579
949	0.0407002	0.0401559
950	0.040698	0.0401539
951	0.0406957	0.0401518
952	0.0406941	0.0401498
953	0.0406924	0.0401476
954	0.0406901	0.0401456
955	0.0406873	0.0401434
956	0.0406858	0.0401412
957	0.0406832	0.0401391
958	0.0406811	0.0401371
959	0.0406791	0.0401351
960	0.0406771	0.0401331
961	0.0406753	0.0401311
962	0.0406729	0.0401289
963	0.0406707	0.0401269
964	0.0406682	0.0401248
965	0.0406661	0.0401228
966	0.0406635	0.0401207
967	0.040662	0.0401186
968	0.04066	0.0401165
969	0.0406581	0.0401143
970	0.040656	0.0401123
971	0.0406535	0.0401102
972	0.0406513	0.0401082
973	0.04065	0.040106
974	0.0406471	0.040104
975	0.0406454	0.040102
976	0.0406435	0.0400999
977	0.0406416	0.0400979
978	0.0406395	0.040096
979	0.0406371	0.0400941
980	0.040635	0.0400921
981	0.0406334	0.0400901
982	0.0406309	0.0400882
983	0.0406295	0.0400862
984	0.0406278	0.0400841
985	0.0406252	0.0400821
986	0.0406228	0.04008
987	0.0406209	0.040078
988	0.0406191	0.0400761
989	0.0406173	0.0400741
990	0.0406154	0.040072
991	0.0406127	0.0400701
992	0.0406106	0.0400681
993	0.040609	0.0400661
994	0.0406069	0.0400642
995	0.0406053	0.0400621
996	0.0406032	0.0400601
997	0.0406013	0.0400582
998	0.0405992	0.0400562
999	0.0405967	0.0400542
1000	0.0405955	0.0400522
1001	0.0405937	0.0400503
1002	0.040591	0.0400485
1003	0.0405889	0.0400466
1004	0.0405867	0.0400446
1005	0.0405848	0.0400427
1006	0.0405831	0.0400408
1007	0.0405814	0.0400389
1008	0.0405791	0.040037
1009	0.0405773	0.0400352
1010	0.0405754	0.0400332
1011	0.040574	0.0400312
1012	0.0405711	0.0400292
1013	0.0405702	0.0400273
1014	0.0405681	0.0400254
1015	0.0405658	0.0400236
1016	0.040564	0.0400216
1017	0.0405617	0.0400197
1018	0.0405593	0.0400179
1019	0.0405577	0.0400161
1020	0.0405559	0.0400141
1021	0.0405538	0.0400122
1022	0.0405522	0.0400103
1023	0.0405501	0.0400083
1024	0.0405481	0.0400064
1025	0.0405463	0.0400044
1026	0.0405451	0.0400026
1027	0.0405429	0.0400007
1028	0.0405407	0.0399987
1029	0.0405391	0.0399969
1030	0.0405372	0.0399951
1031	0.040535	0.0399933
1032	0.0405331	0.0399914
1033	0.0405318	0.0399896
1034	0.0405294	0.0399878
1035	0.0405273	0.0399861
1036	0.0405247	0.0399843
1037	0.0405237	0.0399824
1038	0.0405213	0.0399805
1039	0.0405194	0.0399786
1040	0.0405182	0.0399768
1041	0.0405158	0.0399749
1042	0.0405139	0.0399731
1043	0.0405122	0.0399712
1044	0.0405102	0.0399695
1045	0.0405085	0.0399676
1046	0.0405069	0.0399657
1047	0.040505	0.0399639
1048	0.0405032	0.0399621
1049	0.0405013	0.0399602
1050	0.0404994	0.0399585
1051	0.0404969	0.0399567
1052	0.0404954	0.0399549
1053	0.0404936	0.039953
1054	0.0404917	0.0399511
1055	0.0404898	0.0399494
1056	0.0404882	0.0399476
1057	0.0404863	0.0399458
1058	0.0404845	0.0399441
1059	0.0404824	0.0399422
1060	0.0404808	0.0399404
1061	0.0404793	0.0399385
1062	0.0404774	0.0399367
1063	0.0404756	0.0399349
1064	0.0404738	0.0399332
1065	0.0404719	0.0399314
1066	0.0404704	0.0399296
1067	0.0404688	0.0399279
1068	0.0404666	0.0399262
1069	0.0404645	0.0399244
1070	0.0404632	0.0399226
1071	0.0404608	0.0399207
1072	0.0404595	0.039919
1073	0.0404575	0.0399172
1074	0.0404562	0.0399154
1075	0.0404541	0.0399136
1076	0.0404523	0.0399119
1077	0.0404499	0.0399102
1078	0.0404486	0.0399086
1079	0.0404473	0.0399067
1080	0.0404458	0.0399049
1081	0.0404428	0.0399032
1082	0.0404418	0.0399015
1083	0.0404395	0.0398999
1084	0.0404386	0.0398982
1085	0.0404366	0.0398965
1086	0.0404346	0.0398948
1087	0.0404334	0.039893
1088	0.0404317	0.0398913
1089	0.0404295	0.0398896
1090	0.0404277	0.0398879
1091	0.0404254	0.0398861
1092	0.0404245	0.0398844
1093	0.0404226	0.0398827
1094	0.0404204	0.0398809
1095	0.0404184	0.0398792
1096	0.0404167	0.0398775
1097	0.0404151	0.0398757
1098	0.0404131	0.0398741
1099	0.040412	0.0398724
1100	0.0404099	0.0398708
1101	0.0404081	0.0398691
1102	0.0404069	0.0398674
1103	0.0404047	0.0398658
1104	0.0404029	0.0398643
1105	0.0404017	0.0398625
1106	0.0403993	0.0398607
1107	0.0403978	0.039859
1108	0.0403971	0.0398572
1109	0.040394	0.0398556
1110	0.040393	0.0398539
1111	0.0403908	0.0398522
1112	0.0403897	0.0398506
1113	0.0403874	0.0398489
1114	0.0403859	0.0398472
1115	0.0403848	0.0398456
1116	0.0403824	0.0398438
1117	0.0403805	0.0398422
1118	0.0403791	0.0398406
1119	0.0403776	0.0398388
1120	0.0403759	0.0398372
1121	0.0403742	0.0398357
1122	0.0403719	0.039834
1123	0.0403711	0.0398323
1124	0.0403687	0.0398307
1125	0.0403676	0.039829
1126	0.0403658	0.0398273
1127	0.040364	0.0398257
1128	0.040362	0.039824
1129	0.040361	0.0398223
1130	0.0403594	0.0398207
1131	0.0403579	0.0398192
1132	0.0403557	0.0398175
1133	0.0403545	0.0398159
1134	0.0403525	0.0398143
1135	0.0403507	0.0398126
1136	0.0403493	0.0398109
1137	0.0403477	0.0398093
1138	0.0403462	0.0398076
1139	0.0403445	0.039806
1140	0.0403427	0.0398044
1141	0.0403409	0.0398027
1142	0.0403399	0.0398012
1143	0.0403378	0.0397996
1144	0.0403362	0.039798
1145	0.0403344	0.0397964
1146	0.0403329	0.0397948
1147	0.0403309	0.0397932
1148	0.0403294	0.0397917
1149	0.0403284	0.0397901
1150	0.0403267	0.0397885
1151	0.040325	0.0397869
1152	0.0403231	0.0397854
1153	0.0403221	0.0397838
1154	0.0403197	0.0397822
1155	0.0403179	0.0397806
1156	0.0403166	0.0397791
1157	0.0403149	0.0397775
1158	0.0403136	0.0397759
1159	0.0403118	0.0397742
1160	0.0403101	0.0397727
1161	0.0403086	0.0397712
1162	0.0403069	0.0397697
1163	0.0403061	0.0397681
1164	0.0403045	0.0397664
1165	0.0403022	0.0397647
1166	0.040301	0.0397632
1167	0.0402998	0.0397617
1168	0.0402977	0.0397601
1169	0.0402958	0.0397586
1170	0.0402946	0.039757
1171	0.0402927	0.0397555
1172	0.0402908	0.0397539
1173	0.0402896	0.0397524
1174	0.0402882	0.0397509
1175	0.0402864	0.0397494
1176	0.040285	0.0397478
1177	0.0402831	0.0397462
1178	0.0402818	0.0397447
1179	0.0402802	0.0397431
1180	0.0402785	0.0397417
1181	0.0402767	0.03974
1182	0.0402757	0.0397385
1183	0.0402741	0.0397369
1184	0.0402727	0.0397354
1185	0.0402709	0.0397339
1186	0.0402696	0.0397323
1187	0.0402679	0.0397308
1188	0.0402659	0.0397293
1189	0.0402647	0.0397278
1190	0.0402631	0.0397262
1191	0.0402611	0.0397248
1192	0.0402606	0.0397234
1193	0.0402586	0.0397218
1194	0.0402569	0.0397203
1195	0.0402559	0.0397188
1196	0.040254	0.0397173
1197	0.040252	0.0397158
1198	0.0402509	0.0397143
1199	0.0402493	0.0397127
1200	0.0402481	0.0397113
1201	0.0402462	0.0397098
1202	0.0402448	0.0397083
1203	0.0402432	0.0397067
1204	0.040242	0.0397052
1205	0.0402405	0.0397037
1206	0.040239	0.0397022
1207	0.0402371	0.0397007
1208	0.0402353	0.0396993
1209	0.0402341	0.0396979
1210	0.040232	0.0396963
1211	0.0402315	0.0396948
1212	0.0402295	0.0396934
1213	0.0402279	0.0396919
1214	0.0402266	0.0396903
1215	0.0402249	0.0396889
1216	0.0402236	0.0396873
1217	0.040222	0.0396859
1218	0.0402204	0.0396844
1219	0.0402195	0.039683
1220	0.0402176	0.0396815
1221	0.0402157	0.03968
1222	0.0402142	0.0396785
1223	0.0402133	0.039677
1224	0.0402123	0.0396756
1225	0.0402106	0.0396742
1226	0.0402094	0.0396728
1227	0.0402075	0.0396714
1228	0.0402052	0.0396699
1229	0.0402043	0.0396685
1230	0.0402026	0.039667
1231	0.0402014	0.0396656
1232	0.0402	0.0396641
1233	0.040198	0.0396627
1234	0.040197	0.0396613
1235	0.0401954	0.0396598
1236	0.040194	0.0396585
1237	0.0401925	0.039657
1238	0.0401911	0.0396556
1239	0.0401895	0.0396541
1240	0.040188	0.0396526
1241	0.0401865	0.0396512
1242	0.0401852	0.0396497
1243	0.0401838	0.0396482
1244	0.0401824	0.0396468
1245	0.0401807	0.0396454
1246	0.0401793	0.039644
1247	0.0401777	0.0396426
1248	0.0401767	0.0396412
1249	0.0401754	0.0396398
1250	0.0401736	0.0396383
1251	0.040172	0.0396369
1252	0.0401706	0.0396356
1253	0.0401692	0.0396341
1254	0.040168	0.0396327
1255	0.0401664	0.0396312
1256	0.040165	0.0396298
1257	0.0401634	0.0396284
1258	0.0401625	0.039627
1259	0.0401607	0.0396255
1260	0.040159	0.0396242
1261	0.0401581	0.0396229
1262	0.0401561	0.0396214
1263	0.0401551	0.0396199
1264	0.0401538	0.0396185
1265	0.0401525	0.0396172
1266	0.0401506	0.0396157
1267	0.0401499	0.0396144
1268	0.0401482	0.0396129
1269	0.0401464	0.0396116
1270	0.040145	0.0396101
1271	0.0401439	0.0396087
1272	0.0401429	0.0396074
1273	0.040141	0.039606
1274	0.0401398	0.0396047
1275	0.0401381	0.0396032
1276	0.0401369	0.0396018
1277	0.040136	0.0396005
1278	0.0401343	0.0395991
1279	0.0401334	0.0395977
1280	0.0401308	0.0395964
1281	0.0401298	0.039595
1282	0.0401284	0.0395936
1283	0.0401275	0.0395923
1284	0.0401261	0.039591
1285	0.0401243	0.0395897
1286	0.0401235	0.0395883
1287	0.0401216	0.0395869
1288	0.0401205	0.0395856
1289	0.0401187	0.0395842
1290	0.0401171	0.0395829
1291	0.0401161	0.0395815
1292	0.0401154	0.0395802
1293	0.0401135	0.0395789
1294	0.0401123	0.0395775
1295	0.0401104	0.0395762
1296	0.0401092	0.0395749
1297	0.0401083	0.0395736
1298	0.0401068	0.0395722
1299	0.0401055	0.0395709
1300	0.0401039	0.0395695
1301	0.0401025	0.0395682
1302	0.0401009	0.0395669
1303	0.0400998	0.0395656
1304	0.0400983	0.0395644
1305	0.040097	0.039563
1306	0.0400955	0.0395617
1307	0.040094	0.0395604
1308	0.0400932	0.0395591
1309	0.0400919	0.0395578
1310	0.0400905	0.0395565
1311	0.0400884	0.0395552
1312	0.0400876	0.0395538
1313	0.0400863	0.0395524
1314	0.0400852	0.0395511
1315	0.0400838	0.0395498
1316	0.040082	0.0395485
1317	0.0400812	0.0395471
1318	0.04008	0.0395458
1319	0.040078	0.0395445
1320	0.040077	0.0395433
1321	0.0400753	0.0395419
1322	0.0400738	0.0395406
1323	0.040073	0.0395392
1324	0.0400718	0.0395379
1325	0.0400705	0.0395366
1326	0.0400689	0.0395353
1327	0.0400679	0.0395341
1328	0.0400663	0.0395328
1329	0.040065	0.0395315
1330	0.0400639	0.0395301
1331	0.0400626	0.0395289
1332	0.0400612	0.0395276
1333	0.0400595	0.0395264
1334	0.0400587	0.0395252
1335	0.040057	0.0395238
1336	0.0400562	0.0395225
1337	0.0400547	0.0395212
1338	0.0400536	0.0395199
1339	0.0400527	0.0395185
1340	0.0400505	0.0395171
1341	0.0400494	0.0395158
1342	0.0400482	0.0395146
1343	0.0400467	0.0395133
1344	0.0400456	0.039512
1345	0.040044	0.0395108
1346	0.0400424	0.0395096
1347	0.0400418	0.0395082
1348	0.0400406	0.039507
1349	0.0400392	0.0395057
1350	0.0400375	0.0395044
1351	0.0400365	0.0395033
1352	0.0400353	0.039502
1353	0.0400341	0.0395008
1354	0.0400326	0.0394995
1355	0.0400313	0.0394983
1356	0.0400303	0.039497
1357	0.0400289	0.0394956
1358	0.0400275	0.0394944
1359	0.0400261	0.0394932
1360	0.0400248	0.0394918
1361	0.0400233	0.0394906
1362	0.0400227	0.0394893
1363	0.0400212	0.0394882
1364	0.04002	0.0394869
1365	0.0400185	0.0394857
1366	0.0400177	0.0394844
1367	0.0400168	0.0394832
1368	0.0400146	0.039482
1369	0.040014	0.0394808
1370	0.0400123	0.0394796
1371	0.0400114	0.0394784
1372	0.0400102	0.0394771
1373	0.0400084	0.0394758
1374	0.0400075	0.0394746
1375	0.0400062	0.0394734
1376	0.0400049	0.0394721
1377	0.0400032	0.0394709
1378	0.0400028	0.0394696
1379	0.040001	0.0394684
1380	0.0400006	0.0394671
1381	0.0399986	0.039466
