1	0.307385	0.284644
2	0.286876	0.26493
3	0.267035	0.246687
4	0.248671	0.230464
5	0.232341	0.216528
6	0.218314	0.204611
7	0.206316	0.194339
8	0.195972	0.185368
9	0.186939	0.177441
10	0.178964	0.170385
11	0.171856	0.164043
12	0.165472	0.158297
13	0.159688	0.153051
14	0.154405	0.148229
15	0.149549	0.143773
16	0.145062	0.139629
17	0.140892	0.135767
18	0.136999	0.132147
19	0.133356	0.128748
20	0.12993	0.125548
21	0.126706	0.122522
22	0.12366	0.11966
23	0.120779	0.116946
24	0.118045	0.114369
25	0.115447	0.111918
26	0.112981	0.109587
27	0.110632	0.107364
28	0.108391	0.105242
29	0.106254	0.103217
30	0.104213	0.101282
31	0.102264	0.0994363
32	0.100402	0.0976679
33	0.0986224	0.0959788
34	0.0969205	0.0943616
35	0.09529	0.0928133
36	0.0937309	0.0913293
37	0.0922356	0.0899076
38	0.0908033	0.0885457
39	0.0894288	0.0872378
40	0.0881108	0.0859824
41	0.0868472	0.0847778
42	0.0856316	0.0836198
43	0.0844646	0.0825078
44	0.0833448	0.0814388
45	0.0822684	0.0804121
46	0.081234	0.0794217
47	0.0802359	0.0784685
48	0.0792758	0.0775515
49	0.0783509	0.0766662
50	0.0774607	0.075814
51	0.0766015	0.0749917
52	0.0757749	0.0741985
53	0.0749753	0.0734326
54	0.0742021	0.0726929
55	0.0734578	0.0719781
56	0.0727396	0.0712877
57	0.072043	0.0706198
58	0.0713703	0.0699741
59	0.0707208	0.0693494
60	0.0700917	0.0687451
61	0.0694823	0.0681608
62	0.0688931	0.0675932
63	0.0683227	0.0670442
64	0.0677693	0.066511
65	0.0672333	0.0659963
66	0.0667136	0.0654945
67	0.0662108	0.0650089
68	0.0657222	0.0645379
69	0.0652474	0.0640802
70	0.0647868	0.0636361
71	0.0643383	0.063203
72	0.0639031	0.0627837
73	0.063481	0.0623756
74	0.0630712	0.0619789
75	0.0626711	0.0615924
76	0.0622817	0.0612169
77	0.0619039	0.0608511
78	0.0615364	0.0604953
79	0.0611777	0.0601486
80	0.0608289	0.0598113
81	0.0604893	0.0594823
82	0.0601579	0.059162
83	0.0598356	0.0588485
84	0.0595216	0.0585447
85	0.0592145	0.0582475
86	0.0589166	0.0579572
87	0.058623	0.0576743
88	0.0583388	0.057398
89	0.0580613	0.0571284
90	0.0577904	0.0568653
91	0.0575256	0.056608
92	0.0572669	0.0563573
93	0.0570149	0.0561124
94	0.0567673	0.0558729
95	0.0565266	0.0556387
96	0.0562905	0.0554085
97	0.0560603	0.0551852
98	0.0558339	0.0549664
99	0.0556138	0.0547517
100	0.0553984	0.0545422
101	0.0551883	0.0543369
102	0.0549826	0.0541367
103	0.0547796	0.0539406
104	0.0545823	0.0537481
105	0.0543882	0.0535603
106	0.0541989	0.0533758
107	0.0540134	0.0531948
108	0.0538321	0.0530177
109	0.0536539	0.052844
110	0.0534787	0.0526744
111	0.0533082	0.0525072
112	0.0531401	0.0523446
113	0.0529752	0.0521838
114	0.0528144	0.0520273
115	0.0526563	0.0518731
116	0.0525008	0.0517225
117	0.0523499	0.0515739
118	0.0522004	0.0514288
119	0.0520546	0.0512862
120	0.0519099	0.0511457
121	0.0517697	0.0510081
122	0.051631	0.0508734
123	0.0514945	0.0507415
124	0.0513625	0.0506112
125	0.0512312	0.0504831
126	0.0511025	0.0503578
127	0.0509765	0.0502351
128	0.0508528	0.0501141
129	0.0507304	0.0499948
130	0.0506104	0.0498781
131	0.0504933	0.0497633
132	0.0503777	0.0496511
133	0.0502645	0.0495401
134	0.0501519	0.0494309
135	0.0500425	0.0493238
136	0.0499349	0.0492183
137	0.0498286	0.0491146
138	0.0497236	0.0490131
139	0.0496215	0.0489125
140	0.0495213	0.0488141
141	0.0494217	0.0487172
142	0.0493243	0.0486218
143	0.0492279	0.0485277
144	0.0491333	0.0484355
145	0.0490403	0.0483446
146	0.0489486	0.0482551
147	0.0488592	0.0481672
148	0.0487702	0.0480811
149	0.0486831	0.0479951
150	0.0485969	0.0479114
151	0.0485122	0.0478289
152	0.0484293	0.0477471
153	0.0483475	0.0476667
154	0.0482664	0.0475877
155	0.0481864	0.0475104
156	0.0481089	0.0474338
157	0.048031	0.0473585
158	0.0479562	0.0472842
159	0.0478806	0.0472109
160	0.0478064	0.0471384
161	0.0477343	0.0470672
162	0.0476623	0.0469973
163	0.0475918	0.0469283
164	0.0475229	0.04686
165	0.047454	0.046793
166	0.0473863	0.0467272
167	0.0473194	0.0466618
168	0.047254	0.0465973
169	0.0471889	0.046534
170	0.047125	0.0464713
171	0.0470623	0.0464102
172	0.047	0.046349
173	0.0469382	0.0462888
174	0.0468782	0.0462295
175	0.046819	0.0461718
176	0.0467599	0.0461143
177	0.0467017	0.0460571
178	0.0466452	0.0460016
179	0.0465882	0.0459466
180	0.0465329	0.0458915
181	0.0464773	0.0458384
182	0.0464237	0.0457851
183	0.0463705	0.0457325
184	0.0463176	0.045681
185	0.0462659	0.04563
186	0.0462141	0.0455798
187	0.0461634	0.0455301
188	0.0461133	0.0454808
189	0.0460633	0.0454323
190	0.0460146	0.0453848
191	0.0459668	0.0453378
192	0.0459192	0.0452909
193	0.0458724	0.0452451
194	0.0458263	0.0452
195	0.04578	0.0451548
196	0.0457347	0.0451109
197	0.0456897	0.0450671
198	0.045646	0.0450242
199	0.0456023	0.0449814
200	0.0455592	0.0449394
201	0.045517	0.0448981
202	0.0454749	0.0448563
203	0.0454337	0.0448157
204	0.0453923	0.0447758
205	0.0453515	0.0447363
206	0.0453118	0.044697
207	0.0452724	0.0446583
208	0.0452332	0.0446204
209	0.0451948	0.0445826
210	0.0451567	0.0445451
211	0.045119	0.0445088
212	0.0450817	0.0444719
213	0.045046	0.0444362
214	0.045009	0.0444006
215	0.0449732	0.0443654
216	0.0449377	0.0443308
217	0.0449026	0.0442964
218	0.0448675	0.0442627
219	0.0448329	0.0442286
220	0.0447994	0.0441955
221	0.0447655	0.0441629
222	0.0447328	0.04413
223	0.0446999	0.0440981
224	0.0446679	0.044067
225	0.0446357	0.0440358
226	0.0446045	0.044005
227	0.0445733	0.0439744
228	0.0445425	0.0439438
229	0.0445117	0.0439135
230	0.0444816	0.0438842
231	0.044452	0.0438546
232	0.0444218	0.043826
233	0.0443923	0.0437969
234	0.0443639	0.0437682
235	0.044335	0.0437403
236	0.044307	0.0437124
237	0.0442792	0.0436847
238	0.0442509	0.0436574
239	0.0442235	0.0436306
240	0.044196	0.0436044
241	0.0441692	0.043578
242	0.0441433	0.0435518
243	0.0441167	0.0435258
244	0.0440907	0.0435004
245	0.0440645	0.043475
246	0.0440392	0.0434502
247	0.0440142	0.0434257
248	0.0439892	0.0434012
249	0.0439647	0.0433767
250	0.0439396	0.0433529
251	0.0439154	0.0433291
252	0.0438919	0.0433056
253	0.0438683	0.0432824
254	0.0438444	0.0432593
255	0.0438212	0.0432365
256	0.0437984	0.0432137
257	0.0437751	0.0431913
258	0.0437529	0.0431694
259	0.0437304	0.0431474
260	0.043708	0.0431258
261	0.0436862	0.0431046
262	0.0436651	0.0430835
263	0.0436431	0.0430626
264	0.043622	0.0430419
265	0.0436008	0.0430208
266	0.0435806	0.0430005
267	0.0435591	0.0429803
268	0.0435391	0.0429604
269	0.0435187	0.0429404
270	0.0434984	0.0429209
271	0.043479	0.0429014
272	0.0434586	0.042882
273	0.0434395	0.0428629
274	0.0434201	0.0428437
275	0.0434009	0.042825
276	0.0433818	0.0428066
277	0.0433635	0.0427882
278	0.0433445	0.04277
279	0.0433262	0.042752
280	0.0433082	0.042734
281	0.0432899	0.0427161
282	0.0432721	0.0426987
283	0.0432542	0.0426813
284	0.0432365	0.042664
285	0.0432194	0.0426474
286	0.0432015	0.0426305
287	0.043184	0.0426133
288	0.043168	0.0425966
289	0.0431507	0.04258
290	0.0431348	0.0425639
291	0.0431178	0.0425478
292	0.0431015	0.0425317
293	0.0430851	0.0425158
294	0.0430691	0.0425
295	0.043053	0.0424845
296	0.0430377	0.0424689
297	0.0430218	0.0424536
298	0.0430065	0.0424388
299	0.0429909	0.0424234
300	0.042976	0.0424083
301	0.0429605	0.0423934
302	0.0429456	0.0423791
303	0.042931	0.0423647
304	0.0429159	0.04235
305	0.0429016	0.0423358
306	0.0428868	0.0423219
307	0.0428725	0.0423077
308	0.0428582	0.0422937
309	0.0428444	0.0422797
310	0.0428303	0.0422659
311	0.0428168	0.0422525
312	0.0428027	0.0422387
313	0.0427892	0.0422256
314	0.0427755	0.0422124
315	0.042762	0.0421992
316	0.0427488	0.0421863
317	0.042736	0.0421732
318	0.0427224	0.0421603
319	0.0427092	0.0421479
320	0.0426965	0.0421351
321	0.0426837	0.0421225
322	0.0426711	0.0421101
323	0.0426584	0.0420979
324	0.0426453	0.0420857
325	0.042633	0.0420738
326	0.0426212	0.0420619
327	0.0426083	0.0420499
328	0.0425969	0.042038
329	0.0425848	0.0420262
330	0.0425738	0.0420145
331	0.0425613	0.0420029
332	0.0425495	0.0419915
333	0.0425383	0.04198
334	0.0425263	0.0419689
335	0.0425149	0.0419576
336	0.0425038	0.0419465
337	0.0424928	0.0419357
338	0.0424813	0.0419248
339	0.0424706	0.0419141
340	0.0424598	0.0419033
341	0.0424492	0.0418925
342	0.0424379	0.0418818
343	0.0424274	0.0418714
344	0.0424161	0.0418611
345	0.042406	0.0418508
346	0.0423952	0.0418409
347	0.042385	0.0418307
348	0.0423745	0.0418204
349	0.0423641	0.0418103
350	0.0423535	0.0418003
351	0.0423437	0.0417904
352	0.042334	0.0417806
353	0.0423239	0.0417708
354	0.0423141	0.0417609
355	0.042304	0.0417515
356	0.0422943	0.0417418
357	0.0422849	0.0417322
358	0.0422748	0.0417228
359	0.0422653	0.0417135
360	0.0422556	0.0417043
361	0.0422464	0.0416954
362	0.0422374	0.0416861
363	0.0422274	0.041677
364	0.0422189	0.041668
365	0.0422096	0.0416592
366	0.0422004	0.0416505
367	0.042192	0.0416416
368	0.0421827	0.0416331
369	0.0421736	0.0416244
370	0.0421644	0.0416153
371	0.0421557	0.0416067
372	0.0421476	0.0415983
373	0.0421388	0.0415897
374	0.0421303	0.0415812
375	0.0421215	0.0415731
376	0.0421132	0.0415647
377	0.0421048	0.0415566
378	0.0420966	0.0415482
379	0.0420883	0.0415403
380	0.0420796	0.0415323
381	0.0420713	0.041524
382	0.0420636	0.0415161
383	0.0420559	0.0415082
384	0.0420474	0.0415004
385	0.0420392	0.0414927
386	0.0420316	0.041485
387	0.0420236	0.0414773
388	0.0420158	0.0414696
389	0.0420078	0.041462
390	0.0420001	0.0414543
391	0.041993	0.0414468
392	0.0419854	0.0414394
393	0.0419778	0.0414322
394	0.0419706	0.0414247
395	0.0419629	0.0414173
396	0.0419554	0.0414099
397	0.0419479	0.0414028
398	0.0419406	0.0413955
399	0.0419334	0.0413885
400	0.0419263	0.0413815
401	0.0419188	0.0413742
402	0.0419113	0.0413675
403	0.0419048	0.0413605
404	0.0418977	0.0413537
405	0.04189	0.0413468
406	0.0418835	0.0413399
407	0.0418766	0.0413333
408	0.0418697	0.0413264
409	0.041863	0.0413199
410	0.0418561	0.0413131
411	0.0418492	0.0413066
412	0.0418425	0.0413001
413	0.0418358	0.0412936
414	0.041829	0.0412871
415	0.0418226	0.0412807
416	0.0418159	0.0412744
417	0.0418094	0.0412682
418	0.0418036	0.0412616
419	0.0417967	0.0412554
420	0.0417903	0.0412491
421	0.0417838	0.041243
422	0.0417776	0.0412367
423	0.0417714	0.0412305
424	0.0417652	0.0412242
425	0.0417587	0.0412182
426	0.041753	0.0412122
427	0.0417467	0.0412062
428	0.0417401	0.0412003
429	0.0417343	0.0411943
430	0.0417287	0.0411882
431	0.0417226	0.0411825
432	0.0417169	0.0411766
433	0.0417099	0.0411709
434	0.0417044	0.0411651
435	0.0416987	0.0411593
436	0.0416929	0.0411534
437	0.0416869	0.0411475
438	0.0416809	0.0411418
439	0.0416753	0.0411363
440	0.0416694	0.0411308
441	0.0416642	0.0411253
442	0.0416592	0.04112
443	0.0416526	0.0411146
444	0.0416471	0.0411093
445	0.041642	0.0411037
446	0.0416359	0.0410983
447	0.0416306	0.0410926
448	0.0416251	0.0410874
449	0.04162	0.0410821
450	0.0416143	0.0410768
451	0.0416087	0.0410716
452	0.0416041	0.0410664
453	0.0415977	0.0410613
454	0.0415928	0.0410563
455	0.0415871	0.0410511
456	0.0415823	0.041046
457	0.0415771	0.0410407
458	0.0415718	0.0410357
459	0.0415664	0.0410308
460	0.0415618	0.0410259
461	0.0415561	0.0410207
462	0.0415514	0.0410159
463	0.0415469	0.0410108
464	0.0415419	0.0410058
465	0.0415363	0.0410008
466	0.0415307	0.040996
467	0.0415264	0.0409912
468	0.0415215	0.0409862
469	0.0415161	0.0409814
470	0.0415116	0.0409768
471	0.0415067	0.0409721
472	0.0415015	0.0409673
473	0.0414971	0.0409625
474	0.0414923	0.040958
475	0.0414875	0.0409533
476	0.0414831	0.0409487
477	0.0414777	0.040944
478	0.0414736	0.0409395
479	0.0414682	0.0409349
480	0.0414639	0.0409301
481	0.0414591	0.0409256
482	0.0414546	0.0409211
483	0.0414498	0.0409166
484	0.0414454	0.0409122
485	0.0414403	0.0409078
486	0.0414367	0.0409035
487	0.0414317	0.0408991
488	0.0414275	0.0408945
489	0.0414224	0.04089
490	0.0414184	0.0408856
491	0.0414134	0.0408813
492	0.0414091	0.0408771
493	0.0414055	0.0408728
494	0.0414012	0.0408686
495	0.0413963	0.0408643
496	0.0413918	0.0408603
497	0.0413873	0.0408562
498	0.0413832	0.0408518
499	0.0413791	0.0408475
500	0.0413746	0.0408433
501	0.0413707	0.0408393
502	0.0413665	0.0408355
503	0.041362	0.0408314
504	0.0413579	0.0408274
505	0.0413537	0.0408233
506	0.0413498	0.0408192
507	0.0413458	0.040815
508	0.0413408	0.040811
509	0.0413379	0.040807
510	0.0413333	0.0408032
511	0.0413295	0.0407993
512	0.0413254	0.0407952
513	0.0413213	0.0407912
514	0.0413177	0.0407873
515	0.0413132	0.0407834
516	0.0413095	0.0407796
517	0.0413058	0.0407756
518	0.0413019	0.0407717
519	0.041298	0.0407678
520	0.0412942	0.040764
521	0.0412896	0.0407602
522	0.0412862	0.0407563
523	0.0412821	0.0407525
524	0.0412779	0.0407486
525	0.0412747	0.0407449
526	0.0412713	0.0407411
527	0.0412671	0.0407375
528	0.0412633	0.0407336
529	0.0412589	0.04073
530	0.0412553	0.0407264
531	0.0412517	0.0407227
532	0.0412481	0.040719
533	0.0412448	0.0407154
534	0.0412407	0.0407118
535	0.041237	0.0407083
536	0.0412332	0.0407047
537	0.0412297	0.0407011
538	0.0412259	0.0406975
539	0.0412228	0.0406939
540	0.0412187	0.0406904
541	0.0412153	0.0406868
542	0.0412119	0.0406836
543	0.0412084	0.0406799
544	0.0412049	0.0406765
545	0.0412011	0.0406731
546	0.0411976	0.0406699
547	0.0411941	0.0406664
548	0.041191	0.0406631
549	0.0411875	0.0406596
550	0.0411836	0.0406562
551	0.0411801	0.0406527
552	0.0411767	0.0406492
553	0.0411732	0.0406459
554	0.04117	0.0406426
555	0.0411671	0.0406394
556	0.041163	0.040636
557	0.0411598	0.0406327
558	0.041156	0.0406293
559	0.0411527	0.040626
560	0.0411495	0.0406225
561	0.041146	0.0406193
562	0.0411426	0.0406162
563	0.0411394	0.040613
564	0.0411363	0.04061
565	0.0411331	0.0406068
566	0.0411297	0.0406036
567	0.0411268	0.0406001
568	0.041123	0.040597
569	0.0411196	0.0405938
570	0.0411171	0.0405906
571	0.0411136	0.0405874
572	0.0411098	0.0405842
573	0.0411073	0.040581
574	0.0411038	0.0405779
575	0.0411011	0.0405748
576	0.041098	0.0405717
577	0.0410944	0.0405685
578	0.0410907	0.0405653
579	0.0410884	0.0405622
580	0.0410848	0.0405591
581	0.0410821	0.040556
582	0.0410789	0.0405531
583	0.0410752	0.0405501
584	0.041073	0.0405472
585	0.0410694	0.0405442
586	0.0410671	0.0405411
587	0.0410638	0.0405381
588	0.0410604	0.0405351
589	0.0410573	0.0405321
590	0.0410537	0.0405291
591	0.0410515	0.0405263
592	0.0410479	0.0405234
593	0.0410454	0.0405205
594	0.041042	0.0405177
595	0.0410393	0.0405149
596	0.0410361	0.0405121
597	0.0410337	0.0405091
598	0.0410308	0.0405063
599	0.0410277	0.0405034
600	0.0410247	0.0405007
601	0.0410213	0.0404979
602	0.0410184	0.0404951
603	0.0410159	0.0404921
604	0.0410127	0.0404893
605	0.0410097	0.0404864
606	0.0410076	0.0404837
607	0.0410041	0.0404808
608	0.0410018	0.0404781
609	0.0409987	0.0404752
610	0.0409957	0.0404723
611	0.040993	0.0404695
612	0.04099	0.0404666
613	0.0409869	0.040464
614	0.040985	0.0404612
615	0.0409816	0.0404584
616	0.0409788	0.0404557
617	0.040976	0.0404531
618	0.0409736	0.0404504
619	0.0409706	0.0404477
620	0.0409677	0.0404449
621	0.0409649	0.040442
622	0.0409625	0.0404393
623	0.0409594	0.0404367
624	0.0409565	0.040434
625	0.0409541	0.0404313
626	0.0409513	0.0404285
627	0.040949	0.0404258
628	0.0409457	0.0404231
629	0.040943	0.0404205
630	0.0409406	0.0404177
631	0.0409379	0.0404153
632	0.040935	0.0404127
633	0.0409326	0.0404101
634	0.0409293	0.0404075
635	0.0409268	0.0404049
636	0.0409246	0.0404022
637	0.0409224	0.0403996
638	0.0409197	0.0403971
639	0.0409169	0.0403946
640	0.0409141	0.0403921
641	0.0409111	0.0403894
642	0.0409086	0.0403869
643	0.0409059	0.0403843
644	0.0409037	0.0403818
645	0.0409009	0.0403793
646	0.0408991	0.0403767
647	0.0408956	0.0403744
648	0.0408936	0.0403718
649	0.0408911	0.0403693
650	0.0408892	0.040367
651	0.0408858	0.0403646
652	0.0408835	0.0403622
653	0.0408806	0.0403597
654	0.0408786	0.0403571
655	0.0408759	0.0403545
656	0.0408738	0.040352
657	0.0408709	0.0403496
658	0.0408686	0.040347
659	0.0408664	0.0403446
660	0.0408641	0.0403422
661	0.0408615	0.0403398
662	0.0408584	0.0403374
663	0.0408564	0.040335
664	0.0408537	0.0403325
665	0.0408509	0.04033
666	0.0408493	0.0403275
667	0.0408464	0.0403252
668	0.0408434	0.0403229
669	0.0408414	0.0403205
670	0.0408388	0.0403183
671	0.0408358	0.0403158
672	0.0408345	0.0403133
673	0.0408314	0.040311
674	0.0408287	0.0403086
675	0.0408269	0.0403062
676	0.0408239	0.0403039
677	0.0408218	0.0403016
678	0.0408201	0.0402992
679	0.0408173	0.0402969
680	0.0408154	0.0402946
681	0.0408127	0.0402923
682	0.0408104	0.0402899
683	0.0408078	0.0402877
684	0.0408054	0.0402854
685	0.0408038	0.0402831
686	0.0408007	0.0402807
687	0.0407987	0.0402784
688	0.0407965	0.0402761
689	0.0407942	0.0402739
690	0.0407919	0.0402717
691	0.0407899	0.0402696
692	0.0407872	0.0402673
693	0.0407845	0.040265
694	0.0407819	0.0402628
695	0.0407799	0.0402606
696	0.0407777	0.0402583
697	0.0407754	0.0402559
698	0.0407733	0.0402539
699	0.0407709	0.0402516
700	0.0407687	0.0402494
701	0.040766	0.0402472
702	0.0407647	0.040245
703	0.0407616	0.0402428
704	0.0407597	0.0402405
705	0.0407574	0.0402384
706	0.0407553	0.040236
707	0.0407526	0.0402338
708	0.0407508	0.0402317
709	0.0407485	0.0402295
710	0.040746	0.0402273
711	0.040744	0.0402251
712	0.0407418	0.0402231
713	0.0407399	0.040221
714	0.0407373	0.0402189
715	0.040735	0.0402166
716	0.0407331	0.0402144
717	0.0407308	0.0402123
718	0.0407286	0.0402102
719	0.0407266	0.040208
720	0.0407242	0.0402059
721	0.0407218	0.0402037
722	0.0407195	0.0402016
723	0.0407178	0.0401995
724	0.040716	0.0401974
725	0.0407134	0.0401954
726	0.0407111	0.0401933
727	0.0407091	0.0401911
728	0.0407072	0.040189
729	0.0407054	0.0401868
730	0.0407027	0.0401847
731	0.0407009	0.0401825
732	0.0406981	0.0401805
733	0.0406968	0.0401785
734	0.0406945	0.0401765
735	0.0406925	0.0401744
736	0.0406901	0.0401724
737	0.0406877	0.0401702
738	0.0406863	0.0401682
739	0.0406846	0.0401661
740	0.0406812	0.0401642
741	0.04068	0.0401621
742	0.040678	0.0401601
743	0.0406761	0.0401581
744	0.0406741	0.0401562
745	0.0406719	0.0401542
746	0.0406694	0.0401522
747	0.0406674	0.0401502
748	0.040666	0.0401481
749	0.0406637	0.040146
750	0.0406617	0.0401441
751	0.0406595	0.040142
752	0.0406577	0.04014
753	0.0406551	0.0401379
754	0.0406533	0.0401357
755	0.0406508	0.0401337
756	0.0406493	0.0401317
757	0.0406473	0.0401297
758	0.0406455	0.0401278
759	0.0406432	0.0401255
760	0.0406412	0.0401237
761	0.040639	0.0401216
762	0.0406367	0.0401197
763	0.0406345	0.0401178
764	0.0406329	0.0401159
765	0.0406312	0.040114
766	0.0406294	0.040112
767	0.040627	0.0401101
768	0.0406246	0.0401082
769	0.0406228	0.0401063
770	0.0406214	0.0401044
771	0.0406192	0.0401025
772	0.0406173	0.0401006
773	0.0406158	0.0400986
774	0.040613	0.0400968
775	0.040611	0.0400948
776	0.0406096	0.0400929
777	0.0406078	0.0400909
778	0.0406055	0.040089
779	0.0406035	0.040087
780	0.0406015	0.0400852
781	0.0406	0.0400833
782	0.0405983	0.0400815
783	0.0405959	0.0400796
784	0.0405942	0.0400776
785	0.0405921	0.0400757
786	0.0405903	0.0400737
787	0.0405884	0.0400717
788	0.0405858	0.0400699
789	0.0405842	0.0400679
790	0.0405825	0.0400661
791	0.0405801	0.0400644
792	0.0405786	0.0400626
793	0.0405768	0.0400608
794	0.0405748	0.0400589
795	0.0405731	0.0400571
796	0.0405717	0.0400553
797	0.0405691	0.0400534
798	0.0405676	0.0400515
799	0.0405653	0.0400497
800	0.0405635	0.0400478
801	0.040562	0.0400459
802	0.0405597	0.0400441
803	0.0405577	0.0400423
804	0.0405569	0.0400405
805	0.0405542	0.0400388
806	0.0405526	0.0400369
807	0.0405508	0.0400349
808	0.0405486	0.040033
809	0.0405475	0.0400313
810	0.0405454	0.0400295
811	0.0405434	0.0400277
812	0.0405416	0.0400257
813	0.0405402	0.040024
814	0.0405376	0.0400221
815	0.0405363	0.0400202
816	0.0405344	0.0400185
817	0.0405322	0.0400168
818	0.0405305	0.0400151
819	0.040529	0.0400134
820	0.0405266	0.0400116
821	0.0405251	0.0400097
822	0.040524	0.0400079
823	0.0405208	0.0400061
824	0.0405198	0.0400043
825	0.0405178	0.0400026
826	0.0405161	0.0400009
827	0.0405141	0.0399991
828	0.0405123	0.0399973
829	0.0405101	0.0399955
830	0.0405084	0.0399937
831	0.0405074	0.0399918
832	0.0405054	0.0399901
833	0.0405042	0.0399883
834	0.040502	0.0399865
835	0.0405001	0.0399847
836	0.040498	0.039983
837	0.0404969	0.0399813
838	0.0404947	0.0399795
839	0.0404932	0.0399778
840	0.0404911	0.0399761
841	0.0404899	0.0399744
842	0.0404879	0.0399727
843	0.0404867	0.039971
844	0.0404847	0.0399693
845	0.040483	0.0399676
846	0.0404803	0.0399658
847	0.0404785	0.0399641
848	0.0404777	0.0399624
849	0.0404753	0.0399608
850	0.0404742	0.039959
851	0.0404721	0.0399573
852	0.0404699	0.0399557
853	0.040468	0.039954
854	0.0404668	0.0399523
855	0.0404653	0.0399505
856	0.0404639	0.0399489
857	0.0404615	0.0399471
858	0.0404602	0.0399453
859	0.040458	0.0399436
860	0.0404562	0.039942
861	0.0404552	0.0399404
862	0.0404533	0.0399387
863	0.0404516	0.0399371
864	0.0404495	0.0399354
865	0.0404484	0.0399338
866	0.0404466	0.0399321
867	0.0404456	0.0399304
868	0.0404436	0.0399288
869	0.0404412	0.039927
870	0.0404399	0.0399254
871	0.0404377	0.0399237
872	0.0404354	0.0399221
873	0.0404353	0.0399204
874	0.0404332	0.0399187
875	0.0404313	0.0399171
876	0.0404298	0.0399155
877	0.0404277	0.0399139
878	0.0404259	0.0399123
879	0.040425	0.0399106
880	0.0404232	0.0399091
881	0.0404215	0.0399075
882	0.0404193	0.0399059
883	0.0404181	0.0399043
884	0.0404162	0.0399027
885	0.0404147	0.039901
886	0.0404129	0.0398993
887	0.0404113	0.0398977
888	0.0404098	0.0398962
889	0.040408	0.0398946
890	0.0404062	0.039893
891	0.0404052	0.0398913
892	0.0404036	0.0398899
893	0.0404018	0.0398882
894	0.0404002	0.0398865
895	0.0403985	0.0398849
896	0.0403965	0.0398834
897	0.0403957	0.0398817
898	0.0403934	0.03988
899	0.0403923	0.0398785
900	0.04039	0.0398768
901	0.0403889	0.0398752
902	0.0403876	0.0398736
903	0.0403858	0.0398719
904	0.0403837	0.0398703
905	0.0403825	0.0398688
906	0.0403804	0.0398673
907	0.040379	0.0398657
908	0.0403774	0.0398641
909	0.0403759	0.0398626
910	0.0403741	0.039861
911	0.0403729	0.0398595
912	0.040371	0.039858
913	0.0403702	0.0398564
914	0.0403678	0.0398549
915	0.0403665	0.0398533
916	0.0403645	0.0398517
917	0.0403627	0.0398501
918	0.040361	0.0398486
919	0.0403604	0.0398471
920	0.040358	0.0398456
921	0.0403568	0.039844
922	0.0403553	0.0398425
923	0.040354	0.0398411
924	0.0403524	0.0398395
925	0.0403501	0.039838
926	0.0403488	0.0398364
927	0.0403481	0.0398348
928	0.0403465	0.0398333
929	0.0403444	0.0398317
930	0.0403426	0.0398302
931	0.0403407	0.0398287
932	0.0403398	0.0398271
933	0.0403388	0.0398256
934	0.0403369	0.039824
935	0.0403352	0.0398226
936	0.0403338	0.039821
937	0.0403323	0.0398195
938	0.0403306	0.0398179
939	0.0403293	0.0398164
940	0.0403268	0.0398149
941	0.0403257	0.0398133
942	0.0403244	0.0398119
943	0.0403222	0.0398103
944	0.0403213	0.0398088
945	0.0403195	0.0398073
946	0.0403181	0.0398058
947	0.040316	0.0398043
948	0.0403147	0.0398028
949	0.0403135	0.0398013
950	0.0403119	0.0397998
951	0.0403104	0.0397982
952	0.0403088	0.0397968
953	0.0403075	0.0397953
954	0.0403054	0.0397938
955	0.0403043	0.0397923
956	0.040303	0.0397908
957	0.0403012	0.0397893
958	0.0403005	0.0397878
959	0.0402983	0.0397863
960	0.0402966	0.0397848
961	0.0402958	0.0397833
962	0.0402937	0.0397819
963	0.0402921	0.0397804
964	0.0402909	0.0397789
965	0.0402897	0.0397773
966	0.040288	0.0397758
967	0.0402864	0.0397744
968	0.0402851	0.0397729
969	0.0402831	0.0397716
970	0.040282	0.0397701
971	0.0402803	0.0397685
972	0.0402789	0.039767
973	0.0402776	0.0397655
974	0.0402761	0.0397641
975	0.0402746	0.0397625
976	0.0402734	0.0397611
977	0.040272	0.0397596
978	0.0402704	0.0397582
979	0.040269	0.0397568
980	0.040268	0.0397554
981	0.0402661	0.0397539
982	0.0402645	0.0397525
983	0.0402639	0.039751
984	0.0402619	0.0397497
985	0.0402601	0.0397482
986	0.0402586	0.0397468
987	0.0402576	0.0397454
988	0.0402558	0.0397439
989	0.0402547	0.0397424
990	0.040253	0.0397411
991	0.0402508	0.0397398
992	0.0402503	0.0397384
993	0.0402487	0.039737
994	0.0402474	0.0397356
995	0.0402457	0.0397342
996	0.0402443	0.0397327
997	0.0402433	0.0397314
998	0.0402416	0.03973
999	0.04024	0.0397286
1000	0.0402388	0.0397272
1001	0.0402369	0.0397257
1002	0.0402357	0.0397243
1003	0.0402343	0.0397229
1004	0.0402328	0.0397215
1005	0.0402311	0.03972
1006	0.0402298	0.0397186
1007	0.0402283	0.0397172
1008	0.0402271	0.0397158
1009	0.0402261	0.0397144
1010	0.0402245	0.039713
1011	0.040223	0.0397116
1012	0.0402217	0.0397102
1013	0.0402202	0.0397088
1014	0.040219	0.0397074
1015	0.0402175	0.0397061
1016	0.0402158	0.0397048
1017	0.0402147	0.0397034
1018	0.0402135	0.039702
1019	0.0402118	0.0397006
1020	0.0402102	0.0396993
1021	0.040209	0.0396979
1022	0.0402075	0.0396965
1023	0.0402058	0.0396952
1024	0.0402046	0.0396938
1025	0.0402039	0.0396924
1026	0.040202	0.0396909
1027	0.0402007	0.0396895
1028	0.040199	0.0396881
1029	0.0401974	0.0396867
1030	0.0401964	0.0396854
1031	0.040195	0.039684
1032	0.0401938	0.0396826
1033	0.0401923	0.0396813
1034	0.0401907	0.03968
1035	0.0401893	0.0396786
1036	0.0401881	0.0396772
1037	0.0401866	0.0396759
1038	0.0401857	0.0396745
1039	0.040184	0.0396731
1040	0.0401827	0.0396718
1041	0.0401813	0.0396703
1042	0.0401801	0.0396689
1043	0.0401786	0.0396675
1044	0.0401775	0.0396662
1045	0.0401756	0.0396649
1046	0.0401739	0.0396635
1047	0.040173	0.0396621
1048	0.040172	0.0396607
1049	0.0401702	0.0396594
1050	0.0401692	0.0396581
1051	0.0401681	0.0396568
1052	0.0401663	0.0396555
1053	0.0401649	0.0396542
1054	0.0401633	0.0396529
1055	0.0401621	0.0396516
1056	0.0401605	0.0396502
1057	0.0401594	0.0396488
1058	0.0401578	0.0396474
1059	0.0401569	0.0396461
1060	0.0401556	0.0396447
1061	0.0401538	0.0396434
1062	0.0401528	0.0396421
1063	0.0401516	0.0396408
1064	0.0401496	0.0396395
1065	0.0401485	0.0396382
1066	0.0401476	0.039637
1067	0.0401458	0.0396356
1068	0.0401446	0.0396343
1069	0.0401434	0.0396331
1070	0.0401425	0.0396318
1071	0.0401408	0.0396304
1072	0.0401395	0.0396291
1073	0.0401381	0.0396278
1074	0.0401368	0.0396264
1075	0.0401361	0.0396251
1076	0.0401339	0.0396238
1077	0.0401327	0.0396224
1078	0.0401313	0.0396211
1079	0.0401303	0.0396199
1080	0.0401285	0.0396186
1081	0.040127	0.0396173
1082	0.0401256	0.0396159
1083	0.0401241	0.0396146
1084	0.0401242	0.0396133
1085	0.0401223	0.039612
1086	0.0401204	0.0396107
1087	0.0401198	0.0396094
1088	0.0401184	0.0396081
1089	0.0401174	0.0396068
1090	0.0401154	0.0396055
1091	0.0401141	0.0396042
1092	0.0401138	0.039603
1093	0.0401121	0.0396017
1094	0.0401109	0.0396003
1095	0.0401094	0.0395991
1096	0.0401084	0.0395978
1097	0.0401067	0.0395966
1098	0.0401058	0.0395952
1099	0.0401046	0.039594
1100	0.0401033	0.0395928
1101	0.0401017	0.0395915
1102	0.0401005	0.0395902
1103	0.0400989	0.0395888
1104	0.040098	0.0395876
1105	0.0400971	0.0395863
1106	0.0400953	0.039585
1107	0.040094	0.0395838
1108	0.0400928	0.0395825
1109	0.0400918	0.0395813
1110	0.0400893	0.03958
1111	0.0400889	0.0395788
1112	0.0400875	0.0395775
1113	0.0400863	0.0395763
1114	0.0400849	0.0395749
1115	0.0400838	0.0395736
1116	0.0400825	0.0395723
1117	0.0400812	0.039571
1118	0.0400798	0.0395697
1119	0.0400786	0.0395685
1120	0.0400773	0.0395673
1121	0.0400759	0.0395661
1122	0.0400748	0.0395648
1123	0.0400736	0.0395636
1124	0.0400726	0.0395623
1125	0.0400713	0.039561
1126	0.0400701	0.0395597
1127	0.0400685	0.0395585
1128	0.0400681	0.0395572
1129	0.0400663	0.039556
1130	0.0400652	0.0395547
1131	0.0400634	0.0395535
1132	0.0400621	0.0395523
1133	0.040061	0.039551
1134	0.0400599	0.0395499
1135	0.0400589	0.0395486
1136	0.0400575	0.0395473
1137	0.0400564	0.039546
1138	0.0400545	0.0395448
1139	0.0400535	0.0395437
1140	0.0400525	0.0395424
1141	0.0400513	0.0395412
1142	0.0400496	0.03954
1143	0.0400484	0.0395387
1144	0.0400479	0.0395375
1145	0.0400458	0.0395363
1146	0.0400444	0.0395351
1147	0.040044	0.039534
1148	0.0400425	0.0395327
1149	0.0400409	0.0395314
1150	0.0400402	0.0395302
1151	0.0400389	0.0395291
1152	0.0400374	0.0395279
1153	0.0400361	0.0395267
1154	0.0400351	0.0395255
1155	0.0400337	0.0395242
1156	0.0400328	0.0395231
1157	0.0400314	0.0395219
1158	0.0400303	0.0395207
1159	0.0400289	0.0395194
1160	0.0400284	0.0395181
1161	0.0400269	0.039517
1162	0.0400254	0.0395158
1163	0.0400243	0.0395147
1164	0.0400232	0.0395135
1165	0.0400223	0.0395123
1166	0.0400208	0.039511
1167	0.0400195	0.0395099
1168	0.0400183	0.0395086
1169	0.0400171	0.0395074
1170	0.0400154	0.0395063
1171	0.0400146	0.039505
1172	0.0400137	0.0395038
1173	0.0400128	0.0395026
1174	0.0400112	0.0395014
1175	0.0400102	0.0395002
1176	0.0400087	0.039499
1177	0.0400073	0.0394977
1178	0.0400066	0.0394965
1179	0.0400048	0.0394954
1180	0.0400042	0.0394943
1181	0.040003	0.0394932
1182	0.0400018	0.039492
1183	0.0400007	0.0394908
1184	0.0399992	0.0394896
