1	0.268858	0.258882
2	0.258882	0.24982
3	0.249821	0.241767
4	0.241767	0.233924
5	0.233924	0.226351
6	0.226351	0.219108
7	0.219108	0.212248
8	0.212248	0.205814
9	0.205814	0.199831
10	0.199831	0.194308
11	0.194308	0.189239
12	0.189239	0.184601
13	0.184601	0.180367
14	0.180367	0.176501
15	0.176501	0.172967
16	0.172967	0.169729
17	0.169729	0.166756
18	0.166756	0.164015
19	0.164015	0.161482
20	0.161482	0.159132
21	0.159132	0.156945
22	0.156945	0.154905
23	0.154905	0.152997
24	0.152997	0.151207
25	0.151207	0.149525
26	0.149525	0.147941
27	0.147941	0.146448
28	0.146448	0.145037
29	0.145037	0.143703
30	0.143703	0.142439
31	0.142439	0.141241
32	0.141241	0.140104
33	0.140104	0.139025
34	0.139025	0.137998
35	0.137998	0.137022
36	0.137022	0.136093
37	0.136093	0.135207
38	0.135207	0.134363
39	0.134363	0.133557
40	0.133557	0.132788
41	0.132788	0.132053
42	0.132053	0.131351
43	0.131351	0.130679
44	0.130679	0.130036
45	0.130036	0.12942
46	0.12942	0.128829
47	0.128829	0.128263
48	0.128263	0.12772
49	0.12772	0.127198
50	0.127198	0.126697
51	0.126697	0.126215
52	0.126215	0.125751
53	0.125751	0.125305
54	0.125305	0.124875
55	0.124875	0.12446
56	0.12446	0.124061
57	0.124061	0.123675
58	0.123675	0.123303
59	0.123303	0.122943
60	0.122943	0.122595
61	0.122595	0.122259
62	0.122259	0.121933
63	0.121933	0.121618
64	0.121618	0.121312
65	0.121312	0.121016
66	0.121016	0.120728
67	0.120728	0.120449
68	0.120449	0.120178
69	0.120178	0.119915
70	0.119915	0.119659
71	0.119659	0.11941
72	0.11941	0.119167
73	0.119167	0.118931
74	0.118931	0.118701
75	0.118701	0.118477
76	0.118477	0.118259
77	0.118259	0.118046
78	0.118046	0.117837
79	0.117837	0.117634
80	0.117634	0.117435
81	0.117435	0.117241
82	0.117241	0.117051
83	0.117051	0.116866
84	0.116866	0.116684
85	0.116684	0.116506
86	0.116506	0.116331
87	0.116331	0.116161
88	0.116161	0.115993
89	0.115993	0.115829
90	0.115829	0.115668
91	0.115668	0.115509
92	0.115509	0.115354
93	0.115354	0.115201
94	0.115201	0.115052
95	0.115052	0.114904
96	0.114904	0.114759
97	0.114759	0.114617
98	0.114617	0.114477
99	0.114477	0.114339
100	0.114339	0.114203
101	0.114203	0.114069
102	0.114069	0.113938
103	0.113938	0.113808
104	0.113808	0.11368
105	0.11368	0.113554
106	0.113554	0.11343
107	0.11343	0.113307
108	0.113307	0.113186
109	0.113186	0.113067
110	0.113067	0.112949
111	0.112949	0.112833
112	0.112833	0.112718
113	0.112718	0.112605
114	0.112605	0.112493
115	0.112493	0.112382
116	0.112382	0.112272
117	0.112272	0.112164
118	0.112164	0.112057
119	0.112057	0.111952
120	0.111952	0.111847
121	0.111847	0.111744
122	0.111744	0.111641
123	0.111641	0.11154
124	0.11154	0.11144
125	0.11144	0.111341
126	0.111341	0.111243
127	0.111243	0.111145
128	0.111145	0.111049
129	0.111049	0.110954
130	0.110954	0.110859
131	0.110859	0.110766
132	0.110766	0.110673
133	0.110673	0.110581
134	0.110581	0.11049
135	0.11049	0.1104
136	0.1104	0.110311
137	0.110311	0.110222
138	0.110222	0.110134
139	0.110134	0.110047
140	0.110047	0.109961
141	0.109961	0.109875
142	0.109875	0.10979
143	0.10979	0.109706
144	0.109706	0.109622
145	0.109622	0.109539
146	0.109539	0.109457
147	0.109457	0.109375
148	0.109375	0.109294
149	0.109294	0.109214
150	0.109214	0.109134
151	0.109134	0.109055
152	0.109055	0.108977
153	0.108977	0.108899
154	0.108899	0.108821
155	0.108822	0.108745
156	0.108745	0.108669
157	0.108669	0.108593
158	0.108593	0.108518
159	0.108518	0.108443
160	0.108443	0.108369
161	0.108369	0.108296
162	0.108296	0.108223
163	0.108223	0.10815
164	0.10815	0.108078
165	0.108078	0.108007
166	0.108007	0.107936
167	0.107936	0.107865
168	0.107865	0.107795
169	0.107795	0.107726
170	0.107726	0.107657
171	0.107657	0.107588
172	0.107588	0.10752
173	0.10752	0.107453
174	0.107453	0.107386
175	0.107386	0.107319
176	0.107319	0.107253
177	0.107253	0.107187
178	0.107187	0.107121
179	0.107121	0.107056
180	0.107056	0.106992
181	0.106992	0.106928
182	0.106928	0.106864
183	0.106864	0.106801
184	0.106801	0.106738
185	0.106738	0.106676
186	0.106676	0.106614
187	0.106614	0.106552
188	0.106552	0.106491
189	0.106491	0.10643
190	0.10643	0.10637
191	0.10637	0.10631
192	0.10631	0.10625
193	0.10625	0.106191
194	0.106191	0.106132
195	0.106132	0.106074
196	0.106074	0.106015
197	0.106015	0.105958
198	0.105958	0.1059
199	0.1059	0.105843
200	0.105843	0.105787
201	0.105787	0.105731
202	0.105731	0.105675
203	0.105675	0.105619
204	0.105619	0.105564
205	0.105564	0.105509
206	0.105509	0.105455
207	0.105455	0.105401
208	0.105401	0.105347
209	0.105347	0.105294
210	0.105294	0.105241
211	0.105241	0.105188
212	0.105188	0.105136
213	0.105136	0.105084
214	0.105083	0.105032
215	0.105032	0.10498
216	0.10498	0.104929
217	0.104929	0.104879
218	0.104879	0.104828
219	0.104828	0.104778
220	0.104778	0.104728
221	0.104728	0.104679
222	0.104679	0.10463
223	0.10463	0.104581
224	0.104581	0.104532
225	0.104532	0.104484
226	0.104484	0.104436
227	0.104436	0.104389
228	0.104389	0.104341
229	0.104341	0.104294
230	0.104294	0.104248
231	0.104248	0.104201
232	0.104201	0.104155
233	0.104155	0.104109
234	0.104109	0.104064
235	0.104064	0.104019
236	0.104019	0.103974
237	0.103974	0.103929
238	0.103929	0.103885
239	0.103885	0.10384
240	0.10384	0.103797
241	0.103797	0.103753
242	0.103753	0.10371
243	0.10371	0.103667
244	0.103667	0.103624
245	0.103624	0.103581
246	0.103581	0.103539
247	0.103539	0.103497
248	0.103497	0.103455
249	0.103455	0.103414
250	0.103414	0.103373
251	0.103373	0.103332
252	0.103332	0.103291
253	0.103291	0.10325
254	0.10325	0.10321
255	0.10321	0.10317
256	0.10317	0.10313
257	0.10313	0.103091
258	0.103091	0.103052
259	0.103052	0.103013
260	0.103013	0.102974
261	0.102974	0.102935
262	0.102935	0.102897
263	0.102897	0.102859
264	0.102859	0.102821
265	0.102821	0.102783
266	0.102783	0.102746
267	0.102746	0.102708
268	0.102708	0.102671
269	0.102671	0.102635
270	0.102635	0.102598
271	0.102598	0.102562
272	0.102562	0.102525
273	0.102525	0.102489
274	0.102489	0.102454
275	0.102454	0.102418
276	0.102418	0.102383
277	0.102383	0.102348
278	0.102348	0.102313
279	0.102313	0.102278
280	0.102278	0.102243
281	0.102243	0.102209
282	0.102209	0.102175
283	0.102175	0.102141
284	0.102141	0.102107
285	0.102107	0.102073
286	0.102073	0.10204
287	0.10204	0.102007
288	0.102007	0.101973
289	0.101973	0.101941
290	0.101941	0.101908
291	0.101908	0.101875
292	0.101875	0.101843
293	0.101843	0.101811
294	0.101811	0.101779
295	0.101779	0.101747
296	0.101747	0.101715
297	0.101715	0.101684
298	0.101683	0.101652
299	0.101652	0.101621
300	0.101621	0.10159
301	0.10159	0.101559
302	0.101559	0.101528
303	0.101528	0.101497
304	0.101497	0.101467
305	0.101467	0.101437
306	0.101437	0.101407
307	0.101407	0.101377
308	0.101377	0.101347
309	0.101347	0.101317
310	0.101317	0.101287
311	0.101287	0.101258
312	0.101258	0.101229
313	0.101229	0.1012
314	0.1012	0.10117
315	0.101171	0.101142
316	0.101142	0.101113
317	0.101113	0.101084
318	0.101084	0.101056
319	0.101056	0.101027
320	0.101027	0.100999
321	0.100999	0.100971
322	0.100971	0.100943
323	0.100943	0.100915
324	0.100915	0.100887
325	0.100887	0.10086
326	0.10086	0.100832
327	0.100832	0.100805
328	0.100805	0.100778
329	0.100778	0.10075
330	0.10075	0.100723
331	0.100723	0.100697
332	0.100697	0.10067
333	0.10067	0.100643
334	0.100643	0.100616
335	0.100616	0.10059
336	0.10059	0.100564
337	0.100564	0.100537
338	0.100537	0.100511
339	0.100511	0.100485
340	0.100485	0.100459
341	0.100459	0.100433
342	0.100433	0.100407
343	0.100407	0.100382
344	0.100382	0.100356
345	0.100356	0.100331
346	0.100331	0.100305
347	0.100305	0.10028
348	0.10028	0.100255
349	0.100255	0.10023
350	0.10023	0.100205
351	0.100205	0.10018
352	0.10018	0.100155
353	0.100155	0.10013
354	0.10013	0.100105
355	0.100105	0.100081
356	0.100081	0.100056
357	0.100056	0.100032
358	0.100032	0.100008
359	0.100008	0.0999833
360	0.0999833	0.0999591
361	0.0999591	0.099935
362	0.099935	0.099911
363	0.099911	0.099887
364	0.099887	0.0998631
365	0.0998631	0.0998394
366	0.0998393	0.0998156
367	0.0998156	0.0997919
368	0.0997919	0.0997684
369	0.0997683	0.0997448
370	0.0997448	0.0997214
371	0.0997214	0.099698
372	0.099698	0.0996747
373	0.0996747	0.0996515
374	0.0996514	0.0996282
375	0.0996283	0.0996052
376	0.0996052	0.0995821
377	0.0995821	0.0995591
378	0.0995591	0.0995362
379	0.0995362	0.0995133
380	0.0995133	0.0994905
381	0.0994905	0.0994677
382	0.0994678	0.0994451
383	0.0994451	0.0994225
384	0.0994224	0.0993998
385	0.0993999	0.0993774
386	0.0993773	0.0993549
387	0.0993549	0.0993325
388	0.0993325	0.0993101
389	0.0993101	0.0992878
390	0.0992878	0.0992656
391	0.0992656	0.0992434
392	0.0992434	0.0992212
393	0.0992213	0.0991991
394	0.0991991	0.0991771
395	0.0991771	0.0991552
396	0.0991551	0.0991332
397	0.0991332	0.0991113
398	0.0991113	0.0990894
399	0.0990894	0.0990676
400	0.0990676	0.0990458
401	0.0990459	0.0990241
402	0.0990241	0.0990025
403	0.0990025	0.0989808
404	0.0989808	0.0989592
405	0.0989593	0.0989377
406	0.0989377	0.0989162
407	0.0989162	0.0988947
408	0.0988947	0.0988733
409	0.0988733	0.0988519
410	0.0988519	0.0988306
411	0.0988306	0.0988093
412	0.0988093	0.098788
413	0.098788	0.0987668
414	0.0987668	0.0987456
415	0.0987456	0.0987245
416	0.0987245	0.0987033
417	0.0987033	0.0986822
418	0.0986823	0.0986612
419	0.0986612	0.0986402
420	0.0986402	0.0986193
421	0.0986192	0.0985982
422	0.0985982	0.0985773
423	0.0985773	0.0985565
424	0.0985564	0.0985355
425	0.0985355	0.0985147
426	0.0985147	0.098494
427	0.0984939	0.0984732
428	0.0984731	0.0984524
429	0.0984524	0.0984317
430	0.0984317	0.098411
431	0.098411	0.0983903
432	0.0983903	0.0983697
433	0.0983697	0.098349
434	0.0983491	0.0983285
435	0.0983285	0.0983079
436	0.0983079	0.0982874
437	0.0982874	0.0982669
438	0.0982669	0.0982464
439	0.0982464	0.0982259
440	0.0982259	0.0982055
441	0.0982055	0.098185
442	0.0981851	0.0981646
443	0.0981646	0.0981443
444	0.0981443	0.0981239
445	0.0981239	0.0981035
446	0.0981035	0.0980832
447	0.0980832	0.0980629
448	0.0980629	0.0980426
449	0.0980427	0.0980224
450	0.0980224	0.0980022
451	0.0980021	0.0979819
452	0.0979819	0.0979617
453	0.0979617	0.0979415
454	0.0979415	0.0979213
455	0.0979213	0.0979011
456	0.0979012	0.097881
457	0.097881	0.0978608
458	0.0978608	0.0978407
459	0.0978407	0.0978206
460	0.0978206	0.0978005
461	0.0978005	0.0977804
462	0.0977804	0.0977604
463	0.0977603	0.0977403
464	0.0977403	0.0977203
465	0.0977202	0.0977002
466	0.0977002	0.0976802
467	0.0976802	0.0976602
468	0.0976602	0.0976401
469	0.0976402	0.0976202
470	0.0976202	0.0976002
471	0.0976002	0.0975802
472	0.0975802	0.0975602
473	0.0975602	0.0975402
474	0.0975403	0.0975203
475	0.0975203	0.0975004
476	0.0975004	0.0974805
477	0.0974805	0.0974605
478	0.0974605	0.0974406
479	0.0974406	0.0974207
480	0.0974207	0.0974008
481	0.0974008	0.0973809
482	0.0973809	0.0973609
483	0.097361	0.0973411
484	0.0973411	0.0973212
485	0.0973212	0.0973013
486	0.0973013	0.0972814
487	0.0972814	0.0972615
488	0.0972616	0.0972416
489	0.0972417	0.0972218
490	0.0972218	0.0972019
491	0.0972019	0.097182
492	0.097182	0.0971622
493	0.0971622	0.0971423
494	0.0971423	0.0971224
495	0.0971224	0.0971026
496	0.0971026	0.0970827
497	0.0970827	0.0970628
498	0.0970628	0.0970429
499	0.097043	0.0970231
500	0.0970231	0.0970032
501	0.0970032	0.0969834
502	0.0969833	0.0969635
503	0.0969635	0.0969436
504	0.0969436	0.0969238
505	0.0969238	0.0969039
506	0.0969039	0.096884
507	0.096884	0.0968641
508	0.0968641	0.0968442
509	0.0968442	0.0968243
510	0.0968243	0.0968045
511	0.0968045	0.0967846
512	0.0967846	0.0967646
513	0.0967646	0.0967447
514	0.0967447	0.0967248
515	0.0967248	0.096705
516	0.0967049	0.096685
517	0.096685	0.0966651
518	0.0966651	0.0966452
519	0.0966452	0.0966252
520	0.0966252	0.0966053
521	0.0966053	0.0965853
522	0.0965853	0.0965653
523	0.0965654	0.0965454
524	0.0965454	0.0965254
525	0.0965254	0.0965054
526	0.0965054	0.0964855
527	0.0964854	0.0964655
528	0.0964654	0.0964454
529	0.0964454	0.0964254
530	0.0964254	0.0964054
531	0.0964054	0.0963853
532	0.0963853	0.0963653
533	0.0963653	0.0963453
534	0.0963452	0.0963252
535	0.0963252	0.0963051
536	0.0963051	0.096285
537	0.096285	0.0962649
538	0.0962649	0.0962448
539	0.0962448	0.0962247
540	0.0962247	0.0962045
541	0.0962045	0.0961844
542	0.0961844	0.0961642
543	0.0961642	0.096144
544	0.096144	0.0961238
545	0.0961238	0.0961036
546	0.0961036	0.0960834
547	0.0960834	0.0960632
548	0.0960632	0.0960429
549	0.0960429	0.0960227
550	0.0960227	0.0960024
551	0.0960024	0.0959822
552	0.0959821	0.0959619
553	0.0959618	0.0959415
554	0.0959415	0.0959212
555	0.0959212	0.0959009
556	0.0959009	0.0958805
557	0.0958805	0.0958601
558	0.0958601	0.0958397
559	0.0958397	0.0958193
560	0.0958192	0.0957989
561	0.0957989	0.0957784
562	0.0957784	0.095758
563	0.095758	0.0957375
564	0.0957375	0.095717
565	0.095717	0.0956964
566	0.0956965	0.0956759
567	0.0956759	0.0956554
568	0.0956554	0.0956348
569	0.0956348	0.0956142
570	0.0956142	0.0955936
571	0.0955936	0.0955729
572	0.0955729	0.0955523
573	0.0955523	0.0955316
574	0.0955316	0.0955109
575	0.0955109	0.0954902
576	0.0954902	0.0954695
577	0.0954695	0.0954487
578	0.0954487	0.0954279
579	0.0954279	0.0954072
580	0.0954072	0.0953863
581	0.0953863	0.0953655
582	0.0953655	0.0953446
583	0.0953446	0.0953237
584	0.0953237	0.0953028
585	0.0953028	0.0952819
586	0.0952819	0.095261
587	0.095261	0.09524
588	0.09524	0.095219
589	0.095219	0.095198
590	0.095198	0.0951769
591	0.0951769	0.0951558
592	0.0951559	0.0951347
593	0.0951347	0.0951136
594	0.0951136	0.0950925
595	0.0950925	0.0950713
596	0.0950713	0.0950501
597	0.0950501	0.0950289
598	0.0950289	0.0950076
599	0.0950076	0.0949864
600	0.0949864	0.0949651
601	0.0949651	0.0949438
602	0.0949438	0.0949224
603	0.0949224	0.094901
604	0.094901	0.0948796
605	0.0948796	0.0948582
606	0.0948582	0.0948367
607	0.0948368	0.0948153
608	0.0948152	0.0947937
609	0.0947937	0.0947722
610	0.0947722	0.0947507
611	0.0947506	0.094729
612	0.094729	0.0947074
613	0.0947074	0.0946857
614	0.0946858	0.0946641
615	0.0946641	0.0946424
616	0.0946424	0.0946206
617	0.0946206	0.0945989
618	0.0945989	0.094577
619	0.094577	0.0945552
620	0.0945552	0.0945334
621	0.0945334	0.0945115
622	0.0945115	0.0944895
623	0.0944895	0.0944676
624	0.0944676	0.0944456
625	0.0944456	0.0944236
626	0.0944236	0.0944015
627	0.0944015	0.0943795
628	0.0943795	0.0943573
629	0.0943574	0.0943352
630	0.0943352	0.0943131
631	0.094313	0.0942908
632	0.0942908	0.0942686
633	0.0942686	0.0942463
634	0.0942463	0.0942241
635	0.094224	0.0942017
636	0.0942017	0.0941793
637	0.0941793	0.0941569
638	0.0941569	0.0941344
639	0.0941344	0.094112
640	0.094112	0.0940895
641	0.0940895	0.0940669
642	0.094067	0.0940444
643	0.0940444	0.0940217
644	0.0940218	0.0939991
645	0.0939991	0.0939764
646	0.0939764	0.0939537
647	0.0939537	0.093931
648	0.093931	0.0939082
649	0.0939082	0.0938854
650	0.0938853	0.0938625
651	0.0938625	0.0938396
652	0.0938396	0.0938167
653	0.0938167	0.0937936
654	0.0937937	0.0937707
655	0.0937707	0.0937476
656	0.0937476	0.0937245
657	0.0937246	0.0937014
658	0.0937014	0.0936783
659	0.0936783	0.0936551
660	0.0936551	0.0936319
661	0.0936318	0.0936086
662	0.0936086	0.0935852
663	0.0935853	0.0935619
664	0.0935619	0.0935385
665	0.0935385	0.0935151
666	0.0935151	0.0934916
667	0.0934916	0.0934681
668	0.0934681	0.0934445
669	0.0934445	0.093421
670	0.093421	0.0933973
671	0.0933973	0.0933736
672	0.0933737	0.09335
673	0.09335	0.0933262
674	0.0933262	0.0933024
675	0.0933024	0.0932786
676	0.0932786	0.0932547
677	0.0932547	0.0932308
678	0.0932308	0.0932069
679	0.0932068	0.0931829
680	0.0931829	0.0931588
681	0.0931588	0.0931347
682	0.0931347	0.0931106
683	0.0931106	0.0930864
684	0.0930864	0.0930622
685	0.0930622	0.093038
686	0.093038	0.0930137
687	0.0930137	0.0929894
688	0.0929893	0.092965
689	0.092965	0.0929406
690	0.0929405	0.0929161
691	0.0929161	0.0928916
692	0.0928915	0.092867
693	0.092867	0.0928424
694	0.0928424	0.0928178
695	0.0928177	0.0927931
696	0.0927931	0.0927683
697	0.0927683	0.0927435
698	0.0927435	0.0927187
699	0.0927187	0.0926939
700	0.0926939	0.0926689
701	0.0926689	0.0926439
702	0.092644	0.0926189
703	0.0926189	0.0925938
704	0.0925939	0.0925688
705	0.0925688	0.0925436
706	0.0925436	0.0925184
707	0.0925184	0.0924932
708	0.0924932	0.0924679
709	0.0924679	0.0924425
710	0.0924425	0.0924172
711	0.0924172	0.0923917
712	0.0923917	0.0923662
713	0.0923662	0.0923407
714	0.0923407	0.0923151
715	0.0923151	0.0922895
716	0.0922895	0.0922638
717	0.0922638	0.0922381
718	0.0922381	0.0922123
719	0.0922123	0.0921865
720	0.0921865	0.0921606
721	0.0921607	0.0921347
722	0.0921347	0.0921087
723	0.0921087	0.0920827
724	0.0920827	0.0920567
725	0.0920567	0.0920306
726	0.0920305	0.0920044
727	0.0920044	0.0919781
728	0.0919781	0.0919518
729	0.0919518	0.0919255
730	0.0919255	0.0918991
731	0.0918991	0.0918727
732	0.0918727	0.0918462
733	0.0918463	0.0918197
734	0.0918197	0.0917931
735	0.0917931	0.0917665
736	0.0917665	0.0917398
737	0.0917398	0.0917131
738	0.0917131	0.0916863
739	0.0916863	0.0916594
740	0.0916594	0.0916325
741	0.0916325	0.0916056
742	0.0916056	0.0915786
743	0.0915786	0.0915516
744	0.0915515	0.0915244
745	0.0915244	0.0914972
746	0.0914972	0.09147
747	0.09147	0.0914427
748	0.0914427	0.0914154
749	0.0914154	0.0913881
750	0.0913881	0.0913606
751	0.0913606	0.0913331
752	0.0913331	0.0913056
753	0.0913056	0.091278
754	0.091278	0.0912503
755	0.0912503	0.0912226
756	0.0912226	0.0911949
757	0.0911949	0.091167
758	0.091167	0.0911392
759	0.0911391	0.0911112
760	0.0911112	0.0910833
761	0.0910833	0.0910552
762	0.0910552	0.0910271
763	0.0910271	0.0909989
764	0.0909989	0.0909707
765	0.0909707	0.0909424
766	0.0909424	0.0909141
767	0.0909141	0.0908857
768	0.0908857	0.0908572
769	0.0908572	0.0908287
770	0.0908288	0.0908002
771	0.0908002	0.0907716
772	0.0907716	0.0907429
773	0.0907429	0.0907142
774	0.0907141	0.0906854
775	0.0906854	0.0906565
776	0.0906565	0.0906276
777	0.0906276	0.0905986
778	0.0905986	0.0905696
779	0.0905696	0.0905405
780	0.0905405	0.0905113
781	0.0905113	0.0904822
782	0.0904821	0.0904529
783	0.0904529	0.0904235
784	0.0904235	0.0903942
785	0.0903942	0.0903647
786	0.0903647	0.0903352
787	0.0903352	0.0903057
788	0.0903056	0.090276
789	0.090276	0.0902463
790	0.0902463	0.0902166
791	0.0902166	0.0901868
792	0.0901868	0.0901569
793	0.0901569	0.0901269
794	0.090127	0.090097
795	0.090097	0.0900669
796	0.0900669	0.0900368
797	0.0900368	0.0900066
798	0.0900066	0.0899764
799	0.0899764	0.0899461
800	0.0899461	0.0899157
801	0.0899157	0.0898853
802	0.0898853	0.0898548
803	0.0898548	0.0898243
804	0.0898242	0.0897936
805	0.0897936	0.089763
806	0.089763	0.0897322
807	0.0897322	0.0897014
808	0.0897014	0.0896706
809	0.0896706	0.0896396
810	0.0896396	0.0896086
811	0.0896086	0.0895776
812	0.0895775	0.0895465
813	0.0895464	0.0895153
814	0.0895153	0.089484
815	0.089484	0.0894527
816	0.0894527	0.0894213
817	0.0894213	0.0893898
818	0.0893899	0.0893584
819	0.0893584	0.0893268
820	0.0893268	0.0892952
821	0.0892952	0.0892635
822	0.0892635	0.0892318
823	0.0892317	0.0891999
824	0.0891999	0.089168
825	0.089168	0.089136
826	0.089136	0.089104
827	0.089104	0.0890718
828	0.0890719	0.0890398
829	0.0890397	0.0890075
830	0.0890075	0.0889752
831	0.0889752	0.0889429
832	0.0889429	0.0889104
833	0.0889104	0.0888779
834	0.088878	0.0888454
835	0.0888454	0.0888128
836	0.0888128	0.0887801
837	0.0887801	0.0887473
838	0.0887473	0.0887145
839	0.0887145	0.0886817
840	0.0886816	0.0886487
841	0.0886487	0.0886156
842	0.0886156	0.0885826
843	0.0885826	0.0885494
844	0.0885494	0.0885162
845	0.0885162	0.0884829
846	0.0884829	0.0884495
847	0.0884495	0.0884161
848	0.0884161	0.0883825
849	0.0883825	0.088349
850	0.088349	0.0883153
851	0.0883154	0.0882816
852	0.0882817	0.0882479
853	0.0882479	0.088214
854	0.088214	0.0881801
855	0.0881801	0.0881461
856	0.0881461	0.0881121
857	0.0881121	0.088078
858	0.088078	0.0880438
859	0.0880438	0.0880095
860	0.0880095	0.0879752
861	0.0879752	0.0879408
862	0.0879408	0.0879064
863	0.0879063	0.0878718
864	0.0878718	0.0878372
865	0.0878372	0.0878025
866	0.0878025	0.0877677
867	0.0877677	0.0877329
868	0.0877329	0.087698
869	0.087698	0.0876631
870	0.0876631	0.0876281
871	0.0876281	0.087593
872	0.087593	0.0875578
873	0.0875578	0.0875226
874	0.0875226	0.0874872
875	0.0874872	0.0874519
876	0.0874519	0.0874164
877	0.0874164	0.0873809
878	0.0873808	0.0873452
879	0.0873453	0.0873096
880	0.0873096	0.0872738
881	0.0872738	0.0872381
882	0.087238	0.0872021
883	0.0872021	0.0871662
884	0.0871662	0.0871302
885	0.0871302	0.0870941
886	0.0870941	0.0870579
887	0.0870579	0.0870216
888	0.0870216	0.0869853
889	0.0869853	0.0869489
890	0.0869489	0.0869125
891	0.0869124	0.0868759
892	0.0868759	0.0868393
893	0.0868393	0.0868026
894	0.0868026	0.0867659
895	0.0867659	0.086729
896	0.086729	0.0866921
897	0.0866922	0.0866552
898	0.0866552	0.0866181
899	0.0866181	0.086581
900	0.086581	0.0865438
901	0.0865438	0.0865066
902	0.0865065	0.0864692
903	0.0864692	0.0864318
904	0.0864318	0.0863943
905	0.0863943	0.0863568
906	0.0863568	0.0863191
907	0.0863191	0.0862814
908	0.0862814	0.0862436
909	0.0862436	0.0862058
910	0.0862058	0.0861678
911	0.0861678	0.0861298
912	0.0861298	0.0860917
913	0.0860918	0.0860536
914	0.0860536	0.0860154
915	0.0860154	0.0859771
916	0.0859771	0.0859387
917	0.0859387	0.0859003
918	0.0859003	0.0858617
919	0.0858617	0.0858231
920	0.0858231	0.0857844
921	0.0857844	0.0857457
922	0.0857457	0.0857068
923	0.0857069	0.085668
924	0.085668	0.085629
925	0.085629	0.0855899
926	0.08559	0.0855508
927	0.0855508	0.0855116
928	0.0855116	0.0854723
929	0.0854723	0.085433
930	0.085433	0.0853936
931	0.0853936	0.0853541
932	0.0853541	0.0853145
933	0.0853145	0.0852748
934	0.0852748	0.0852351
935	0.0852351	0.0851953
936	0.0851953	0.0851554
937	0.0851554	0.0851155
938	0.0851155	0.0850754
939	0.0850754	0.0850353
940	0.0850354	0.0849952
941	0.0849952	0.0849549
942	0.0849549	0.0849146
943	0.0849146	0.0848742
944	0.0848742	0.0848337
945	0.0848337	0.0847932
946	0.0847931	0.0847525
947	0.0847525	0.0847118
948	0.0847118	0.084671
949	0.084671	0.0846301
950	0.0846301	0.0845892
951	0.0845892	0.0845482
952	0.0845482	0.0845071
953	0.0845071	0.0844659
954	0.0844659	0.0844247
955	0.0844247	0.0843833
956	0.0843833	0.0843419
957	0.0843419	0.0843005
958	0.0843005	0.0842589
959	0.0842589	0.0842173
960	0.0842173	0.0841756
961	0.0841756	0.0841338
962	0.0841338	0.0840919
963	0.0840919	0.0840499
964	0.0840499	0.0840079
965	0.0840079	0.0839658
966	0.0839658	0.0839236
967	0.0839236	0.0838814
968	0.0838814	0.0838391
969	0.083839	0.0837967
970	0.0837966	0.0837541
971	0.0837542	0.0837116
972	0.0837116	0.0836689
973	0.0836689	0.0836262
974	0.0836262	0.0835834
975	0.0835834	0.0835405
976	0.0835405	0.0834976
977	0.0834976	0.0834546
978	0.0834545	0.0834114
979	0.0834114	0.0833683
980	0.0833682	0.083325
981	0.083325	0.0832816
982	0.0832816	0.0832382
983	0.0832382	0.0831947
984	0.0831947	0.0831511
985	0.0831511	0.0831075
986	0.0831075	0.0830637
987	0.0830637	0.08302
988	0.08302	0.0829761
989	0.0829761	0.0829321
990	0.0829321	0.082888
991	0.082888	0.082844
992	0.082844	0.0827998
993	0.0827997	0.0827555
994	0.0827555	0.0827111
995	0.0827111	0.0826667
996	0.0826667	0.0826222
997	0.0826221	0.0825776
998	0.0825776	0.082533
999	0.0825329	0.0824882
1000	0.0824882	0.0824434
1001	0.0824434	0.0823985
1002	0.0823985	0.0823535
1003	0.0823535	0.0823085
1004	0.0823085	0.0822634
1005	0.0822634	0.0822182
1006	0.0822182	0.0821729
1007	0.0821729	0.0821276
1008	0.0821276	0.0820821
1009	0.0820821	0.0820367
1010	0.0820367	0.0819911
1011	0.0819911	0.0819454
1012	0.0819454	0.0818997
1013	0.0818997	0.0818539
1014	0.0818539	0.081808
1015	0.081808	0.081762
1016	0.081762	0.081716
1017	0.081716	0.0816699
1018	0.0816699	0.0816237
1019	0.0816237	0.0815775
1020	0.0815775	0.0815311
1021	0.0815312	0.0814847
1022	0.0814847	0.0814383
1023	0.0814383	0.0813916
1024	0.0813916	0.081345
1025	0.081345	0.0812983
1026	0.0812983	0.0812515
1027	0.0812515	0.0812046
1028	0.0812046	0.0811577
1029	0.0811577	0.0811107
1030	0.0811107	0.0810636
1031	0.0810636	0.0810165
1032	0.0810165	0.0809692
1033	0.0809692	0.0809219
1034	0.0809219	0.0808745
1035	0.0808745	0.080827
1036	0.080827	0.0807795
1037	0.0807795	0.0807319
1038	0.0807319	0.0806842
1039	0.0806842	0.0806365
1040	0.0806365	0.0805886
1041	0.0805886	0.0805407
1042	0.0805407	0.0804927
1043	0.0804927	0.0804447
1044	0.0804447	0.0803966
1045	0.0803966	0.0803484
1046	0.0803484	0.0803001
1047	0.0803001	0.0802517
1048	0.0802517	0.0802033
1049	0.0802033	0.0801548
1050	0.0801548	0.0801062
1051	0.0801062	0.0800576
1052	0.0800576	0.0800089
1053	0.0800089	0.0799601
1054	0.0799601	0.0799112
1055	0.0799112	0.0798623
1056	0.0798623	0.0798133
1057	0.0798133	0.0797642
1058	0.0797642	0.079715
1059	0.079715	0.0796658
1060	0.0796658	0.0796165
1061	0.0796165	0.0795671
1062	0.0795671	0.0795177
1063	0.0795177	0.0794682
1064	0.0794682	0.0794186
1065	0.0794186	0.0793689
1066	0.0793689	0.0793192
1067	0.0793191	0.0792693
1068	0.0792693	0.0792195
1069	0.0792194	0.0791695
1070	0.0791695	0.0791195
1071	0.0791194	0.0790693
1072	0.0790693	0.0790192
1073	0.0790192	0.0789689
1074	0.0789689	0.0789186
1075	0.0789186	0.0788682
1076	0.0788682	0.0788177
1077	0.0788177	0.0787672
1078	0.0787671	0.0787165
1079	0.0787165	0.0786658
1080	0.0786658	0.078615
1081	0.0786151	0.0785643
1082	0.0785643	0.0785133
1083	0.0785133	0.0784623
1084	0.0784624	0.0784113
1085	0.0784113	0.0783602
1086	0.0783601	0.078309
1087	0.078309	0.0782577
1088	0.0782577	0.0782064
1089	0.0782064	0.0781549
1090	0.0781549	0.0781034
1091	0.0781034	0.0780519
1092	0.0780519	0.0780003
1093	0.0780003	0.0779486
1094	0.0779486	0.0778968
1095	0.0778968	0.077845
1096	0.077845	0.077793
1097	0.077793	0.077741
1098	0.077741	0.077689
1099	0.077689	0.0776369
1100	0.0776368	0.0775847
1101	0.0775847	0.0775324
1102	0.0775324	0.0774801
1103	0.07748	0.0774276
1104	0.0774276	0.0773751
1105	0.0773751	0.0773226
1106	0.0773226	0.07727
1107	0.07727	0.0772173
1108	0.0772173	0.0771645
1109	0.0771645	0.0771117
1110	0.0771117	0.0770588
1111	0.0770588	0.0770058
1112	0.0770058	0.0769528
1113	0.0769527	0.0768996
1114	0.0768996	0.0768464
1115	0.0768464	0.0767932
1116	0.0767932	0.0767399
1117	0.0767399	0.0766864
1118	0.0766865	0.076633
1119	0.076633	0.0765795
1120	0.0765795	0.0765259
1121	0.0765259	0.0764722
1122	0.0764722	0.0764185
1123	0.0764185	0.0763647
1124	0.0763647	0.0763108
1125	0.0763108	0.0762569
1126	0.0762569	0.0762029
1127	0.0762028	0.0761488
1128	0.0761488	0.0760947
1129	0.0760946	0.0760404
1130	0.0760404	0.0759861
1131	0.0759861	0.0759318
1132	0.0759318	0.0758773
1133	0.0758774	0.0758228
1134	0.0758228	0.0757683
1135	0.0757683	0.0757137
1136	0.0757137	0.075659
1137	0.075659	0.0756043
1138	0.0756043	0.0755495
1139	0.0755494	0.0754946
1140	0.0754946	0.0754396
1141	0.0754396	0.0753846
1142	0.0753846	0.0753295
1143	0.0753295	0.0752744
1144	0.0752744	0.0752192
1145	0.0752192	0.0751639
1146	0.0751639	0.0751085
1147	0.0751086	0.0750532
1148	0.0750532	0.0749977
1149	0.0749977	0.0749421
1150	0.0749421	0.0748865
1151	0.0748865	0.0748309
1152	0.0748309	0.0747752
1153	0.0747752	0.0747194
1154	0.0747194	0.0746636
1155	0.0746636	0.0746076
1156	0.0746076	0.0745517
1157	0.0745517	0.0744956
1158	0.0744956	0.0744395
1159	0.0744395	0.0743833
1160	0.0743833	0.0743271
1161	0.0743271	0.0742709
1162	0.0742709	0.0742145
1163	0.0742145	0.0741581
1164	0.0741581	0.0741017
1165	0.0741016	0.0740451
1166	0.0740451	0.0739885
1167	0.0739885	0.0739319
1168	0.0739319	0.0738752
1169	0.0738752	0.0738185
1170	0.0738184	0.0737616
1171	0.0737616	0.0737047
1172	0.0737047	0.0736478
1173	0.0736478	0.0735908
1174	0.0735908	0.0735338
1175	0.0735337	0.0734766
1176	0.0734766	0.0734195
1177	0.0734195	0.0733622
1178	0.0733622	0.0733049
1179	0.0733049	0.0732476
1180	0.0732476	0.0731902
1181	0.0731902	0.0731327
1182	0.0731327	0.0730752
1183	0.0730752	0.0730176
1184	0.0730176	0.07296
1185	0.07296	0.0729023
1186	0.0729023	0.0728446
1187	0.0728446	0.0727868
1188	0.0727868	0.0727289
1189	0.0727289	0.072671
1190	0.072671	0.0726131
1191	0.0726131	0.0725551
1192	0.0725551	0.072497
1193	0.072497	0.0724389
1194	0.0724389	0.0723807
1195	0.0723807	0.0723225
1196	0.0723225	0.0722642
1197	0.0722642	0.0722059
1198	0.0722059	0.0721475
1199	0.0721475	0.0720891
1200	0.0720891	0.0720306
1201	0.0720306	0.0719721
1202	0.0719721	0.0719135
1203	0.0719135	0.0718549
1204	0.0718549	0.0717962
1205	0.0717962	0.0717375
1206	0.0717375	0.0716787
1207	0.0716787	0.0716199
1208	0.0716199	0.0715609
1209	0.071561	0.0715021
1210	0.071502	0.0714431
1211	0.0714431	0.071384
1212	0.071384	0.071325
1213	0.071325	0.0712659
1214	0.0712659	0.0712067
1215	0.0712067	0.0711474
1216	0.0711475	0.0710882
1217	0.0710882	0.0710289
1218	0.0710289	0.0709695
1219	0.0709695	0.0709101
1220	0.0709101	0.0708507
1221	0.0708507	0.0707912
1222	0.0707912	0.0707317
1223	0.0707317	0.0706721
1224	0.0706721	0.0706124
1225	0.0706125	0.0705528
1226	0.0705528	0.0704931
1227	0.0704931	0.0704333
1228	0.0704333	0.0703735
1229	0.0703735	0.0703136
1230	0.0703137	0.0702538
1231	0.0702538	0.0701938
1232	0.0701939	0.0701339
1233	0.0701339	0.0700739
1234	0.0700739	0.0700138
1235	0.0700138	0.0699537
1236	0.0699537	0.0698936
1237	0.0698936	0.0698335
1238	0.0698334	0.0697732
1239	0.0697732	0.0697129
1240	0.069713	0.0696527
1241	0.0696527	0.0695923
1242	0.0695924	0.069532
1243	0.069532	0.0694716
1244	0.0694716	0.0694112
1245	0.0694111	0.0693507
1246	0.0693507	0.0692901
1247	0.0692902	0.0692296
1248	0.0692296	0.069169
1249	0.069169	0.0691084
1250	0.0691084	0.0690477
1251	0.0690477	0.068987
1252	0.068987	0.0689263
1253	0.0689263	0.0688655
1254	0.0688655	0.0688047
1255	0.0688047	0.0687439
1256	0.0687439	0.0686831
1257	0.068683	0.0686221
1258	0.0686221	0.0685612
1259	0.0685612	0.0685002
1260	0.0685002	0.0684392
1261	0.0684392	0.0683782
1262	0.0683782	0.0683171
1263	0.0683171	0.068256
1264	0.068256	0.0681949
1265	0.0681949	0.0681337
1266	0.0681337	0.0680725
1267	0.0680725	0.0680113
1268	0.0680113	0.0679501
1269	0.0679501	0.0678888
1270	0.0678888	0.0678275
1271	0.0678275	0.0677662
1272	0.0677662	0.0677048
1273	0.0677048	0.0676434
1274	0.0676434	0.067582
1275	0.067582	0.0675206
1276	0.0675206	0.0674591
1277	0.0674591	0.0673976
1278	0.0673976	0.0673361
1279	0.0673361	0.0672745
1280	0.0672745	0.067213
1281	0.067213	0.0671514
1282	0.0671514	0.0670898
1283	0.0670898	0.0670281
1284	0.0670281	0.0669664
1285	0.0669665	0.0669048
1286	0.0669048	0.066843
1287	0.0668431	0.0667813
1288	0.0667813	0.0667196
1289	0.0667196	0.0666578
1290	0.0666578	0.066596
1291	0.066596	0.0665342
1292	0.0665342	0.0664723
1293	0.0664723	0.0664105
1294	0.0664105	0.0663486
1295	0.0663486	0.0662867
1296	0.0662867	0.0662248
1297	0.0662248	0.0661628
1298	0.0661629	0.0661009
1299	0.0661009	0.0660389
1300	0.0660389	0.065977
1301	0.0659769	0.0659149
1302	0.0659149	0.0658529
1303	0.0658529	0.0657909
1304	0.0657909	0.0657288
1305	0.0657288	0.0656668
1306	0.0656667	0.0656046
1307	0.0656047	0.0655426
1308	0.0655426	0.0654804
1309	0.0654804	0.0654183
1310	0.0654183	0.0653562
1311	0.0653562	0.065294
1312	0.065294	0.0652319
1313	0.0652319	0.0651696
1314	0.0651697	0.0651075
1315	0.0651075	0.0650453
1316	0.0650453	0.064983
1317	0.064983	0.0649208
1318	0.0649208	0.0648586
1319	0.0648586	0.0647963
1320	0.0647963	0.0647341
1321	0.0647341	0.0646718
1322	0.0646718	0.0646096
1323	0.0646096	0.0645473
1324	0.0645473	0.064485
1325	0.064485	0.0644226
1326	0.0644227	0.0643604
1327	0.0643604	0.0642981
1328	0.0642981	0.0642357
1329	0.0642357	0.0641734
1330	0.0641734	0.0641111
1331	0.0641111	0.0640487
1332	0.0640487	0.0639864
1333	0.0639864	0.0639241
1334	0.0639241	0.0638617
1335	0.0638617	0.0637994
1336	0.0637994	0.0637371
1337	0.0637371	0.0636748
1338	0.0636747	0.0636124
1339	0.0636124	0.0635501
1340	0.06355	0.0634877
1341	0.0634877	0.0634254
1342	0.0634253	0.063363
1343	0.063363	0.0633006
1344	0.0633007	0.0632383
1345	0.0632383	0.063176
1346	0.063176	0.0631136
1347	0.0631136	0.0630513
1348	0.0630513	0.062989
1349	0.0629889	0.0629266
1350	0.0629266	0.0628643
1351	0.0628643	0.062802
1352	0.062802	0.0627397
1353	0.0627397	0.0626774
1354	0.0626774	0.0626151
1355	0.0626151	0.0625528
1356	0.0625528	0.0624905
1357	0.0624905	0.0624282
1358	0.0624282	0.0623659
1359	0.0623659	0.0623036
1360	0.0623036	0.0622414
1361	0.0622414	0.0621791
1362	0.0621791	0.0621169
1363	0.0621169	0.0620546
1364	0.0620547	0.0619924
1365	0.0619924	0.0619302
1366	0.0619302	0.061868
1367	0.061868	0.0618058
1368	0.0618058	0.0617437
1369	0.0617436	0.0616815
1370	0.0616815	0.0616193
1371	0.0616193	0.0615571
1372	0.0615572	0.061495
1373	0.061495	0.0614329
1374	0.0614329	0.0613708
1375	0.0613708	0.0613087
1376	0.0613087	0.0612467
1377	0.0612466	0.0611845
1378	0.0611846	0.0611225
1379	0.0611225	0.0610605
1380	0.0610604	0.0609984
1381	0.0609984	0.0609364
1382	0.0609364	0.0608745
1383	0.0608744	0.0608125
1384	0.0608125	0.0607505
1385	0.0607505	0.0606886
1386	0.0606886	0.0606267
1387	0.0606267	0.0605648
1388	0.0605648	0.0605029
1389	0.0605029	0.060441
1390	0.060441	0.0603792
1391	0.0603792	0.0603174
1392	0.0603174	0.0602556
1393	0.0602556	0.0601938
1394	0.0601938	0.060132
1395	0.060132	0.0600703
1396	0.0600703	0.0600086
1397	0.0600086	0.0599469
1398	0.0599469	0.0598852
1399	0.0598852	0.0598236
1400	0.0598236	0.0597619
1401	0.059762	0.0597004
1402	0.0597003	0.0596387
1403	0.0596388	0.0595772
1404	0.0595772	0.0595157
1405	0.0595157	0.0594542
1406	0.0594542	0.0593927
1407	0.0593927	0.0593312
1408	0.0593312	0.0592698
1409	0.0592698	0.0592084
1410	0.0592084	0.059147
1411	0.059147	0.0590857
1412	0.0590857	0.0590244
1413	0.0590243	0.0589631
1414	0.0589631	0.0589018
1415	0.0589018	0.0588405
1416	0.0588405	0.0587793
1417	0.0587793	0.0587181
1418	0.0587182	0.058657
1419	0.058657	0.0585959
1420	0.0585959	0.0585348
1421	0.0585348	0.0584737
1422	0.0584737	0.0584127
1423	0.0584127	0.0583517
1424	0.0583517	0.0582907
1425	0.0582907	0.0582298
1426	0.0582298	0.0581689
1427	0.0581689	0.058108
1428	0.058108	0.0580471
1429	0.0580472	0.0579863
1430	0.0579863	0.0579256
1431	0.0579256	0.0578648
1432	0.0578648	0.0578041
1433	0.0578041	0.0577434
1434	0.0577434	0.0576828
1435	0.0576828	0.0576222
1436	0.0576222	0.0575616
1437	0.0575616	0.0575011
1438	0.0575011	0.0574406
1439	0.0574406	0.0573801
1440	0.0573801	0.0573197
1441	0.0573197	0.0572593
1442	0.0572594	0.057199
1443	0.057199	0.0571386
1444	0.0571387	0.0570784
1445	0.0570784	0.0570181
1446	0.0570182	0.0569579
1447	0.0569579	0.0568978
1448	0.0568978	0.0568377
1449	0.0568377	0.0567776
1450	0.0567776	0.0567175
1451	0.0567176	0.0566576
1452	0.0566576	0.0565976
1453	0.0565976	0.0565377
1454	0.0565377	0.0564778
1455	0.0564778	0.056418
1456	0.0564179	0.0563582
1457	0.0563582	0.0562984
1458	0.0562984	0.0562387
1459	0.0562387	0.056179
1460	0.056179	0.0561194
1461	0.0561194	0.0560598
1462	0.0560598	0.0560003
1463	0.0560003	0.0559408
1464	0.0559408	0.0558814
1465	0.0558813	0.0558219
1466	0.0558219	0.0557625
1467	0.0557626	0.0557032
1468	0.0557032	0.055644
1469	0.055644	0.0555847
1470	0.0555848	0.0555256
1471	0.0555256	0.0554664
1472	0.0554664	0.0554074
1473	0.0554073	0.0553483
1474	0.0553483	0.0552893
1475	0.0552893	0.0552304
1476	0.0552304	0.0551715
1477	0.0551715	0.0551126
1478	0.0551126	0.0550538
1479	0.0550538	0.0549951
1480	0.0549951	0.0549364
1481	0.0549364	0.0548777
1482	0.0548777	0.0548191
1483	0.0548191	0.0547605
1484	0.0547605	0.0547021
1485	0.0547021	0.0546436
1486	0.0546436	0.0545852
1487	0.0545852	0.0545268
1488	0.0545268	0.0544686
1489	0.0544686	0.0544103
1490	0.0544103	0.0543521
1491	0.0543521	0.054294
1492	0.054294	0.0542358
1493	0.0542359	0.0541778
1494	0.0541778	0.0541198
1495	0.0541198	0.0540619
1496	0.0540619	0.054004
1497	0.054004	0.0539462
1498	0.0539462	0.0538884
1499	0.0538884	0.0538307
1500	0.0538307	0.0537731
1501	0.0537731	0.0537154
1502	0.0537155	0.0536579
1503	0.0536579	0.0536004
1504	0.0536004	0.053543
1505	0.053543	0.0534856
1506	0.0534856	0.0534283
1507	0.0534282	0.053371
1508	0.053371	0.0533138
1509	0.0533138	0.0532566
1510	0.0532566	0.0531995
1511	0.0531995	0.0531425
1512	0.0531425	0.0530855
1513	0.0530855	0.0530286
1514	0.0530286	0.0529717
1515	0.0529717	0.0529149
1516	0.0529149	0.0528581
1517	0.0528582	0.0528014
1518	0.0528015	0.0527449
1519	0.0527449	0.0526882
1520	0.0526883	0.0526317
1521	0.0526318	0.0525753
1522	0.0525753	0.0525189
1523	0.0525189	0.0524626
1524	0.0524626	0.0524063
1525	0.0524063	0.0523501
1526	0.0523501	0.052294
1527	0.052294	0.0522379
1528	0.0522379	0.0521819
1529	0.0521819	0.0521259
1530	0.0521259	0.05207
1531	0.05207	0.0520142
1532	0.0520142	0.0519585
1533	0.0519585	0.0519027
1534	0.0519027	0.0518471
1535	0.0518471	0.0517915
1536	0.0517915	0.051736
1537	0.051736	0.0516805
1538	0.0516805	0.0516252
1539	0.0516252	0.0515699
1540	0.0515699	0.0515146
1541	0.0515146	0.0514594
1542	0.0514594	0.0514043
1543	0.0514043	0.0513492
1544	0.0513492	0.0512942
1545	0.0512942	0.0512393
1546	0.0512393	0.0511845
1547	0.0511844	0.0511297
1548	0.0511297	0.0510749
1549	0.0510749	0.0510203
1550	0.0510203	0.0509657
1551	0.0509657	0.0509112
1552	0.0509112	0.0508567
1553	0.0508567	0.0508024
1554	0.0508023	0.050748
1555	0.050748	0.0506938
1556	0.0506938	0.0506396
1557	0.0506396	0.0505854
1558	0.0505855	0.0505314
1559	0.0505314	0.0504774
1560	0.0504774	0.0504235
1561	0.0504235	0.0503697
1562	0.0503697	0.0503159
1563	0.0503159	0.0502622
1564	0.0502622	0.0502086
1565	0.0502086	0.050155
1566	0.050155	0.0501016
1567	0.0501016	0.0500481
1568	0.0500481	0.0499948
1569	0.0499948	0.0499415
1570	0.0499415	0.0498883
1571	0.0498883	0.0498352
1572	0.0498352	0.0497821
1573	0.0497821	0.0497292
1574	0.0497292	0.0496762
1575	0.0496762	0.0496234
1576	0.0496234	0.0495706
1577	0.0495706	0.0495179
1578	0.0495179	0.0494653
1579	0.0494653	0.0494127
1580	0.0494128	0.0493603
1581	0.0493603	0.0493079
1582	0.0493079	0.0492555
1583	0.0492555	0.0492033
1584	0.0492033	0.0491511
1585	0.0491511	0.049099
1586	0.049099	0.049047
1587	0.049047	0.048995
1588	0.048995	0.0489431
1589	0.0489431	0.0488913
1590	0.0488913	0.0488396
1591	0.0488396	0.0487879
1592	0.0487879	0.0487363
1593	0.0487363	0.0486848
1594	0.0486848	0.0486334
1595	0.0486334	0.048582
1596	0.048582	0.0485308
1597	0.0485308	0.0484796
1598	0.0484796	0.0484284
1599	0.0484284	0.0483774
1600	0.0483774	0.0483264
1601	0.0483264	0.0482755
1602	0.0482755	0.0482246
1603	0.0482247	0.0481739
1604	0.0481739	0.0481233
1605	0.0481233	0.0480727
1606	0.0480727	0.0480222
1607	0.0480222	0.0479717
1608	0.0479717	0.0479214
1609	0.0479213	0.0478711
1610	0.0478711	0.0478209
1611	0.0478209	0.0477708
1612	0.0477708	0.0477207
1613	0.0477207	0.0476708
1614	0.0476708	0.0476209
1615	0.0476209	0.047571
1616	0.047571	0.0475213
1617	0.0475213	0.0474717
1618	0.0474717	0.0474221
1619	0.0474221	0.0473726
1620	0.0473726	0.0473232
1621	0.0473232	0.0472738
1622	0.0472738	0.0472246
1623	0.0472246	0.0471754
1624	0.0471754	0.0471263
1625	0.0471263	0.0470773
1626	0.0470773	0.0470284
1627	0.0470284	0.0469795
1628	0.0469795	0.0469307
1629	0.0469307	0.046882
1630	0.046882	0.0468334
1631	0.0468334	0.0467849
1632	0.0467849	0.0467364
1633	0.0467364	0.046688
1634	0.046688	0.0466398
1635	0.0466398	0.0465915
1636	0.0465915	0.0465434
1637	0.0465434	0.0464953
1638	0.0464953	0.0464474
1639	0.0464474	0.0463995
1640	0.0463995	0.0463517
1641	0.0463517	0.0463039
1642	0.0463039	0.0462563
1643	0.0462563	0.0462088
1644	0.0462088	0.0461613
1645	0.0461613	0.0461139
1646	0.0461139	0.0460665
1647	0.0460665	0.0460193
1648	0.0460193	0.0459722
1649	0.0459722	0.0459251
1650	0.0459251	0.0458781
1651	0.0458781	0.0458312
1652	0.0458312	0.0457844
1653	0.0457844	0.0457376
1654	0.0457376	0.045691
1655	0.045691	0.0456444
1656	0.0456444	0.0455979
1657	0.0455979	0.0455515
1658	0.0455515	0.0455051
1659	0.0455051	0.0454589
1660	0.0454589	0.0454127
1661	0.0454127	0.0453666
1662	0.0453666	0.0453206
1663	0.0453206	0.0452747
1664	0.0452747	0.0452289
1665	0.0452289	0.0451831
1666	0.0451831	0.0451375
1667	0.0451375	0.0450919
1668	0.0450919	0.0450464
1669	0.0450464	0.045001
1670	0.045001	0.0449556
1671	0.0449556	0.0449104
1672	0.0449104	0.0448652
1673	0.0448652	0.0448201
1674	0.0448201	0.0447752
1675	0.0447752	0.0447302
1676	0.0447302	0.0446854
1677	0.0446854	0.0446406
1678	0.0446407	0.044596
1679	0.044596	0.0445514
1680	0.0445514	0.0445069
1681	0.0445069	0.0444625
1682	0.0444625	0.0444181
1683	0.0444181	0.0443739
1684	0.0443739	0.0443297
1685	0.0443297	0.0442856
1686	0.0442856	0.0442416
1687	0.0442416	0.0441977
1688	0.0441977	0.0441539
1689	0.0441539	0.0441102
1690	0.0441101	0.0440665
1691	0.0440665	0.0440229
1692	0.0440229	0.0439794
1693	0.0439794	0.043936
1694	0.043936	0.0438927
1695	0.0438927	0.0438494
1696	0.0438494	0.0438062
1697	0.0438063	0.0437632
1698	0.0437632	0.0437202
1699	0.0437202	0.0436773
1700	0.0436773	0.0436345
1701	0.0436345	0.0435917
1702	0.0435917	0.0435491
1703	0.0435491	0.0435065
1704	0.0435065	0.043464
1705	0.043464	0.0434216
1706	0.0434216	0.0433792
1707	0.0433792	0.043337
1708	0.043337	0.0432949
1709	0.0432949	0.0432528
1710	0.0432528	0.0432108
1711	0.0432108	0.0431689
1712	0.0431689	0.0431271
1713	0.043127	0.0430853
1714	0.0430853	0.0430437
1715	0.0430437	0.0430021
1716	0.0430021	0.0429606
1717	0.0429606	0.0429192
1718	0.0429192	0.0428778
1719	0.0428779	0.0428366
1720	0.0428366	0.0427955
1721	0.0427955	0.0427544
1722	0.0427544	0.0427134
1723	0.0427134	0.0426725
1724	0.0426725	0.0426317
1725	0.0426317	0.0425909
1726	0.0425909	0.0425503
1727	0.0425503	0.0425097
1728	0.0425097	0.0424692
1729	0.0424692	0.0424288
1730	0.0424288	0.0423885
1731	0.0423885	0.0423482
1732	0.0423482	0.0423081
1733	0.0423081	0.042268
1734	0.042268	0.042228
1735	0.042228	0.0421881
1736	0.0421881	0.0421483
1737	0.0421483	0.0421085
1738	0.0421085	0.0420689
1739	0.0420689	0.0420293
1740	0.0420293	0.0419898
1741	0.0419898	0.0419504
1742	0.0419503	0.041911
1743	0.041911	0.0418718
1744	0.0418718	0.0418326
1745	0.0418326	0.0417935
1746	0.0417935	0.0417545
1747	0.0417545	0.0417156
1748	0.0417156	0.0416767
1749	0.0416767	0.041638
1750	0.041638	0.0415993
1751	0.0415993	0.0415607
1752	0.0415607	0.0415222
1753	0.0415222	0.0414837
1754	0.0414838	0.0414454
1755	0.0414454	0.0414071
1756	0.0414071	0.0413689
1757	0.0413689	0.0413308
1758	0.0413308	0.0412928
1759	0.0412928	0.0412549
1760	0.0412548	0.041217
1761	0.041217	0.0411792
1762	0.0411792	0.0411415
1763	0.0411415	0.0411039
1764	0.0411039	0.0410663
1765	0.0410663	0.0410289
1766	0.0410289	0.0409915
1767	0.0409915	0.0409542
1768	0.0409542	0.040917
1769	0.040917	0.0408798
1770	0.0408798	0.0408428
1771	0.0408428	0.0408058
1772	0.0408058	0.0407689
1773	0.0407689	0.0407321
1774	0.0407321	0.0406953
1775	0.0406953	0.0406587
1776	0.0406587	0.0406221
1777	0.0406221	0.0405856
1778	0.0405856	0.0405492
1779	0.0405492	0.0405128
1780	0.0405128	0.0404765
1781	0.0404765	0.0404404
1782	0.0404404	0.0404042
1783	0.0404043	0.0403682
1784	0.0403682	0.0403323
1785	0.0403323	0.0402964
1786	0.0402964	0.0402606
1787	0.0402606	0.0402249
1788	0.0402249	0.0401893
1789	0.0401893	0.0401537
1790	0.0401537	0.0401182
1791	0.0401182	0.0400828
1792	0.0400828	0.0400475
1793	0.0400475	0.0400123
1794	0.0400123	0.0399771
1795	0.0399771	0.039942
1796	0.039942	0.039907
1797	0.039907	0.039872
1798	0.039872	0.0398372
1799	0.0398372	0.0398024
1800	0.0398024	0.0397677
1801	0.0397677	0.0397331
1802	0.0397331	0.0396985
1803	0.0396985	0.039664
1804	0.039664	0.0396296
1805	0.0396296	0.0395953
1806	0.0395953	0.0395611
1807	0.0395611	0.0395269
1808	0.0395269	0.0394928
1809	0.0394928	0.0394588
1810	0.0394588	0.0394249
1811	0.0394249	0.039391
1812	0.039391	0.0393572
1813	0.0393572	0.0393235
1814	0.0393235	0.0392898
1815	0.0392898	0.0392563
1816	0.0392563	0.0392228
1817	0.0392228	0.0391894
1818	0.0391894	0.039156
1819	0.039156	0.0391228
1820	0.0391228	0.0390896
1821	0.0390896	0.0390564
1822	0.0390564	0.0390234
1823	0.0390234	0.0389904
1824	0.0389904	0.0389575
1825	0.0389576	0.0389247
1826	0.0389247	0.0388919
1827	0.0388919	0.0388593
1828	0.0388593	0.0388267
1829	0.0388267	0.0387942
1830	0.0387941	0.0387617
1831	0.0387617	0.0387293
1832	0.0387293	0.038697
1833	0.038697	0.0386648
1834	0.0386648	0.0386326
1835	0.0386326	0.0386005
1836	0.0386005	0.0385685
1837	0.0385685	0.0385365
1838	0.0385365	0.0385047
1839	0.0385047	0.0384729
1840	0.0384729	0.0384411
1841	0.0384411	0.0384095
1842	0.0384095	0.0383779
1843	0.0383779	0.0383464
1844	0.0383464	0.0383149
1845	0.0383149	0.0382835
1846	0.0382835	0.0382522
1847	0.0382522	0.038221
1848	0.038221	0.0381898
1849	0.0381898	0.0381587
1850	0.0381587	0.0381277
1851	0.0381277	0.0380968
1852	0.0380967	0.0380659
1853	0.0380659	0.038035
1854	0.038035	0.0380043
1855	0.0380043	0.0379736
1856	0.0379736	0.037943
1857	0.037943	0.0379125
1858	0.0379125	0.037882
1859	0.037882	0.0378516
1860	0.0378516	0.0378213
1861	0.0378213	0.037791
1862	0.037791	0.0377609
1863	0.0377608	0.0377307
1864	0.0377307	0.0377006
1865	0.0377006	0.0376707
1866	0.0376706	0.0376407
1867	0.0376407	0.0376109
1868	0.0376109	0.0375811
1869	0.0375811	0.0375514
1870	0.0375514	0.0375217
1871	0.0375217	0.0374921
1872	0.0374921	0.0374626
1873	0.0374626	0.0374332
1874	0.0374332	0.0374038
1875	0.0374038	0.0373745
1876	0.0373745	0.0373452
1877	0.0373452	0.037316
1878	0.037316	0.0372869
1879	0.0372869	0.0372579
1880	0.0372579	0.0372289
1881	0.0372289	0.0371999
1882	0.0371999	0.0371711
1883	0.0371711	0.0371423
1884	0.0371423	0.0371136
1885	0.0371136	0.0370849
1886	0.0370849	0.0370563
1887	0.0370563	0.0370278
1888	0.0370278	0.0369993
1889	0.0369993	0.0369709
1890	0.0369709	0.0369426
1891	0.0369426	0.0369143
1892	0.0369143	0.0368861
1893	0.0368861	0.0368579
1894	0.0368579	0.0368299
1895	0.0368298	0.0368018
1896	0.0368018	0.0367739
1897	0.0367739	0.036746
1898	0.036746	0.0367181
1899	0.0367181	0.0366903
1900	0.0366904	0.0366627
1901	0.0366627	0.036635
1902	0.036635	0.0366074
1903	0.0366074	0.0365799
1904	0.0365799	0.0365524
1905	0.0365524	0.0365251
1906	0.036525	0.0364977
1907	0.0364977	0.0364704
1908	0.0364704	0.0364432
1909	0.0364432	0.0364161
1910	0.0364161	0.036389
1911	0.036389	0.0363619
1912	0.0363619	0.036335
1913	0.036335	0.0363081
1914	0.0363081	0.0362812
1915	0.0362812	0.0362544
1916	0.0362544	0.0362277
1917	0.0362277	0.036201
1918	0.036201	0.0361744
1919	0.0361744	0.0361479
1920	0.0361479	0.0361214
1921	0.0361214	0.0360949
1922	0.0360949	0.0360686
1923	0.0360686	0.0360423
1924	0.0360423	0.036016
1925	0.036016	0.0359898
1926	0.0359898	0.0359637
1927	0.0359637	0.0359376
1928	0.0359376	0.0359116
1929	0.0359116	0.0358856
1930	0.0358856	0.0358597
1931	0.0358597	0.0358339
1932	0.0358339	0.0358081
1933	0.0358081	0.0357823
1934	0.0357823	0.0357567
1935	0.0357567	0.035731
1936	0.035731	0.0357055
1937	0.0357055	0.0356799
1938	0.03568	0.0356545
1939	0.0356545	0.0356291
1940	0.0356291	0.0356038
1941	0.0356038	0.0355785
1942	0.0355785	0.0355533
1943	0.0355533	0.0355281
1944	0.0355281	0.035503
1945	0.035503	0.0354779
1946	0.0354779	0.0354529
1947	0.0354529	0.035428
1948	0.035428	0.0354031
1949	0.0354031	0.0353783
1950	0.0353783	0.0353535
1951	0.0353535	0.0353287
1952	0.0353288	0.0353041
1953	0.0353041	0.0352794
1954	0.0352794	0.0352549
1955	0.0352549	0.0352304
1956	0.0352304	0.0352059
1957	0.0352059	0.0351815
1958	0.0351815	0.0351572
1959	0.0351572	0.0351329
1960	0.0351329	0.0351086
1961	0.0351086	0.0350844
1962	0.0350844	0.0350603
1963	0.0350603	0.0350362
1964	0.0350362	0.0350122
1965	0.0350122	0.0349882
1966	0.0349882	0.0349642
1967	0.0349642	0.0349404
1968	0.0349404	0.0349165
1969	0.0349165	0.0348928
1970	0.0348927	0.034869
1971	0.034869	0.0348454
1972	0.0348454	0.0348217
1973	0.0348217	0.0347982
1974	0.0347982	0.0347747
1975	0.0347747	0.0347512
1976	0.0347512	0.0347278
1977	0.0347278	0.0347044
1978	0.0347044	0.0346811
1979	0.0346811	0.0346578
1980	0.0346578	0.0346346
1981	0.0346346	0.0346114
1982	0.0346114	0.0345883
1983	0.0345883	0.0345653
1984	0.0345653	0.0345422
1985	0.0345422	0.0345193
1986	0.0345193	0.0344964
1987	0.0344964	0.0344735
1988	0.0344735	0.0344507
1989	0.0344507	0.0344279
1990	0.0344279	0.0344052
1991	0.0344052	0.0343825
1992	0.0343825	0.0343599
1993	0.0343599	0.0343373
1994	0.0343373	0.0343148
1995	0.0343147	0.0342923
1996	0.0342923	0.0342698
1997	0.0342698	0.0342474
1998	0.0342475	0.0342251
1999	0.0342251	0.0342028
2000	0.0342028	0.0341806
2001	0.0341806	0.0341584
2002	0.0341584	0.0341362
2003	0.0341362	0.0341141
2004	0.0341141	0.034092
2005	0.034092	0.03407
2006	0.03407	0.034048
2007	0.0340481	0.0340261
2008	0.0340261	0.0340043
2009	0.0340043	0.0339824
2010	0.0339824	0.0339606
2011	0.0339606	0.0339389
2012	0.0339389	0.0339172
2013	0.0339172	0.0338955
2014	0.0338956	0.033874
2015	0.033874	0.0338524
2016	0.0338524	0.0338309
2017	0.0338309	0.0338094
2018	0.0338094	0.033788
2019	0.033788	0.0337666
2020	0.0337666	0.0337453
2021	0.0337453	0.033724
2022	0.033724	0.0337028
2023	0.0337028	0.0336816
2024	0.0336815	0.0336604
2025	0.0336604	0.0336392
2026	0.0336393	0.0336182
2027	0.0336182	0.0335972
2028	0.0335972	0.0335762
2029	0.0335762	0.0335552
2030	0.0335552	0.0335343
2031	0.0335343	0.0335135
2032	0.0335135	0.0334927
2033	0.0334927	0.0334719
2034	0.0334719	0.0334512
2035	0.0334512	0.0334305
2036	0.0334305	0.0334098
2037	0.0334098	0.0333892
2038	0.0333892	0.0333686
2039	0.0333687	0.0333481
2040	0.0333481	0.0333277
2041	0.0333277	0.0333072
2042	0.0333072	0.0332868
2043	0.0332868	0.0332665
2044	0.0332665	0.0332462
2045	0.0332461	0.0332259
2046	0.0332259	0.0332056
2047	0.0332056	0.0331854
2048	0.0331855	0.0331653
2049	0.0331653	0.0331452
2050	0.0331452	0.0331251
2051	0.0331251	0.0331051
2052	0.0331051	0.0330851
2053	0.0330851	0.0330652
2054	0.0330651	0.0330452
2055	0.0330452	0.0330254
2056	0.0330254	0.0330055
2057	0.0330055	0.0329857
2058	0.0329857	0.032966
2059	0.032966	0.0329463
2060	0.0329463	0.0329266
2061	0.0329266	0.032907
2062	0.032907	0.0328874
2063	0.0328874	0.0328678
2064	0.0328678	0.0328483
2065	0.0328483	0.0328288
2066	0.0328288	0.0328094
2067	0.0328094	0.03279
2068	0.03279	0.0327706
2069	0.0327706	0.0327512
2070	0.0327513	0.032732
2071	0.032732	0.0327127
2072	0.0327127	0.0326935
2073	0.0326935	0.0326743
2074	0.0326743	0.0326552
2075	0.0326552	0.0326361
2076	0.0326361	0.032617
2077	0.032617	0.032598
2078	0.032598	0.032579
2079	0.032579	0.03256
2080	0.03256	0.0325411
2081	0.0325411	0.0325222
2082	0.0325222	0.0325034
2083	0.0325034	0.0324846
2084	0.0324846	0.0324658
2085	0.0324658	0.032447
2086	0.032447	0.0324283
2087	0.0324283	0.0324097
2088	0.0324097	0.032391
2089	0.032391	0.0323724
2090	0.0323724	0.0323539
2091	0.0323539	0.0323353
2092	0.0323353	0.0323169
2093	0.0323169	0.0322984
2094	0.0322984	0.03228
2095	0.03228	0.0322616
2096	0.0322616	0.0322432
2097	0.0322432	0.0322249
2098	0.0322249	0.0322066
2099	0.0322066	0.0321884
2100	0.0321884	0.0321702
2101	0.0321702	0.032152
2102	0.032152	0.0321339
2103	0.0321339	0.0321158
2104	0.0321158	0.0320977
2105	0.0320977	0.0320796
2106	0.0320796	0.0320616
2107	0.0320616	0.0320437
2108	0.0320437	0.0320257
2109	0.0320257	0.0320078
2110	0.0320078	0.0319899
2111	0.0319899	0.0319721
2112	0.0319721	0.0319543
2113	0.0319543	0.0319365
2114	0.0319365	0.0319187
2115	0.0319187	0.0319011
2116	0.0319011	0.0318834
2117	0.0318834	0.0318657
2118	0.0318657	0.0318481
2119	0.0318481	0.0318305
2120	0.0318305	0.031813
2121	0.031813	0.0317955
2122	0.0317955	0.031778
2123	0.031778	0.0317605
2124	0.0317605	0.0317431
2125	0.0317431	0.0317257
2126	0.0317257	0.0317084
2127	0.0317084	0.0316911
2128	0.031691	0.0316738
2129	0.0316738	0.0316565
2130	0.0316565	0.0316393
2131	0.0316393	0.0316221
2132	0.0316221	0.0316049
2133	0.0316049	0.0315878
2134	0.0315878	0.0315707
2135	0.0315707	0.0315536
2136	0.0315536	0.0315365
2137	0.0315365	0.0315195
2138	0.0315195	0.0315025
2139	0.0315025	0.0314856
2140	0.0314856	0.0314687
2141	0.0314687	0.0314518
2142	0.0314518	0.0314349
2143	0.0314349	0.0314181
2144	0.0314181	0.0314013
2145	0.0314013	0.0313845
2146	0.0313845	0.0313677
2147	0.0313678	0.0313511
2148	0.031351	0.0313344
2149	0.0313344	0.0313177
2150	0.0313177	0.0313011
2151	0.0313011	0.0312845
2152	0.0312845	0.0312679
2153	0.0312679	0.0312514
2154	0.0312514	0.0312348
2155	0.0312348	0.0312184
2156	0.0312184	0.0312019
2157	0.0312019	0.0311855
2158	0.0311855	0.0311691
2159	0.0311691	0.0311528
2160	0.0311528	0.0311364
2161	0.0311364	0.0311201
2162	0.0311201	0.0311038
2163	0.0311038	0.0310876
2164	0.0310876	0.0310714
2165	0.0310714	0.0310552
2166	0.0310552	0.031039
2167	0.031039	0.0310229
2168	0.0310229	0.0310067
2169	0.0310067	0.0309907
2170	0.0309907	0.0309746
2171	0.0309746	0.0309586
2172	0.0309586	0.0309426
2173	0.0309426	0.0309266
2174	0.0309266	0.0309107
2175	0.0309107	0.0308948
2176	0.0308948	0.0308789
2177	0.0308789	0.030863
2178	0.030863	0.0308472
2179	0.0308472	0.0308314
2180	0.0308313	0.0308156
2181	0.0308156	0.0307998
2182	0.0307998	0.0307841
2183	0.0307841	0.0307684
2184	0.0307684	0.0307527
2185	0.0307527	0.0307371
2186	0.0307371	0.0307214
2187	0.0307214	0.0307058
2188	0.0307059	0.0306903
2189	0.0306903	0.0306747
2190	0.0306747	0.0306592
2191	0.0306592	0.0306437
2192	0.0306437	0.0306283
2193	0.0306283	0.0306128
2194	0.0306128	0.0305974
2195	0.0305974	0.030582
2196	0.030582	0.0305667
2197	0.0305667	0.0305513
2198	0.0305513	0.030536
2199	0.030536	0.0305207
2200	0.0305207	0.0305055
2201	0.0305055	0.0304902
2202	0.0304902	0.030475
2203	0.030475	0.0304598
2204	0.0304599	0.0304447
2205	0.0304447	0.0304296
2206	0.0304296	0.0304144
2207	0.0304144	0.0303994
2208	0.0303994	0.0303843
2209	0.0303843	0.0303693
2210	0.0303693	0.0303543
2211	0.0303543	0.0303393
2212	0.0303393	0.0303244
2213	0.0303243	0.0303094
2214	0.0303094	0.0302945
2215	0.0302945	0.0302796
2216	0.0302796	0.0302647
2217	0.0302647	0.0302499
2218	0.0302499	0.0302351
2219	0.0302351	0.0302203
2220	0.0302203	0.0302055
2221	0.0302055	0.0301908
2222	0.0301908	0.0301761
2223	0.0301761	0.0301614
2224	0.0301614	0.0301467
2225	0.0301467	0.0301321
2226	0.0301321	0.0301175
2227	0.0301175	0.0301028
2228	0.0301029	0.0300883
2229	0.0300883	0.0300737
2230	0.0300737	0.0300592
2231	0.0300592	0.0300447
2232	0.0300447	0.0300302
2233	0.0300302	0.0300157
2234	0.0300157	0.0300013
2235	0.0300013	0.0299869
2236	0.0299869	0.0299725
2237	0.0299725	0.0299581
2238	0.0299581	0.0299438
2239	0.0299438	0.0299295
2240	0.0299295	0.0299152
2241	0.0299152	0.0299009
2242	0.0299009	0.0298867
2243	0.0298867	0.0298724
2244	0.0298724	0.0298582
2245	0.0298582	0.0298441
2246	0.029844	0.0298299
2247	0.0298299	0.0298157
2248	0.0298157	0.0298016
2249	0.0298016	0.0297875
2250	0.0297875	0.0297735
2251	0.0297735	0.0297594
2252	0.0297594	0.0297454
2253	0.0297454	0.0297314
2254	0.0297314	0.0297174
2255	0.0297174	0.0297034
2256	0.0297034	0.0296895
2257	0.0296895	0.0296756
2258	0.0296756	0.0296617
2259	0.0296617	0.0296478
2260	0.0296478	0.029634
2261	0.029634	0.0296201
2262	0.0296201	0.0296063
2263	0.0296063	0.0295925
2264	0.0295925	0.0295788
2265	0.0295788	0.029565
2266	0.029565	0.0295513
2267	0.0295513	0.0295376
2268	0.0295376	0.0295239
2269	0.0295239	0.0295103
2270	0.0295103	0.0294966
2271	0.0294966	0.029483
2272	0.029483	0.0294694
2273	0.0294694	0.0294558
2274	0.0294558	0.0294423
2275	0.0294423	0.0294287
2276	0.0294288	0.0294152
2277	0.0294152	0.0294018
2278	0.0294017	0.0293883
2279	0.0293883	0.0293748
2280	0.0293748	0.0293614
2281	0.0293614	0.029348
2282	0.029348	0.0293346
2283	0.0293346	0.0293212
2284	0.0293212	0.0293079
2285	0.0293079	0.0292946
2286	0.0292946	0.0292812
2287	0.0292812	0.029268
2288	0.029268	0.0292547
2289	0.0292547	0.0292415
2290	0.0292415	0.0292282
2291	0.0292282	0.029215
2292	0.029215	0.0292018
2293	0.0292018	0.0291887
2294	0.0291887	0.0291755
2295	0.0291755	0.0291624
2296	0.0291624	0.0291493
2297	0.0291493	0.0291362
2298	0.0291362	0.0291231
2299	0.0291231	0.0291101
2300	0.0291101	0.0290971
2301	0.0290971	0.0290841
2302	0.0290841	0.0290711
2303	0.0290711	0.0290581
2304	0.0290581	0.0290452
2305	0.0290451	0.0290322
2306	0.0290322	0.0290193
2307	0.0290193	0.0290064
2308	0.0290064	0.0289936
2309	0.0289936	0.0289807
2310	0.0289807	0.0289679
2311	0.0289679	0.0289551
2312	0.0289551	0.0289423
2313	0.0289423	0.0289295
2314	0.0289295	0.0289167
2315	0.0289167	0.028904
2316	0.028904	0.0288913
2317	0.0288913	0.0288786
2318	0.0288786	0.0288659
2319	0.0288659	0.0288532
2320	0.0288532	0.0288406
2321	0.0288406	0.028828
2322	0.028828	0.0288154
2323	0.0288154	0.0288028
2324	0.0288028	0.0287902
2325	0.0287902	0.0287777
2326	0.0287776	0.0287651
2327	0.0287651	0.0287526
2328	0.0287526	0.0287401
2329	0.0287401	0.0287277
2330	0.0287276	0.0287152
2331	0.0287152	0.0287027
2332	0.0287027	0.0286903
2333	0.0286903	0.0286779
2334	0.0286779	0.0286655
2335	0.0286655	0.0286532
2336	0.0286532	0.0286408
2337	0.0286408	0.0286285
2338	0.0286285	0.0286162
2339	0.0286162	0.0286039
2340	0.0286039	0.0285916
2341	0.0285916	0.0285793
2342	0.0285793	0.0285671
2343	0.0285671	0.0285549
2344	0.0285549	0.0285427
2345	0.0285427	0.0285305
2346	0.0285305	0.0285183
2347	0.0285183	0.0285062
2348	0.0285062	0.028494
2349	0.028494	0.0284819
2350	0.0284819	0.0284698
2351	0.0284698	0.0284577
2352	0.0284577	0.0284457
2353	0.0284457	0.0284336
2354	0.0284336	0.0284216
2355	0.0284216	0.0284096
2356	0.0284096	0.0283976
2357	0.0283976	0.0283856
2358	0.0283856	0.0283736
2359	0.0283736	0.0283617
2360	0.0283617	0.0283498
2361	0.0283498	0.0283378
2362	0.0283379	0.028326
2363	0.028326	0.0283141
2364	0.0283141	0.0283022
2365	0.0283022	0.0282904
2366	0.0282904	0.0282785
2367	0.0282785	0.0282668
2368	0.0282668	0.028255
2369	0.028255	0.0282432
2370	0.0282432	0.0282314
2371	0.0282314	0.0282197
2372	0.0282197	0.028208
2373	0.028208	0.0281963
2374	0.0281963	0.0281846
2375	0.0281846	0.0281729
2376	0.0281729	0.0281613
2377	0.0281612	0.0281496
2378	0.0281496	0.028138
2379	0.028138	0.0281264
2380	0.0281264	0.0281148
2381	0.0281148	0.0281032
2382	0.0281032	0.0280916
2383	0.0280916	0.0280801
2384	0.0280801	0.0280686
2385	0.0280686	0.0280571
2386	0.0280571	0.0280456
2387	0.0280456	0.0280341
2388	0.0280341	0.0280226
2389	0.0280226	0.0280112
2390	0.0280112	0.0279998
2391	0.0279998	0.0279883
2392	0.0279883	0.0279769
2393	0.0279769	0.0279656
2394	0.0279656	0.0279542
2395	0.0279542	0.0279429
2396	0.0279429	0.0279315
2397	0.0279315	0.0279202
2398	0.0279202	0.0279089
2399	0.0279089	0.0278976
2400	0.0278976	0.0278863
2401	0.0278863	0.0278751
2402	0.0278751	0.0278638
2403	0.0278639	0.0278526
2404	0.0278526	0.0278414
2405	0.0278414	0.0278302
2406	0.0278302	0.027819
2407	0.027819	0.0278079
2408	0.0278079	0.0277967
2409	0.0277967	0.0277856
2410	0.0277856	0.0277745
2411	0.0277745	0.0277634
2412	0.0277634	0.0277523
2413	0.0277523	0.0277412
2414	0.0277412	0.0277302
2415	0.0277302	0.0277191
2416	0.0277191	0.0277081
2417	0.0277081	0.0276971
2418	0.0276971	0.0276861
2419	0.0276861	0.0276751
2420	0.0276751	0.0276642
2421	0.0276642	0.0276532
2422	0.0276532	0.0276423
2423	0.0276423	0.0276314
2424	0.0276314	0.0276205
2425	0.0276205	0.0276096
2426	0.0276096	0.0275987
2427	0.0275987	0.0275879
2428	0.0275878	0.027577
2429	0.027577	0.0275662
2430	0.0275662	0.0275554
2431	0.0275554	0.0275446
2432	0.0275445	0.0275338
2433	0.0275338	0.027523
2434	0.027523	0.0275122
2435	0.0275122	0.0275015
2436	0.0275015	0.0274908
2437	0.0274908	0.0274801
2438	0.0274801	0.0274694
2439	0.0274694	0.0274587
2440	0.0274587	0.027448
2441	0.027448	0.0274373
2442	0.0274373	0.0274267
2443	0.0274267	0.0274161
2444	0.0274161	0.0274055
2445	0.0274055	0.0273949
2446	0.0273949	0.0273843
2447	0.0273843	0.0273737
2448	0.0273737	0.0273632
2449	0.0273632	0.0273526
2450	0.0273526	0.0273421
2451	0.0273421	0.0273316
2452	0.0273316	0.0273211
2453	0.0273211	0.0273106
2454	0.0273106	0.0273002
2455	0.0273001	0.0272897
2456	0.0272897	0.0272792
2457	0.0272792	0.0272688
2458	0.0272688	0.0272584
2459	0.0272584	0.027248
2460	0.027248	0.0272376
2461	0.0272376	0.0272273
2462	0.0272272	0.0272169
2463	0.0272169	0.0272065
2464	0.0272065	0.0271962
2465	0.0271962	0.0271859
2466	0.0271859	0.0271756
2467	0.0271756	0.0271653
2468	0.0271653	0.027155
2469	0.027155	0.0271447
2470	0.0271447	0.0271345
2471	0.0271345	0.0271242
2472	0.0271242	0.027114
2473	0.027114	0.0271038
2474	0.0271038	0.0270936
2475	0.0270936	0.0270835
2476	0.0270834	0.0270733
2477	0.0270733	0.0270631
2478	0.0270631	0.027053
2479	0.027053	0.0270429
2480	0.0270428	0.0270327
2481	0.0270327	0.0270226
2482	0.0270226	0.0270125
2483	0.0270125	0.0270025
2484	0.0270025	0.0269924
2485	0.0269924	0.0269823
2486	0.0269823	0.0269723
2487	0.0269723	0.0269623
2488	0.0269623	0.0269523
2489	0.0269523	0.0269423
2490	0.0269423	0.0269323
2491	0.0269323	0.0269223
2492	0.0269223	0.0269124
2493	0.0269124	0.0269024
2494	0.0269024	0.0268925
2495	0.0268925	0.0268826
2496	0.0268826	0.0268726
2497	0.0268726	0.0268627
2498	0.0268627	0.0268529
2499	0.0268529	0.026843
2500	0.026843	0.0268331
2501	0.0268331	0.0268233
2502	0.0268233	0.0268135
2503	0.0268135	0.0268036
2504	0.0268036	0.0267938
2505	0.0267938	0.026784
2506	0.026784	0.0267743
2507	0.0267743	0.0267645
2508	0.0267645	0.0267548
2509	0.0267547	0.026745
2510	0.026745	0.0267353
2511	0.0267353	0.0267256
2512	0.0267256	0.0267158
2513	0.0267158	0.0267061
2514	0.0267061	0.0266965
2515	0.0266965	0.0266868
2516	0.0266868	0.0266771
2517	0.0266771	0.0266675
2518	0.0266675	0.0266579
2519	0.0266579	0.0266482
2520	0.0266482	0.0266386
2521	0.0266386	0.026629
2522	0.026629	0.0266194
2523	0.0266194	0.0266099
2524	0.0266099	0.0266003
2525	0.0266003	0.0265908
2526	0.0265908	0.0265812
2527	0.0265812	0.0265717
2528	0.0265717	0.0265622
2529	0.0265622	0.0265527
2530	0.0265527	0.0265432
2531	0.0265432	0.0265337
2532	0.0265337	0.0265243
2533	0.0265243	0.0265148
2534	0.0265148	0.0265054
2535	0.0265054	0.026496
2536	0.026496	0.0264865
2537	0.0264865	0.0264771
2538	0.0264771	0.0264677
2539	0.0264677	0.0264584
2540	0.0264583	0.026449
2541	0.026449	0.0264396
2542	0.0264396	0.0264303
2543	0.0264303	0.0264209
2544	0.0264209	0.0264116
2545	0.0264116	0.0264023
2546	0.0264023	0.026393
2547	0.026393	0.0263837
2548	0.0263837	0.0263744
2549	0.0263744	0.0263652
2550	0.0263652	0.0263559
2551	0.0263559	0.0263467
2552	0.0263467	0.0263374
2553	0.0263375	0.0263282
2554	0.0263282	0.026319
2555	0.026319	0.0263098
2556	0.0263098	0.0263006
2557	0.0263006	0.0262915
2558	0.0262915	0.0262823
2559	0.0262823	0.0262732
2560	0.0262731	0.026264
2561	0.026264	0.0262549
2562	0.0262549	0.0262458
2563	0.0262457	0.0262366
2564	0.0262366	0.0262275
2565	0.0262275	0.0262185
2566	0.0262185	0.0262094
2567	0.0262094	0.0262003
2568	0.0262003	0.0261913
2569	0.0261913	0.0261822
2570	0.0261822	0.0261732
2571	0.0261732	0.0261642
2572	0.0261642	0.0261552
2573	0.0261552	0.0261462
2574	0.0261462	0.0261372
2575	0.0261372	0.0261282
2576	0.0261282	0.0261192
2577	0.0261192	0.0261103
2578	0.0261103	0.0261013
2579	0.0261013	0.0260924
2580	0.0260924	0.0260835
2581	0.0260835	0.0260746
2582	0.0260746	0.0260657
2583	0.0260657	0.0260568
2584	0.0260568	0.0260479
2585	0.0260479	0.026039
2586	0.026039	0.0260302
2587	0.0260302	0.0260213
2588	0.0260213	0.0260125
2589	0.0260125	0.0260037
2590	0.0260037	0.0259948
2591	0.0259948	0.025986
2592	0.025986	0.0259772
2593	0.0259772	0.0259685
2594	0.0259685	0.0259597
2595	0.0259597	0.0259509
2596	0.0259509	0.0259421
2597	0.0259422	0.0259334
2598	0.0259334	0.0259247
2599	0.0259247	0.025916
2600	0.025916	0.0259073
2601	0.0259073	0.0258985
2602	0.0258985	0.0258898
2603	0.0258899	0.0258812
2604	0.0258812	0.0258725
2605	0.0258725	0.0258638
2606	0.0258639	0.0258552
2607	0.0258552	0.0258465
2608	0.0258466	0.0258379
2609	0.0258379	0.0258293
2610	0.0258293	0.0258207
2611	0.0258207	0.0258121
2612	0.0258121	0.0258035
2613	0.0258035	0.0257949
2614	0.0257949	0.0257863
2615	0.0257863	0.0257778
2616	0.0257778	0.0257692
2617	0.0257692	0.0257607
2618	0.0257607	0.0257522
2619	0.0257522	0.0257437
2620	0.0257436	0.0257351
2621	0.0257351	0.0257266
2622	0.0257266	0.0257181
2623	0.0257181	0.0257097
2624	0.0257097	0.0257012
2625	0.0257012	0.0256927
2626	0.0256927	0.0256843
2627	0.0256843	0.0256758
2628	0.0256758	0.0256674
2629	0.0256674	0.0256589
2630	0.025659	0.0256506
2631	0.0256506	0.0256421
2632	0.0256421	0.0256338
2633	0.0256337	0.0256254
2634	0.0256254	0.025617
2635	0.025617	0.0256086
2636	0.0256086	0.0256003
2637	0.0256003	0.0255919
2638	0.0255919	0.0255836
2639	0.0255836	0.0255753
2640	0.0255753	0.0255669
2641	0.0255669	0.0255586
2642	0.0255586	0.0255503
2643	0.0255503	0.025542
2644	0.025542	0.0255338
2645	0.0255338	0.0255255
2646	0.0255255	0.0255172
2647	0.0255172	0.025509
2648	0.025509	0.0255007
2649	0.0255007	0.0254925
2650	0.0254925	0.0254843
2651	0.0254843	0.025476
2652	0.0254761	0.0254678
2653	0.0254678	0.0254597
2654	0.0254596	0.0254514
2655	0.0254515	0.0254433
2656	0.0254433	0.0254351
2657	0.0254351	0.0254269
2658	0.0254269	0.0254188
2659	0.0254188	0.0254106
2660	0.0254106	0.0254025
2661	0.0254025	0.0253944
2662	0.0253944	0.0253863
2663	0.0253863	0.0253782
2664	0.0253782	0.0253701
2665	0.0253701	0.025362
2666	0.025362	0.0253539
2667	0.0253539	0.0253458
2668	0.0253458	0.0253378
2669	0.0253378	0.0253297
2670	0.0253297	0.0253216
2671	0.0253217	0.0253136
2672	0.0253136	0.0253056
2673	0.0253056	0.0252976
2674	0.0252976	0.0252896
2675	0.0252896	0.0252816
2676	0.0252816	0.0252736
2677	0.0252736	0.0252656
2678	0.0252656	0.0252576
2679	0.0252576	0.0252497
2680	0.0252496	0.0252417
2681	0.0252417	0.0252338
2682	0.0252338	0.0252258
2683	0.0252258	0.0252179
2684	0.0252179	0.02521
2685	0.02521	0.025202
2686	0.0252021	0.0251941
2687	0.0251941	0.0251862
2688	0.0251862	0.0251783
2689	0.0251783	0.0251705
2690	0.0251705	0.0251626
2691	0.0251626	0.0251547
2692	0.0251547	0.0251469
2693	0.0251469	0.025139
2694	0.025139	0.0251312
2695	0.0251312	0.0251234
2696	0.0251234	0.0251155
2697	0.0251155	0.0251077
2698	0.0251077	0.0250999
2699	0.0250999	0.0250921
2700	0.0250921	0.0250844
2701	0.0250844	0.0250766
2702	0.0250766	0.0250688
2703	0.0250688	0.025061
2704	0.025061	0.0250533
2705	0.0250533	0.0250455
2706	0.0250455	0.0250378
2707	0.0250378	0.0250301
2708	0.0250301	0.0250224
2709	0.0250223	0.0250146
2710	0.0250146	0.0250069
2711	0.0250069	0.0249992
2712	0.0249992	0.0249915
2713	0.0249915	0.0249838
2714	0.0249838	0.0249762
2715	0.0249762	0.0249685
2716	0.0249685	0.0249609
2717	0.0249609	0.0249532
2718	0.0249532	0.0249456
2719	0.0249456	0.0249379
2720	0.0249379	0.0249303
2721	0.0249303	0.0249227
2722	0.0249227	0.0249151
2723	0.0249151	0.0249075
2724	0.0249075	0.0248999
2725	0.0248999	0.0248923
2726	0.0248923	0.0248847
2727	0.0248847	0.0248771
2728	0.0248772	0.0248696
2729	0.0248696	0.024862
2730	0.024862	0.0248545
2731	0.0248545	0.024847
2732	0.024847	0.0248394
2733	0.0248394	0.0248319
2734	0.0248319	0.0248244
2735	0.0248244	0.0248169
2736	0.0248169	0.0248094
2737	0.0248094	0.0248019
2738	0.0248019	0.0247944
2739	0.0247944	0.0247869
2740	0.0247869	0.0247794
2741	0.0247795	0.024772
2742	0.024772	0.0247645
2743	0.0247645	0.0247571
2744	0.0247571	0.0247496
2745	0.0247497	0.0247422
2746	0.0247422	0.0247348
2747	0.0247348	0.0247274
2748	0.0247274	0.02472
2749	0.02472	0.0247126
2750	0.0247126	0.0247052
2751	0.0247052	0.0246978
2752	0.0246978	0.0246904
2753	0.0246904	0.024683
2754	0.024683	0.0246757
2755	0.0246757	0.0246683
2756	0.0246683	0.024661
2757	0.024661	0.0246536
2758	0.0246536	0.0246463
2759	0.0246463	0.024639
2760	0.024639	0.0246316
2761	0.0246316	0.0246243
2762	0.0246243	0.024617
2763	0.024617	0.0246097
2764	0.0246097	0.0246024
2765	0.0246024	0.0245952
2766	0.0245952	0.0245879
2767	0.0245879	0.0245806
2768	0.0245806	0.0245733
2769	0.0245733	0.0245661
2770	0.0245661	0.0245588
2771	0.0245588	0.0245516
2772	0.0245516	0.0245444
2773	0.0245444	0.0245371
2774	0.0245371	0.0245299
2775	0.0245299	0.0245227
2776	0.0245227	0.0245155
2777	0.0245155	0.0245083
2778	0.0245083	0.0245011
2779	0.0245011	0.0244939
2780	0.0244939	0.0244868
2781	0.0244868	0.0244796
2782	0.0244796	0.0244724
2783	0.0244724	0.0244653
2784	0.0244653	0.0244581
2785	0.0244581	0.024451
2786	0.024451	0.0244438
2787	0.0244438	0.0244367
2788	0.0244367	0.0244296
2789	0.0244296	0.0244225
2790	0.0244225	0.0244154
2791	0.0244154	0.0244083
2792	0.0244083	0.0244012
2793	0.0244012	0.0243941
2794	0.0243941	0.024387
2795	0.024387	0.0243799
2796	0.0243799	0.0243729
2797	0.0243729	0.0243658
2798	0.0243658	0.0243588
2799	0.0243588	0.0243517
2800	0.0243517	0.0243447
2801	0.0243447	0.0243377
2802	0.0243376	0.0243306
2803	0.0243306	0.0243236
2804	0.0243236	0.0243166
2805	0.0243166	0.0243096
2806	0.0243096	0.0243026
2807	0.0243026	0.0242956
2808	0.0242956	0.0242886
2809	0.0242886	0.0242816
2810	0.0242816	0.0242746
2811	0.0242746	0.0242677
2812	0.0242677	0.0242607
2813	0.0242607	0.0242538
2814	0.0242538	0.0242468
2815	0.0242468	0.0242399
2816	0.0242399	0.0242329
2817	0.0242329	0.024226
2818	0.024226	0.0242191
2819	0.0242191	0.0242122
2820	0.0242122	0.0242053
2821	0.0242053	0.0241984
2822	0.0241984	0.0241915
2823	0.0241915	0.0241846
2824	0.0241846	0.0241777
2825	0.0241777	0.0241708
2826	0.0241708	0.024164
2827	0.024164	0.0241571
2828	0.0241571	0.0241502
2829	0.0241502	0.0241434
2830	0.0241434	0.0241365
2831	0.0241366	0.0241297
2832	0.0241297	0.0241229
2833	0.0241229	0.0241161
2834	0.0241161	0.0241092
2835	0.0241092	0.0241024
2836	0.0241024	0.0240956
2837	0.0240956	0.0240888
2838	0.0240888	0.024082
2839	0.024082	0.0240753
2840	0.0240753	0.0240685
2841	0.0240685	0.0240617
2842	0.0240617	0.0240549
2843	0.0240549	0.0240482
2844	0.0240482	0.0240414
2845	0.0240414	0.0240347
2846	0.0240347	0.0240279
2847	0.0240279	0.0240212
2848	0.0240212	0.0240144
2849	0.0240144	0.0240077
2850	0.0240077	0.024001
2851	0.024001	0.0239943
2852	0.0239943	0.0239876
2853	0.0239876	0.0239809
2854	0.0239809	0.0239742
2855	0.0239742	0.0239675
2856	0.0239675	0.0239608
2857	0.0239608	0.0239542
2858	0.0239541	0.0239475
2859	0.0239475	0.0239408
2860	0.0239408	0.0239341
2861	0.0239342	0.0239275
2862	0.0239275	0.0239208
2863	0.0239208	0.0239142
2864	0.0239142	0.0239076
2865	0.0239076	0.0239009
2866	0.0239009	0.0238943
2867	0.0238943	0.0238877
2868	0.0238877	0.0238811
2869	0.0238811	0.0238745
2870	0.0238745	0.0238679
2871	0.0238679	0.0238613
2872	0.0238613	0.0238547
2873	0.0238547	0.0238481
2874	0.0238481	0.0238415
2875	0.0238415	0.023835
2876	0.023835	0.0238284
2877	0.0238284	0.0238219
2878	0.0238218	0.0238153
2879	0.0238153	0.0238087
2880	0.0238087	0.0238022
2881	0.0238022	0.0237957
2882	0.0237957	0.0237891
2883	0.0237891	0.0237826
2884	0.0237826	0.0237761
2885	0.0237761	0.0237696
2886	0.0237696	0.0237631
2887	0.0237631	0.0237566
2888	0.0237566	0.0237501
2889	0.0237501	0.0237436
2890	0.0237436	0.0237371
2891	0.0237371	0.0237306
2892	0.0237306	0.0237242
2893	0.0237242	0.0237177
2894	0.0237177	0.0237112
2895	0.0237112	0.0237048
2896	0.0237048	0.0236983
2897	0.0236983	0.0236919
2898	0.0236919	0.0236854
2899	0.0236854	0.023679
2900	0.023679	0.0236726
2901	0.0236726	0.0236661
2902	0.0236661	0.0236597
2903	0.0236597	0.0236533
2904	0.0236533	0.0236469
2905	0.0236469	0.0236405
2906	0.0236405	0.0236341
2907	0.0236341	0.0236277
2908	0.0236277	0.0236213
2909	0.0236213	0.023615
2910	0.023615	0.0236086
2911	0.0236086	0.0236022
2912	0.0236022	0.0235959
2913	0.0235959	0.0235895
2914	0.0235895	0.0235831
2915	0.0235831	0.0235768
2916	0.0235768	0.0235704
2917	0.0235704	0.0235641
2918	0.0235641	0.0235578
2919	0.0235578	0.0235515
2920	0.0235515	0.0235451
2921	0.0235451	0.0235388
2922	0.0235388	0.0235325
2923	0.0235325	0.0235262
2924	0.0235262	0.0235199
2925	0.0235199	0.0235136
2926	0.0235136	0.0235073
2927	0.0235073	0.023501
2928	0.023501	0.0234948
2929	0.0234948	0.0234885
2930	0.0234885	0.0234822
2931	0.0234822	0.023476
2932	0.023476	0.0234697
2933	0.0234697	0.0234635
2934	0.0234635	0.0234572
2935	0.0234572	0.023451
2936	0.023451	0.0234447
2937	0.0234447	0.0234385
2938	0.0234385	0.0234323
2939	0.0234323	0.023426
2940	0.0234261	0.0234198
2941	0.0234198	0.0234136
2942	0.0234136	0.0234074
2943	0.0234074	0.0234012
2944	0.0234012	0.023395
2945	0.023395	0.0233888
2946	0.0233888	0.0233826
2947	0.0233826	0.0233765
2948	0.0233765	0.0233703
2949	0.0233703	0.0233641
2950	0.0233641	0.023358
2951	0.023358	0.0233518
2952	0.0233518	0.0233456
2953	0.0233456	0.0233395
2954	0.0233395	0.0233333
2955	0.0233334	0.0233272
2956	0.0233272	0.0233211
2957	0.0233211	0.0233149
2958	0.0233149	0.0233088
2959	0.0233088	0.0233027
2960	0.0233027	0.0232966
2961	0.0232966	0.0232905
2962	0.0232905	0.0232844
2963	0.0232844	0.0232783
2964	0.0232783	0.0232722
2965	0.0232722	0.0232661
2966	0.0232661	0.02326
2967	0.02326	0.0232539
2968	0.0232539	0.0232478
2969	0.0232478	0.0232418
2970	0.0232418	0.0232357
2971	0.0232357	0.0232296
2972	0.0232296	0.0232236
2973	0.0232236	0.0232175
2974	0.0232175	0.0232115
2975	0.0232115	0.0232055
2976	0.0232054	0.0231994
2977	0.0231994	0.0231934
2978	0.0231934	0.0231874
2979	0.0231874	0.0231813
2980	0.0231813	0.0231753
2981	0.0231753	0.0231693
2982	0.0231693	0.0231633
2983	0.0231633	0.0231573
2984	0.0231573	0.0231513
2985	0.0231513	0.0231453
2986	0.0231453	0.0231393
2987	0.0231393	0.0231333
2988	0.0231333	0.0231274
2989	0.0231274	0.0231214
2990	0.0231214	0.0231154
2991	0.0231154	0.0231095
2992	0.0231095	0.0231035
2993	0.0231035	0.0230975
2994	0.0230975	0.0230916
2995	0.0230916	0.0230856
2996	0.0230856	0.0230797
2997	0.0230797	0.0230738
2998	0.0230738	0.0230678
2999	0.0230678	0.0230619
3000	0.0230619	0.023056
3001	0.023056	0.0230501
3002	0.0230501	0.0230442
3003	0.0230442	0.0230383
3004	0.0230383	0.0230323
3005	0.0230323	0.0230264
3006	0.0230264	0.0230206
3007	0.0230206	0.0230147
3008	0.0230147	0.0230088
3009	0.0230088	0.0230029
3010	0.0230029	0.022997
3011	0.022997	0.0229912
3012	0.0229912	0.0229853
3013	0.0229853	0.0229794
3014	0.0229794	0.0229736
3015	0.0229736	0.0229677
3016	0.0229677	0.0229619
3017	0.0229619	0.0229561
3018	0.0229561	0.0229502
3019	0.0229502	0.0229444
3020	0.0229444	0.0229385
3021	0.0229385	0.0229327
3022	0.0229327	0.0229269
3023	0.0229269	0.0229211
3024	0.0229211	0.0229153
3025	0.0229153	0.0229095
3026	0.0229095	0.0229037
3027	0.0229037	0.0228979
3028	0.0228979	0.0228921
3029	0.0228921	0.0228863
3030	0.0228863	0.0228805
3031	0.0228805	0.0228747
3032	0.0228747	0.022869
3033	0.0228689	0.0228632
3034	0.0228632	0.0228574
3035	0.0228574	0.0228516
3036	0.0228516	0.0228459
3037	0.0228459	0.0228401
3038	0.0228401	0.0228344
3039	0.0228344	0.0228287
3040	0.0228287	0.0228229
3041	0.0228229	0.0228172
3042	0.0228172	0.0228115
3043	0.0228115	0.0228057
3044	0.0228057	0.0228
3045	0.0228	0.0227943
3046	0.0227943	0.0227886
3047	0.0227886	0.0227828
3048	0.0227829	0.0227772
3049	0.0227772	0.0227714
3050	0.0227715	0.0227657
3051	0.0227658	0.0227601
3052	0.0227601	0.0227544
3053	0.0227544	0.0227487
3054	0.0227487	0.022743
3055	0.022743	0.0227373
3056	0.0227373	0.0227317
3057	0.0227317	0.022726
3058	0.022726	0.0227203
3059	0.0227203	0.0227147
3060	0.0227147	0.022709
3061	0.022709	0.0227034
3062	0.0227034	0.0226978
3063	0.0226977	0.0226921
3064	0.0226921	0.0226865
3065	0.0226865	0.0226808
3066	0.0226808	0.0226752
3067	0.0226752	0.0226696
3068	0.0226696	0.022664
3069	0.022664	0.0226584
3070	0.0226584	0.0226528
3071	0.0226528	0.0226471
3072	0.0226471	0.0226415
3073	0.0226415	0.0226359
3074	0.0226359	0.0226303
3075	0.0226304	0.0226248
3076	0.0226248	0.0226192
3077	0.0226192	0.0226136
3078	0.0226136	0.022608
3079	0.022608	0.0226025
3080	0.0226025	0.0225969
3081	0.0225969	0.0225913
3082	0.0225913	0.0225858
3083	0.0225858	0.0225802
3084	0.0225802	0.0225746
3085	0.0225747	0.0225691
3086	0.0225691	0.0225636
3087	0.0225636	0.022558
3088	0.022558	0.0225525
3089	0.0225525	0.022547
3090	0.0225469	0.0225414
3091	0.0225414	0.0225359
3092	0.0225359	0.0225304
3093	0.0225304	0.0225249
3094	0.0225249	0.0225194
3095	0.0225194	0.0225138
3096	0.0225138	0.0225084
3097	0.0225084	0.0225029
3098	0.0225029	0.0224974
3099	0.0224974	0.0224919
3100	0.0224919	0.0224864
3101	0.0224864	0.0224809
3102	0.0224809	0.0224754
3103	0.0224754	0.0224699
3104	0.0224699	0.0224645
3105	0.0224645	0.022459
3106	0.022459	0.0224536
3107	0.0224536	0.0224481
3108	0.0224481	0.0224426
3109	0.0224426	0.0224372
3110	0.0224372	0.0224317
3111	0.0224317	0.0224263
3112	0.0224263	0.0224209
3113	0.0224209	0.0224154
3114	0.0224154	0.02241
3115	0.02241	0.0224046
3116	0.0224046	0.0223991
3117	0.0223991	0.0223937
3118	0.0223937	0.0223883
3119	0.0223883	0.0223829
3120	0.0223829	0.0223775
3121	0.0223775	0.0223721
3122	0.0223721	0.0223667
3123	0.0223667	0.0223613
3124	0.0223613	0.0223559
3125	0.0223559	0.0223505
3126	0.0223505	0.0223452
3127	0.0223452	0.0223398
3128	0.0223398	0.0223344
3129	0.0223344	0.022329
3130	0.022329	0.0223237
3131	0.0223236	0.0223183
3132	0.0223183	0.0223129
3133	0.0223129	0.0223076
3134	0.0223076	0.0223022
3135	0.0223022	0.0222969
3136	0.0222969	0.0222915
3137	0.0222915	0.0222862
3138	0.0222862	0.0222808
3139	0.0222809	0.0222755
3140	0.0222755	0.0222702
3141	0.0222702	0.0222649
3142	0.0222649	0.0222595
3143	0.0222595	0.0222542
3144	0.0222542	0.0222489
3145	0.0222489	0.0222436
3146	0.0222436	0.0222383
3147	0.0222383	0.022233
3148	0.022233	0.0222277
3149	0.0222277	0.0222224
3150	0.0222224	0.0222171
3151	0.0222171	0.0222118
3152	0.0222118	0.0222065
3153	0.0222065	0.0222012
3154	0.0222012	0.022196
3155	0.022196	0.0221907
3156	0.0221907	0.0221854
3157	0.0221854	0.0221801
3158	0.0221801	0.0221749
3159	0.0221749	0.0221696
3160	0.0221696	0.0221644
3161	0.0221644	0.0221591
3162	0.0221591	0.0221538
3163	0.0221539	0.0221486
3164	0.0221486	0.0221434
3165	0.0221434	0.0221381
3166	0.0221381	0.0221329
3167	0.0221329	0.0221277
3168	0.0221277	0.0221225
3169	0.0221225	0.0221172
3170	0.0221172	0.022112
3171	0.022112	0.0221068
3172	0.0221068	0.0221016
3173	0.0221016	0.0220964
3174	0.0220964	0.0220912
3175	0.0220912	0.022086
3176	0.022086	0.0220808
3177	0.0220808	0.0220756
3178	0.0220756	0.0220704
3179	0.0220704	0.0220652
3180	0.0220652	0.02206
3181	0.02206	0.0220548
3182	0.0220548	0.0220496
3183	0.0220496	0.0220445
3184	0.0220445	0.0220393
3185	0.0220393	0.0220341
3186	0.0220341	0.022029
3187	0.022029	0.0220238
3188	0.0220238	0.0220187
3189	0.0220187	0.0220135
3190	0.0220135	0.0220084
3191	0.0220084	0.0220032
3192	0.0220032	0.0219981
3193	0.0219981	0.0219929
3194	0.0219929	0.0219878
3195	0.0219878	0.0219827
3196	0.0219827	0.0219775
3197	0.0219775	0.0219724
3198	0.0219724	0.0219673
3199	0.0219673	0.0219622
3200	0.0219622	0.0219571
3201	0.0219571	0.0219519
3202	0.0219519	0.0219468
3203	0.0219468	0.0219417
3204	0.0219417	0.0219366
3205	0.0219366	0.0219315
3206	0.0219315	0.0219265
3207	0.0219264	0.0219213
3208	0.0219214	0.0219163
3209	0.0219163	0.0219112
3210	0.0219112	0.0219061
3211	0.0219061	0.021901
3212	0.021901	0.021896
3213	0.021896	0.0218909
3214	0.0218909	0.0218858
3215	0.0218858	0.0218808
3216	0.0218808	0.0218757
3217	0.0218757	0.0218706
3218	0.0218706	0.0218656
3219	0.0218656	0.0218605
3220	0.0218605	0.0218555
3221	0.0218555	0.0218504
3222	0.0218504	0.0218454
3223	0.0218454	0.0218404
3224	0.0218404	0.0218353
3225	0.0218353	0.0218303
3226	0.0218303	0.0218253
3227	0.0218253	0.0218203
3228	0.0218203	0.0218152
3229	0.0218152	0.0218102
3230	0.0218102	0.0218052
3231	0.0218052	0.0218002
3232	0.0218002	0.0217952
3233	0.0217952	0.0217902
3234	0.0217902	0.0217852
3235	0.0217852	0.0217802
3236	0.0217802	0.0217752
3237	0.0217752	0.0217702
3238	0.0217702	0.0217652
3239	0.0217652	0.0217602
3240	0.0217602	0.0217553
3241	0.0217553	0.0217503
3242	0.0217503	0.0217453
3243	0.0217453	0.0217403
3244	0.0217403	0.0217354
3245	0.0217354	0.0217304
3246	0.0217304	0.0217254
3247	0.0217254	0.0217205
3248	0.0217205	0.0217155
3249	0.0217155	0.0217106
3250	0.0217106	0.0217056
3251	0.0217056	0.0217007
3252	0.0217007	0.0216957
3253	0.0216957	0.0216908
3254	0.0216908	0.0216859
3255	0.0216859	0.0216809
3256	0.0216809	0.021676
3257	0.021676	0.0216711
3258	0.0216711	0.0216662
3259	0.0216661	0.0216612
3260	0.0216612	0.0216563
3261	0.0216563	0.0216514
3262	0.0216514	0.0216465
3263	0.0216465	0.0216416
3264	0.0216416	0.0216367
3265	0.0216367	0.0216318
3266	0.0216318	0.0216269
3267	0.0216269	0.021622
3268	0.021622	0.0216171
3269	0.0216171	0.0216122
3270	0.0216122	0.0216073
3271	0.0216073	0.0216024
3272	0.0216024	0.0215976
3273	0.0215976	0.0215927
3274	0.0215927	0.0215878
3275	0.0215878	0.0215829
3276	0.0215829	0.0215781
3277	0.0215781	0.0215732
3278	0.0215732	0.0215684
3279	0.0215684	0.0215635
3280	0.0215635	0.0215586
3281	0.0215587	0.0215538
3282	0.0215538	0.021549
3283	0.021549	0.0215441
3284	0.0215441	0.0215393
3285	0.0215393	0.0215344
3286	0.0215344	0.0215296
3287	0.0215296	0.0215248
3288	0.0215248	0.0215199
3289	0.0215199	0.0215151
3290	0.0215151	0.0215103
3291	0.0215103	0.0215055
3292	0.0215055	0.0215006
3293	0.0215006	0.0214958
3294	0.0214958	0.021491
3295	0.021491	0.0214862
3296	0.0214862	0.0214814
3297	0.0214814	0.0214766
3298	0.0214766	0.0214718
3299	0.0214718	0.021467
3300	0.021467	0.0214622
3301	0.0214622	0.0214574
3302	0.0214574	0.0214526
3303	0.0214526	0.0214478
3304	0.0214478	0.0214431
3305	0.0214431	0.0214383
3306	0.0214383	0.0214335
3307	0.0214335	0.0214287
3308	0.0214287	0.021424
3309	0.021424	0.0214192
3310	0.0214192	0.0214144
3311	0.0214144	0.0214097
3312	0.0214097	0.0214049
3313	0.0214049	0.0214002
3314	0.0214002	0.0213954
3315	0.0213954	0.0213907
3316	0.0213907	0.0213859
3317	0.0213859	0.0213812
3318	0.0213812	0.0213764
3319	0.0213764	0.0213717
3320	0.0213717	0.021367
3321	0.021367	0.0213622
3322	0.0213622	0.0213575
3323	0.0213575	0.0213528
3324	0.0213528	0.0213481
3325	0.0213481	0.0213434
3326	0.0213433	0.0213386
3327	0.0213386	0.0213339
3328	0.0213339	0.0213292
3329	0.0213292	0.0213245
3330	0.0213245	0.0213198
3331	0.0213198	0.0213151
3332	0.0213151	0.0213104
3333	0.0213104	0.0213057
3334	0.0213057	0.021301
3335	0.021301	0.0212963
3336	0.0212963	0.0212916
3337	0.0212916	0.0212869
3338	0.0212869	0.0212823
3339	0.0212823	0.0212776
3340	0.0212776	0.0212729
3341	0.0212729	0.0212682
3342	0.0212682	0.0212636
3343	0.0212636	0.0212589
3344	0.0212589	0.0212542
3345	0.0212542	0.0212496
3346	0.0212496	0.0212449
3347	0.0212449	0.0212403
3348	0.0212403	0.0212356
3349	0.0212356	0.021231
3350	0.021231	0.0212263
3351	0.0212263	0.0212217
3352	0.0212217	0.021217
3353	0.021217	0.0212124
3354	0.0212124	0.0212078
3355	0.0212078	0.0212031
3356	0.0212031	0.0211985
3357	0.0211985	0.0211939
3358	0.0211939	0.0211892
3359	0.0211892	0.0211846
3360	0.0211846	0.02118
3361	0.02118	0.0211754
3362	0.0211754	0.0211708
3363	0.0211708	0.0211662
3364	0.0211662	0.0211615
3365	0.0211615	0.0211569
3366	0.0211569	0.0211523
3367	0.0211523	0.0211477
3368	0.0211477	0.0211431
3369	0.0211431	0.0211385
3370	0.0211385	0.021134
3371	0.021134	0.0211294
3372	0.0211294	0.0211248
3373	0.0211248	0.0211202
3374	0.0211202	0.0211156
3375	0.0211156	0.021111
3376	0.021111	0.0211065
3377	0.0211065	0.0211019
3378	0.0211019	0.0210973
3379	0.0210973	0.0210928
3380	0.0210928	0.0210882
3381	0.0210882	0.0210836
3382	0.0210836	0.0210791
3383	0.0210791	0.0210745
3384	0.0210745	0.02107
3385	0.02107	0.0210654
3386	0.0210654	0.0210609
3387	0.0210609	0.0210563
3388	0.0210563	0.0210518
3389	0.0210518	0.0210472
3390	0.0210472	0.0210427
3391	0.0210427	0.0210382
3392	0.0210382	0.0210336
3393	0.0210336	0.0210291
3394	0.0210291	0.0210246
3395	0.0210246	0.0210201
3396	0.0210201	0.0210155
3397	0.0210156	0.021011
3398	0.021011	0.0210065
3399	0.0210065	0.021002
3400	0.021002	0.0209975
3401	0.0209975	0.020993
3402	0.020993	0.0209885
3403	0.0209885	0.020984
3404	0.020984	0.0209795
3405	0.0209795	0.020975
3406	0.020975	0.0209705
3407	0.0209705	0.020966
3408	0.020966	0.0209615
3409	0.0209615	0.020957
3410	0.020957	0.0209525
3411	0.0209525	0.0209481
3412	0.0209481	0.0209436
3413	0.0209436	0.0209391
3414	0.0209391	0.0209346
3415	0.0209346	0.0209302
3416	0.0209302	0.0209257
3417	0.0209257	0.0209212
3418	0.0209212	0.0209168
3419	0.0209168	0.0209123
3420	0.0209123	0.0209079
3421	0.0209079	0.0209034
3422	0.0209034	0.0208989
3423	0.0208989	0.0208945
3424	0.0208945	0.0208901
3425	0.0208901	0.0208856
3426	0.0208856	0.0208812
3427	0.0208812	0.0208767
3428	0.0208767	0.0208723
3429	0.0208723	0.0208679
3430	0.0208679	0.0208634
3431	0.0208634	0.020859
3432	0.020859	0.0208546
3433	0.0208546	0.0208502
3434	0.0208502	0.0208457
3435	0.0208457	0.0208413
3436	0.0208413	0.0208369
3437	0.0208369	0.0208325
3438	0.0208325	0.0208281
3439	0.0208281	0.0208237
3440	0.0208237	0.0208193
3441	0.0208193	0.0208149
3442	0.0208149	0.0208105
3443	0.0208105	0.0208061
3444	0.0208061	0.0208017
3445	0.0208017	0.0207973
3446	0.0207973	0.0207929
3447	0.0207929	0.0207885
3448	0.0207885	0.0207841
3449	0.0207841	0.0207797
3450	0.0207797	0.0207754
3451	0.0207754	0.020771
3452	0.020771	0.0207666
3453	0.0207666	0.0207622
3454	0.0207622	0.0207579
3455	0.0207579	0.0207535
3456	0.0207535	0.0207492
3457	0.0207492	0.0207448
3458	0.0207448	0.0207404
3459	0.0207404	0.0207361
3460	0.0207361	0.0207317
3461	0.0207317	0.0207274
3462	0.0207274	0.020723
3463	0.020723	0.0207187
3464	0.0207187	0.0207143
3465	0.0207143	0.02071
3466	0.02071	0.0207056
3467	0.0207056	0.0207013
3468	0.0207013	0.020697
3469	0.020697	0.0206926
3470	0.0206926	0.0206883
3471	0.0206883	0.020684
3472	0.020684	0.0206797
3473	0.0206797	0.0206753
3474	0.0206754	0.020671
3475	0.020671	0.0206667
3476	0.0206667	0.0206624
3477	0.0206624	0.0206581
3478	0.0206581	0.0206538
3479	0.0206538	0.0206495
3480	0.0206495	0.0206452
3481	0.0206452	0.0206409
3482	0.0206409	0.0206366
3483	0.0206366	0.0206323
3484	0.0206323	0.020628
3485	0.020628	0.0206237
3486	0.0206237	0.0206194
3487	0.0206194	0.0206151
3488	0.0206151	0.0206108
3489	0.0206108	0.0206065
3490	0.0206065	0.0206023
3491	0.0206023	0.020598
3492	0.020598	0.0205937
3493	0.0205937	0.0205894
3494	0.0205894	0.0205852
3495	0.0205852	0.0205809
3496	0.0205809	0.0205766
3497	0.0205766	0.0205724
3498	0.0205724	0.0205681
3499	0.0205681	0.0205638
3500	0.0205639	0.0205596
3501	0.0205596	0.0205553
3502	0.0205553	0.0205511
3503	0.0205511	0.0205468
3504	0.0205468	0.0205426
3505	0.0205426	0.0205384
3506	0.0205384	0.0205341
3507	0.0205341	0.0205299
3508	0.0205299	0.0205256
3509	0.0205256	0.0205214
3510	0.0205214	0.0205172
3511	0.0205172	0.0205129
3512	0.0205129	0.0205087
3513	0.0205087	0.0205045
3514	0.0205045	0.0205003
3515	0.0205003	0.0204961
3516	0.0204961	0.0204918
3517	0.0204918	0.0204876
3518	0.0204876	0.0204834
3519	0.0204834	0.0204792
3520	0.0204792	0.020475
3521	0.020475	0.0204708
3522	0.0204708	0.0204666
3523	0.0204666	0.0204624
3524	0.0204624	0.0204582
3525	0.0204582	0.020454
3526	0.020454	0.0204498
3527	0.0204498	0.0204456
3528	0.0204456	0.0204414
3529	0.0204414	0.0204372
3530	0.0204372	0.020433
3531	0.0204331	0.0204289
3532	0.0204289	0.0204247
3533	0.0204247	0.0204205
3534	0.0204205	0.0204164
3535	0.0204164	0.0204122
3536	0.0204122	0.020408
3537	0.020408	0.0204038
3538	0.0204038	0.0203997
3539	0.0203997	0.0203955
3540	0.0203955	0.0203914
3541	0.0203914	0.0203872
3542	0.0203872	0.020383
3543	0.020383	0.0203789
3544	0.0203789	0.0203747
3545	0.0203747	0.0203706
3546	0.0203706	0.0203664
3547	0.0203664	0.0203623
3548	0.0203623	0.0203581
3549	0.0203581	0.020354
3550	0.020354	0.0203499
3551	0.0203499	0.0203458
3552	0.0203457	0.0203416
3553	0.0203416	0.0203375
3554	0.0203375	0.0203334
3555	0.0203334	0.0203292
3556	0.0203292	0.0203251
3557	0.0203251	0.020321
3558	0.020321	0.0203169
3559	0.0203169	0.0203127
3560	0.0203127	0.0203086
3561	0.0203086	0.0203045
3562	0.0203045	0.0203004
3563	0.0203004	0.0202963
3564	0.0202963	0.0202922
3565	0.0202922	0.0202881
3566	0.0202881	0.020284
3567	0.020284	0.0202799
3568	0.0202799	0.0202758
3569	0.0202758	0.0202717
3570	0.0202717	0.0202676
3571	0.0202676	0.0202635
3572	0.0202635	0.0202595
3573	0.0202595	0.0202554
3574	0.0202554	0.0202513
3575	0.0202513	0.0202472
3576	0.0202472	0.0202431
3577	0.0202431	0.0202391
3578	0.0202391	0.020235
3579	0.020235	0.0202309
3580	0.0202309	0.0202269
3581	0.0202269	0.0202228
3582	0.0202228	0.0202187
3583	0.0202187	0.0202146
3584	0.0202147	0.0202106
3585	0.0202106	0.0202065
3586	0.0202066	0.0202025
3587	0.0202025	0.0201984
3588	0.0201984	0.0201944
3589	0.0201944	0.0201903
3590	0.0201903	0.0201863
3591	0.0201863	0.0201822
3592	0.0201822	0.0201782
3593	0.0201782	0.0201742
3594	0.0201742	0.0201701
3595	0.0201701	0.0201661
3596	0.0201661	0.0201621
3597	0.0201621	0.020158
3598	0.020158	0.020154
3599	0.020154	0.02015
3600	0.02015	0.0201459
3601	0.020146	0.0201419
3602	0.0201419	0.0201379
3603	0.0201379	0.0201339
3604	0.0201339	0.0201299
3605	0.0201299	0.0201259
3606	0.0201259	0.0201219
3607	0.0201219	0.0201179
3608	0.0201179	0.0201138
3609	0.0201138	0.0201098
3610	0.0201098	0.0201058
3611	0.0201058	0.0201018
3612	0.0201018	0.0200979
3613	0.0200979	0.0200939
3614	0.0200939	0.0200899
3615	0.0200899	0.0200859
3616	0.0200859	0.0200819
3617	0.0200819	0.0200779
3618	0.0200779	0.0200739
3619	0.0200739	0.0200699
3620	0.0200699	0.020066
3621	0.020066	0.020062
3622	0.020062	0.020058
3623	0.020058	0.020054
3624	0.020054	0.0200501
3625	0.0200501	0.0200461
3626	0.0200461	0.0200421
3627	0.0200421	0.0200382
3628	0.0200382	0.0200342
3629	0.0200342	0.0200302
3630	0.0200302	0.0200263
3631	0.0200263	0.0200223
3632	0.0200223	0.0200184
3633	0.0200184	0.0200144
3634	0.0200144	0.0200105
3635	0.0200105	0.0200065
3636	0.0200065	0.0200026
3637	0.0200026	0.0199987
3638	0.0199986	0.0199947
