1245 3 3
0.0385748 -0.0112895 0.030109
-1.85551 5.14851 0.498954
0.0145715 0.00524864 0.0228878
-1.22507 5.74559 0.51617
0.0106715 -0.0273248 0.0308944
-2.76927 5.22021 0.433675
0.0448475 0.0174534 0.0296381
-1.19966 4.95537 0.488509
0.0315581 0.0193347 0.0292253
-1.02111 5.30802 0.536387
0.057251 -0.000511617 0.0256757
-1.57973 4.88889 0.548245
0.0308307 0.0113374 0.0308339
-1.21841 5.19747 0.454812
0.0612701 0.0148909 0.0302261
-1.33238 4.35417 0.34302
0.0361358 -0.0346431 0.0293474
-2.33511 4.90569 0.484938
0.0105201 0.0163106 0.0270648
-0.572843 5.47066 0.447896
0.0149821 -0.0116205 0.0257431
-2.2305 5.56946 0.48174
0.0397977 -0.0249319 0.0312339
-2.13045 4.8755 0.441537
0.0494688 0.0267311 0.0309816
-1.07538 4.57543 0.388119
0.046715 -0.0330691 0.0316152
-2.1868 4.51358 0.365607
0.0272815 0.0231615 0.0294206
-0.866893 5.29832 0.521833
0.0557481 0.00121797 0.0291199
-1.54895 4.68705 0.440336
0.0242085 0.0182055 0.0313008
-0.925998 5.18624 0.427767
0.0617708 0.0170343 0.029344
-1.30172 4.34382 0.350241
0.0160698 0.013745 0.0288773
-0.863214 5.35934 0.419386
0.0435661 -0.00726216 0.0302874
-1.73597 5.02963 0.484182
0.0525303 -0.0283725 0.0255246
-2.06602 4.73549 0.505745
0.0605405 0.0260145 0.0243959
-1.16495 4.44922 0.43652
0.0138206 -0.00118557 0.0249094
-1.65637 5.54236 0.426226
0.047522 0.0202389 0.0303197
-1.16818 4.77628 0.440992
0.060107 0.0262506 0.0244327
-1.15903 4.4637 0.440417
0.0143354 -0.0300296 0.0294126
-2.69621 5.32104 0.509175
0.049777 0.00320324 0.031351
-1.50653 4.77623 0.423203
0.0236215 0.0201633 0.0310011
-0.864218 5.20097 0.440637
0.0326406 -0.00414677 0.0296597
-1.69716 5.29805 0.496647
0.0597203 0.00775641 0.0244036
-1.44164 4.81016 0.544716
0.0382957 0.00979309 0.031159
-1.32044 5.07217 0.46059
0.0361275 -0.0235156 0.0285193
-2.14781 5.29144 0.583017
0.0555892 0.0233491 0.0291774
-1.17314 4.49824 0.393067
0.0165095 0.000733286 0.0295949
-1.52641 5.29998 0.355419
0.0134883 0.01768 0.0311735
-0.651711 5.22563 0.374355
0.0475352 -0.0246694 0.0291414
-2.04951 4.77791 0.461041
0.0588805 0.0192902 0.0264853
-1.2542 4.5489 0.440306
0.0286283 -0.0227761 0.0308635
-2.24284 5.14827 0.466907
0.0574145 0.00698277 0.0261991
-1.44977 4.79224 0.511771
0.0623515 0.0207254 0.0258152
-1.24989 4.39869 0.405493
0.0378985 -0.0298649 0.0277273
-2.23819 5.2104 0.596162
0.0636752 -0.0100571 0.0304173
-1.72745 4.29714 0.325508
0.0499516 -0.0183901 0.0305272
-1.92355 4.70658 0.423287
0.058899 -0.00833887 0.0288735
-1.71144 4.54451 0.408737
0.0425954 -0.00749423 0.030522
-1.74495 5.03547 0.478338
0.0368564 -0.0101403 0.0283135
-1.83928 5.52467 0.632734
0.0189381 0.00637422 0.0292445
-1.24613 5.33191 0.398309
0.0187261 -0.00752734 0.0303552
-1.953 5.26963 0.374765
0.0188486 -0.0271474 0.0299132
-2.5347 5.27274 0.487626
0.0113914 -0.0147155 0.0271907
-2.48284 5.45318 0.434129
0.0462707 -0.0129035 0.0286725
-1.84276 5.0565 0.531144
0.0523129 -0.0349267 0.0244752
-2.15948 4.61515 0.484829
0.0414662 0.0138476 0.0311451
-1.24849 4.9745 0.455882
0.0601557 -0.023467 0.0302046
-1.94274 4.29939 0.328478
0.0484043 -0.00324254 0.031625
-1.63769 4.80388 0.422947
0.0576926 -0.0258695 0.0309708
-1.99232 4.32511 0.32684
0.0267774 -0.0189997 0.0312963
-2.1879 5.16372 0.440479
0.0435973 0.0163817 0.0278396
-1.21137 5.33136 0.629315
0.0593295 -0.0248985 0.0235143
-1.96814 4.58833 0.4889
0.0291207 0.00228001 0.0291397
-1.49266 5.3606 0.489809
0.0634818 -0.0336042 0.026613
-2.05765 4.11638 0.311688
0.0542283 -0.00302243 0.0313819
-1.62647 4.62494 0.393275
0.0508005 -0.0324117 0.0286688
-2.1387 4.52156 0.405466
0.0421083 0.00811364 0.0304379
-1.38044 5.05246 0.482336
0.0120206 -0.0254677 0.0277784
-2.7006 5.50777 0.538744
0.0239962 -0.017537 0.0309429
-2.20191 5.21451 0.434665
0.0609837 0.0243392 0.0312982
-1.19106 4.23167 0.297876
0.0136435 -0.00671446 0.0302846
-2.02813 5.26235 0.328619
0.0427562 -0.0175306 0.0311013
-1.9599 4.90699 0.448813
0.0537826 0.025276 0.028168
-1.13146 4.58105 0.427312
0.0580501 -0.00442717 0.028704
-1.64691 4.60604 0.426499
0.0259626 -0.0117181 0.0272615
-1.99477 5.60315 0.578642
0.0570894 -0.00675628 0.0298349
-1.68859 4.58038 0.404888
0.0606601 -0.0215093 0.0287513
-1.91155 4.35189 0.359136
0.0586462 0.0144268 0.0248789
-1.32959 4.7469 0.518433
0.0583422 0.0170926 0.026587
-1.2858 4.6015 0.453543
0.0210201 -0.0248648 0.0304647
-2.43979 5.22916 0.465456
0.0565825 -0.0240046 0.0252816
-1.97202 4.64681 0.48355
0.0566513 -0.00841995 0.0270524
-1.71834 4.75307 0.487943
0.0104299 -0.0109663 0.0246799
-2.38126 5.58042 0.451754
0.0224185 0.00152989 0.0306129
-1.50266 5.25662 0.389237
0.0387947 -0.0296328 0.0286152
-2.22309 5.02867 0.526615
0.0400345 0.0284458 0.0311796
-0.953037 4.81132 0.432365
0.0639463 0.00729182 0.0287921
-1.45726 4.35055 0.358308
0.0428881 0.0170357 0.0284278
-1.1927 5.17729 0.563943
0.0468488 -0.00181474 0.0293545
-1.60951 5.02746 0.508203
0.0143046 0.0233675 0.0292905
-0.54931 5.3467 0.468548
0.0246938 -0.0329011 0.0313636
-2.49774 5.02225 0.453367
0.0108601 0.00820488 0.0273331
-0.923782 5.39882 0.369215
0.0107186 0.00986472 0.0296886
-0.826857 5.28793 0.333507
0.0619309 0.00276515 0.0278786
-1.52618 4.48218 0.404851
0.0565401 0.0229814 0.0280774
-1.18473 4.51512 0.411209
0.0589056 -0.0319828 0.0315559
-2.06821 4.1794 0.280412
0.0447132 -0.00234465 0.0280678
-1.62319 5.38016 0.63278
0.059808 -0.0169012 0.0245863
-1.84621 4.65437 0.495009
0.0203213 -0.0329047 0.0290675
-2.58835 5.30492 0.54964
0.0134352 0.005063 0.0252801
-1.21041 5.52602 0.424428
0.0359766 0.00749116 0.0296857
-1.36551 5.2557 0.512906
0.0317235 -0.0283323 0.0301168
-2.29979 5.09067 0.495506
0.059418 0.0137883 0.0310206
-1.34278 4.40273 0.34634
0.0200947 -0.0110019 0.0259834
-2.07172 5.63953 0.543467
0.014333 0.0165231 0.0280771
-0.714536 5.41886 0.449247
0.0611817 -0.00838933 0.0229438
-1.70707 4.87771 0.589454
0.0449546 0.0177436 0.0314619
-1.19487 4.81918 0.428428
0.0517913 -0.0336963 0.0290731
-2.1476 4.44255 0.379877
0.0420999 -0.0174532 0.0302275
-1.9638 4.99215 0.480826
0.0193712 -0.0013833 0.0281018
-1.64209 5.39953 0.420283
0.0574694 0.0247379 0.0276024
-1.16431 4.4688 0.404554
0.0434033 0.0244449 0.0300456
-1.05787 4.8616 0.46264
0.0599561 -0.0133687 0.0246543
-1.79018 4.69612 0.50649
0.0244665 -0.015765 0.0286837
-2.14319 5.40606 0.506994
0.0160595 0.0127275 0.0242257
-0.900634 5.83291 0.595328
0.0442129 0.0216746 0.0287956
-1.11499 4.99032 0.514195
0.0438716 0.00478611 0.0285658
-1.46213 5.24006 0.57143
0.0618024 -0.0122855 0.0275132
-1.76703 4.45303 0.401296
0.0604366 -0.0228016 0.0221514
-1.93156 4.67954 0.534853
0.0635984 0.018222 0.0284278
-1.29176 4.2914 0.345703
0.0197436 -0.000864864 0.0290123
-1.61457 5.34484 0.401582
0.0570984 -0.0185995 0.0267155
-1.8857 4.63161 0.460077
0.0628677 -0.0340917 0.0199906
-2.06769 4.31711 0.442806
0.057925 -0.032919 0.0235563
-2.08758 4.44844 0.445858
0.0626289 -0.0103085 0.0254236
-1.73393 4.52695 0.447213
0.0247821 -0.0118341 0.0294049
-2.0163 5.33733 0.465341
0.0567795 -0.0311701 0.023415
-2.07285 4.56695 0.483598
0.0511356 -0.0111627 0.0288338
-1.78572 4.85219 0.483121
0.0329184 0.0290692 0.0284651
-0.847415 5.27086 0.581904
0.0260142 0.0135238 0.0292081
-1.09139 5.35416 0.488181
0.0500606 -0.031572 0.0275491
-2.13347 4.62518 0.447092
0.0400988 -0.00370236 0.0311811
-1.66287 5.055 0.459815
0.0556949 -0.00842762 0.0285115
-1.72097 4.69897 0.452226
0.0464252 0.000197202 0.0300869
-1.56655 4.9765 0.481879
0.0589519 -0.00978591 0.031325
-1.73529 4.43614 0.350967
0.0299691 -0.0305259 0.0300714
-2.3654 5.08836 0.496733
0.015784 -0.00536431 0.0308388
-1.89841 5.23997 0.332084
0.0478849 -0.027343 0.0261298
-2.08963 4.99233 0.571105
0.0342971 -0.0207259 0.0297834
-2.11437 5.18476 0.51297
0.0142215 0.00226174 0.0280991
-1.41308 5.36504 0.362896
0.0144886 -0.00558089 0.0243125
-1.93847 5.61666 0.468788
0.0435609 -0.025915 0.0315109
-2.10747 4.74096 0.414144
0.0474873 0.0143115 0.0300988
-1.27808 4.86565 0.462387
0.0157927 0.0133581 0.0259647
-0.86872 5.58374 0.502451
0.01233 -0.0149981 0.0255167
-2.45352 5.59979 0.497277
0.0287292 -0.0100971 0.0302109
-1.90877 5.26438 0.461637
0.0475537 0.0149073 0.0286115
-1.26702 4.98328 0.516769
0.0165069 -0.010665 0.0281466
-2.14442 5.39823 0.421796
0.0638181 -0.0290039 0.021365
-1.99737 4.34637 0.43793
0.0355329 -0.0306888 0.0301902
-2.28317 4.95069 0.475411
0.0425351 -0.0254583 0.030066
-2.11013 4.86891 0.463635
0.0363508 -0.0341091 0.0287592
-2.32439 4.96759 0.510118
0.0599513 0.0247532 0.0297967
-1.17923 4.3006 0.333317
0.057816 -0.0127457 0.0274481
-1.78778 4.63005 0.449745
0.0150379 -0.0266016 0.028129
-2.62708 5.48475 0.550574
0.0543328 -0.0185568 0.0296478
-1.89991 4.59213 0.410244
0.0602957 0.0173904 0.025077
-1.29 4.58548 0.46845
0.0110291 -0.00851727 0.0218777
-2.22839 5.78723 0.516985
0.0110282 -0.0321573 0.0287395
-2.81122 5.40279 0.548071
0.0510027 -0.0272581 0.0307078
-2.06162 4.52904 0.381082
0.0153531 -0.00377409 0.0245105
-1.81184 5.60721 0.46782
0.056658 0.0239758 0.0233552
-1.17048 4.83022 0.567072
0.0349458 -0.0303212 0.0309056
-2.28546 4.91888 0.454734
0.0149241 -0.0113923 0.028633
-2.22279 5.36263 0.400086
0.0473615 -0.0331311 0.0271531
-2.18121 4.71822 0.477194
0.0556086 -0.0216599 0.0295855
-1.94222 4.50565 0.389819
0.0109356 0.021352 0.02933
-0.473326 5.33862 0.435762
0.010706 -0.0171878 0.0294499
-2.58452 5.32074 0.396133
0.030319 0.0168044 0.0311989
-1.06469 5.14943 0.450499
0.057631 -0.00380035 0.0305533
-1.63664 4.53823 0.385283
0.0150255 -0.00405264 0.0229072
-1.83425 5.7465 0.517195
0.0520287 0.0233609 0.0287533
-1.14877 4.65413 0.437727
0.0238722 -0.0145772 0.0291192
-2.119 5.36183 0.479565
0.0478674 0.0173564 0.0298473
-1.22295 4.83458 0.46102
0.032839 0.0152914 0.0314986
-1.13501 5.1056 0.445557
0.0129273 0.00397196 0.020685
-1.2727 5.91177 0.558715
0.012768 0.0085607 0.0303135
-0.980157 5.26149 0.329706
0.0428813 -0.0261896 0.0271987
-2.11908 5.2038 0.611447
0.0135497 -0.00593291 0.0220617
-1.98351 5.80752 0.532497
0.0468707 -0.0144705 0.0291927
-1.87024 4.95932 0.49901
0.0106602 0.00060603 0.0244344
-1.51401 5.5214 0.389827
0.0574102 0.00947445 0.0297028
-1.40724 4.55912 0.401527
0.0154348 0.0291362 0.0288553
-0.487161 5.38868 0.533599
0.0185707 -0.00948508 0.0286924
-2.04301 5.36991 0.421045
0.0633359 0.00794574 0.0273529
-1.44599 4.42355 0.395008
0.0354975 -0.0225754 0.0297014
-2.13725 5.14516 0.514242
0.0574177 0.0150885 0.0312271
-1.31382 4.45348 0.356394
0.0559275 -0.031673 0.026401
-2.08608 4.44203 0.411278
0.0424722 -0.0331771 0.0306142
-2.23394 4.67764 0.415826
0.0536666 0.0209001 0.0253571
-1.19942 4.90589 0.558892
0.0435582 -0.00624846 0.0300725
-1.71328 5.05351 0.492973
0.0220177 -0.015347 0.0279061
-2.17953 5.47637 0.514971
0.0315338 -0.00680088 0.0313534
-1.78321 5.16557 0.436235
0.0528586 -0.0116891 0.030881
-1.78843 4.65531 0.407064
0.0143384 -0.0100071 0.0228561
-2.18013 5.86482 0.579287
0.0311497 -0.0105461 0.0286896
-1.89725 5.4116 0.54195
0.039278 -0.0331846 0.0282305
-2.2723 4.9488 0.516934
0.0384414 -0.0244289 0.0298681
-2.1369 5.02446 0.494597
0.0627861 0.00232015 0.0293264
-1.53386 4.39243 0.363588
0.0605324 -0.0149435 0.0313615
-1.81282 4.34416 0.327378
0.0472863 -0.0236325 0.0284967
-2.03426 4.85617 0.490089
0.0474236 0.00648437 0.0279636
-1.43491 5.17682 0.579169
0.0174725 0.00142191 0.0294762
-1.4896 5.30985 0.368136
0.0431133 0.0205139 0.0300114
-1.12668 4.93796 0.477239
0.0235582 0.018132 0.0288265
-0.914826 5.39229 0.506927
0.0107578 0.0030861 0.0206454
-1.29143 5.79002 0.492043
0.0376491 -0.0176889 0.0294754
-2.01002 5.18354 0.52596
0.0249464 0.020376 0.0292593
-0.885901 5.34306 0.508784
0.0104271 -0.023684 0.0285674
-2.72687 5.40428 0.478298
0.0606116 0.00535753 0.025905
-1.48263 4.64022 0.473343
0.0199027 0.0242261 0.0305149
-0.687738 5.23478 0.457281
0.0578858 -0.00584324 0.0245387
-1.6714 5.01679 0.610437
0.0437426 0.00836888 0.0306302
-1.38176 4.99071 0.470604
0.0521349 -0.00212078 0.0298125
-1.61145 4.78867 0.452162
0.0344337 0.0270533 0.02922
-0.904858 5.15093 0.532017
0.0242776 0.00379316 0.0281642
-1.41581 5.43162 0.477736
0.0635039 -0.0211652 0.0311944
-1.89251 4.19077 0.287454
0.0546607 -0.0288601 0.0285276
-2.05658 4.46295 0.391838
0.0561935 -0.02272 0.0238565
-1.95502 4.84864 0.565386
0.0197917 0.0152382 0.0266152
-0.914662 5.6104 0.550611
0.0271185 0.0246627 0.0315867
-0.832789 5.09257 0.443772
0.0134605 -0.0192386 0.0294272
-2.5311 5.33084 0.428218
0.0617245 0.0252445 0.0235419
-1.18257 4.44567 0.445177
0.022519 0.0196449 0.0276757
-0.853459 5.55459 0.571988
0.0439084 -0.031293 0.026992
-2.18999 4.95244 0.542541
0.0572771 0.0243936 0.0283998
-1.16817 4.44965 0.389822
0.0638459 -0.0225116 0.0243853
-1.90978 4.35739 0.409017
0.0539161 0.00584164 0.0310288
-1.46287 4.6446 0.402599
0.0521793 -0.00266245 0.0293657
-1.62178 4.81628 0.465752
0.0154541 -0.00881551 0.0243916
-2.08919 5.66889 0.508718
0.0397262 0.0167032 0.0298247
-1.17278 5.1038 0.506111
0.0391364 -0.00926215 0.0295634
-1.80318 5.20657 0.523233
0.0594161 0.0297366 0.0219218
-1.10676 4.55171 0.496862
0.0580018 0.0298296 0.0221622
-1.09578 4.62584 0.517478
0.0486076 -0.000251763 0.0292018
-1.57598 4.97623 0.502176
0.0324943 0.0030768 0.0308053
-1.47639 5.20168 0.454739
0.0519005 0.0153636 0.0261571
-1.283 5.09244 0.602395
0.0371389 -0.0270946 0.0287595
-2.20108 5.13275 0.544107
0.0579979 -0.00092566 0.0312151
-1.58676 4.50225 0.368185
0.041359 -0.0152246 0.0301258
-1.92351 5.04666 0.490653
0.0175688 -0.00236591 0.0234389
-1.70466 5.78149 0.550242
0.0540038 0.0229584 0.025015
-1.16882 4.8616 0.551001
0.0577161 0.0200757 0.0274665
-1.23605 4.54026 0.425592
0.014172 0.0284747 0.0313493
-0.461809 5.1702 0.434233
0.0460271 -0.0260892 0.0266756
-2.08646 5.08275 0.587103
0.0140481 -0.0132455 0.0246515
-2.3268 5.69038 0.530493
0.059969 0.00980701 0.0277347
-1.4087 4.54281 0.42288
0.0630699 -0.0221479 0.0265683
-1.90851 4.32067 0.374356
0.0542265 0.00369042 0.0300729
-1.50285 4.68957 0.426619
0.038239 -0.0286075 0.0276482
-2.21309 5.30169 0.628029
0.0123475 0.000721983 0.0280736
-1.51239 5.35251 0.340188
0.0624818 -0.034792 0.0263246
-2.07887 4.13481 0.32038
0.0265433 -0.0130529 0.0298573
-2.02783 5.29684 0.467314
0.0638051 -0.000225775 0.0220619
-1.57433 4.76958 0.565714
0.0619409 -0.0184451 0.0293396
-1.86022 4.32291 0.344545
0.0452152 0.023284 0.0297769
-1.09525 4.84178 0.463759
0.0425678 0.0215857 0.0312359
-1.10149 4.85183 0.437917
0.0103561 -0.00324754 0.0259244
-1.87467 5.4448 0.3626
0.0158051 0.0288963 0.0305378
-0.500506 5.21984 0.464886
0.0120105 0.0118379 0.0310121
-0.792639 5.23218 0.330523
0.0217424 -0.0312295 0.030029
-2.53341 5.19882 0.500976
0.059287 -0.0314373 0.0283069
-2.05835 4.25792 0.33735
0.021837 -0.0179779 0.0284856
-2.25957 5.42385 0.506916
0.0411338 0.0278499 0.0303907
-0.975636 4.84263 0.452556
0.0557408 0.02338 0.028544
-1.17364 4.51931 0.406458
0.062242 0.0185393 0.0217149
-1.28131 4.69292 0.544927
0.0144959 -0.0270542 0.029359
-2.64971 5.33777 0.493509
0.0570208 0.0142683 0.0284729
-1.3256 4.59383 0.426537
0.0280366 0.0185418 0.0287559
-0.986489 5.4012 0.544126
0.0184886 -0.0193048 0.0273149
-2.37779 5.54922 0.542366
0.029116 0.0129393 0.029751
-1.15261 5.29586 0.48672
0.0437545 0.0225219 0.0299522
-1.09543 4.89039 0.469901
0.0606303 -0.0175629 0.0283924
-1.85275 4.41413 0.380313
0.0576862 -0.0333755 0.029305
-2.09531 4.24824 0.323912
0.0139772 -0.0164452 0.0278212
-2.43714 5.43576 0.453331
0.0188964 -0.0202953 0.0279059
-2.39187 5.48584 0.526428
0.0251063 -0.00782184 0.0265124
-1.87281 5.68523 0.591129
0.0221138 0.0231155 0.0300992
-0.763254 5.26409 0.474876
0.0121398 -0.0222255 0.0296759
-2.64166 5.31616 0.438281
0.0280773 0.01629 0.0297879
-1.04507 5.28873 0.489023
0.0498066 -0.0151749 0.031305
-1.86654 4.70585 0.410876
0.0157829 -0.00808427 0.0235235
-2.04417 5.76967 0.545871
0.0204707 -0.0192314 0.0311832
-2.32499 5.20788 0.417681
0.0441243 -0.0314903 0.0314287
-2.19064 4.62634 0.392888
0.027608 -0.0210852 0.0314772
-2.22303 5.12832 0.442167
0.0525313 -0.0119908 0.0271597
-1.79521 4.93393 0.534277
0.0517001 0.00338107 0.0280257
-1.50549 4.95099 0.521626
0.0461739 -0.0260428 0.0270743
-2.08434 5.00058 0.554178
0.0464713 -0.0166642 0.0280446
-1.9151 5.07635 0.551708
0.0283221 0.00441193 0.0270615
-1.41626 5.66909 0.605831
0.0337888 0.0103273 0.0287499
-1.27417 5.39601 0.556961
0.0578367 -0.0177406 0.0263196
-1.86842 4.63283 0.465727
0.0105802 0.0134398 0.0242992
-0.666905 5.65776 0.498349
0.059936 0.0155255 0.0295729
-1.31733 4.4191 0.367757
0.0107933 -0.0338249 0.0309111
-2.83271 5.16023 0.462457
0.05918 -0.00306147 0.028277
-1.62248 4.58287 0.426341
0.0466989 -0.00911181 0.0289865
-1.76349 5.03935 0.519687
0.01073 0.018307 0.0280235
-0.530147 5.41792 0.443186
0.0526493 0.0140674 0.0287528
-1.30971 4.76404 0.46415
0.0427643 0.025006 0.0294518
-1.04167 4.91755 0.485223
0.0552129 -0.00164124 0.0290038
-1.60051 4.71599 0.448911
0.0551842 -0.0267786 0.028293
-2.02258 4.49253 0.40255
0.0528422 0.0258023 0.0315019
-1.11656 4.46324 0.355316
0.0366868 0.0243603 0.0311399
-0.984638 4.96625 0.455177
0.0638108 -0.0193119 0.0300634
-1.86468 4.22764 0.309939
0.0110076 0.0123486 0.027616
-0.728045 5.40745 0.39826
0.0155357 -0.0295653 0.0285728
-2.65778 5.42953 0.553479
0.0192305 0.00209114 0.0295271
-1.46248 5.31342 0.385321
0.0632447 0.0216848 0.0211354
-1.24049 4.5768 0.514291
0.0613393 0.0206597 0.0216274
-1.24592 4.72599 0.557059
0.0205648 -0.0135323 0.0301061
-2.1528 5.28695 0.420287
0.0499249 0.0209197 0.0296212
-1.174 4.72403 0.441227
0.0312099 -0.00852259 0.0313703
-1.83737 5.16347 0.436166
0.035384 0.0147573 0.0296634
-1.17567 5.23278 0.517453
0.0627392 0.0267998 0.023525
-1.1671 4.36364 0.420259
0.0431351 -0.0154917 0.0310109
-1.91559 4.92449 0.453183
0.0235207 0.0278511 0.0315387
-0.701302 5.09917 0.444827
0.0558812 -0.0251188 0.0273995
-1.99324 4.53621 0.425346
0.0175398 0.00626212 0.0237023
-1.22788 5.79315 0.562927
0.0516835 0.0108677 0.0274293
-1.36354 4.96496 0.537236
0.056637 -0.0317427 0.0265509
-2.08163 4.40608 0.399294
0.036197 0.0136352 0.030079
-1.21054 5.18242 0.499701
0.0607633 -0.0151486 0.0274395
-1.81512 4.47324 0.407727
0.0639156 0.0185934 0.027359
-1.2877 4.30736 0.361893
0.057417 -0.00429945 0.0285202
-1.64554 4.64353 0.438399
0.055817 -0.0224762 0.0279454
-1.95361 4.55908 0.424487
0.0505791 -0.0265732 0.0256859
-2.05454 4.89677 0.550427
0.0499516 -0.0248785 0.028737
-2.03288 4.7081 0.451075
0.0265073 -0.000339166 0.0267841
-1.58359 5.63209 0.572481
0.0490595 0.0101715 0.0272795
-1.36636 5.18802 0.603851
0.0168716 0.00075648 0.0297363
-1.52599 5.29414 0.3562
0.0602681 -0.0184411 0.0231922
-1.86773 4.7099 0.530701
0.0219206 1.71212e-05 0.0248726
-1.57002 5.7964 0.594515
0.0483432 -0.00952979 0.0284719
-1.76543 5.0246 0.529137
0.0195833 -0.00637442 0.0286897
-1.88548 5.36877 0.418346
0.0608538 -0.0196599 0.0295573
-1.88328 4.34185 0.3473
0.0378579 -0.0171704 0.0298995
-1.9966 5.13708 0.506427
0.0446834 -0.0341213 0.0307867
-2.22296 4.58439 0.392825
0.0199199 -0.0144337 0.0300099
-2.19783 5.29325 0.422695
0.0609901 0.0212478 0.0228405
-1.23556 4.62005 0.507121
0.0157654 -0.010692 0.0267074
-2.16674 5.49286 0.453292
0.0508246 -0.0337813 0.0299129
-2.15741 4.44066 0.36928
0.0503956 -0.0233967 0.0314912
-2.00545 4.57671 0.381377
0.0500951 -0.0145597 0.0296169
-1.85365 4.80206 0.458346
0.0164178 -0.0116709 0.0282908
-2.18878 5.39208 0.423648
0.0463601 -0.0196976 0.0283838
-1.97257 4.98295 0.521679
0.0593304 -0.00648561 0.0264021
-1.67968 4.6708 0.475094
0.0560332 -0.0317814 0.031242
-2.08674 4.27581 0.310602
0.0589693 0.0134943 0.0281336
-1.34583 4.53594 0.415999
0.0152983 -0.0217614 0.0283045
-2.52886 5.43267 0.49577
0.0559167 0.0157502 0.0263805
-1.29624 4.76122 0.500349
0.0191585 0.0162558 0.0272769
-0.867178 5.526 0.519341
0.0133977 0.00692016 0.0309921
-1.09402 5.23001 0.314148
0.0609139 -0.0277115 0.0259969
-1.99774 4.33639 0.385198
0.0273899 0.0204493 0.0291236
-0.929474 5.34889 0.528218
0.0267651 -0.0106348 0.0278724
-1.94901 5.50301 0.542444
0.0560801 0.0235812 0.0254392
-1.17275 4.67283 0.488918
0.0626943 0.0199244 0.0265984
-1.26309 4.36597 0.387219
0.0168698 0.0204268 0.0272488
-0.690315 5.55391 0.542106
0.0470589 -0.0299313 0.0280044
-2.13729 4.7581 0.474557
0.0427122 -0.0338929 0.0276225
-2.24157 4.85048 0.504088
0.0117697 0.0049664 0.022311
-1.1715 5.70507 0.47622
0.010518 0.00482333 0.029284
-1.14083 5.29287 0.309428
0.0552476 0.0237321 0.0298363
-1.16507 4.47795 0.379702
0.063252 -0.0181125 0.0212185
-1.84969 4.66349 0.541624
0.0590515 -0.00270551 0.0281357
-1.61658 4.59655 0.431742
0.0602267 -0.0298239 0.0273173
-2.03059 4.28227 0.355024
0.0430858 -0.0135919 0.0292719
-1.87638 5.09774 0.522374
0.0132588 0.00305884 0.0234702
-1.34406 5.63714 0.459005
0.028476 0.0139995 0.0293297
-1.11387 5.33747 0.502388
0.0397256 0.0105745 0.0286877
-1.31064 5.31977 0.576842
0.0530713 -0.0265966 0.0310981
-2.03536 4.45834 0.359176
0.0290314 0.0149551 0.0283627
-1.09511 5.46262 0.560092
0.0116334 0.0121861 0.0224612
-0.762198 5.88749 0.581775
0.0370704 -0.029474 0.0280129
-2.24253 5.19675 0.582686
0.0446106 -0.0238025 0.0282139
-2.06093 4.99269 0.527662
0.0131758 -0.00559241 0.0219768
-1.9722 5.79382 0.522959
0.0577882 0.0159164 0.0280121
-1.30203 4.56611 0.425467
0.0264712 0.0140886 0.0311875
-1.0817 5.19605 0.429249
0.055794 -0.034482 0.0293219
-2.12436 4.28717 0.33478
0.0594879 0.0107472 0.0266715
-1.39206 4.61396 0.455847
0.014539 -0.00379338 0.0220957
-1.82602 5.81572 0.537727
0.0417156 0.0106402 0.0310177
-1.32106 5.00144 0.46167
0.0612709 -0.0181974 0.0252734
-1.8595 4.5113 0.444507
0.0569543 -0.00290655 0.0309012
-1.62179 4.55009 0.383433
0.0605111 -0.0319713 0.0230333
-2.05687 4.3718 0.428108
0.0205493 -0.00416911 0.0254352
-1.77096 5.65001 0.530153
0.0532978 0.0172322 0.0296805
-1.25808 4.64592 0.422507
0.0580289 -0.0298005 0.0290111
-2.04522 4.30981 0.344537
0.0612876 -0.011117 0.028435
-1.75024 4.44692 0.388668
0.0260216 0.00470614 0.0303275
-1.39187 5.27022 0.42926
0.0520771 0.0079775 0.0288374
-1.41879 4.83692 0.479596
0.0145079 -0.0100535 0.0254745
-2.17679 5.56718 0.469244
0.0634994 0.0282313 0.0261096
-1.15245 4.22198 0.349633
0.0296099 -0.0150496 0.0286215
-2.04103 5.42173 0.548805
0.0597867 -0.0170095 0.0275837
-1.84798 4.48759 0.409903
0.0489416 0.0208269 0.0298277
-1.16846 4.74858 0.443352
0.0206714 0.0139033 0.0263125
-0.978706 5.65982 0.569036
0.0606287 -0.0219852 0.0220497
-1.91867 4.69963 0.542722
0.0543435 -0.00485637 0.0314412
-1.65992 4.61363 0.390028
0.0626217 -0.00439268 0.0269649
-1.64083 4.48706 0.41725
0.0259079 -0.0332959 0.0292456
-2.48034 5.19654 0.536536
0.0146066 0.00887783 0.0312664
-1.02466 5.22066 0.3277
0.0247798 -0.0126427 0.02699
-2.04257 5.64127 0.587576
0.0137396 -0.0157797 0.0308101
-2.42519 5.24572 0.371322
0.036144 0.0167769 0.030345
-1.13622 5.1336 0.489629
0.056748 0.021132 0.0271216
-1.21432 4.58367 0.441708
0.0431283 0.0114913 0.0305766
-1.3104 4.99215 0.472128
0.0544791 -0.00931743 0.03016
-1.74018 4.64993 0.416489
0.0597494 -0.0230337 0.0315365
-1.93874 4.28098 0.308746
0.0504267 -0.0176395 0.028989
-1.9073 4.794 0.467228
0.0243493 -0.0146081 0.0310109
-2.11117 5.21749 0.424376
0.0580748 0.0273689 0.0243762
-1.1304 4.54376 0.46489
0.0355984 0.0217216 0.0313688
-1.02292 5.00882 0.452599
0.0318563 0.00447746 0.0294622
-1.43116 5.32209 0.499997
0.0134097 0.00720647 0.0258881
-1.07767 5.4993 0.422009
0.0396825 -0.00239459 0.0295948
-1.63107 5.213 0.521798
0.059083 -0.0211919 0.0285901
-1.91518 4.42126 0.379929
0.0440347 -0.0231022 0.0280613
-2.05396 5.05479 0.546044
0.023977 -0.0131495 0.0308074
-2.07243 5.23558 0.422794
0.0555948 0.0120746 0.0309923
-1.35693 4.55117 0.38246
0.0542664 -0.015918 0.0296507
-1.85612 4.62611 0.418287
0.0298404 -0.0158505 0.0302926
-2.05907 5.23203 0.477362
0.0126422 0.0287611 0.0293586
-0.414138 5.33565 0.498932
0.0274495 -0.0343329 0.0294577
-2.46715 5.11723 0.519505
0.0107838 0.0208722 0.0313857
-0.476884 5.21208 0.379565
0.0174959 -0.000996255 0.0240045
-1.62768 5.70136 0.518429
0.0619527 0.018609 0.0289227
-1.279 4.33362 0.352154
0.0631684 -0.0170988 0.0205342
-1.83515 4.82077 0.605195
0.0560501 -0.010339 0.0268629
-1.75321 4.78332 0.498959
0.0167137 0.00322496 0.0269992
-1.38019 5.44954 0.418803
0.0631389 -0.0315459 0.0236384
-2.03414 4.24341 0.381669
0.0266729 0.0150404 0.0296097
-1.05736 5.31455 0.483526
0.0566096 0.0224127 0.0272489
-1.19381 4.56139 0.434052
0.0248725 -0.0116019 0.0274086
-2.00725 5.54952 0.548734
0.0159756 -0.0198463 0.0316045
-2.46383 5.19402 0.389179
0.0601367 0.0211511 0.0307156
-1.23259 4.31416 0.326793
0.0299433 -0.0339268 0.0302805
-2.41848 4.99777 0.480293
0.0632406 -0.0324242 0.0176182
-2.04456 4.47199 0.519506
0.0109948 0.00811588 0.0260239
-0.934917 5.47136 0.397607
0.0633083 0.0183652 0.0245681
-1.28846 4.44012 0.431837
0.0605467 -0.00515087 0.0259724
-1.65566 4.64038 0.472487
0.0513986 -0.0197714 0.0279172
-1.93802 4.79837 0.486003
0.0623888 -0.0103781 0.0313024
-1.73563 4.31474 0.320353
0.0451258 -0.0238026 0.0287682
-2.05618 4.91545 0.498507
0.0277289 0.00699264 0.0290579
-1.32377 5.36798 0.487448
0.0543756 0.00377166 0.0294424
-1.50154 4.71965 0.443021
0.0105675 0.0134823 0.0316286
-0.664787 5.20412 0.32108
0.0489251 -0.0030027 0.0296598
-1.63209 4.92038 0.481498
0.053666 0.0200876 0.0271753
-1.21263 4.74231 0.483232
0.0199 -0.00485776 0.0253871
-1.81022 5.64104 0.522429
0.0538367 -0.0317116 0.0239834
-2.10311 4.67944 0.510584
0.0178565 0.016902 0.0289396
-0.812852 5.36871 0.452984
0.0420933 -0.0332893 0.0282248
-2.23993 4.84126 0.491347
0.0420119 0.0287668 0.0308827
-0.970393 4.76857 0.429897
0.0627675 -0.0236607 0.0299615
-1.93128 4.21556 0.307555
0.0377388 -0.010388 0.0310564
-1.8394 5.08785 0.463888
0.0138187 0.0104758 0.0295925
-0.922139 5.30308 0.36375
0.0497819 -0.0255324 0.0279792
-2.0447 4.7515 0.4733
0.0318746 -0.00640239 0.0288566
-1.76902 5.38932 0.529862
0.012776 -0.0231502 0.0274816
-2.63731 5.52186 0.529233
0.0118637 0.0143566 0.0294174
-0.690607 5.31706 0.380543
0.0157028 0.0246017 0.030481
-0.568094 5.25027 0.444842
0.0179144 -0.017939 0.0311069
-2.35688 5.22346 0.400448
0.0566721 -0.0123084 0.0305445
-1.78466 4.52982 0.383405
0.0510755 -0.0309917 0.0277131
-2.11619 4.59028 0.43572
0.0618608 -0.0252431 0.0232456
-1.95823 4.45273 0.450693
0.0187453 0.0214946 0.0281707
-0.717182 5.46096 0.523555
0.0430587 0.0258571 0.0278853
-1.03 5.05271 0.549801
0.0110942 -0.0269108 0.0278547
-2.75056 5.50973 0.547742
0.0466948 -0.0306819 0.0270628
-2.15213 4.82846 0.507827
0.0108118 0.00492778 0.0237503
-1.14315 5.58173 0.422977
0.021184 -0.00641322 0.0269847
-1.86476 5.51133 0.487475
0.0565682 0.000366717 0.0270358
-1.56431 4.79232 0.498641
0.013169 -0.0320336 0.029913
-2.75155 5.25811 0.495454
0.0611948 -0.021107 0.0311549
-1.90293 4.2673 0.309246
0.0598389 0.0169261 0.0294712
-1.29514 4.41222 0.367151
0.063612 -0.00350674 0.0281413
-1.62587 4.3992 0.379136
0.0402191 -0.0243826 0.0287625
-2.11579 5.08837 0.535306
0.0558141 -0.00637703 0.026815
-1.68456 4.83417 0.513466
0.025928 -0.00943144 0.0299762
-1.91967 5.29282 0.448433
0.0414178 -0.0328134 0.0300148
-2.2408 4.75057 0.440741
0.0418866 -0.014474 0.0315538
-1.9035 4.93007 0.441504
0.0104911 0.00294296 0.0189403
-1.29731 5.95151 0.547174
0.0216691 -0.00472634 0.0284834
-1.78555 5.39127 0.441028
0.0198258 -0.0133078 0.0314125
-2.16196 5.20973 0.381916
0.0121955 -0.00584382 0.0210889
-2.01765 5.85629 0.538334
0.0631642 -0.0224884 0.0222787
-1.91283 4.48872 0.472872
0.0355959 0.0112442 0.0291938
-1.26483 5.30791 0.539126
0.0298761 0.00345616 0.0284357
-1.45563 5.43844 0.528193
0.0166364 0.00641695 0.0313568
-1.20266 5.21707 0.332593
0.0623513 0.0266296 0.0268673
-1.16716 4.2711 0.35652
0.0636627 0.0253527 0.0313746
-1.19181 4.13361 0.269009
0.0110392 0.0168445 0.0299463
-0.580133 5.29205 0.383556
0.0532224 0.0130536 0.0293042
-1.33028 4.71598 0.444309
0.0608328 0.0184466 0.0229761
-1.27637 4.6866 0.526252
0.0331254 -0.0296479 0.028307
-2.30085 5.28648 0.592893
0.0209494 0.0242685 0.0280435
-0.712126 5.51895 0.577005
0.0616002 0.025643 0.0202731
-1.17633 4.67196 0.556455
0.01352 0.0175098 0.0255012
-0.657521 5.68227 0.552748
0.0213517 -0.0032522 0.0254578
-1.72195 5.66838 0.542768
0.0401675 0.024507 0.030597
-1.02297 4.91642 0.461061
0.0529452 -0.0315219 0.0269722
-2.1078 4.54074 0.431947
0.0346096 0.0143782 0.028422
-1.17705 5.46011 0.600875
0.0220181 0.00203291 0.0314782
-1.47873 5.20956 0.366531
0.0127824 -0.00347212 0.0308559
-1.83603 5.23166 0.298921
0.0568774 0.00113277 0.0292273
-1.55088 4.63445 0.426235
0.0204793 -0.0266755 0.0291045
-2.48685 5.35443 0.52565
0.0593195 0.00839871 0.0247882
-1.43015 4.79101 0.533014
0.0630196 -0.0122353 0.0297979
-1.76256 4.32519 0.340056
0.0568053 -0.0104822 0.0314946
-1.75327 4.49987 0.36402
0.0305161 -0.0293382 0.0291355
-2.33652 5.20746 0.542274
0.0591709 0.00616626 0.0294057
-1.46696 4.52066 0.395872
0.0152565 -0.0226629 0.0287795
-2.54909 5.39107 0.485572
0.0289486 0.0221787 0.03043
-0.917046 5.18662 0.48198
0.0430987 -0.0177744 0.0315537
-1.96196 4.86533 0.43355
0.0587932 0.0195997 0.0255267
-1.24902 4.60182 0.467415
0.052626 0.011034 0.029109
-1.36412 4.77108 0.460022
0.0194734 -0.00137943 0.0282093
-1.64151 5.3933 0.41872
0.0224704 -0.017742 0.0282736
-2.23914 5.44952 0.520019
0.0428343 -0.0295325 0.0309933
-2.17441 4.72385 0.419403
0.0498272 0.00309877 0.0274007
-1.50869 5.16654 0.593612
0.0473276 -0.0296141 0.0281995
-2.12992 4.74177 0.467471
0.0462171 -0.00851207 0.0304372
-1.75293 4.93015 0.46667
0.0637256 -0.0215289 0.0266305
-1.8966 4.30076 0.367826
0.026265 0.00605643 0.0291512
-1.34417 5.3578 0.469148
0.0611117 0.00201075 0.0251696
-1.53791 4.67399 0.49293
0.0619317 -0.0261484 0.0254738
-1.9703 4.34062 0.392143
0.0389828 -0.0342602 0.0297122
-2.29181 4.80618 0.457569
0.0429146 -0.0327167 0.0261295
-2.22217 5.12956 0.615757
0.0414194 -0.0040855 0.0302564
-1.66912 5.10109 0.49172
0.0390546 -0.026998 0.03064
-2.17565 4.89965 0.457505
0.0542983 -0.0020242 0.0274203
-1.60806 4.8797 0.515157
0.0636699 0.0119425 0.0297962
-1.38538 4.30358 0.334146
0.0533823 0.0104884 0.0262106
-1.37679 5.0455 0.58595
0.0154939 -0.00806878 0.0301855
-2.05092 5.27325 0.352721
0.0638325 -0.0283114 0.0259261
-1.98825 4.21281 0.348703
0.0371558 -0.0107632 0.0315314
-1.85276 5.06113 0.448234
0.0523741 -0.0327136 0.0314541
-2.12912 4.36213 0.330929
0.0495455 0.0189891 0.0308031
-1.2048 4.69778 0.417154
0.0200844 0.0114542 0.0286622
-1.0525 5.38331 0.446065
0.0611184 -0.0179614 0.0312766
-1.85663 4.29963 0.316626
0.0582995 0.0108905 0.0299149
-1.38612 4.50636 0.385821
0.0522359 -0.0201197 0.0308721
-1.93845 4.58942 0.392777
0.0565584 0.0153362 0.0259874
-1.30601 4.76433 0.507147
0.0226405 -0.0150491 0.0265941
-2.15743 5.73425 0.618071
0.0539462 0.0040696 0.0311107
-1.4955 4.64528 0.401535
0.0146856 -0.0314534 0.0294917
-2.70477 5.30114 0.513627
0.021687 -0.0102862 0.0281919
-2.01368 5.4252 0.47026
0.0589174 0.0202923 0.0260159
-1.2391 4.55579 0.448122
0.0629714 0.0246679 0.0236748
-1.19744 4.38867 0.426304
0.0486617 -0.00124612 0.029182
-1.5964 4.97535 0.502446
0.0127046 0.00666486 0.0302993
-1.08766 5.2591 0.31982
0.0141571 0.0112922 0.0240616
-0.897501 5.71674 0.529508
0.0125621 -0.00578194 0.020744
-2.00216 5.92825 0.567796
0.0193607 -0.0123869 0.0299139
-2.13997 5.29853 0.410851
0.0108739 0.00166228 0.0261367
-1.4191 5.43564 0.36041
0.0556918 -0.0277653 0.0258074
-2.03329 4.57163 0.45523
0.0151429 0.00787957 0.0242028
-1.091 5.66609 0.501147
0.0550779 -0.0118904 0.0308414
-1.78342 4.57739 0.390487
0.0525201 -0.0161114 0.027202
-1.86845 4.86792 0.515928
0.0294261 0.0140458 0.0294287
-1.12545 5.32327 0.504265
0.0149715 -0.00257079 0.0310228
-1.74085 5.22887 0.314636
0.0256331 -0.0101433 0.031062
-1.9476 5.21816 0.417459
0.0110259 -0.00763512 0.0232294
-2.17645 5.65054 0.462147
0.0634288 0.00725704 0.0292672
-1.45688 4.35525 0.35423
0.027537 0.0260401 0.0299212
-0.81333 5.21246 0.505262
0.013678 -0.0160235 0.0282284
-2.435 5.40235 0.435739
0.0548945 -0.0334953 0.028321
-2.11866 4.36841 0.368573
0.0115258 0.0067578 0.0267194
-1.0405 5.42919 0.378772
0.03236 0.010134 0.0309102
-1.26731 5.18038 0.456928
0.0559818 -0.0320174 0.0213338
-2.09032 4.80346 0.587629
0.0180781 0.0180666 0.026505
-0.785715 5.64969 0.570862
0.0489836 -0.0156584 0.0281408
-1.8802 4.958 0.520964
0.056852 -0.0285933 0.0279536
-2.0368 4.40905 0.38402
0.0114184 0.00984146 0.0229304
-0.859436 5.72555 0.504959
0.062079 -0.00289144 0.025192
-1.61734 4.61301 0.474958
0.019599 0.0190415 0.0288916
-0.799825 5.38093 0.481594
0.0598773 0.0267922 0.0284819
-1.15006 4.3117 0.350887
0.0127708 -0.01364 0.0313757
-2.38909 5.21657 0.339786
0.0529597 0.0192094 0.0314592
-1.22284 4.55115 0.37617
0.0442698 -0.023698 0.0298342
-2.06229 4.86205 0.466742
0.055836 0.00497483 0.0315349
-1.48193 4.55767 0.376593
0.0573814 -0.0118403 0.0256045
-1.77428 4.80072 0.523432
0.0123868 -0.0164644 0.0279852
-2.4966 5.41599 0.437058
0.059521 0.0200485 0.0233353
-1.2459 4.71365 0.529935
0.0486346 -0.0151245 0.0288081
-1.8723 4.91565 0.49776
0.0143725 0.0201717 0.0312104
-0.619073 5.21897 0.393509
0.0548489 -0.0285274 0.0292854
-2.0504 4.43314 0.374861
0.023857 0.00821168 0.0266064
-1.23929 5.61956 0.556363
0.059997 -0.0102425 0.0254971
-1.73988 4.66696 0.486445
0.0618327 -0.0306752 0.019018
-2.03132 4.55742 0.532795
0.0172991 -0.00615372 0.0309745
-1.91256 5.23579 0.345
0.011464 0.00324856 0.0271943
-1.29466 5.39162 0.351523
0.0186256 0.00825075 0.0253367
-1.1538 5.64355 0.522368
0.0267043 -0.0159006 0.0303662
-2.10785 5.24831 0.460487
0.0133263 -0.0330203 0.0289516
-2.75801 5.36218 0.545902
0.0626385 -0.0320488 0.0266923
-2.04372 4.1719 0.328279
0.0154926 0.0288461 0.0291098
-0.492868 5.35776 0.519292
0.061126 -0.029971 0.025977
-2.02667 4.28598 0.370406
0.0539892 -0.0131013 0.026826
-1.80886 4.86992 0.523005
0.0465143 -0.0335334 0.0265084
-2.19543 4.79411 0.507457
0.0576776 -0.0217103 0.0233872
-1.9308 4.81412 0.561313
0.0192166 0.00573581 0.0307432
-1.28073 5.24888 0.365102
0.0144705 -0.0197494 0.0260029
-2.50925 5.7033 0.581937
0.0627409 0.0103833 0.0292871
-1.40679 4.36416 0.356425
0.0149306 0.014368 0.0273164
-0.804596 5.46613 0.45763
0.0622101 -0.00457449 0.022763
-1.6442 4.82866 0.575478
0.0474618 0.0190202 0.0295109
-1.18965 4.85046 0.470422
0.0563237 0.0253996 0.0275996
-1.14715 4.50347 0.414011
0.0582443 -0.0266744 0.0282958
-2.00026 4.37921 0.37185
0.0326056 -0.0167599 0.0286327
-2.0456 5.40964 0.573882
0.0212159 -0.000547707 0.0271659
-1.59661 5.48379 0.46886
0.0474705 -0.0256754 0.0283807
-2.0666 4.81462 0.482274
0.0432516 -0.0167065 0.029187
-1.93941 5.06437 0.519138
0.0282314 -0.0265793 0.0291554
-2.32606 5.2899 0.544471
0.0135533 0.00483085 0.0211771
-1.2284 5.90438 0.56441
0.0552463 -0.00206684 0.0280028
-1.60819 4.78144 0.480398
0.0504489 0.0238989 0.026542
-1.12839 4.8841 0.531866
0.025507 0.00939163 0.0277545
-1.218 5.4981 0.526433
0.0403875 -0.0172403 0.0297186
-1.97425 5.09053 0.507895
0.0179636 -0.00525614 0.026439
-1.85545 5.50873 0.456453
0.0185959 0.0165383 0.0281139
-0.843896 5.43842 0.483135
0.0524303 -0.0237799 0.0286579
-1.9966 4.63624 0.434659
0.0517044 -0.00204337 0.028755
-1.6103 4.88469 0.491894
0.0220245 0.0106609 0.0287923
-1.11999 5.37956 0.456278
0.0602275 0.0192475 0.0237339
-1.26147 4.64737 0.504111
0.0103585 -0.00408326 0.0288086
-1.94629 5.31134 0.313035
0.0519617 0.0215463 0.0255777
-1.17772 4.99428 0.582616
0.0638911 -0.00851333 0.027027
-1.70326 4.40878 0.394619
0.0322516 0.0151599 0.0304495
-1.13139 5.19665 0.478864
0.0374926 0.0230331 0.0282697
-1.0199 5.32291 0.603408
0.0470458 0.0169541 0.0298897
-1.22491 4.86571 0.466404
0.0219412 0.0239589 0.0298589
-0.741468 5.28195 0.486499
0.0617199 -0.012862 0.029436
-1.77625 4.3803 0.359072
0.036661 0.0267591 0.0286686
-0.94028 5.17027 0.554277
0.0550804 0.0100511 0.0254952
-1.3903 5.04843 0.602186
0.0145698 -0.0303159 0.0286519
-2.69358 5.41692 0.550545
0.0293952 -0.0145814 0.0300976
-2.03128 5.25799 0.47954
0.0133352 0.00147252 0.0239056
-1.46082 5.60147 0.444123
0.0581254 -0.0199963 0.0257201
-1.90213 4.61777 0.469445
0.0446941 0.00246073 0.0280822
-1.51579 5.365 0.626697
0.0477141 -0.00134277 0.0290802
-1.59893 5.02313 0.514201
0.0398428 0.0271883 0.0290136
-0.971987 5.00986 0.513192
0.0454523 -0.033216 0.0269015
-2.20189 4.81929 0.508023
0.0412922 -0.0248701 0.0283779
-2.1129 5.08734 0.54557
0.0109924 0.00902124 0.0310855
-0.883574 5.22416 0.304259
0.0116454 -0.0286133 0.0280243
-2.75507 5.50606 0.56182
0.0239856 -0.00178601 0.0280565
-1.64512 5.43702 0.475329
0.0572384 -0.0189942 0.0316668
-1.89121 4.40531 0.339252
0.0126138 0.0138459 0.0307181
-0.738869 5.24889 0.353633
0.062781 -0.011624 0.0306491
-1.75387 4.31253 0.3271
0.0419087 -0.0269827 0.0272213
-2.14283 5.2595 0.629916
0.0513891 0.0288241 0.0283237
-1.05962 4.5953 0.428909
0.0275636 0.00453579 0.0292671
-1.4077 5.34894 0.474087
0.0541083 -0.0344199 0.0215316
-2.13736 4.8201 0.590645
0.0567112 -0.0133646 0.0309375
-1.80223 4.5039 0.372149
0.021902 -0.00214182 0.0250422
-1.66828 5.76066 0.581611
0.0234503 0.0128236 0.0278451
-1.07038 5.48209 0.516242
0.0281176 -0.0337681 0.0285217
-2.44725 5.25703 0.57658
0.0164096 0.0213825 0.0279049
-0.654563 5.47769 0.516486
0.0432303 0.0261821 0.0280097
-1.02624 5.01866 0.538461
0.0624288 0.00762854 0.0295358
-1.4492 4.38278 0.358582
0.0121033 -0.028296 0.0293929
-2.7374 5.33428 0.492824
0.0497246 -0.00786232 0.0312968
-1.72762 4.76413 0.421983
0.0465475 -0.0136541 0.0285367
-1.85613 5.05205 0.533629
0.0266546 0.00597128 0.0304802
-1.35041 5.25761 0.431633
0.0619909 0.014295 0.0270902
-1.34416 4.4435 0.403642
0.0381139 0.0290031 0.0316151
-0.92032 4.82346 0.426207
0.0589367 -0.0277191 0.0227111
-2.01042 4.59049 0.499504
0.0361302 -0.0289168 0.0297746
-2.24575 5.0087 0.494529
0.0111582 0.0231047 0.0265844
-0.449909 5.63835 0.567378
0.0549282 0.00386061 0.0265638
-1.50063 4.93204 0.544991
0.0532788 -0.00822239 0.0315569
-1.72392 4.63063 0.391908
0.0626267 -0.00212927 0.0293884
-1.60478 4.39671 0.364009
0.0580257 -0.026624 0.024846
-2.00097 4.53777 0.4574
0.0616647 -0.0214243 0.0281462
-1.90518 4.33487 0.36114
0.0536384 -0.0291541 0.0305324
-2.06866 4.41756 0.35593
0.0351344 -0.028201 0.0296644
-2.24716 5.06008 0.505325
0.0492596 -0.0246618 0.0303318
-2.03496 4.64803 0.41356
0.0587786 0.0177039 0.0237027
-1.27824 4.79483 0.550397
0.0108724 -0.0228406 0.0316298
-2.69732 5.19326 0.387284
0.0534596 0.0152783 0.0299858
-1.29242 4.64626 0.418185
0.0144716 -0.00157639 0.0229978
-1.6793 5.70177 0.491449
0.0358743 -0.0013458 0.030118
-1.60829 5.22325 0.492181
0.0217761 0.000945717 0.027477
-1.52739 5.46477 0.466505
0.0585038 0.0278989 0.0266977
-1.12582 4.40539 0.397424
0.0628772 -0.00411026 0.0302338
-1.63607 4.35548 0.343281
0.0131159 0.0262462 0.029285
-0.463428 5.34702 0.485508
0.0222623 -0.028378 0.0311036
-2.47638 5.1372 0.457675
0.0615183 -0.00920573 0.0247393
-1.71934 4.63999 0.488739
0.0494158 -0.0202704 0.0275892
-1.96007 4.91303 0.520656
0.0164434 -0.0235722 0.0315902
-2.5325 5.17841 0.410957
0.0104568 -0.0028026 0.0267077
-1.83266 5.40577 0.347408
0.0140468 -0.0111639 0.0274991
-2.24234 5.42648 0.417927
0.0254377 0.0154738 0.0305541
-1.02429 5.24189 0.446493
0.0103595 -0.0290426 0.0278178
-2.79896 5.54574 0.576825
0.0546187 -0.0183092 0.0278126
-1.89424 4.68397 0.458677
0.0637891 -0.0249182 0.0221174
-1.9432 4.4086 0.449571
0.0107399 -0.0266709 0.0304958
-2.75878 5.25119 0.441454
0.060573 -0.00071691 0.025079
-1.58263 4.71696 0.506728
0.0602516 -0.00606008 0.0280422
-1.67104 4.53751 0.41757
0.0597319 -0.0340296 0.0201065
-2.08864 4.49997 0.501233
0.0143263 0.0061192 0.026431
-1.16712 5.46948 0.413776
0.0344698 -0.0317643 0.0290223
-2.31537 5.06345 0.523396
0.0145784 -0.0264778 0.0274362
-2.6383 5.6303 0.60447
0.0591196 -0.0236217 0.0305892
-1.95092 4.32088 0.330015
0.0121306 0.0163414 0.0296691
-0.638567 5.30828 0.391989
0.0509936 0.028975 0.0296216
-1.05408 4.54451 0.399019
0.0265097 -0.00580229 0.0311838
-1.78627 5.21236 0.411304
0.0507472 -0.0283453 0.025567
-2.08019 4.83701 0.534652
0.0606519 -0.00865626 0.0290686
-1.71256 4.46359 0.38545
0.0610742 0.0184698 0.0292337
-1.27712 4.35775 0.355292
0.0609009 0.00480422 0.0243328
-1.49207 4.74904 0.526946
0.0416253 -0.00123014 0.0288568
-1.60034 5.27135 0.562112
0.0560786 -0.0120375 0.0306576
-1.78224 4.54855 0.386328
0.0175849 -0.0270274 0.0305693
-2.56477 5.22352 0.460379
0.0503807 0.0103687 0.0297339
-1.36782 4.82258 0.460606
0.0517846 -0.0243176 0.0265739
-2.00982 4.79601 0.506949
0.0165779 0.00609583 0.0292954
-1.21843 5.31999 0.373376
0.051579 -0.00764577 0.0301997
-1.71796 4.76557 0.440832
0.0493385 -0.00715424 0.0286275
-1.7148 4.98075 0.515859
0.0248188 -0.0292526 0.0313298
-2.43801 5.08186 0.454348
0.0521338 0.0089409 0.0279496
-1.40095 4.90369 0.511529
0.0199964 -0.015401 0.0269701
-2.22709 5.56618 0.535872
0.055428 0.0202654 0.0265475
-1.22028 4.69678 0.480185
0.0597525 0.0234068 0.0217462
-1.19744 4.77347 0.571449
0.0116458 -0.00706254 0.0204131
-2.11594 5.96834 0.580633
0.0488399 -0.0111355 0.0315059
-1.79496 4.76056 0.417749
0.0222777 0.0111407 0.0278931
-1.10708 5.45902 0.491391
0.0209217 -0.0147975 0.0276431
-2.18639 5.49189 0.510465
0.0314696 0.0104745 0.0286792
-1.24948 5.41303 0.544948
0.0213083 -0.0138535 0.026153
-2.14727 5.72841 0.59997
0.0531752 -0.0148811 0.0274791
-1.84367 4.82692 0.500489
0.044113 -0.0074131 0.0299282
-1.73729 5.04485 0.495893
0.0151306 0.017204 0.0295702
-0.721362 5.32024 0.419013
0.0383681 -0.0103803 0.0286245
-1.83501 5.36861 0.584414
0.0122839 0.0270433 0.0312757
-0.426368 5.19214 0.425129
0.0400121 0.0127102 0.031227
-1.26322 5.01252 0.456777
0.0355781 0.0156627 0.0290781
-1.15609 5.29965 0.54926
0.0604638 -0.0227397 0.0212861
-1.93052 4.79616 0.585745
0.0493855 -0.0248823 0.0294496
-2.03751 4.68711 0.435444
0.05544 0.0081978 0.0281192
-1.42399 4.73731 0.467601
0.0149227 0.0144918 0.026256
-0.800046 5.55762 0.493525
0.0246477 0.0186272 0.0288944
-0.923634 5.38583 0.514468
0.0314179 0.00157955 0.030989
-1.52056 5.19859 0.443134
0.0432065 0.000325113 0.0307684
-1.56327 5.01658 0.46974
0.0525115 0.0165784 0.0272119
-1.26499 4.85961 0.51356
0.0485903 0.00107533 0.0290407
-1.54867 4.99214 0.509003
0.020689 0.00658689 0.026448
-1.26257 5.55587 0.500889
0.0206107 -0.0293684 0.0310697
-2.52966 5.14259 0.458291
0.0109208 -0.0273287 0.0308549
-2.76142 5.22239 0.435412
0.0492986 0.0153212 0.0306022
-1.26948 4.76025 0.433028
0.0548114 -0.0180732 0.0259238
-1.8893 4.82697 0.525992
0.0578274 0.0287385 0.0264998
-1.10958 4.42406 0.405016
0.0240487 -0.0345532 0.0299412
-2.53356 5.11927 0.503677
0.0261973 0.00671805 0.0268551
-1.31976 5.63877 0.579784
0.0103705 -0.0211304 0.0259604
-2.68535 5.66582 0.559118
0.0197012 -0.0169796 0.0293283
-2.28213 5.34235 0.454759
0.0454715 0.0207034 0.0304441
-1.14354 4.82897 0.449025
0.0412463 -0.0284297 0.0299895
-2.17428 4.85528 0.462487
0.0577106 -0.0186073 0.0273404
-1.8827 4.56834 0.434747
0.0508533 0.00158201 0.030053
-1.5397 4.82194 0.454774
0.0381812 0.0278772 0.0279334
-0.940135 5.22258 0.592318
0.054598 -0.0288369 0.0313157
-2.05672 4.36667 0.333701
0.0224288 -0.00538414 0.0303185
-1.80639 5.27382 0.40147
0.0425271 0.0191598 0.0285325
-1.1475 5.1373 0.552046
0.0396259 -0.0184319 0.0314349
-2.00618 4.95439 0.446766
0.0189548 -0.0134006 0.030731
-2.18619 5.24945 0.39271
0.0216249 0.00384366 0.0265185
-1.39489 5.55344 0.502174
0.0575934 0.00749347 0.0248503
-1.44141 4.946 0.580543
0.0193408 0.0244312 0.0286883
-0.669626 5.4104 0.526516
0.0409194 -0.0287353 0.0289093
-2.18303 4.94649 0.502391
0.0632581 -0.00392844 0.0273806
-1.63282 4.44226 0.399885
0.0636943 -0.0244694 0.0274985
-1.93758 4.23583 0.339386
0.0625599 0.00961724 0.0305313
-1.41826 4.33591 0.334685
0.0613351 -0.0330431 0.0245913
-2.06495 4.25722 0.376169
0.0400135 0.010679 0.0315663
-1.30999 5.00147 0.446722
0.0602264 -0.0230298 0.029215
-1.93603 4.33247 0.348572
0.012462 0.00861876 0.0231566
-0.96573 5.70643 0.498626
0.0477356 0.0160642 0.0280404
-1.24618 5.0239 0.539037
0.0176153 0.00363502 0.028512
-1.3673 5.36527 0.394268
0.0570596 -0.0232617 0.0306175
-1.9579 4.39386 0.348859
0.0588925 -0.00498051 0.0279207
-1.65517 4.60843 0.437696
0.0293493 0.00790949 0.0315124
-1.30755 5.17145 0.422447
0.0458735 0.00666633 0.0279212
-1.42649 5.30047 0.615189
0.0427477 -0.0281087 0.0309651
-2.15246 4.7554 0.425995
0.0608867 0.0204043 0.0234823
-1.24744 4.59893 0.492533
0.0588998 0.0169958 0.0247292
-1.28987 4.69832 0.506111
0.0547759 -0.0257649 0.02982
-2.01046 4.46307 0.376133
0.0331836 0.0203483 0.0306901
-1.02073 5.12188 0.47648
0.063024 -0.0249723 0.0221061
-1.94805 4.45106 0.46303
0.0570866 0.0163653 0.028046
-1.29161 4.58906 0.430998
0.0496725 -0.0310381 0.0263898
-2.12929 4.73298 0.492409
0.0330698 -0.0115832 0.0312486
-1.90771 5.14083 0.45015
0.0584327 0.0294775 0.0215401
-1.10358 4.66348 0.537519
0.0399175 -0.0244986 0.0310755
-2.12125 4.88983 0.446911
0.063014 -0.016116 0.0273207
-1.82118 4.37255 0.381023
0.0336321 -0.0169922 0.0301625
-2.03862 5.1921 0.494921
0.0178541 0.00179719 0.0282801
-1.47047 5.37859 0.39917
0.021044 -0.0317479 0.0297377
-2.55624 5.22882 0.513649
0.0162697 0.0087539 0.0299176
-1.07717 5.28961 0.368128
0.0612056 0.00580243 0.0313313
-1.47628 4.37546 0.335762
0.0588454 0.0143068 0.0276557
-1.3323 4.55596 0.427386
0.0279099 0.00725573 0.0286903
-1.31646 5.40454 0.504069
0.0119408 -0.0252588 0.0299981
-2.69999 5.29043 0.450486
0.032061 -0.00827503 0.0298716
-1.82339 5.27612 0.489549
0.0507458 -0.0133371 0.0288082
-1.82781 4.84858 0.482762
0.0149238 -0.00821963 0.030293
-2.07423 5.26687 0.346364
0.0571871 -0.0338978 0.0291919
-2.10587 4.2575 0.327772
0.024357 -0.0170108 0.0286158
-2.18045 5.41541 0.515926
0.0412211 -0.00756378 0.0309519
-1.75227 5.03516 0.466015
0.0109915 0.00408818 0.0309015
-1.21471 5.22556 0.283201
0.0484619 0.0189311 0.0272318
-1.19839 5.04264 0.562428
0.0231209 -0.00286929 0.0281159
-1.69426 5.42636 0.46459
0.0223554 -0.0098916 0.0293089
-1.98737 5.34111 0.440719
0.0157885 -0.0150486 0.0300467
-2.33221 5.28912 0.396858
0.0164236 -0.00759295 0.029784
-2.00385 5.29556 0.367239
0.0113428 0.000536345 0.0223051
-1.52355 5.66625 0.449035
0.0555862 0.0108674 0.0252266
-1.37773 5.03851 0.60436
0.0303819 -0.0240917 0.0291216
-2.24123 5.29489 0.546481
0.0488892 -0.0214698 0.0291755
-1.98459 4.78226 0.461461
0.0179857 0.0135359 0.0306502
-0.925637 5.25448 0.388697
0.0469424 -0.0287164 0.0298283
-2.1198 4.67678 0.427434
0.0138473 -0.00667966 0.0299763
-2.02025 5.2773 0.336196
0.0233974 -0.00799196 0.0264162
-1.89995 5.63412 0.557495
0.0279925 0.00295331 0.0287213
-1.46568 5.39925 0.495993
0.0482552 -0.00022465 0.0286108
-1.57545 5.05433 0.532253
0.0474418 -0.0194461 0.0304282
-1.9598 4.78336 0.440547
0.0154248 -0.0256614 0.0292799
-2.60037 5.34683 0.490625
0.0154143 0.0213207 0.0269915
-0.625978 5.5885 0.553878
0.0110446 0.00897481 0.0282238
-0.888421 5.35755 0.358464
0.022549 0.0066951 0.0306273
-1.28217 5.25528 0.39779
0.025878 0.00277162 0.0303302
-1.4641 5.27081 0.425884
0.0213311 -0.0250622 0.0280979
-2.43645 5.51971 0.584696
0.0140274 -0.0266209 0.031361
-2.65663 5.18373 0.424969
0.020615 -0.00778671 0.0266622
-1.93195 5.54043 0.49782
0.0628191 -0.028025 0.0260817
-1.99042 4.25242 0.359189
0.0353814 -0.0325305 0.0307048
-2.31424 4.87605 0.45234
0.0485487 0.0162808 0.0278792
-1.24723 4.99965 0.536681
0.0563296 0.00863881 0.0285123
-1.41862 4.66982 0.44504
0.0212108 -0.00619269 0.0303977
-1.85486 5.26893 0.391059
0.0600749 0.028216 0.0228238
-1.1317 4.50109 0.470418
0.0450267 -0.0051072 0.030081
-1.68374 5.01279 0.487425
0.0449477 -0.0285151 0.0280921
-2.13613 4.87369 0.501557
0.0229835 -0.0341585 0.029814
-2.54932 5.15595 0.510748
0.0369334 0.00437649 0.0297534
-1.45285 5.24174 0.511081
0.0607537 0.0200523 0.0241157
-1.252 4.57249 0.476652
0.040505 0.00466641 0.0308817
-1.4561 5.0673 0.469669
0.0132235 0.00255586 0.0272961
-1.37987 5.39955 0.368246
0.0113872 0.0135558 0.0261768
-0.698677 5.51396 0.449518
0.0553683 0.00628261 0.0285744
-1.45781 4.72183 0.45685
0.0153358 0.00791438 0.025939
-1.09437 5.52479 0.449697
0.0540921 -0.0339943 0.0284482
-2.13187 4.381 0.370603
0.0343227 0.0236834 0.0310239
-0.966799 5.03459 0.463876
0.0609981 0.00838311 0.0288544
-1.43422 4.45976 0.387044
0.0521385 -0.0346249 0.0287818
-2.15702 4.42143 0.377722
0.0622622 0.0155331 0.0297426
-1.32631 4.32784 0.341399
0.0142229 0.0163916 0.0273476
-0.714677 5.47435 0.469395
0.026284 -0.0325763 0.031307
-2.46269 5.00963 0.45437
0.0597151 -0.0294873 0.0300743
-2.02947 4.22988 0.310462
0.0558288 -0.0254051 0.0290848
-1.99784 4.46011 0.384344
0.0380137 -0.00874749 0.0312346
-1.79697 5.07678 0.457916
0.0209399 -0.00364682 0.0312122
-1.74322 5.22439 0.365323
0.0566757 0.0133397 0.0260015
-1.33963 4.7864 0.513184
0.0286841 -0.0271636 0.0296418
-2.32897 5.21278 0.519507
0.0551067 -0.0213735 0.0255193
-1.94079 4.77445 0.517095
0.0553754 0.0151041 0.0275455
-1.30452 4.71132 0.469612
0.0158895 0.0108896 0.030964
-0.969981 5.23705 0.353338
0.0375223 0.0140104 0.0315664
-1.21344 5.03131 0.447526
0.0506613 0.0299346 0.0310722
-1.03711 4.47784 0.36421
0.0609165 -0.0316037 0.0246224
-2.04937 4.3044 0.39035
0.0633749 0.0117026 0.0315776
-1.3882 4.26587 0.304221
0.0273956 -0.00388716 0.0283845
-1.71175 5.43119 0.504471
0.0575601 -0.0186034 0.0253525
-1.8834 4.70024 0.498016
0.0632682 -0.0189018 0.0310701
-1.86111 4.2247 0.298374
0.0562274 0.0245949 0.0309391
-1.15845 4.39208 0.344607
0.0605504 0.0128867 0.023991
-1.3611 4.72066 0.523079
0.0608853 -0.0215674 0.0290708
-1.91123 4.33263 0.350228
0.0633049 -0.0189211 0.0249538
-1.86123 4.41567 0.420195
0.0105493 -0.0211033 0.0302472
-2.67804 5.27818 0.407823
0.0278559 -0.014264 0.0301711
-2.04405 5.26266 0.46826
0.0607576 0.025999 0.0220404
-1.16646 4.56931 0.501018
0.0151517 0.0280297 0.0314567
-0.495566 5.16234 0.431398
0.0500384 0.0249087 0.0275261
-1.10892 4.78795 0.489685
0.0329614 0.00236098 0.0292217
-1.49929 5.34351 0.516211
0.024043 -0.0170921 0.027168
-2.1888 5.70337 0.626585
0.0542814 -0.00432244 0.0296626
-1.65026 4.70879 0.437167
0.0122929 0.00286159 0.0258596
-1.34209 5.46827 0.387187
0.0325683 0.022662 0.0298136
-0.962874 5.19001 0.511643
0.0475377 -0.0212337 0.0272159
-1.99088 5.04282 0.562838
0.0569453 -0.00161041 0.0270838
-1.59907 4.76689 0.491132
0.0513718 0.0270327 0.0270483
-1.0864 4.71266 0.477254
0.041427 -0.0183043 0.0294471
-1.98685 5.07453 0.513622
0.0633395 0.00174361 0.0256871
-1.54328 4.51907 0.441744
0.0592691 0.010902 0.0269543
-1.38889 4.60703 0.450215
0.0441072 -0.0298808 0.0292571
-2.16623 4.78171 0.459983
0.0565547 -0.0159608 0.0263989
-1.84586 4.72151 0.489113
0.0117102 -0.00724052 0.0286699
-2.12457 5.33263 0.34453
0.0452869 -0.0296023 0.0287509
-2.14974 4.78134 0.468244
0.0611497 -0.0166653 0.0308779
-1.83687 4.32246 0.327184
0.0523086 0.0222505 0.0311483
-1.16861 4.54625 0.379246
0.0515151 -0.0320171 0.0247921
-2.12688 4.73687 0.516695
0.0459116 7.65894e-06 0.0284186
-1.57063 5.19004 0.567013
0.0305678 -0.0264944 0.0299444
-2.28493 5.15925 0.505734
0.0113513 -0.0021604 0.0298436
-1.75887 5.26879 0.299515
0.02796 -0.00154641 0.0274401
-1.62605 5.55605 0.556139
0.0325116 0.0272972 0.0316462
-0.872363 4.97147 0.44287
0.0253057 -0.0112808 0.027041
-1.99014 5.62398 0.579885
0.0614144 -0.00521284 0.0313309
-1.65547 4.37005 0.334387
0.0576118 0.0248927 0.0243167
-1.16295 4.63506 0.492805
0.0554307 0.0010168 0.0281358
-1.55245 4.76435 0.474044
0.017959 -0.0150488 0.0281917
-2.26825 5.4212 0.463714
0.0182227 0.0208601 0.030512
-0.718018 5.25418 0.433542
0.0486348 -0.0291924 0.0280073
-2.11139 4.71299 0.463201
0.0314317 -0.0221804 0.0294497
-2.18532 5.25585 0.528022
0.0626707 -0.0208246 0.0219253
-1.8916 4.58111 0.506153
0.0631045 0.00537282 0.0260549
-1.48586 4.50255 0.432579
0.0599436 -0.0348034 0.0301193
-2.09683 4.13341 0.281773
0.0208004 0.0174977 0.030509
-0.871422 5.25606 0.429832
0.0515352 -0.0129464 0.0264499
-1.81692 5.12355 0.605713
0.0637316 -0.0290388 0.0271533
-1.99833 4.17368 0.324152
0.0626696 -0.00114267 0.0294789
-1.58903 4.39291 0.361943
0.0546893 0.0224128 0.0280152
-1.18185 4.60332 0.435104
0.0296806 0.0145565 0.0285493
-1.11483 5.43289 0.551853
0.063152 0.0116291 0.0296406
-1.38869 4.32935 0.342953
0.0630913 0.0121747 0.0231228
-1.38017 4.62223 0.50423
0.0577997 -0.023285 0.027278
-1.95376 4.49417 0.415416
0.0223233 -0.000934698 0.0286136
-1.61264 5.3829 0.439143
0.058333 -0.0336929 0.0279223
-2.09458 4.25854 0.341621
0.0119828 -0.00950782 0.030078
-2.24153 5.27225 0.333461
0.0588158 0.0176458 0.0244408
-1.27932 4.71592 0.515376
0.0105071 0.00748526 0.0227748
-0.951798 5.67205 0.465348
0.0637395 0.00255223 0.0231761
-1.53078 4.65178 0.512718
0.0301246 -0.0212634 0.0290652
-2.18544 5.33238 0.544976
0.0622372 -0.022999 0.0300774
-1.92477 4.23868 0.312931
0.0147813 0.00902484 0.0255375
-1.02265 5.55612 0.462111
0.0483068 -0.00738631 0.0311243
-1.72253 4.82258 0.435299
0.0376342 0.000553794 0.0300926
-1.55608 5.19961 0.497658
0.0531 0.017801 0.0270734
-1.24733 4.82019 0.50545
0.043122 0.0045695 0.0296488
-1.46522 5.11436 0.512966
0.0399964 -0.0164626 0.0286271
-1.96126 5.26212 0.572543
0.0550342 -0.0345438 0.0245884
-2.13132 4.48909 0.446145
0.0126044 0.00537259 0.0207671
-1.16787 5.91347 0.561081
0.0341637 -0.0227494 0.0298173
-2.15826 5.15866 0.510756
0.0567634 -0.0227162 0.0279199
-1.95147 4.51754 0.413819
0.0141743 0.00200251 0.0208489
-1.43045 5.95853 0.583869
0.0170708 0.0230152 0.0288918
-0.638179 5.38385 0.494273
0.0490747 -0.0133718 0.0311071
-1.83682 4.75745 0.423986
0.0580967 -0.0276145 0.0281007
-2.01451 4.37522 0.372961
0.043937 0.0124546 0.0280147
-1.29458 5.31642 0.615456
0.0460469 -0.0280857 0.0303091
-2.11849 4.69237 0.423634
0.0412478 -0.0241079 0.0299586
-2.09972 4.94112 0.478936
0.0534629 -0.021296 0.0301397
-1.94986 4.56409 0.396904
0.0142259 0.0140353 0.0244123
-0.792142 5.75477 0.560936
0.0360108 -0.0110997 0.0295916
-1.86979 5.25219 0.519643
0.0598343 0.015394 0.023615
-1.31898 4.76997 0.543775
0.056138 0.0109177 0.0276103
-1.37871 4.71714 0.470159
0.0630742 0.0218822 0.0264854
-1.23686 4.327 0.377115
0.0465637 -0.00428706 0.0298718
-1.66261 4.98356 0.488088
0.04469 -0.0107599 0.0312543
-1.80707 4.90385 0.445079
0.0240863 0.0118679 0.027223
-1.11299 5.56537 0.549687
0.0136634 -0.0264506 0.0296927
-2.66478 5.31004 0.474332
0.0617914 -0.0247401 0.0298596
-1.95163 4.23678 0.314717
0.0597556 -0.0321221 0.0267432
-2.06404 4.27298 0.358396
0.0491687 -0.0288133 0.0267009
-2.10086 4.79757 0.505368
0.0617706 -0.00968551 0.0298292
-1.72633 4.38684 0.356257
0.0207958 0.0140387 0.0271326
-0.976996 5.54256 0.525443
0.0632283 0.0298911 0.0234375
-1.12919 4.28042 0.395364
0.0479156 0.0298884 0.0303993
-1.01308 4.59284 0.400102
0.0464975 0.0205601 0.0283064
-1.15447 4.96888 0.520082
0.0145449 -0.00390559 0.0300132
-1.83313 5.27452 0.332332
0.0577756 0.00103598 0.0294818
-1.55287 4.58534 0.410857
0.0383084 -0.0113204 0.0284464
-1.85813 5.41892 0.606042
0.0166058 0.0291671 0.0313748
-0.517565 5.15013 0.441117
0.0174225 -0.00924125 0.0253558
-2.05848 5.62341 0.50894
0.010777 -0.0075848 0.0290969
-2.18406 5.30926 0.33004
0.0531714 0.00993131 0.0294568
-1.38614 4.73558 0.446402
0.0467098 0.00537401 0.0278929
-1.45625 5.25436 0.602732
0.0140826 0.012685 0.0251531
-0.83756 5.62428 0.502406
0.0500792 0.00780354 0.0306443
-1.41622 4.79097 0.438273
0.0571142 0.00954799 0.0263095
-1.40515 4.77819 0.506138
0.0159649 -0.00843638 0.025582
-2.05693 5.56599 0.4724
0.0550866 -0.00570762 0.0272957
-1.67404 4.83442 0.505512
0.0542676 -0.0147767 0.03165
-1.83664 4.54645 0.372546
0.0631797 0.0165119 0.028917
-1.31517 4.31003 0.345634
0.0211156 -0.0113579 0.027434
-2.0643 5.49325 0.496601
0.0598941 0.0220681 0.0268982
-1.21778 4.4418 0.405414
0.0115484 -0.00542204 0.0262043
-2.00975 5.45088 0.381773
0.0572104 0.00309823 0.0288259
-1.51669 4.63895 0.432976
0.0484783 -0.0161962 0.02904
-1.89323 4.888 0.487215
0.0487245 -0.00703812 0.0275021
-1.71425 5.19772 0.599866
0.0562367 0.0149261 0.0275426
-1.31136 4.6733 0.459774
0.0189055 -0.0152384 0.031353
-2.2492 5.21206 0.3864
0.057208 -0.0294755 0.0282618
-2.04656 4.36847 0.36926
0.0547134 -0.0080097 0.0257432
-1.71616 5.06792 0.603486
0.0191506 0.00679207 0.0280711
-1.22997 5.40797 0.431434
0.0638551 0.0191041 0.0250544
-1.28009 4.38313 0.409406
0.0629463 -0.0186386 0.0296959
-1.85867 4.27444 0.327134
0.0115092 -0.0275802 0.0291328
-2.74626 5.36109 0.495856
0.0176805 -0.0319953 0.0293871
-2.63676 5.29312 0.526418
0.0166478 0.00364283 0.0230433
-1.35537 5.80053 0.550992
0.0436551 0.027927 0.0312673
-1.00168 4.71611 0.413473
0.0542847 0.00724996 0.0280089
-1.43803 4.80594 0.486376
0.0269313 0.0139725 0.0281901
-1.09221 5.47348 0.544264
0.0343875 0.0155003 0.02903
-1.14732 5.32629 0.549898
0.0540081 0.02439 0.0244976
-1.14661 4.88468 0.566741
0.0183032 -0.0195563 0.0313557
-2.38928 5.20333 0.40446
0.0557336 -0.013972 0.0299393
-1.81643 4.57667 0.402594
0.0221436 -0.0229265 0.0291471
-2.37356 5.35638 0.51121
0.0598672 -0.018147 0.0313727
-1.86511 4.33661 0.325288
0.0534256 0.0292225 0.0268363
-1.07028 4.58259 0.445115
0.0203926 0.0208328 0.0275881
-0.774721 5.55518 0.565841
0.0451156 -0.0334366 0.0284313
-2.2086 4.71171 0.456546
0.0576727 0.0252989 0.0285356
-1.15741 4.41477 0.378815
0.0564952 0.00836022 0.031552
-1.42388 4.5204 0.367994
0.0435926 0.027544 0.0275743
-1.00729 5.01975 0.548538
0.0566232 0.0162067 0.0245878
-1.29203 4.90669 0.572329
0.0237985 -0.0212087 0.0315733
-2.29872 5.15436 0.428139
0.0142141 -0.0199003 0.0259435
-2.52136 5.71585 0.586515
0.050022 0.0250673 0.0274809
-1.10625 4.78867 0.490592
0.0199813 -0.022435 0.0312283
-2.41398 5.19291 0.428418
0.0112972 0.0163028 0.0297681
-0.605984 5.30131 0.384675
0.0108126 -0.0234132 0.0284147
-2.70895 5.41737 0.482702
0.0157357 0.000644356 0.0226529
-1.52987 5.78384 0.532731
0.0129448 -0.00188194 0.0287352
-1.71517 5.32562 0.335741
0.0458703 -0.0342955 0.0275235
-2.2128 4.71894 0.471912
0.0620041 0.00854941 0.0314559
-1.43378 4.33296 0.323389
0.0469528 0.0292616 0.0273736
-1.01348 4.83053 0.503191
0.0168463 0.0018553 0.0225795
-1.46111 5.87243 0.577059
0.0119152 -0.0161742 0.028333
-2.50667 5.38897 0.421951
0.0231305 -0.0309626 0.0297547
-2.49999 5.21688 0.513657
0.0376172 0.0272078 0.0294773
-0.944615 5.03182 0.505841
0.0629908 -0.0290271 0.0204517
-2.00261 4.43501 0.476248
0.0210936 -0.0176258 0.0308666
-2.26687 5.23115 0.422186
0.0568142 0.018296 0.0281027
-1.25925 4.57279 0.426028
0.0552247 -0.0314254 0.0284681
-2.08814 4.39436 0.374042
0.0462186 0.0153717 0.0284192
-1.24972 5.05769 0.537834
0.0185712 -0.0195679 0.0277334
-2.38232 5.49813 0.524676
0.0131206 -0.0193818 0.0304367
-2.5465 5.26669 0.401481
0.0415713 0.019628 0.0296382
-1.12967 5.0319 0.501708
0.032526 -0.011676 0.0315398
-1.91544 5.12628 0.439704
0.022982 -0.0281188 0.0314345
-2.45638 5.10881 0.447746
0.0267321 -0.0318566 0.0290619
-2.44344 5.23944 0.548717
0.0407451 0.0219728 0.0301048
-1.07623 4.97939 0.481903
0.0178455 0.0106148 0.0255687
-1.0342 5.62807 0.520002
0.0185415 -0.00247818 0.0315431
-1.70366 5.20858 0.336613
0.0626047 -0.00554954 0.0296144
-1.65921 4.38176 0.357401
0.0309392 -0.00805828 0.0277452
-1.82559 5.60413 0.609527
0.0186036 0.0056043 0.029007
-1.27819 5.3437 0.398232
0.0631984 -0.0237613 0.0289011
-1.93043 4.22639 0.321874
0.0522946 0.0234809 0.0267484
-1.14876 4.77451 0.498362
0.0598857 -0.0185378 0.0234269
-1.87099 4.71411 0.528825
0.0577211 -0.00443488 0.0298294
-1.64748 4.56491 0.401248
0.0419575 -0.0211133 0.030677
-2.03701 4.91329 0.458862
0.0144104 -0.00165765 0.0236454
-1.68532 5.64553 0.470262
0.0467367 -0.0347754 0.0311401
-2.21049 4.49629 0.367745
0.0128037 -0.0193895 0.0311097
-2.55798 5.22787 0.383935
0.0556881 -0.0270263 0.0286889
-2.02263 4.45292 0.38723
0.0155397 -0.00829706 0.027748
-2.06121 5.4082 0.407939
0.0466279 -0.0318078 0.0283578
-2.16945 4.70338 0.455593
0.044724 0.0151436 0.030687
-1.24431 4.90467 0.457312
0.0138179 9.12172e-05 0.024293
-1.5642 5.58258 0.440749
0.0118532 0.0289856 0.0308827
-0.388184 5.20744 0.445594
0.057985 0.0227028 0.029545
-1.19761 4.40635 0.364733
0.036446 -0.00832564 0.0311696
-1.79538 5.11126 0.458271
0.0181126 0.00557338 0.0291201
-1.27228 5.33506 0.390612
0.0627717 -0.0345521 0.0181752
-2.07398 4.38952 0.48569
0.0590121 0.0138116 0.0285125
-1.34089 4.51391 0.405447
0.0133122 0.0231471 0.0272828
-0.521921 5.55327 0.54369
0.0176316 0.00331001 0.0279691
-1.38522 5.3972 0.406454
0.0407734 -0.0307356 0.0315135
-2.21674 4.72854 0.411819
0.049384 -0.0240234 0.0302753
-2.02355 4.65735 0.416461
0.0366572 -0.0145123 0.0292125
-1.94776 5.26903 0.541732
0.0160933 -0.00547267 0.0232125
-1.89859 5.7746 0.540917
0.0202618 0.0136286 0.0300112
-0.978678 5.29316 0.421094
0.0440541 0.0225993 0.0313094
-1.09681 4.79058 0.426448
0.0527405 0.0282359 0.0243479
-1.07925 4.85291 0.559014
0.0587246 0.0280343 0.0223063
-1.1254 4.62573 0.515632
0.013064 0.0113348 0.0305002
-0.856153 5.25732 0.344677
0.0389642 0.0199416 0.0310096
-1.09776 4.98301 0.460152
0.0595253 0.0147788 0.0309839
-1.32744 4.39198 0.344051
0.0221977 0.0133615 0.0266066
-1.02896 5.64396 0.571758
0.0261554 0.028853 0.0297517
-0.736397 5.21161 0.514085
0.0384484 -0.00797758 0.0310367
-1.77538 5.08692 0.464604
0.0278852 -0.00968694 0.030932
-1.90514 5.21652 0.433748
0.0627618 -0.00219119 0.029148
-1.60569 4.39979 0.367632
0.0589659 0.0266995 0.0243818
-1.14562 4.51338 0.455797
0.0132767 0.006216 0.0252377
-1.13292 5.53345 0.429913
0.0234263 -0.023979 0.0282761
-2.36785 5.48536 0.576535
0.0217171 0.025998 0.0291973
-0.69592 5.34174 0.522696
0.0171884 0.0194054 0.027803
-0.724887 5.47809 0.507677
0.030265 -0.0342712 0.0300402
-2.41819 5.00342 0.487104
0.0344873 0.00402071 0.0287156
-1.45474 5.40442 0.555002
0.0123359 -0.0185305 0.0295715
-2.55426 5.3188 0.412796
0.0115611 0.000540197 0.0263007
-1.5241 5.43326 0.364569
0.0401045 -0.0337728 0.0273369
-2.2707 5.00031 0.548545
0.0552765 -0.0184408 0.0297326
-1.89279 4.55445 0.399994
0.0639425 0.00953975 0.0290439
-1.4227 4.33124 0.350143
0.0631505 -0.0211265 0.0226803
-1.89363 4.49537 0.470314
0.0533437 -0.0139254 0.0293935
-1.82615 4.69716 0.438608
0.0334876 0.00433804 0.0284385
-1.44197 5.4537 0.566206
0.0263062 0.0284081 0.0294717
-0.747001 5.24859 0.527236
0.0555044 0.00329182 0.0315179
-1.51156 4.57417 0.380454
0.0586783 0.0278486 0.0219528
-1.12768 4.66751 0.533531
0.0324498 0.0280285 0.0288835
-0.858374 5.22864 0.555734
0.020317 -0.0253677 0.0312056
-2.4663 5.17356 0.441725
0.0169721 0.00802647 0.0308451
-1.12905 5.24259 0.351404
0.0445644 0.0215082 0.0282753
-1.12114 5.03868 0.537031
0.032196 -0.0015119 0.0299568
-1.61772 5.27486 0.481381
0.0361514 0.010304 0.0291344
-1.29314 5.31254 0.543267
0.0136923 0.0112883 0.0259307
-0.881337 5.53298 0.457127
0.0404482 -0.0324573 0.0299385
-2.24702 4.79262 0.450834
0.0631855 -0.0114654 0.0231812
-1.7503 4.6205 0.502956
0.040119 0.00373012 0.0286817
-1.47809 5.34253 0.578789
0.0473165 -0.0115068 0.0314324
-1.80935 4.80947 0.427405
0.0638007 0.00426235 0.0310315
-1.50409 4.29818 0.318973
0.0622433 0.0110643 0.0280288
-1.39488 4.42378 0.387193
0.0493007 0.0112858 0.0307576
-1.34576 4.7878 0.435693
0.0547707 -0.0341917 0.0304728
-2.12887 4.29188 0.32346
0.0622956 -0.0292166 0.0271618
-2.00934 4.22196 0.338745
0.0601336 0.0214606 0.024998
-1.228 4.52922 0.45305
0.0446941 0.0292657 0.0265705
-0.991054 5.05861 0.582082
0.0568976 -0.0230838 0.0259801
-1.95621 4.6055 0.462581
0.0195103 -0.00711727 0.026388
-1.92059 5.5447 0.488291
0.0314504 -0.00458389 0.027932
-1.71553 5.53962 0.582681
0.0489887 0.0122995 0.0270731
-1.32481 5.23602 0.626594
0.0170705 0.0125417 0.0272598
-0.93716 5.47568 0.465366
0.0549876 -0.00885704 0.0297811
-1.7305 4.65317 0.422733
0.0619828 0.0215998 0.0296496
-1.23548 4.27607 0.328096
0.0131266 -0.0157951 0.0264753
-2.4482 5.53301 0.481785
0.0307177 0.0118984 0.0287499
-1.20125 5.40303 0.539034
0.0129639 0.0206399 0.0310916
-0.560823 5.22681 0.393361
0.0404494 -0.0103611 0.0299196
-1.82155 5.13032 0.505251
0.0633053 0.00843325 0.0283935
-1.43836 4.38382 0.372007
0.0375838 0.00679462 0.0298977
-1.39194 5.20979 0.506741
0.0415953 0.00992827 0.0305454
-1.33649 5.04648 0.478676
0.0336314 -0.0102252 0.0309913
-1.86595 5.15876 0.458727
0.0262882 0.0115389 0.0301977
-1.15718 5.27319 0.450123
0.0213566 0.0161125 0.0308228
-0.924453 5.23671 0.418114
0.0137472 -0.030134 0.0278404
-2.71359 5.64947 0.637332
0.019201 -0.0341659 0.0295906
-2.62959 5.22511 0.521807
0.0502522 -0.0291732 0.0301224
-2.09678 4.54358 0.392229
0.0107419 -0.00936458 0.0303551
-2.2878 5.2563 0.317835
0.0407574 -0.0244987 0.0294185
-2.11201 4.99632 0.501016
0.0148069 -0.00874581 0.0235715
-2.10432 5.73849 0.52929
0.0107494 0.0237237 0.0300795
-0.425437 5.28778 0.432993
0.0521053 0.00820965 0.0275112
-1.41452 4.9588 0.533974
0.0112894 -0.00872235 0.0234188
-2.22861 5.65758 0.472531
0.0575408 -0.0295374 0.0239665
-2.04505 4.53923 0.468503
0.0603828 -0.0282802 0.0277811
-2.0088 4.28995 0.352279
0.0565529 0.0252178 0.0242036
-1.15135 4.70039 0.513961
0.0599597 -0.0249334 0.0305778
-1.96488 4.27576 0.317883
0.0609761 0.00560126 0.0303643
-1.47919 4.4167 0.357721
0.0466237 0.0297569 0.0276225
-1.00274 4.81003 0.493779
0.0621402 0.0261266 0.0306592
-1.17279 4.18715 0.292032
0.0214592 0.0264545 0.0304019
-0.681518 5.21976 0.474692
0.0632803 -0.00604482 0.0230655
-1.66603 4.67832 0.522461
0.0200288 0.0278243 0.0288863
-0.623913 5.38009 0.541548
0.0150124 0.0228181 0.0308429
-0.58192 5.23338 0.4216
0.0387377 0.0080481 0.0285235
-1.36595 5.40025 0.595363
0.061519 -0.0346642 0.0219841
-2.08392 4.29477 0.414979
0.0314013 0.0213544 0.0295025
-0.973587 5.25795 0.524541
0.0635675 -0.0208827 0.0301058
-1.8882 4.218 0.306731
0.0597801 0.00656861 0.0306867
-1.46136 4.44533 0.361049
0.0202482 -0.0102242 0.0309093
-2.03839 5.23974 0.384089
0.020622 0.00891609 0.0273925
-1.16271 5.47916 0.477948
0.0106732 -0.00279102 0.0238291
-1.82657 5.56168 0.40792
0.0480132 0.00829506 0.0275141
-1.39972 5.24616 0.614653
0.0550799 -0.00923622 0.0291618
-1.73694 4.68099 0.438282
0.0583055 0.0163072 0.0308313
-1.29808 4.42552 0.354344
0.0524907 0.0231017 0.0304697
-1.1562 4.55694 0.3908
0.0257771 -0.023805 0.0281291
-2.31644 5.562 0.620162
0.0569201 -0.0293091 0.0297039
-2.04631 4.33456 0.343664
0.0278564 0.00633103 0.0274998
-1.34732 5.55818 0.561897
0.0373695 0.00542884 0.029137
-1.42653 5.30961 0.543573
0.0232983 0.00279115 0.0275421
-1.45156 5.47705 0.485841
0.0574479 -0.0289145 0.0278376
-2.03709 4.38494 0.378663
0.0367834 0.00323512 0.0299994
-1.48307 5.2202 0.499905
0.0614158 -0.0285511 0.0277528
-2.00596 4.2489 0.340583
0.0581624 0.0200137 0.0238753
-1.23939 4.76376 0.538066
0.0102927 0.0250509 0.0298335
-0.389843 5.30421 0.448673
0.0312959 0.0298934 0.031372
-0.808314 4.96978 0.449733
0.0301468 -0.00934663 0.0297641
-1.87144 5.29631 0.484304
0.0132218 0.00257908 0.027822
-1.37815 5.37259 0.35774
0.0563562 0.0129335 0.0280996
-1.34521 4.65664 0.447614
0.057097 -0.0283535 0.0263899
-2.03171 4.46708 0.418522
0.0624419 0.0179744 0.0248649
-1.29052 4.47562 0.438923
0.0109698 -0.0111057 0.0248099
-2.36235 5.57999 0.455857
0.0245009 0.0216992 0.02961
-0.845966 5.30413 0.497593
0.0578655 0.00873543 0.0264537
-1.42097 4.73093 0.490905
0.0633079 0.00566299 0.0226673
-1.48158 4.71839 0.540535
0.0205358 0.00905925 0.0274378
-1.15533 5.47501 0.476148
0.0607257 0.0190308 0.03097
-1.2671 4.31065 0.323003
0.0579316 0.0283632 0.022787
-1.1155 4.6304 0.511035
0.0231307 0.0144487 0.031196
-1.01245 5.211 0.41191
0.0282731 0.00307324 0.029448
-1.46252 5.33342 0.472231
0.0583943 0.00502881 0.0289363
-1.48489 4.57794 0.416345
0.0618395 -0.0275993 0.0212152
-1.99057 4.50588 0.490513
0.057644 0.0220373 0.02508
-1.20564 4.64597 0.485989
0.0567138 -0.0295954 0.0272664
-2.05176 4.42084 0.395252
0.0288504 -0.0108052 0.0312373
-1.92915 5.18651 0.432392
0.0179746 0.0190029 0.0288379
-0.757594 5.38215 0.471946
0.020498 -0.0128165 0.0299478
-2.12958 5.29723 0.42064
0.0558378 0.00397661 0.0311899
-1.4997 4.57519 0.385204
0.0250359 0.0194319 0.029477
-0.910761 5.32282 0.496155
0.0561514 -0.0289144 0.0234943
-2.04632 4.67185 0.514774
0.0589417 -0.011171 0.0297103
-1.7581 4.48832 0.383886
0.0284262 0.00641997 0.0305368
-1.34868 5.24644 0.442881
0.0630509 0.018044 0.0249696
-1.29206 4.43965 0.427108
0.0304932 0.0130708 0.0293608
-1.16584 5.32728 0.510826
0.0348289 0.00906983 0.0284133
-1.31604 5.46453 0.589731
0.0139082 0.0162717 0.0311621
-0.707245 5.22693 0.367688
0.0620327 0.0215495 0.026245
-1.23645 4.38399 0.396387
0.0510795 -0.0278616 0.0272721
-2.07014 4.69064 0.468179
0.0174837 -0.0150952 0.0252283
-2.28301 5.81372 0.611981
0.0639582 -0.0200819 0.020141
-1.87503 4.65235 0.551452
0.0634157 -0.0110205 0.0289921
-1.74286 4.34388 0.354217
0.0422733 -0.00545134 0.0308388
-1.69904 5.02624 0.468623
0.0116669 -0.0098328 0.0221944
-2.27109 5.81587 0.539968
0.0243763 0.0199736 0.029805
-0.884346 5.29288 0.482491
0.011458 -0.00597531 0.0206931
-2.05149 5.86898 0.537179
0.0248881 -0.0263663 0.0301508
-2.38503 5.21523 0.492002
0.017727 0.00387876 0.030876
-1.35539 5.24037 0.345041
0.0616132 -0.00437327 0.0265267
-1.64166 4.5562 0.441812
0.0115046 0.021971 0.0309673
-0.482369 5.23318 0.399719
0.0580543 -0.00419889 0.0309237
-1.643 4.50656 0.372959
0.050877 -0.0224643 0.0295289
-1.98659 4.66995 0.430293
0.0490931 -0.01904 0.0297241
-1.94077 4.77583 0.450922
0.0371197 -0.016857 0.0291304
-1.99708 5.2506 0.546042
0.0535176 -0.000522956 0.0262836
-1.58057 5.13428 0.613548
0.0539011 0.0288278 0.0275319
-1.07968 4.53629 0.4237
0.0357564 0.00176495 0.0294423
-1.52148 5.29561 0.520847
0.0179969 -0.010255 0.0274991
-2.08873 5.45213 0.452129
0.0629955 -0.0318244 0.0168406
-2.03858 4.60385 0.574194
0.03199 -0.0154289 0.0316273
-2.02019 5.10702 0.439899
0.0554401 0.00794631 0.0285575
-1.42843 4.71038 0.454326
0.0491961 -0.0260856 0.0310133
-2.05834 4.59356 0.391736
0.0546864 0.026928 0.0232733
-1.11324 4.92298 0.599906
0.0436877 0.018444 0.0307211
-1.17132 4.89575 0.455196
0.0181775 0.00872281 0.0311759
-1.12338 5.22661 0.356782
0.0112067 0.0256582 0.0299099
-0.411798 5.29698 0.453672
0.0286775 -0.00271493 0.0288313
-1.66519 5.3901 0.498065
0.0224252 0.0102392 0.0295416
-1.14247 5.325 0.436025
0.0108026 -0.0113726 0.0289582
-2.38189 5.32861 0.359636
0.0419813 -0.0202505 0.0295488
-2.02024 5.01827 0.501732
0.0427501 -0.00497548 0.0292129
-1.68666 5.17564 0.535507
0.0393888 -0.0204902 0.0313415
-2.05048 4.94222 0.447767
