1	0.305681	0.292894
2	0.296608	0.284331
3	0.287859	0.276096
4	0.279451	0.268228
5	0.271426	0.260718
6	0.26377	0.253592
7	0.25651	0.24691
8	0.249701	0.240583
9	0.243257	0.23461
10	0.237177	0.229134
11	0.231602	0.224138
12	0.226512	0.219504
13	0.221792	0.215215
14	0.217427	0.211276
15	0.213418	0.207586
16	0.209668	0.2041
17	0.206124	0.200792
18	0.202764	0.197675
19	0.199598	0.194691
20	0.196571	0.191809
21	0.193648	0.189033
22	0.190835	0.186341
23	0.188108	0.18373
24	0.185464	0.181197
25	0.182903	0.178731
26	0.180409	0.176323
27	0.177977	0.173979
28	0.175609	0.171685
29	0.173294	0.169434
30	0.171023	0.167228
31	0.168797	0.165061
32	0.166612	0.162931
33	0.164463	0.160833
34	0.162349	0.158767
35	0.160267	0.156734
36	0.158219	0.154732
37	0.156203	0.152759
38	0.154216	0.150823
39	0.152267	0.148915
40	0.150347	0.147031
41	0.148452	0.145168
42	0.146578	0.14333
43	0.144729	0.141515
44	0.142904	0.139718
45	0.141097	0.137938
46	0.139306	0.136174
47	0.137533	0.134428
48	0.135778	0.132698
49	0.134039	0.130986
50	0.132317	0.129293
51	0.130616	0.127615
52	0.128931	0.125954
53	0.127262	0.12431
54	0.12561	0.12268
55	0.123974	0.121066
56	0.122352	0.119471
57	0.12075	0.117892
58	0.119165	0.116334
59	0.1176	0.114793
60	0.116053	0.113268
61	0.114522	0.111761
62	0.113009	0.110271
63	0.111514	0.1088
64	0.110036	0.107346
65	0.108576	0.10591
66	0.107135	0.104493
67	0.105712	0.103095
68	0.104309	0.101716
69	0.102924	0.100359
70	0.101561	0.0990212
71	0.100219	0.0977035
72	0.0988958	0.0964053
73	0.0975932	0.0951274
74	0.0963103	0.09387
75	0.0950476	0.0926324
76	0.0938054	0.091415
77	0.0925833	0.0902205
78	0.0913845	0.0890465
79	0.0902062	0.0878929
80	0.0890484	0.0867597
81	0.0879109	0.0856467
82	0.086794	0.0845539
83	0.085697	0.083481
84	0.0846206	0.0824282
85	0.0835637	0.0813953
86	0.082527	0.0803818
87	0.0815097	0.0793882
88	0.0805122	0.0784137
89	0.0795339	0.0774583
90	0.0785749	0.0765214
91	0.0776348	0.0756036
92	0.0767135	0.0747042
93	0.0758106	0.0738227
94	0.074926	0.0729595
95	0.0740593	0.0721136
96	0.0732103	0.0712855
97	0.072379	0.0704743
98	0.0715649	0.06968
99	0.0707673	0.0689022
100	0.0699868	0.0681408
101	0.0692223	0.0673952
102	0.0684741	0.0666655
103	0.0677415	0.0659513
104	0.0670244	0.0652521
105	0.0663225	0.0645677
106	0.0656356	0.0638977
107	0.0649631	0.0632421
108	0.064305	0.0626005
109	0.0636611	0.0619725
110	0.0630306	0.0613579
111	0.0624136	0.0607561
112	0.0618098	0.0601677
113	0.0612192	0.0595912
114	0.0606405	0.0590273
115	0.0600746	0.0584754
116	0.0595204	0.0579352
117	0.0589781	0.0574064
118	0.0584474	0.0568888
119	0.0579279	0.0563822
120	0.0574195	0.0558862
121	0.0569216	0.0554007
122	0.0564344	0.0549252
123	0.0559574	0.05446
124	0.0554904	0.0540044
125	0.055033	0.0535583
126	0.0545851	0.0531214
127	0.0541469	0.0526936
128	0.0537177	0.0522749
129	0.0532972	0.0518645
130	0.0528855	0.0514625
131	0.0524821	0.0510689
132	0.0520873	0.0506834
133	0.0517003	0.0503056
134	0.0513212	0.0499356
135	0.0509497	0.0495729
136	0.0505858	0.0492175
137	0.0502294	0.0488695
138	0.04988	0.0485282
139	0.0495375	0.0481936
140	0.049202	0.0478659
141	0.0488731	0.0475446
142	0.0485505	0.0472294
143	0.0482345	0.0469207
144	0.0479245	0.0466177
145	0.0476209	0.0463209
146	0.0473228	0.0460298
147	0.0470307	0.045744
148	0.0467442	0.0454638
149	0.0464631	0.0451891
150	0.0461874	0.0449196
151	0.0459169	0.0446551
152	0.0456516	0.0443956
153	0.0453912	0.044141
154	0.0451358	0.0438911
155	0.0448852	0.0436459
156	0.044639	0.0434052
157	0.0443977	0.0431689
158	0.0441605	0.042937
159	0.043928	0.0427092
160	0.0436995	0.0424855
161	0.0434752	0.0422661
162	0.043255	0.0420505
163	0.0430387	0.0418388
164	0.0428264	0.0416308
165	0.0426177	0.0414264
166	0.0424128	0.0412258
167	0.0422116	0.0410287
168	0.0420138	0.0408349
169	0.0418195	0.0406445
170	0.0416285	0.0404577
171	0.041441	0.0402738
172	0.0412565	0.0400931
173	0.0410755	0.0399155
174	0.0408973	0.039741
175	0.0407223	0.0395693
176	0.0405501	0.0394006
177	0.0403809	0.0392346
178	0.0402145	0.0390717
179	0.0400508	0.0389111
180	0.0398902	0.0387534
181	0.0397318	0.0385981
182	0.0395761	0.0384455
183	0.039423	0.0382954
184	0.0392725	0.0381477
185	0.0391243	0.0380023
186	0.0389785	0.0378593
187	0.0388351	0.0377185
188	0.038694	0.0375801
189	0.038555	0.0374438
190	0.0384185	0.0373096
191	0.0382839	0.0371775
192	0.0381514	0.0370476
193	0.038021	0.0369196
194	0.0378926	0.0367936
195	0.0377662	0.0366695
196	0.0376419	0.0365473
197	0.0375194	0.036427
198	0.0373988	0.0363086
199	0.03728	0.0361919
200	0.037163	0.0360769
201	0.0370477	0.0359637
202	0.0369342	0.0358522
203	0.0368223	0.0357423
204	0.0367122	0.035634
205	0.0366035	0.0355273
206	0.0364967	0.0354222
207	0.0363913	0.0353187
208	0.0362874	0.0352166
209	0.036185	0.0351158
210	0.0360841	0.0350169
211	0.0359847	0.034919
212	0.0358866	0.0348227
213	0.03579	0.0347277
214	0.0356947	0.0346339
215	0.0356009	0.0345416
216	0.0355082	0.0344506
217	0.0354168	0.0343608
218	0.0353269	0.0342722
219	0.0352382	0.034185
220	0.0351506	0.0340988
221	0.0350641	0.0340138
222	0.034979	0.03393
223	0.0348949	0.0338474
224	0.0348121	0.0337658
225	0.0347303	0.0336853
226	0.0346495	0.0336058
227	0.0345699	0.0335275
228	0.0344914	0.0334502
229	0.034414	0.0333739
230	0.0343373	0.0332987
231	0.0342619	0.0332244
232	0.0341874	0.0331509
233	0.0341139	0.0330787
234	0.0340411	0.0330071
235	0.0339695	0.0329365
236	0.0338989	0.032867
237	0.0338289	0.0327982
238	0.0337601	0.0327303
239	0.033692	0.0326633
240	0.0336248	0.032597
241	0.0335583	0.0325318
242	0.0334928	0.0324671
243	0.0334282	0.0324034
244	0.0333641	0.0323403
245	0.033301	0.0322781
246	0.0332386	0.0322167
247	0.0331769	0.0321559
248	0.0331161	0.032096
249	0.033056	0.0320367
250	0.0329965	0.0319781
251	0.0329378	0.0319204
252	0.0328799	0.0318632
253	0.0328226	0.0318066
254	0.032766	0.0317509
255	0.0327098	0.0316957
256	0.0326547	0.0316411
257	0.0325999	0.0315873
258	0.0325461	0.0315341
259	0.0324925	0.0314815
260	0.0324397	0.0314293
261	0.0323875	0.0313779
262	0.032336	0.031327
263	0.0322849	0.0312767
264	0.0322346	0.031227
265	0.0321847	0.0311779
266	0.0321354	0.0311292
267	0.0320866	0.0310812
268	0.0320384	0.0310335
269	0.0319907	0.0309866
270	0.0319435	0.0309401
271	0.0318969	0.030894
272	0.0318508	0.0308485
273	0.0318051	0.0308034
274	0.03176	0.0307591
275	0.0317153	0.030715
276	0.0316713	0.0306714
277	0.0316275	0.0306283
278	0.0315843	0.0305856
279	0.0315415	0.0305434
280	0.0314991	0.0305016
281	0.0314573	0.0304602
282	0.0314157	0.0304194
283	0.0313748	0.0303788
284	0.0313342	0.0303388
285	0.031294	0.0302992
286	0.0312543	0.0302599
287	0.0312148	0.0302211
288	0.0311759	0.0301825
289	0.0311374	0.0301445
290	0.0310993	0.0301068
291	0.0310614	0.0300695
292	0.031024	0.0300325
293	0.0309869	0.029996
294	0.0309503	0.0299598
295	0.0309138	0.0299239
296	0.0308778	0.0298884
297	0.0308423	0.0298531
298	0.0308071	0.0298184
299	0.030772	0.0297839
300	0.0307375	0.0297497
301	0.0307033	0.0297158
302	0.0306693	0.0296823
303	0.0306357	0.0296491
304	0.0306023	0.0296162
305	0.0305694	0.0295836
306	0.0305366	0.0295513
307	0.0305042	0.0295193
308	0.0304723	0.0294877
309	0.0304404	0.0294562
310	0.0304088	0.029425
311	0.0303777	0.0293943
312	0.0303469	0.0293638
313	0.0303161	0.0293334
314	0.0302857	0.0293034
315	0.0302557	0.0292737
316	0.0302258	0.0292442
317	0.0301962	0.0292149
318	0.030167	0.029186
319	0.0301379	0.0291573
320	0.030109	0.0291287
321	0.0300806	0.0291006
322	0.0300522	0.0290726
323	0.0300241	0.0290448
324	0.0299963	0.0290174
325	0.0299688	0.0289901
326	0.0299414	0.0289631
327	0.0299142	0.0289362
328	0.0298874	0.0289096
329	0.0298607	0.0288832
330	0.0298343	0.0288571
331	0.0298081	0.0288312
332	0.029782	0.0288054
333	0.0297562	0.02878
334	0.0297306	0.0287545
335	0.0297053	0.0287295
336	0.0296801	0.0287046
337	0.0296551	0.02868
338	0.0296304	0.0286554
339	0.0296057	0.0286311
340	0.0295813	0.028607
341	0.0295572	0.0285831
342	0.0295332	0.0285593
343	0.0295093	0.0285358
344	0.0294857	0.0285124
345	0.0294622	0.0284891
346	0.029439	0.0284661
347	0.0294159	0.0284433
348	0.0293929	0.0284205
349	0.0293702	0.0283981
350	0.0293476	0.0283758
351	0.0293252	0.0283535
352	0.0293029	0.0283316
353	0.0292808	0.0283097
354	0.0292588	0.028288
355	0.0292371	0.0282665
356	0.0292155	0.0282451
357	0.0291941	0.0282238
358	0.0291729	0.0282027
359	0.0291517	0.0281818
360	0.0291306	0.0281611
361	0.0291098	0.0281404
362	0.0290891	0.0281199
363	0.0290685	0.0280996
364	0.0290482	0.0280794
365	0.0290279	0.0280593
366	0.0290077	0.0280394
367	0.0289878	0.0280196
368	0.0289679	0.028
369	0.0289481	0.0279804
370	0.0289285	0.027961
371	0.0289091	0.0279418
372	0.0288898	0.0279226
373	0.0288705	0.0279035
374	0.0288514	0.0278847
375	0.0288324	0.0278659
376	0.0288137	0.0278473
377	0.028795	0.0278287
378	0.0287763	0.0278103
379	0.0287579	0.0277921
380	0.0287394	0.0277739
381	0.0287212	0.0277557
382	0.0287031	0.0277379
383	0.0286851	0.02772
384	0.0286673	0.0277023
385	0.0286494	0.0276846
386	0.0286316	0.0276671
387	0.0286141	0.0276497
388	0.0285967	0.0276324
389	0.0285793	0.0276151
390	0.028562	0.0275981
391	0.0285449	0.0275811
392	0.0285278	0.0275642
393	0.0285109	0.0275473
394	0.028494	0.0275308
395	0.0284771	0.0275141
396	0.0284606	0.0274975
397	0.028444	0.0274811
398	0.0284276	0.0274648
399	0.0284111	0.0274485
400	0.0283948	0.0274325
401	0.0283786	0.0274164
402	0.0283624	0.0274004
403	0.0283465	0.0273845
404	0.0283306	0.0273688
405	0.0283147	0.027353
406	0.0282989	0.0273374
407	0.0282833	0.0273218
408	0.0282677	0.0273065
409	0.0282522	0.0272911
410	0.0282368	0.0272758
411	0.0282214	0.0272607
412	0.0282061	0.0272455
413	0.0281909	0.0272305
414	0.0281758	0.0272154
415	0.0281608	0.0272005
416	0.0281459	0.0271858
417	0.0281309	0.0271709
418	0.0281161	0.0271562
419	0.0281014	0.0271418
420	0.0280868	0.0271271
421	0.0280722	0.0271127
422	0.0280576	0.0270982
423	0.0280432	0.0270841
424	0.0280288	0.0270698
425	0.0280145	0.0270555
426	0.0280002	0.0270414
427	0.0279861	0.0270275
428	0.027972	0.0270134
429	0.0279579	0.0269995
430	0.027944	0.0269857
431	0.02793	0.0269718
432	0.0279161	0.0269581
433	0.0279023	0.0269445
434	0.0278886	0.0269309
435	0.027875	0.0269173
436	0.0278614	0.0269038
437	0.0278479	0.0268904
438	0.0278344	0.0268771
439	0.027821	0.0268637
440	0.0278076	0.0268505
441	0.0277943	0.0268373
442	0.027781	0.0268242
443	0.027768	0.0268111
444	0.0277547	0.0267981
445	0.0277417	0.0267852
446	0.0277286	0.0267722
447	0.0277157	0.0267593
448	0.0277028	0.0267466
449	0.02769	0.0267338
450	0.0276772	0.0267212
451	0.0276643	0.0267085
452	0.0276516	0.0266959
453	0.027639	0.0266833
454	0.0276263	0.0266708
455	0.0276138	0.0266584
456	0.0276013	0.026646
457	0.0275888	0.0266336
458	0.0275764	0.0266213
459	0.027564	0.026609
460	0.0275517	0.0265968
461	0.0275395	0.0265847
462	0.0275273	0.0265726
463	0.027515	0.0265604
464	0.0275029	0.0265485
465	0.0274908	0.0265364
466	0.0274788	0.0265246
467	0.0274668	0.0265126
468	0.0274548	0.0265008
469	0.0274429	0.0264889
470	0.027431	0.0264772
471	0.0274192	0.0264654
472	0.0274075	0.0264538
473	0.0273957	0.0264421
474	0.0273839	0.0264306
475	0.0273723	0.0264189
476	0.0273606	0.0264075
477	0.027349	0.026396
478	0.0273375	0.0263845
479	0.027326	0.0263731
480	0.0273145	0.0263618
481	0.0273031	0.0263505
482	0.0272917	0.0263391
483	0.0272803	0.0263278
484	0.027269	0.0263166
485	0.0272578	0.0263054
486	0.0272464	0.0262943
487	0.0272352	0.0262832
488	0.0272241	0.0262721
489	0.0272129	0.026261
490	0.0272018	0.02625
491	0.0271908	0.0262391
492	0.0271798	0.0262282
493	0.0271688	0.0262172
494	0.0271578	0.0262064
495	0.0271468	0.0261954
496	0.027136	0.0261847
497	0.0271251	0.0261739
498	0.0271142	0.0261632
499	0.0271034	0.0261525
500	0.0270927	0.0261417
501	0.0270819	0.0261312
502	0.0270712	0.0261205
503	0.0270604	0.02611
504	0.0270498	0.0260994
505	0.0270392	0.0260888
506	0.0270286	0.0260783
507	0.027018	0.0260678
508	0.0270075	0.0260574
509	0.0269971	0.0260471
510	0.0269865	0.0260366
511	0.0269761	0.0260262
512	0.0269657	0.0260159
513	0.0269552	0.0260056
514	0.0269449	0.0259953
515	0.0269346	0.0259852
516	0.0269243	0.0259749
517	0.026914	0.0259647
518	0.0269037	0.0259546
519	0.0268936	0.0259444
520	0.0268832	0.0259343
521	0.0268732	0.0259243
522	0.026863	0.0259142
523	0.026853	0.0259041
524	0.0268428	0.0258942
525	0.0268327	0.0258842
526	0.0268227	0.0258743
527	0.0268127	0.0258643
528	0.0268026	0.0258545
529	0.0267926	0.0258446
530	0.0267828	0.0258347
531	0.0267728	0.0258249
532	0.0267629	0.0258152
533	0.0267531	0.0258053
534	0.0267432	0.0257956
535	0.0267334	0.0257859
536	0.0267235	0.0257762
537	0.0267138	0.0257664
538	0.0267041	0.0257567
539	0.0266943	0.0257471
540	0.0266846	0.0257375
541	0.0266748	0.0257279
542	0.0266653	0.0257184
543	0.0266557	0.0257087
544	0.0266459	0.0256993
545	0.0266364	0.0256897
546	0.0266268	0.0256803
547	0.0266172	0.0256708
548	0.0266077	0.0256614
549	0.0265982	0.025652
550	0.0265887	0.0256425
551	0.0265792	0.0256332
552	0.0265698	0.0256239
553	0.0265602	0.0256145
554	0.0265509	0.0256051
555	0.0265416	0.0255959
556	0.0265322	0.0255866
557	0.0265228	0.0255773
558	0.0265134	0.0255681
559	0.0265041	0.025559
560	0.026495	0.0255497
561	0.0264856	0.0255406
562	0.0264764	0.0255314
563	0.0264671	0.0255223
564	0.0264579	0.0255131
565	0.0264488	0.0255041
566	0.0264396	0.025495
567	0.0264305	0.0254859
568	0.0264212	0.0254769
569	0.0264121	0.0254678
570	0.0264029	0.0254588
571	0.026394	0.0254499
572	0.0263849	0.0254409
573	0.0263759	0.025432
574	0.0263669	0.0254231
575	0.0263579	0.0254142
576	0.0263489	0.0254053
577	0.0263399	0.0253964
578	0.026331	0.0253875
579	0.0263219	0.0253787
580	0.0263131	0.0253699
581	0.0263041	0.0253611
582	0.0262953	0.0253523
583	0.0262864	0.0253435
584	0.0262776	0.0253348
585	0.0262687	0.0253261
586	0.02626	0.0253173
587	0.0262512	0.0253087
588	0.0262424	0.0253
589	0.0262336	0.0252913
590	0.0262249	0.0252827
591	0.0262161	0.025274
592	0.0262075	0.0252655
593	0.0261988	0.0252568
594	0.0261901	0.0252483
595	0.0261815	0.0252398
596	0.0261728	0.0252312
597	0.0261642	0.0252227
598	0.0261555	0.0252141
599	0.0261469	0.0252056
600	0.0261383	0.0251972
601	0.0261298	0.0251887
602	0.0261213	0.0251803
603	0.0261128	0.0251718
604	0.0261042	0.0251635
605	0.0260957	0.0251551
606	0.0260873	0.0251467
607	0.0260788	0.0251384
608	0.0260703	0.02513
609	0.0260619	0.0251217
610	0.0260535	0.0251134
611	0.026045	0.0251051
612	0.0260368	0.0250968
613	0.0260283	0.0250886
614	0.02602	0.0250802
615	0.0260117	0.025072
616	0.0260033	0.0250638
617	0.0259951	0.0250557
618	0.0259867	0.0250474
619	0.0259784	0.0250392
620	0.0259702	0.0250311
621	0.025962	0.025023
622	0.0259537	0.0250148
623	0.0259455	0.0250068
624	0.0259374	0.0249986
625	0.0259292	0.0249905
626	0.0259209	0.0249825
627	0.0259128	0.0249744
628	0.0259047	0.0249665
629	0.0258966	0.0249585
630	0.0258884	0.0249504
631	0.0258803	0.0249424
632	0.0258723	0.0249344
633	0.0258642	0.0249265
634	0.0258562	0.0249186
635	0.0258481	0.0249106
636	0.0258401	0.0249028
637	0.0258321	0.0248949
638	0.0258241	0.024887
639	0.0258161	0.0248791
640	0.0258082	0.0248712
641	0.0258003	0.0248634
642	0.0257923	0.0248556
643	0.0257844	0.0248478
644	0.0257765	0.02484
645	0.0257686	0.0248322
646	0.0257607	0.0248244
647	0.0257529	0.0248168
648	0.025745	0.024809
649	0.0257373	0.0248013
650	0.0257294	0.0247936
651	0.0257216	0.0247859
652	0.0257138	0.0247782
653	0.025706	0.0247706
654	0.0256983	0.0247628
655	0.0256905	0.0247553
656	0.0256828	0.0247476
657	0.0256752	0.0247401
658	0.0256674	0.0247326
659	0.0256597	0.024725
660	0.0256521	0.0247174
661	0.0256444	0.02471
662	0.0256368	0.0247024
663	0.0256291	0.0246949
664	0.0256217	0.0246874
665	0.025614	0.0246799
666	0.0256063	0.0246724
667	0.0255988	0.024665
668	0.0255913	0.0246575
669	0.0255838	0.0246502
670	0.0255763	0.0246428
671	0.0255687	0.0246354
672	0.0255612	0.024628
673	0.0255537	0.0246207
674	0.0255463	0.0246133
675	0.0255388	0.024606
676	0.0255314	0.0245987
677	0.025524	0.0245914
678	0.0255166	0.024584
679	0.0255092	0.0245768
680	0.0255019	0.0245696
681	0.0254945	0.0245623
682	0.0254871	0.0245551
683	0.0254799	0.0245479
684	0.0254725	0.0245407
685	0.0254652	0.0245336
686	0.0254579	0.0245264
687	0.0254506	0.0245191
688	0.0254433	0.0245121
689	0.0254361	0.0245049
690	0.0254289	0.0244978
691	0.0254217	0.0244907
692	0.0254144	0.0244836
693	0.0254073	0.0244766
694	0.0254001	0.0244696
695	0.0253929	0.0244625
696	0.0253858	0.0244555
697	0.0253786	0.0244485
698	0.0253715	0.0244415
699	0.0253645	0.0244345
700	0.0253574	0.0244276
701	0.0253503	0.0244206
702	0.0253432	0.0244137
703	0.0253362	0.0244068
704	0.0253292	0.0243998
705	0.0253222	0.024393
706	0.0253152	0.0243861
707	0.0253082	0.0243792
708	0.0253012	0.0243724
709	0.0252943	0.0243656
710	0.0252874	0.0243587
711	0.0252804	0.024352
712	0.0252735	0.0243452
713	0.0252666	0.0243385
714	0.0252598	0.0243316
715	0.025253	0.024325
716	0.025246	0.0243182
717	0.0252392	0.0243115
718	0.0252324	0.0243049
719	0.0252255	0.0242982
720	0.0252188	0.0242915
721	0.025212	0.0242849
722	0.0252052	0.0242782
723	0.0251986	0.0242716
724	0.0251918	0.024265
725	0.0251852	0.0242584
726	0.0251784	0.0242519
727	0.0251717	0.0242452
728	0.025165	0.0242388
729	0.0251584	0.0242322
730	0.0251518	0.0242257
731	0.0251451	0.0242193
732	0.0251385	0.0242127
733	0.025132	0.0242063
734	0.0251253	0.0241998
735	0.0251187	0.0241934
736	0.0251121	0.0241869
737	0.0251056	0.0241806
738	0.0250992	0.0241742
739	0.0250927	0.0241677
740	0.0250861	0.0241614
741	0.0250796	0.0241551
742	0.0250732	0.0241487
743	0.0250668	0.0241425
744	0.0250603	0.0241362
745	0.0250539	0.0241298
746	0.0250475	0.0241235
747	0.0250411	0.0241174
748	0.0250348	0.024111
749	0.0250284	0.0241049
750	0.025022	0.0240986
751	0.0250158	0.0240924
752	0.0250094	0.0240863
753	0.0250031	0.0240801
754	0.0249969	0.0240739
