1	0.27091	0.264535
2	0.262358	0.256475
3	0.254276	0.248915
4	0.246717	0.241672
5	0.239497	0.23476
6	0.232623	0.228226
7	0.226143	0.222017
8	0.22	0.216154
9	0.214208	0.210597
10	0.208723	0.205378
11	0.203576	0.200435
12	0.198706	0.195767
13	0.194107	0.191383
14	0.189785	0.187214
15	0.185676	0.183271
16	0.181787	0.179532
17	0.178097	0.175959
18	0.174569	0.172551
19	0.171203	0.169276
20	0.167971	0.166158
21	0.16489	0.163173
22	0.161939	0.160338
23	0.159133	0.157612
24	0.156433	0.154996
25	0.153842	0.15248
26	0.151347	0.150039
27	0.148925	0.147683
28	0.146587	0.145398
29	0.14432	0.143179
30	0.142117	0.141024
31	0.139976	0.138922
32	0.137888	0.136868
33	0.135847	0.134867
34	0.133859	0.132918
35	0.131921	0.131016
36	0.130029	0.129158
37	0.128181	0.127338
38	0.12637	0.125555
39	0.124594	0.123804
40	0.122852	0.122084
41	0.121141	0.120397
42	0.119461	0.118749
43	0.117819	0.117129
44	0.116206	0.115542
45	0.114624	0.113982
46	0.113069	0.112453
47	0.111545	0.110949
48	0.110046	0.109472
49	0.108573	0.108018
50	0.107124	0.106588
51	0.105698	0.105179
52	0.104294	0.103793
53	0.102913	0.102429
54	0.101553	0.101086
55	0.100215	0.0997646
56	0.0988982	0.098464
57	0.0976028	0.0971841
58	0.0963276	0.0959247
59	0.0950735	0.0946886
60	0.0938414	0.0934762
61	0.0926326	0.0922842
62	0.0914446	0.0911121
63	0.0902766	0.0899602
64	0.0891285	0.0888278
65	0.0880001	0.087715
66	0.0868913	0.0866212
67	0.085802	0.0855473
68	0.0847316	0.0844952
69	0.0836831	0.0834621
70	0.0826534	0.0824476
71	0.0816426	0.0814521
72	0.0806504	0.0804745
73	0.0796762	0.0795146
74	0.0787202	0.078573
75	0.0777819	0.0776488
76	0.0768617	0.0767419
77	0.0759584	0.0758527
78	0.0750727	0.0749801
79	0.0742037	0.0741241
80	0.0733513	0.0732846
81	0.0725156	0.0724616
82	0.0716962	0.0716546
83	0.0708927	0.0708631
84	0.070105	0.0700872
85	0.0693328	0.0693268
86	0.0685758	0.0685815
87	0.067834	0.0678511
88	0.067107	0.0671349
89	0.0663945	0.0664334
90	0.0656966	0.0657457
91	0.0650121	0.0650718
92	0.0643417	0.0644119
93	0.063685	0.0637649
94	0.0630417	0.0631315
95	0.0624109	0.0625106
96	0.0617935	0.0619023
97	0.0611881	0.0613065
98	0.0605956	0.0607225
99	0.0600151	0.0601505
100	0.0594461	0.0595905
101	0.0588891	0.0590418
102	0.0583434	0.0585043
103	0.0578087	0.0579776
104	0.0572851	0.0574618
105	0.056772	0.0569563
106	0.0562692	0.0564611
107	0.0557771	0.0559765
108	0.0552948	0.0555011
109	0.0548223	0.0550357
110	0.0543595	0.0545795
111	0.053906	0.0541328
112	0.0534618	0.053695
113	0.0530265	0.0532661
114	0.0526002	0.0528458
115	0.0521824	0.052434
116	0.0517728	0.0520306
117	0.051372	0.051635
118	0.0509787	0.0512476
119	0.0505934	0.0508676
120	0.0502159	0.0504955
121	0.0498458	0.0501307
122	0.0494832	0.0497729
123	0.0491277	0.0494227
124	0.0487795	0.0490789
125	0.0484378	0.0487418
126	0.048103	0.0484117
127	0.0477747	0.0480879
128	0.0474528	0.0477704
129	0.0471373	0.047459
130	0.0468278	0.0471538
131	0.0465243	0.0468542
132	0.0462268	0.0465604
133	0.0459349	0.0462724
134	0.0456485	0.0459896
135	0.0453678	0.0457125
136	0.0450923	0.0454407
137	0.0448221	0.0451739
138	0.0445571	0.0449121
139	0.0442969	0.0446551
140	0.0440416	0.044403
141	0.043791	0.0441556
142	0.0435454	0.0439128
143	0.0433041	0.0436744
144	0.0430672	0.0434405
145	0.0428348	0.0432107
146	0.0426066	0.0429853
147	0.0423827	0.0427639
148	0.0421628	0.0425465
149	0.0419468	0.042333
150	0.0417347	0.0421235
151	0.0415267	0.0419175
152	0.0413221	0.0417152
153	0.0411212	0.0415165
154	0.0409239	0.0413215
155	0.0407301	0.0411297
156	0.0405397	0.0409413
157	0.0403526	0.0407561
158	0.0401689	0.0405743
159	0.0399882	0.0403957
160	0.0398107	0.0402199
161	0.0396364	0.0400472
162	0.0394648	0.0398776
163	0.0392963	0.0397107
164	0.0391306	0.0395466
165	0.0389679	0.0393853
166	0.0388078	0.0392268
167	0.0386504	0.0390707
168	0.0384956	0.0389175
169	0.0383433	0.0387666
170	0.0381937	0.0386183
171	0.0380464	0.0384724
172	0.0379018	0.0383287
173	0.0377592	0.0381876
174	0.0376192	0.0380486
175	0.0374812	0.0379119
176	0.0373456	0.0377775
177	0.0372122	0.0376451
178	0.0370809	0.0375148
179	0.0369516	0.0373866
180	0.0368244	0.0372605
181	0.0366992	0.0371361
182	0.0365761	0.0370138
183	0.0364547	0.0368934
184	0.0363352	0.0367749
185	0.0362176	0.0366581
186	0.036102	0.0365431
187	0.035988	0.03643
188	0.0358758	0.0363184
189	0.035765	0.0362087
190	0.0356563	0.0361004
191	0.035549	0.0359939
192	0.0354434	0.0358889
193	0.0353393	0.0357855
194	0.0352368	0.0356835
195	0.0351357	0.0355832
196	0.0350363	0.0354842
197	0.0349382	0.0353868
198	0.0348415	0.0352906
199	0.0347463	0.0351959
200	0.0346525	0.0351025
201	0.0345601	0.0350106
202	0.0344687	0.0349197
203	0.0343789	0.0348304
204	0.0342904	0.0347421
205	0.034203	0.034655
206	0.0341168	0.0345694
207	0.0340319	0.0344848
208	0.0339481	0.0344013
209	0.0338655	0.0343193
210	0.0337841	0.034238
211	0.0337039	0.0341581
212	0.0336246	0.0340791
213	0.0335464	0.0340012
214	0.0334693	0.0339244
215	0.0333932	0.0338485
216	0.0333182	0.0337737
217	0.0332442	0.0336999
218	0.0331712	0.0336271
219	0.033099	0.0335552
220	0.0330279	0.0334842
221	0.0329578	0.0334143
222	0.0328884	0.0333451
223	0.03282	0.0332768
224	0.0327525	0.0332095
225	0.0326859	0.0331429
226	0.0326201	0.0330773
227	0.0325552	0.0330124
228	0.0324911	0.0329485
229	0.0324278	0.0328852
230	0.0323652	0.0328228
231	0.0323035	0.0327612
232	0.0322426	0.0327002
233	0.0321825	0.0326401
234	0.0321229	0.0325807
235	0.0320643	0.032522
236	0.0320061	0.032464
237	0.0319488	0.0324067
238	0.0318922	0.0323501
239	0.0318363	0.0322941
240	0.0317811	0.0322391
241	0.0317265	0.0321843
242	0.0316725	0.0321304
243	0.0316193	0.0320772
244	0.0315666	0.0320244
245	0.0315145	0.0319724
246	0.0314631	0.0319209
247	0.0314122	0.03187
248	0.0313619	0.0318197
249	0.0313122	0.03177
250	0.0312632	0.0317208
251	0.0312147	0.0316722
252	0.0311666	0.0316242
253	0.0311193	0.0315766
254	0.0310723	0.0315296
255	0.0310259	0.0314832
256	0.03098	0.0314373
257	0.0309347	0.0313917
258	0.0308898	0.0313468
259	0.0308454	0.0313023
260	0.0308017	0.0312583
261	0.0307582	0.0312148
262	0.0307153	0.0311718
263	0.0306729	0.0311292
264	0.0306309	0.0310871
265	0.0305893	0.0310455
266	0.0305482	0.0310042
267	0.0305075	0.0309634
268	0.0304673	0.0309231
269	0.0304275	0.0308831
270	0.0303881	0.0308435
271	0.0303492	0.0308044
272	0.0303106	0.0307657
273	0.0302724	0.0307273
274	0.0302346	0.0306893
275	0.0301971	0.030652
276	0.0301602	0.0306147
277	0.0301235	0.0305779
278	0.0300873	0.0305416
279	0.0300514	0.0305055
280	0.0300159	0.0304696
281	0.0299807	0.0304343
282	0.0299459	0.0303994
283	0.0299114	0.0303647
284	0.0298772	0.0303304
285	0.0298434	0.0302963
286	0.0298098	0.0302627
287	0.0297768	0.0302293
288	0.029744	0.0301963
289	0.0297115	0.0301637
290	0.0296791	0.0301312
291	0.0296473	0.0300991
292	0.0296158	0.0300673
293	0.0295844	0.0300359
294	0.0295534	0.0300046
295	0.0295227	0.0299738
296	0.0294923	0.0299431
297	0.0294621	0.0299127
298	0.0294323	0.0298827
299	0.0294028	0.0298528
300	0.0293734	0.0298233
301	0.0293443	0.0297941
302	0.0293157	0.0297651
303	0.029287	0.0297365
304	0.0292589	0.0297078
305	0.0292308	0.0296797
306	0.0292031	0.0296517
307	0.0291756	0.029624
308	0.0291483	0.0295965
309	0.0291213	0.0295692
310	0.0290945	0.0295423
311	0.0290679	0.0295155
312	0.0290417	0.029489
313	0.0290155	0.0294626
314	0.0289896	0.0294366
315	0.028964	0.0294106
316	0.0289386	0.029385
317	0.0289134	0.0293595
318	0.0288884	0.0293344
319	0.0288636	0.0293094
320	0.0288391	0.0292845
321	0.0288147	0.0292599
322	0.0287907	0.0292354
323	0.0287666	0.0292114
324	0.0287428	0.0291874
325	0.0287193	0.0291636
326	0.0286958	0.02914
327	0.0286728	0.0291165
328	0.0286497	0.0290933
329	0.0286269	0.0290702
330	0.0286043	0.0290475
331	0.0285818	0.0290248
332	0.0285596	0.0290022
333	0.0285374	0.0289799
334	0.0285155	0.0289577
335	0.0284938	0.0289358
336	0.0284723	0.028914
337	0.0284509	0.0288924
338	0.0284296	0.0288709
339	0.0284085	0.0288496
340	0.0283877	0.0288285
341	0.0283668	0.0288075
342	0.0283464	0.0287867
343	0.0283259	0.028766
344	0.0283056	0.0287455
345	0.0282855	0.0287251
346	0.0282657	0.0287049
347	0.0282457	0.0286849
348	0.0282262	0.028665
349	0.0282066	0.0286451
350	0.0281873	0.0286255
351	0.028168	0.0286061
352	0.0281489	0.0285868
353	0.02813	0.0285676
354	0.0281111	0.0285486
355	0.0280925	0.0285297
356	0.0280739	0.0285108
357	0.0280555	0.0284922
358	0.0280373	0.0284736
359	0.028019	0.0284554
360	0.0280011	0.028437
361	0.0279831	0.0284189
362	0.0279654	0.0284009
363	0.0279477	0.0283831
364	0.0279303	0.0283654
365	0.0279129	0.0283476
366	0.0278957	0.0283301
367	0.0278785	0.0283128
368	0.0278613	0.0282955
369	0.0278445	0.0282783
370	0.0278278	0.0282613
371	0.0278111	0.0282443
372	0.0277945	0.0282275
373	0.027778	0.0282109
374	0.0277616	0.0281942
375	0.0277454	0.0281778
376	0.0277293	0.0281614
377	0.0277133	0.028145
378	0.0276974	0.028129
379	0.0276816	0.028113
380	0.0276658	0.028097
381	0.0276503	0.0280811
382	0.0276347	0.0280654
383	0.0276194	0.0280498
384	0.027604	0.0280342
385	0.0275888	0.0280188
386	0.0275737	0.0280034
387	0.0275587	0.0279881
388	0.0275438	0.027973
389	0.027529	0.027958
390	0.0275143	0.027943
391	0.0274996	0.0279281
392	0.027485	0.0279134
393	0.0274706	0.0278987
394	0.0274562	0.0278841
395	0.027442	0.0278696
396	0.0274279	0.0278553
397	0.0274137	0.0278409
398	0.0273998	0.0278267
399	0.0273858	0.0278125
400	0.0273719	0.0277983
401	0.0273582	0.0277844
402	0.0273445	0.0277705
403	0.0273309	0.0277567
404	0.0273174	0.027743
405	0.027304	0.0277294
406	0.0272908	0.0277156
407	0.0272774	0.0277023
408	0.0272642	0.0276888
409	0.0272512	0.0276754
410	0.0272381	0.0276622
411	0.0272251	0.027649
412	0.0272122	0.027636
413	0.0271995	0.0276229
414	0.0271867	0.02761
415	0.0271741	0.0275971
416	0.0271615	0.0275842
417	0.027149	0.0275715
418	0.0271366	0.0275589
419	0.0271242	0.0275463
420	0.0271119	0.0275338
421	0.0270996	0.0275212
422	0.0270874	0.0275088
423	0.0270754	0.0274965
424	0.0270634	0.0274843
425	0.0270514	0.0274721
426	0.0270395	0.0274601
427	0.0270276	0.0274479
428	0.027016	0.027436
429	0.0270042	0.0274241
430	0.0269926	0.0274122
431	0.026981	0.0274005
432	0.0269695	0.0273887
433	0.0269581	0.027377
434	0.0269467	0.0273655
435	0.0269354	0.027354
436	0.0269242	0.0273425
437	0.026913	0.0273311
438	0.0269018	0.0273198
439	0.0268908	0.0273084
440	0.0268797	0.0272971
441	0.0268687	0.027286
442	0.0268579	0.0272749
443	0.0268471	0.0272638
444	0.0268362	0.0272528
445	0.0268255	0.0272418
446	0.0268148	0.027231
447	0.0268042	0.0272202
448	0.0267936	0.0272095
449	0.0267831	0.0271987
450	0.0267727	0.0271879
451	0.0267623	0.0271775
452	0.0267519	0.0271669
453	0.0267417	0.0271563
454	0.0267314	0.0271459
455	0.0267212	0.0271355
456	0.026711	0.0271251
457	0.026701	0.0271149
458	0.0266909	0.0271046
459	0.026681	0.0270944
460	0.0266711	0.0270842
461	0.0266611	0.0270741
462	0.0266513	0.0270641
463	0.0266414	0.0270542
464	0.0266318	0.0270441
465	0.0266221	0.0270343
466	0.0266124	0.0270244
467	0.0266028	0.0270146
468	0.0265933	0.0270049
469	0.0265838	0.0269952
470	0.0265743	0.0269856
471	0.0265649	0.0269759
472	0.0265556	0.0269664
473	0.0265463	0.0269568
474	0.0265369	0.0269473
475	0.0265277	0.0269379
476	0.0265185	0.0269286
477	0.0265094	0.0269192
478	0.0265003	0.0269099
479	0.0264913	0.0269006
480	0.0264822	0.0268914
481	0.0264733	0.0268823
482	0.0264643	0.0268731
483	0.0264554	0.0268641
484	0.0264467	0.026855
485	0.0264378	0.0268461
486	0.0264291	0.0268371
487	0.0264203	0.0268281
488	0.0264117	0.0268192
489	0.026403	0.0268104
490	0.0263944	0.0268017
491	0.0263858	0.0267929
492	0.0263774	0.0267841
493	0.026369	0.0267755
494	0.0263605	0.0267669
495	0.0263521	0.0267583
496	0.0263437	0.0267497
497	0.0263353	0.0267412
498	0.026327	0.0267327
499	0.0263188	0.0267243
500	0.0263105	0.0267159
501	0.0263023	0.0267076
502	0.0262943	0.0266992
503	0.0262861	0.0266909
504	0.0262781	0.0266827
505	0.02627	0.0266745
506	0.0262621	0.0266663
507	0.0262541	0.0266582
508	0.0262462	0.02665
509	0.0262383	0.0266419
510	0.0262304	0.0266339
511	0.0262226	0.0266259
512	0.0262148	0.026618
513	0.0262071	0.02661
514	0.0261994	0.0266021
515	0.0261917	0.0265942
516	0.0261841	0.0265864
517	0.0261764	0.0265786
518	0.0261688	0.0265709
519	0.0261613	0.0265631
520	0.0261537	0.0265554
521	0.0261462	0.0265477
522	0.0261388	0.0265401
523	0.0261314	0.0265325
524	0.026124	0.0265249
525	0.0261167	0.0265175
526	0.0261093	0.0265099
527	0.026102	0.0265024
528	0.0260947	0.026495
529	0.0260876	0.0264876
530	0.0260804	0.0264802
531	0.0260732	0.0264729
532	0.0260661	0.0264655
533	0.0260589	0.0264582
534	0.0260518	0.026451
535	0.0260449	0.0264439
536	0.0260378	0.0264366
537	0.0260308	0.0264295
538	0.0260238	0.0264222
539	0.0260169	0.0264152
540	0.0260099	0.0264081
541	0.0260031	0.026401
542	0.0259962	0.026394
543	0.0259895	0.026387
544	0.0259827	0.0263802
545	0.0259758	0.0263732
546	0.0259691	0.0263663
547	0.0259624	0.0263594
548	0.0259558	0.0263526
549	0.0259491	0.0263458
550	0.0259424	0.0263389
551	0.0259358	0.0263322
552	0.0259292	0.0263254
553	0.0259227	0.0263187
554	0.0259161	0.026312
555	0.0259097	0.0263053
556	0.0259032	0.0262988
557	0.0258968	0.0262922
558	0.0258904	0.0262856
559	0.025884	0.026279
560	0.0258776	0.0262725
561	0.0258713	0.026266
562	0.025865	0.0262595
563	0.0258587	0.0262531
564	0.0258524	0.0262466
565	0.0258462	0.0262402
566	0.0258401	0.0262339
567	0.0258337	0.0262275
568	0.0258277	0.0262213
569	0.0258215	0.0262149
570	0.0258154	0.0262087
571	0.0258092	0.0262024
572	0.0258032	0.0261962
573	0.0257972	0.0261899
574	0.0257911	0.0261838
575	0.0257851	0.0261776
576	0.0257792	0.0261715
577	0.0257732	0.0261654
578	0.0257674	0.0261594
579	0.0257614	0.0261533
580	0.0257554	0.0261473
581	0.0257498	0.0261412
582	0.0257439	0.0261352
583	0.0257381	0.0261293
584	0.0257323	0.0261233
585	0.0257265	0.0261174
586	0.0257207	0.0261116
587	0.025715	0.0261056
588	0.0257092	0.0260998
589	0.0257037	0.026094
590	0.025698	0.0260882
591	0.0256923	0.0260824
592	0.0256868	0.0260766
593	0.0256812	0.0260709
594	0.0256756	0.0260652
595	0.02567	0.0260595
596	0.0256645	0.0260538
597	0.025659	0.0260482
598	0.0256534	0.0260426
599	0.025648	0.0260369
600	0.0256425	0.0260313
601	0.0256371	0.0260257
602	0.0256317	0.0260202
603	0.0256264	0.0260147
604	0.0256211	0.0260092
605	0.0256157	0.0260037
606	0.0256103	0.0259982
607	0.025605	0.0259927
608	0.0255997	0.0259874
609	0.0255945	0.025982
610	0.0255893	0.0259766
611	0.025584	0.0259712
612	0.0255788	0.0259658
613	0.0255736	0.0259606
614	0.0255684	0.0259553
615	0.0255633	0.02595
616	0.0255581	0.0259447
617	0.0255531	0.0259395
618	0.025548	0.0259342
619	0.0255429	0.0259291
620	0.0255378	0.0259239
621	0.0255328	0.0259186
622	0.0255278	0.0259135
623	0.0255228	0.0259083
624	0.0255179	0.0259033
625	0.0255129	0.0258981
626	0.0255079	0.0258931
627	0.025503	0.0258881
628	0.0254982	0.025883
629	0.0254932	0.025878
630	0.0254883	0.025873
631	0.0254835	0.025868
632	0.0254787	0.025863
633	0.0254738	0.0258581
634	0.025469	0.0258532
635	0.0254643	0.0258483
636	0.0254595	0.0258434
637	0.0254547	0.0258385
638	0.02545	0.0258337
639	0.0254453	0.0258287
640	0.0254406	0.0258239
641	0.0254359	0.0258191
642	0.0254312	0.0258143
643	0.0254266	0.0258095
644	0.025422	0.0258048
645	0.0254173	0.0258
646	0.0254127	0.0257953
647	0.0254081	0.0257906
648	0.0254037	0.0257859
649	0.025399	0.0257812
650	0.0253945	0.0257765
651	0.02539	0.0257719
652	0.0253854	0.0257673
653	0.025381	0.0257627
654	0.0253765	0.0257581
655	0.025372	0.0257535
656	0.0253677	0.025749
657	0.0253632	0.0257445
658	0.0253588	0.0257398
659	0.0253544	0.0257354
660	0.02535	0.0257309
661	0.0253456	0.0257264
662	0.0253413	0.0257219
663	0.0253369	0.0257175
664	0.0253327	0.025713
665	0.0253284	0.0257086
666	0.025324	0.0257042
667	0.0253198	0.0256998
668	0.0253155	0.0256954
669	0.0253113	0.0256911
670	0.025307	0.0256868
671	0.0253028	0.0256824
672	0.0252987	0.0256781
673	0.0252945	0.0256738
674	0.0252903	0.0256695
675	0.0252861	0.0256653
676	0.0252821	0.025661
677	0.0252778	0.0256567
678	0.0252738	0.0256525
679	0.0252697	0.0256483
680	0.0252656	0.0256441
681	0.0252616	0.02564
682	0.0252575	0.0256357
683	0.0252535	0.0256315
684	0.0252494	0.0256275
685	0.0252453	0.0256233
686	0.0252414	0.0256192
687	0.0252374	0.0256151
688	0.0252334	0.0256111
689	0.0252295	0.0256069
690	0.0252255	0.0256029
691	0.0252216	0.0255988
692	0.0252177	0.0255948
693	0.0252138	0.0255908
694	0.0252098	0.0255868
695	0.025206	0.0255827
696	0.0252021	0.0255787
697	0.0251982	0.0255748
698	0.0251944	0.0255709
699	0.0251906	0.025567
700	0.0251868	0.025563
701	0.0251829	0.0255591
702	0.0251791	0.0255552
703	0.0251754	0.0255513
704	0.0251716	0.0255474
705	0.0251678	0.0255435
706	0.0251641	0.0255396
707	0.0251604	0.0255359
708	0.0251566	0.0255321
709	0.025153	0.0255282
710	0.0251493	0.0255244
711	0.0251455	0.0255207
712	0.0251419	0.0255169
713	0.0251383	0.0255131
714	0.0251346	0.0255093
715	0.0251309	0.0255056
716	0.0251274	0.025502
717	0.0251237	0.0254982
718	0.02512	0.0254945
719	0.0251165	0.0254909
720	0.025113	0.0254872
721	0.0251095	0.0254835
722	0.0251059	0.0254799
723	0.0251023	0.0254762
724	0.0250988	0.0254726
725	0.0250953	0.025469
726	0.0250918	0.0254653
727	0.0250883	0.0254618
728	0.0250847	0.0254582
729	0.0250813	0.0254546
730	0.0250778	0.025451
731	0.0250743	0.0254475
732	0.0250709	0.0254439
733	0.0250675	0.0254404
734	0.0250641	0.0254369
735	0.0250607	0.0254333
736	0.0250573	0.0254298
737	0.0250539	0.0254264
738	0.0250505	0.0254229
739	0.0250472	0.0254195
740	0.0250438	0.0254159
741	0.0250405	0.0254126
742	0.0250371	0.0254091
743	0.0250338	0.0254057
744	0.0250305	0.0254023
745	0.0250272	0.0253989
746	0.0250239	0.0253955
747	0.0250207	0.0253921
748	0.0250173	0.0253888
749	0.0250141	0.0253855
750	0.0250109	0.0253822
751	0.0250076	0.0253788
752	0.0250044	0.0253755
753	0.0250012	0.0253722
754	0.0249979	0.0253688
