1	0.252373	0.242199
2	0.242562	0.232441
3	0.232818	0.222884
4	0.223285	0.213773
5	0.214199	0.205179
6	0.205632	0.197016
7	0.1975	0.189371
8	0.189886	0.182277
9	0.18282	0.175753
10	0.176322	0.169771
11	0.170361	0.164297
12	0.164908	0.15924
13	0.159868	0.154572
14	0.155214	0.150228
15	0.150883	0.146194
16	0.146861	0.142399
17	0.143075	0.138835
18	0.13952	0.135492
19	0.136185	0.132345
20	0.133045	0.129359
21	0.130065	0.126514
22	0.127226	0.123809
23	0.124525	0.121221
24	0.121942	0.118745
25	0.119471	0.116379
26	0.117107	0.114111
27	0.114844	0.11194
28	0.112675	0.109857
29	0.110595	0.107855
30	0.108594	0.105928
31	0.10667	0.104078
32	0.104822	0.102295
33	0.103041	0.100575
34	0.101321	0.0989148
35	0.0996618	0.0973095
36	0.0980568	0.0957566
37	0.096504	0.0942535
38	0.095001	0.0927975
39	0.0935455	0.0913866
40	0.0921335	0.0900183
41	0.0907648	0.0886901
42	0.0894355	0.0873999
43	0.088145	0.0861468
44	0.0868904	0.0849284
45	0.0856702	0.0837424
46	0.084483	0.0825884
47	0.0833281	0.081465
48	0.0822023	0.0803699
49	0.081106	0.0793025
50	0.0800364	0.078262
51	0.0789939	0.0772463
52	0.0779763	0.0762554
53	0.0769831	0.0752882
54	0.0760133	0.0743435
55	0.075066	0.07342
56	0.0741406	0.0725182
57	0.0732357	0.0716362
58	0.0723512	0.0707741
59	0.0714858	0.0699303
60	0.0706398	0.0691051
61	0.069812	0.0682982
62	0.0690014	0.0675076
63	0.0682082	0.0667339
64	0.0674318	0.0659768
65	0.0666715	0.0652353
66	0.0659269	0.0645091
67	0.0651974	0.0637974
68	0.064483	0.0631002
69	0.0637828	0.0624177
70	0.0630972	0.0617489
71	0.062425	0.0610936
72	0.0617664	0.0604511
73	0.0611209	0.0598218
74	0.0604884	0.0592047
75	0.0598683	0.0586002
76	0.0592607	0.0580073
77	0.0586647	0.0574263
78	0.0580802	0.056857
79	0.0575077	0.056299
80	0.0569464	0.0557514
81	0.0563961	0.0552152
82	0.0558565	0.0546891
83	0.0553272	0.0541736
84	0.0548085	0.0536677
85	0.0542997	0.0531719
86	0.0538008	0.052686
87	0.0533118	0.0522094
88	0.0528322	0.0517422
89	0.0523619	0.0512842
90	0.0519008	0.0508349
91	0.0514487	0.0503943
92	0.0510048	0.0499625
93	0.0505703	0.0495388
94	0.0501435	0.0491235
95	0.0497254	0.048716
96	0.0493153	0.0483166
97	0.048913	0.0479249
98	0.0485181	0.0475406
99	0.0481313	0.0471637
100	0.0477516	0.0467942
101	0.0473797	0.0464317
102	0.0470144	0.0460761
103	0.0466559	0.0457273
104	0.0463048	0.0453852
105	0.0459597	0.0450497
106	0.0456218	0.0447204
107	0.04529	0.0443975
108	0.0449649	0.0440804
109	0.0446454	0.0437696
110	0.0443319	0.0434646
111	0.0440246	0.0431653
112	0.0437228	0.0428716
113	0.0434268	0.0425836
114	0.0431367	0.0423007
115	0.0428514	0.0420228
116	0.0425717	0.0417505
117	0.0422971	0.0414833
118	0.0420277	0.0412208
119	0.0417629	0.0409631
120	0.041503	0.0407104
121	0.0412484	0.0404621
122	0.0409976	0.0402184
123	0.0407518	0.0399789
124	0.0405105	0.0397439
125	0.0402734	0.0395131
126	0.0400408	0.0392864
127	0.039812	0.0390638
128	0.0395877	0.0388451
129	0.0393672	0.0386302
130	0.0391504	0.0384192
131	0.0389377	0.038212
132	0.0387286	0.0380081
133	0.0385231	0.0378081
134	0.0383211	0.0376116
135	0.0381228	0.0374183
136	0.037928	0.0372284
137	0.0377363	0.037042
138	0.0375481	0.0368583
139	0.037363	0.036678
140	0.037181	0.0365007
141	0.0370021	0.0363265
142	0.0368263	0.036155
143	0.0366535	0.0359865
144	0.0364833	0.035821
145	0.0363161	0.035658
146	0.0361517	0.0354976
147	0.0359899	0.03534
148	0.0358309	0.0351848
149	0.0356744	0.0350323
150	0.0355205	0.0348823
151	0.035369	0.0347347
152	0.0352201	0.0345894
153	0.0350734	0.0344464
154	0.034929	0.0343057
155	0.0347869	0.0341673
156	0.0346472	0.0340307
157	0.0345096	0.0338965
158	0.0343743	0.0337644
159	0.0342407	0.0336343
160	0.0341094	0.0335063
161	0.0339803	0.0333804
162	0.0338529	0.033256
163	0.0337276	0.0331337
164	0.0336041	0.0330132
165	0.0334824	0.0328945
166	0.0333626	0.0327778
167	0.0332446	0.0326626
168	0.0331283	0.0325491
169	0.0330138	0.0324374
170	0.0329009	0.0323272
171	0.0327897	0.0322187
172	0.0326801	0.0321117
173	0.0325722	0.0320063
174	0.0324656	0.0319022
175	0.0323607	0.0317997
176	0.0322572	0.0316989
177	0.0321553	0.0315993
178	0.0320546	0.0315011
179	0.0319555	0.0314044
180	0.0318576	0.0313088
181	0.0317614	0.0312148
182	0.0316663	0.0311218
183	0.0315725	0.0310303
184	0.0314801	0.0309399
185	0.0313888	0.0308509
186	0.0312987	0.030763
187	0.0312099	0.0306762
188	0.0311223	0.0305905
189	0.0310358	0.030506
190	0.0309506	0.0304227
191	0.0308664	0.0303404
192	0.0307832	0.0302593
193	0.0307011	0.0301792
194	0.0306202	0.0301
195	0.0305404	0.0300219
196	0.0304615	0.0299448
197	0.0303835	0.0298687
198	0.0303066	0.0297935
199	0.0302307	0.0297193
200	0.0301558	0.029646
201	0.0300816	0.0295736
202	0.0300084	0.0295022
203	0.0299364	0.0294316
204	0.0298648	0.0293617
205	0.0297944	0.0292929
206	0.0297247	0.0292247
207	0.029656	0.0291576
208	0.029588	0.029091
209	0.0295208	0.0290254
210	0.0294545	0.0289606
211	0.0293889	0.0288964
212	0.0293241	0.028833
213	0.0292601	0.0287703
214	0.0291968	0.0287083
215	0.0291341	0.0286472
216	0.0290722	0.0285867
217	0.029011	0.0285269
218	0.0289506	0.0284678
219	0.028891	0.0284094
220	0.0288318	0.0283516
221	0.0287735	0.0282942
222	0.0287156	0.0282378
223	0.0286585	0.0281818
224	0.0286019	0.0281265
225	0.0285461	0.0280718
226	0.0284908	0.0280177
227	0.028436	0.0279641
228	0.0283819	0.0279113
229	0.0283284	0.0278588
230	0.0282755	0.027807
231	0.028223	0.0277558
232	0.0281713	0.027705
233	0.02812	0.0276548
234	0.0280693	0.0276051
235	0.0280191	0.0275559
236	0.0279692	0.0275073
237	0.0279201	0.0274589
238	0.0278715	0.0274114
239	0.0278233	0.0273643
240	0.0277756	0.0273174
241	0.0277283	0.0272711
242	0.0276814	0.0272254
243	0.0276352	0.0271801
244	0.0275893	0.0271351
245	0.0275442	0.0270909
246	0.0274989	0.0270467
247	0.0274545	0.0270032
248	0.0274106	0.0269599
249	0.027367	0.0269171
250	0.0273237	0.0268748
251	0.027281	0.026833
252	0.0272385	0.0267914
253	0.0271964	0.0267502
254	0.0271549	0.0267095
255	0.0271136	0.0266691
256	0.027073	0.0266291
257	0.0270324	0.0265894
258	0.0269925	0.0265502
259	0.0269528	0.0265112
260	0.0269135	0.0264726
261	0.0268744	0.0264345
262	0.0268358	0.0263966
263	0.0267975	0.0263591
264	0.0267596	0.0263218
265	0.026722	0.0262849
266	0.0266848	0.0262484
267	0.0266478	0.0262121
268	0.0266111	0.0261763
269	0.026575	0.0261407
270	0.026539	0.0261056
271	0.0265033	0.0260705
272	0.0264679	0.0260359
273	0.026433	0.0260016
274	0.0263982	0.0259672
275	0.0263637	0.0259335
276	0.0263296	0.0259
277	0.0262958	0.0258667
278	0.0262621	0.0258337
279	0.0262289	0.025801
280	0.0261959	0.0257687
281	0.0261631	0.0257365
282	0.0261306	0.0257046
283	0.0260985	0.025673
284	0.0260664	0.0256416
285	0.0260348	0.0256105
286	0.0260033	0.0255796
287	0.025972	0.0255491
288	0.0259412	0.0255186
289	0.0259104	0.0254884
290	0.02588	0.0254586
291	0.0258499	0.0254289
292	0.0258198	0.0253995
293	0.0257901	0.0253702
294	0.0257607	0.0253413
295	0.0257314	0.0253125
296	0.0257022	0.0252839
297	0.0256735	0.0252557
298	0.0256448	0.0252276
299	0.0256166	0.0251996
300	0.0255883	0.0251719
301	0.0255603	0.0251444
302	0.0255326	0.0251171
303	0.0255051	0.0250901
304	0.0254778	0.0250634
305	0.0254507	0.0250366
306	0.0254237	0.0250101
307	0.025397	0.0249837
308	0.0253705	0.0249577
309	0.0253441	0.0249318
310	0.0253181	0.0249062
311	0.0252921	0.0248806
312	0.0252663	0.0248553
313	0.0252407	0.0248301
314	0.0252153	0.0248051
315	0.0251901	0.0247802
316	0.025165	0.0247556
317	0.0251403	0.0247312
318	0.0251156	0.0247068
319	0.0250911	0.0246828
320	0.0250667	0.0246588
321	0.0250425	0.0246348
322	0.0250185	0.0246113
323	0.0249947	0.0245879
