1	0.220705	0.203618
2	0.214146	0.197804
3	0.207917	0.192293
4	0.202019	0.18697
5	0.196323	0.181934
6	0.190943	0.177055
7	0.185737	0.172332
8	0.180698	0.167721
9	0.175782	0.163246
10	0.171014	0.158892
11	0.166378	0.154663
12	0.161879	0.150564
13	0.157518	0.146595
14	0.1533	0.142761
15	0.149227	0.139061
16	0.145299	0.135495
17	0.141515	0.132063
18	0.137876	0.128762
19	0.134378	0.12559
20	0.131018	0.122542
21	0.127793	0.119617
22	0.124698	0.116809
23	0.121729	0.114113
24	0.118881	0.111528
25	0.116151	0.109046
26	0.113532	0.106664
27	0.11102	0.104376
28	0.108608	0.102177
29	0.106292	0.100064
30	0.104067	0.098031
31	0.101928	0.0960746
32	0.0998699	0.0941903
33	0.0978895	0.0923797
34	0.0959867	0.090634
35	0.0941532	0.08895
36	0.092386	0.0873246
37	0.0906807	0.0857544
38	0.0890343	0.084237
39	0.0874439	0.0827747
40	0.0859121	0.0813599
41	0.084431	0.0799905
42	0.0829979	0.0786646
43	0.0816111	0.0773798
44	0.0802679	0.0761344
45	0.0789664	0.074927
46	0.0777049	0.073755
47	0.076481	0.0726177
48	0.0752938	0.0715133
49	0.0741416	0.0704407
50	0.0730227	0.0693985
51	0.0719357	0.0683853
52	0.0708797	0.0674002
53	0.0698529	0.0664422
54	0.0688549	0.0655102
55	0.0678842	0.064603
56	0.0669399	0.0637202
57	0.066021	0.0628609
58	0.0651266	0.0620237
59	0.0642559	0.0612086
60	0.063408	0.0604144
61	0.0625821	0.0596406
62	0.0617775	0.0588865
63	0.0609937	0.0581513
64	0.0602298	0.0574346
65	0.059485	0.0567358
66	0.0587593	0.0560542
67	0.0580514	0.0553897
68	0.0573612	0.054741
69	0.0566879	0.0541082
70	0.0560311	0.0534911
71	0.0553903	0.0528885
72	0.0547651	0.0523004
73	0.0541548	0.0517262
74	0.0535591	0.0511656
75	0.0529777	0.0506183
76	0.05241	0.0500838
77	0.0518557	0.0495617
78	0.0513142	0.0490517
79	0.0507855	0.0485534
80	0.0502689	0.0480667
81	0.0497644	0.047591
82	0.0492714	0.0471263
83	0.0487896	0.0466718
84	0.0483187	0.0462278
85	0.0478584	0.0457936
86	0.0474086	0.0453691
87	0.0469689	0.0449541
88	0.0465388	0.0445482
89	0.0461183	0.0441512
90	0.0457071	0.043763
91	0.0453049	0.0433832
92	0.0449115	0.0430116
93	0.0445266	0.0426481
94	0.0441501	0.0422924
95	0.0437817	0.0419442
96	0.0434212	0.0416035
97	0.0430684	0.04127
98	0.0427229	0.0409436
99	0.042385	0.0406238
100	0.0420539	0.040311
101	0.0417299	0.0400046
102	0.0414127	0.0397046
103	0.041102	0.0394106
104	0.0407977	0.0391228
105	0.0404996	0.0388409
106	0.0402078	0.0385647
107	0.0399217	0.0382941
108	0.0396416	0.0380289
109	0.039367	0.0377691
110	0.039098	0.0375145
111	0.0388343	0.0372648
112	0.0385759	0.0370203
113	0.0383227	0.0367804
114	0.0380745	0.0365454
115	0.037831	0.0363149
116	0.0375922	0.0360888
117	0.0373583	0.0358672
118	0.0371287	0.0356499
119	0.0369037	0.0354367
120	0.0366829	0.0352276
121	0.0364663	0.0350225
122	0.0362539	0.0348212
123	0.0360455	0.0346238
124	0.035841	0.0344301
125	0.0356403	0.03424
126	0.0354434	0.0340534
127	0.0352502	0.0338703
128	0.0350605	0.0336906
129	0.0348743	0.0335141
130	0.0346915	0.033341
131	0.0345121	0.033171
132	0.0343359	0.033004
133	0.034163	0.0328401
134	0.0339932	0.0326791
135	0.0338262	0.032521
136	0.0336624	0.0323658
137	0.0335015	0.0322133
138	0.0333434	0.0320635
139	0.0331881	0.0319164
140	0.0330356	0.0317717
141	0.0328856	0.0316297
142	0.0327384	0.0314901
143	0.0325936	0.0313529
144	0.0324514	0.0312181
145	0.0323115	0.0310856
146	0.0321741	0.0309554
147	0.0320391	0.0308274
148	0.0319062	0.0307016
149	0.0317758	0.0305778
150	0.0316474	0.0304563
151	0.0315211	0.0303367
152	0.031397	0.0302191
153	0.0312749	0.0301034
154	0.031155	0.0299897
155	0.0310369	0.0298779
156	0.0309208	0.0297678
157	0.0308066	0.0296597
158	0.0306941	0.0295532
159	0.0305836	0.0294485
160	0.0304749	0.0293455
161	0.0303679	0.0292441
162	0.0302625	0.0291444
163	0.0301589	0.0290462
164	0.030057	0.0289497
165	0.0299566	0.0288545
166	0.0298578	0.0287611
167	0.0297605	0.0286689
168	0.0296648	0.0285783
169	0.0295705	0.0284891
170	0.0294777	0.0284012
171	0.0293864	0.0283147
172	0.0292963	0.0282296
173	0.0292077	0.0281458
174	0.0291206	0.0280633
175	0.0290346	0.027982
176	0.0289501	0.0279019
177	0.0288668	0.027823
178	0.0287847	0.0277454
179	0.0287038	0.0276689
180	0.0286241	0.0275935
181	0.0285457	0.0275193
182	0.0284683	0.0274462
183	0.0283921	0.0273742
184	0.0283171	0.0273032
185	0.0282431	0.0272333
186	0.0281702	0.0271643
187	0.0280984	0.0270965
188	0.0280276	0.0270296
189	0.0279577	0.0269636
190	0.0278891	0.0268986
191	0.0278212	0.0268346
192	0.0277544	0.0267714
193	0.0276885	0.0267092
194	0.0276235	0.0266478
195	0.0275595	0.0265873
196	0.0274963	0.0265277
197	0.0274341	0.0264689
198	0.0273727	0.026411
199	0.0273121	0.0263538
200	0.0272524	0.0262975
201	0.0271935	0.0262418
202	0.0271354	0.0261871
203	0.0270781	0.026133
204	0.0270216	0.0260797
205	0.0269658	0.0260271
206	0.0269109	0.0259753
207	0.0268566	0.0259241
208	0.0268031	0.0258737
209	0.0267502	0.0258239
210	0.0266982	0.0257747
211	0.0266468	0.0257263
212	0.026596	0.0256785
213	0.0265459	0.0256313
214	0.0264966	0.0255848
215	0.0264478	0.0255388
216	0.0263996	0.0254936
217	0.0263521	0.0254488
218	0.0263052	0.0254047
219	0.0262589	0.0253611
220	0.0262133	0.0253181
221	0.0261682	0.0252757
222	0.0261237	0.0252338
223	0.0260797	0.0251925
224	0.0260364	0.0251517
225	0.0259935	0.0251113
226	0.0259512	0.0250716
227	0.0259095	0.0250322
228	0.0258681	0.0249935
229	0.0258275	0.0249553
230	0.0257872	0.0249175
231	0.0257475	0.0248801
232	0.0257083	0.0248433
233	0.0256695	0.0248069
234	0.0256313	0.024771
235	0.0255934	0.0247355
236	0.0255561	0.0247005
237	0.0255192	0.0246658
238	0.0254828	0.0246316
239	0.0254468	0.0245978
240	0.0254112	0.0245645
241	0.0253761	0.0245315
242	0.0253414	0.024499
243	0.0253071	0.0244668
244	0.0252732	0.024435
245	0.0252397	0.0244037
246	0.0252066	0.0243726
247	0.025174	0.024342
248	0.0251416	0.0243117
249	0.0251096	0.0242818
250	0.025078	0.0242523
251	0.0250469	0.024223
252	0.025016	0.0241942
253	0.0249856	0.0241657
