310 3 3
0.178508 0.00143253 0.100492
-1.56277 1.7606 -2.08681
0.180499 -0.00327831 0.0958285
-1.58896 1.77936 -2.01406
0.182896 -0.0164383 0.0962358
-1.66043 1.67555 -2.16542
0.176083 -0.034716 0.0961319
-1.76546 1.80279 -1.98477
0.176546 -0.00582432 0.0996324
-1.60377 1.82612 -1.98749
0.180211 -0.0136308 0.103479
-1.64629 1.54645 -2.43724
0.177536 -0.0316232 0.0971407
-1.74707 1.76488 -2.04717
0.176911 -0.0229557 0.0987634
-1.69983 1.79314 -2.02406
0.175961 -0.023073 0.105199
-1.70118 1.6847 -2.24521
0.182011 -0.030866 0.0982677
-1.73878 1.55743 -2.36331
0.184468 -0.0212559 0.0963264
-1.68552 1.57673 -2.3133
0.174526 -0.0231627 0.100633
-1.70274 1.82648 -1.99698
0.176376 -0.00938855 0.0979613
-1.62398 1.84895 -1.94011
0.180614 0.00168625 0.102527
-1.56146 1.62188 -2.31042
0.174955 -0.0422508 0.103679
-1.80775 1.60683 -2.34577
0.186769 -0.00244977 0.0960237
-1.58391 1.49241 -2.44081
0.178879 -0.0147812 0.0967554
-1.65324 1.7937 -2.00339
0.177659 -0.00142416 0.10446
-1.57881 1.69922 -2.216
0.175815 -0.0216088 0.104748
-1.69309 1.71232 -2.19995
0.17867 -0.0195059 0.0985909
-1.67954 1.75813 -2.07111
0.178552 -0.0262415 0.0955901
-1.71672 1.78432 -2.00486
0.179871 -0.0102668 0.101427
-1.62781 1.68221 -2.20899
0.175452 -0.0294088 0.100783
-1.73687 1.77366 -2.07145
0.186348 -0.0193954 0.0949906
-1.6745 1.51605 -2.39271
0.175246 -0.0482795 0.0977058
-1.83962 1.71015 -2.1303
0.174672 -0.0296734 0.0960011
-1.73907 1.85978 -1.90651
0.183614 -0.00744959 0.0950585
-1.61135 1.69533 -2.12499
0.184541 -0.0312091 0.0955849
-1.73833 1.48071 -2.45461
0.175863 -0.0074567 0.0955189
-1.61317 1.89059 -1.86112
0.176401 -0.0265772 0.095514
-1.72033 1.83723 -1.93198
0.186688 -0.00890304 0.0956681
-1.61845 1.51359 -2.40373
0.176034 -0.0270692 0.10587
-1.72337 1.61998 -2.34972
0.182547 -0.00576007 0.0991684
-1.60234 1.63962 -2.24831
0.176224 -0.011481 0.101331
-1.63585 1.80124 -2.03863
0.177748 -0.0213413 0.100562
-1.69029 1.74334 -2.11192
0.180749 -0.0304161 0.0976917
-1.73751 1.65347 -2.21255
0.178133 -0.023377 0.099263
-1.70128 1.74825 -2.09179
0.182736 -0.0313413 0.0949079
-1.74065 1.63711 -2.20827
0.178602 -0.0442121 0.0947815
-1.81346 1.69301 -2.12556
0.176394 -0.0103844 0.104474
-1.6296 1.73585 -2.16306
0.174719 0.00156511 0.106283
-1.56184 1.76112 -2.14596
0.174782 -0.0399225 0.101448
-1.79536 1.71553 -2.16079
0.184036 -0.0102599 0.0982445
-1.62649 1.58046 -2.32775
0.179623 -0.0257306 0.098162
-1.71308 1.71163 -2.13279
0.175266 -0.0177552 0.107727
-1.67176 1.65164 -2.32215
0.177921 -0.0250624 0.102355
-1.71074 1.67607 -2.22772
0.183701 -0.0293985 0.0946983
-1.72949 1.61454 -2.23961
0.180182 -0.0409586 0.0956694
-1.79432 1.6439 -2.20598
0.18542 -0.0153455 0.0966191
-1.65337 1.53244 -2.38446
0.176275 -0.0418799 0.0961382
-1.80406 1.75656 -2.04886
0.182001 -0.00817807 0.0957599
-1.6157 1.7332 -2.07797
0.184943 0.000818044 0.0974948
-1.56637 1.57335 -2.33069
0.17448 -4.91142e-05 0.105947
-1.57108 1.77678 -2.12025
0.174415 -0.0518328 0.0985028
-1.85966 1.68636 -2.17274
0.177075 -0.0366584 0.101407
-1.77493 1.65336 -2.25133
0.181964 0.000150193 0.0971485
-1.56997 1.71492 -2.11785
0.177706 -0.0332587 0.0991902
-1.75581 1.71285 -2.14149
0.176808 -0.0392476 0.100651
-1.78923 1.66403 -2.2276
0.182775 -0.0163203 0.0984874
-1.65985 1.61921 -2.27169
0.178631 -0.0344089 0.0957471
-1.76109 1.74149 -2.06614
0.180937 -0.0334411 0.095731
-1.75356 1.67308 -2.16391
0.182791 -0.0368374 0.0954963
-1.76966 1.56199 -2.32712
0.175918 -0.00381702 0.102868
-1.59249 1.79275 -2.06602
0.183245 -0.0293306 0.096175
-1.72951 1.58952 -2.29233
0.175014 -0.00249527 0.107927
-1.58505 1.7031 -2.24757
0.179181 -0.0384514 0.0983731
-1.78219 1.63505 -2.24685
0.181579 -0.00344222 0.100553
-1.58975 1.64398 -2.2563
0.185814 -0.00876381 0.0951255
-1.61793 1.60227 -2.26231
0.176781 -0.0347978 0.100156
-1.76515 1.71334 -2.15064
0.175413 -0.0361014 0.0987429
-1.77377 1.77419 -2.05015
0.176254 -0.0485937 0.0978916
-1.83982 1.66725 -2.19436
0.175568 -0.0529437 0.095237
-1.86368 1.70487 -2.11309
0.176514 -0.0342585 0.101317
-1.7625 1.69926 -2.18297
0.179413 -0.0095812 0.100603
-1.62415 1.72107 -2.14412
0.175347 -0.0493615 0.0982443
-1.8452 1.68462 -2.17263
0.175737 -0.0204055 0.102395
-1.68639 1.77325 -2.08843
0.174624 -0.032341 0.0976755
-1.75393 1.82927 -1.96385
0.17888 -0.0244807 0.0971121
-1.70681 1.75914 -2.05491
0.175199 -0.0122994 0.0947369
-1.64088 1.90678 -1.83246
0.179101 -0.0186237 0.0996416
-1.67441 1.72794 -2.12447
0.179896 -0.028402 0.0967416
-1.72738 1.71747 -2.11012
0.179343 -0.0150665 0.102853
-1.65461 1.64506 -2.27904
0.177941 -0.00201338 0.104975
-1.58211 1.66944 -2.26542
0.18522 -0.0181848 0.0951288
-1.66866 1.5975 -2.26951
0.175681 -0.00477775 0.10213
-1.59799 1.81136 -2.03275
0.178556 -0.0460866 0.0991243
-1.82339 1.49958 -2.46314
0.183532 -0.00297826 0.0966727
-1.58702 1.6684 -2.18025
0.175783 -0.038869 0.101341
-1.78841 1.69001 -2.19669
0.175489 -0.0391439 0.101434
-1.79026 1.69652 -2.18817
0.177054 -0.0459154 0.0964604
-1.82454 1.69665 -2.13715
0.180235 -0.0171486 0.101617
-1.66566 1.63486 -2.28115
0.175108 -0.0177448 0.104207
-1.67179 1.7653 -2.11831
0.180568 0.00268235 0.0989275
-1.55594 1.72516 -2.12119
0.174867 -0.0380624 0.0947024
-1.78512 1.83342 -1.92924
0.176404 -0.0191597 0.0956921
-1.67898 1.85723 -1.9069
0.178533 -0.00293884 0.0984379
-1.58726 1.79372 -2.02002
0.17698 -0.00927742 0.103442
-1.62317 1.74183 -2.14372
0.175888 -0.0202945 0.107015
-1.68567 1.62988 -2.34729
0.182359 -0.0117525 0.101158
-1.63515 1.51761 -2.45697
0.174547 -0.00675593 0.105816
-1.60948 1.7733 -2.12378
0.183084 -0.016292 0.0948092
-1.65955 1.69869 -2.11767
0.18242 -0.0206058 0.0991607
-1.68328 1.58726 -2.32706
0.180621 -0.0239166 0.0951784
-1.70244 1.74243 -2.0592
0.181009 -0.0191704 0.0954092
-1.67631 1.74387 -2.05944
0.174611 -0.0140096 0.099602
-1.65086 1.86238 -1.93828
0.177875 -0.011367 0.0984131
-1.63461 1.80259 -2.00755
0.177987 -0.00032812 0.100185
-1.57264 1.78151 -2.05443
0.179896 -0.0191309 0.0981123
-1.67674 1.7306 -2.1052
0.178121 -0.021006 0.095304
-1.68819 1.81657 -1.95787
0.17438 -0.0185347 0.0959026
-1.67669 1.90069 -1.85159
0.174492 -0.0121525 0.100707
-1.64033 1.85385 -1.96067
0.176129 -0.0414408 0.094976
-1.80188 1.78052 -2.00409
0.180976 -0.0226343 0.098137
-1.69522 1.67865 -2.18022
0.174509 -0.041151 0.101639
-1.80238 1.71056 -2.16993
0.177399 -0.0203414 0.100133
-1.68496 1.7657 -2.07601
0.183214 -0.00200668 0.0993091
-1.58175 1.60329 -2.30429
0.17648 -0.0345083 0.103196
-1.7639 1.63988 -2.29046
0.17669 -0.0405477 0.0987426
-1.79638 1.70536 -2.14771
0.175663 -0.0118988 0.102914
-1.63843 1.78883 -2.07194
0.182092 -0.0208346 0.095095
-1.68472 1.71064 -2.10342
0.180688 -0.0369872 0.0976973
-1.77271 1.59698 -2.2969
0.178115 -0.027959 0.0982864
-1.7265 1.74652 -2.08439
0.175954 0.000575192 0.0974186
-1.56753 1.87108 -1.90527
0.175088 -0.0252985 0.0972366
-1.71429 1.85135 -1.92979
0.176377 -0.0223589 0.10303
-1.69689 1.73173 -2.15389
0.181989 -0.0121492 0.0967859
-1.63746 1.70773 -2.12449
0.182886 -0.00902773 0.099621
-1.62012 1.5969 -2.31727
0.183611 0.00122857 0.0953761
-1.56411 1.69423 -2.12975
0.179845 -0.0440405 0.0964094
-1.81095 1.60421 -2.27263
0.18045 -0.00896737 0.0951535
-1.62045 1.78506 -1.99955
0.175516 -0.0442866 0.10109
-1.81796 1.65481 -2.24585
0.176593 -0.0310339 0.0979259
-1.74476 1.78138 -2.032
0.174347 -0.0214518 0.103692
-1.69322 1.78619 -2.08362
0.175289 -0.0456083 0.0963954
-1.82534 1.75406 -2.05491
0.17921 -0.012335 0.0953242
-1.63952 1.80942 -1.96782
0.178421 -0.0105311 0.100935
-1.62975 1.7453 -2.11295
0.174329 -0.0314444 0.100311
-1.74925 1.80284 -2.02615
0.178382 -0.0134489 0.100628
-1.64605 1.7464 -2.10826
0.174486 -0.0146306 0.105023
-1.65445 1.77687 -2.11047
0.177116 0.000307254 0.0962411
-1.56906 1.85835 -1.91075
0.174486 -0.0103413 0.108315
-1.62999 1.70043 -2.25573
0.178888 -0.00324618 0.0956958
-1.58894 1.82237 -1.95382
0.178038 -0.00682066 0.100136
-1.60909 1.77713 -2.06005
0.174233 -0.0471189 0.0969081
-1.83491 1.76399 -2.04609
0.175399 -0.0143376 0.107417
-1.65236 1.6758 -2.28245
0.174935 -0.0163809 0.0998088
-1.66416 1.84701 -1.96094
0.183742 -0.0190238 0.0974464
-1.67396 1.58982 -2.30512
0.176095 -0.0297804 0.0972725
-1.73833 1.8096 -1.98667
0.177444 -0.0174883 0.0954778
-1.66904 1.83973 -1.92826
0.182329 -0.0251878 0.097883
-1.70807 1.61101 -2.27769
0.183361 -0.0328911 0.0960724
-1.74829 1.54597 -2.35774
0.180019 -0.00502423 0.101289
-1.5987 1.68898 -2.19766
0.175475 0.000264842 0.101935
-1.56929 1.82174 -2.01654
0.178714 -0.0444332 0.0983578
-1.81448 1.58639 -2.31991
0.178964 -0.0209234 0.101689
-1.68718 1.67391 -2.22392
0.177629 -0.00158138 0.103353
-1.5797 1.7295 -2.16047
0.174218 -0.0385867 0.103416
-1.78876 1.69737 -2.20767
0.175275 -0.0195838 0.107266
-1.68207 1.66134 -2.30244
0.175276 -0.0300518 0.0986112
-1.7406 1.81026 -1.99899
0.175048 -0.026691 0.101679
-1.72211 1.78188 -2.06904
0.174183 -0.0241844 0.095867
-1.70876 1.89053 -1.86455
0.182001 -0.0172702 0.0997227
-1.6654 1.61031 -2.29805
0.175278 -0.0195522 0.0996834
-1.68189 1.83236 -1.97952
0.178079 -0.0319158 0.100769
-1.74814 1.6691 -2.22137
0.179019 -0.0223768 0.102931
-1.69515 1.61625 -2.3233
0.178305 -0.00285647 0.101403
-1.58681 1.74881 -2.11275
0.17776 -0.0152591 0.105556
-1.65643 1.61525 -2.35348
0.182524 -0.0358231 0.0959537
-1.7646 1.57231 -2.31614
0.177494 -0.0384442 0.0982292
-1.7841 1.70495 -2.14307
0.179037 -0.0179061 0.0958793
-1.67048 1.79445 -1.99374
0.176443 -0.0216483 0.102055
-1.69288 1.75358 -2.11268
0.176689 -0.0227059 0.095831
-1.6986 1.83932 -1.93224
0.179437 -0.0113168 0.101243
-1.63378 1.70165 -2.17873
0.175282 -0.0346124 0.0960343
-1.76576 1.82421 -1.95464
0.17513 -0.0176846 0.0977949
-1.67144 1.86513 -1.91685
0.176974 -0.0211666 0.0972628
-1.68983 1.81883 -1.97397
0.176412 -0.00892396 0.102294
-1.62134 1.78343 -2.07314
0.183375 -0.00575675 0.0959204
-1.60218 1.68843 -2.14357
0.1797 -0.0394407 0.0966366
-1.78685 1.65246 -2.20324
0.180254 -0.0172524 0.0984776
-1.66622 1.71797 -2.1269
0.178525 -0.0314377 0.0952358
-1.74511 1.76779 -2.02428
0.186372 -0.00977798 0.0958725
-1.62321 1.52759 -2.38409
0.178689 -0.0398514 0.097141
-1.79023 1.67572 -2.17434
0.177264 -0.0467405 0.0952034
-1.82861 1.70729 -2.10929
0.177597 -0.0303697 0.0967779
-1.74016 1.7749 -2.02961
0.17524 -0.0380442 0.0992003
-1.78458 1.75964 -2.07511
0.181188 -0.0222807 0.0992043
-1.69315 1.64248 -2.24443
0.175548 -0.0122733 0.107984
-1.6406 1.65044 -2.32681
0.174539 -0.0329586 0.100622
-1.75743 1.78444 -2.05477
0.177927 -0.0179633 0.0951499
-1.67141 1.83117 -1.93661
0.174569 -0.0285088 0.101374
-1.73268 1.79263 -2.05099
0.175752 -0.0227952 0.0953409
-1.69978 1.86609 -1.89172
0.174823 -0.0230121 0.108119
-1.70167 1.61497 -2.38255
0.175158 -0.0373652 0.105206
-1.78097 1.57747 -2.40796
0.175123 -0.000103243 0.098734
-1.57139 1.87434 -1.9138
0.174819 -0.0543186 0.0966715
-1.87205 1.68684 -2.15344
0.177876 -0.0326267 0.0981518
-1.7522 1.73197 -2.10364
0.176619 -0.0202768 0.104922
-1.6851 1.67959 -2.2498
0.182291 0.00255027 0.0997258
-1.55681 1.63739 -2.25745
0.180897 -0.0164812 0.0964137
-1.66165 1.73834 -2.0772
0.178379 -0.0227806 0.0996911
-1.69782 1.73477 -2.11525
0.17861 -0.0319339 0.0979917
-1.74772 1.71557 -2.12542
0.176676 -0.00452392 0.105626
-1.5964 1.70328 -2.22248
0.178113 -0.0326764 0.101753
-1.75224 1.62754 -2.2936
0.174884 -0.0285301 0.102362
-1.73251 1.76537 -2.09917
0.180162 0.000710968 0.0983322
-1.56685 1.74975 -2.08029
0.180244 -0.00354944 0.0995007
-1.59049 1.72377 -2.129
0.176069 0.00225006 0.0967937
-1.55802 1.87537 -1.8935
0.174602 -0.0158273 0.100233
-1.6612 1.85056 -1.96038
0.179029 -0.0349265 0.098469
-1.76347 1.66969 -2.19671
0.184374 -0.0272807 0.096211
-1.71769 1.52851 -2.38624
0.175927 -0.00197112 0.097279
-1.582 1.87308 -1.90124
0.183005 -0.019363 0.098792
-1.67621 1.57406 -2.34332
0.179583 -0.011281 0.101701
-1.63353 1.68399 -2.20924
0.178901 -0.0305874 0.0986117
-1.74013 1.70063 -2.15319
0.177244 -0.0107028 0.0975652
-1.63111 1.83138 -1.95992
0.175857 -0.00858474 0.101657
-1.61957 1.81039 -2.02931
0.184773 0.00292139 0.0959809
-1.55499 1.63487 -2.2225
0.17595 -0.0480868 0.0954
-1.83758 1.73266 -2.07516
0.180373 -0.0367408 0.0970135
-1.77174 1.63794 -2.22852
0.179651 -0.036305 0.0991318
-1.7702 1.60714 -2.2966
0.174625 0.00010407 0.101088
-1.5702 1.85563 -1.96206
0.176096 -0.0457761 0.0975843
-1.82512 1.70674 -2.13397
0.176085 -0.00772431 0.0985233
-1.61464 1.85063 -1.94338
0.176428 -0.00801317 0.10373
-1.61618 1.75594 -2.12663
0.179206 0.00177912 0.102788
-1.56087 1.68313 -2.22191
0.177137 -0.050351 0.0947023
-1.84774 1.68906 -2.13046
0.178185 -0.0285054 0.0985579
-1.72943 1.73675 -2.10094
0.175786 -0.0417978 0.0960068
-1.80424 1.77242 -2.02543
0.176176 -0.00759933 0.0983958
-1.6139 1.85023 -1.94267
0.179992 -0.00262121 0.0957255
-1.58536 1.79447 -1.9922
0.176813 -0.00835308 0.0955932
-1.618 1.86809 -1.89151
0.181645 -0.00304213 0.102042
-1.58754 1.57042 -2.38393
0.17483 -0.0372906 0.0999172
-1.78094 1.76356 -2.07683
0.184968 -0.0151098 0.0972299
-1.6523 1.53594 -2.38552
0.181183 -0.0332482 0.0965751
-1.75228 1.64432 -2.2146
0.176111 -0.0371801 0.0970977
-1.77886 1.77504 -2.03259
0.182198 -0.0111239 0.101389
-1.63177 1.52124 -2.4538
0.176552 -0.0159455 0.0964665
-1.66087 1.85212 -1.92125
0.180945 -0.00777395 0.103085
-1.61373 1.53366 -2.45302
0.177071 -0.0112809 0.103419
-1.63442 1.7352 -2.15297
0.178108 0.000258014 0.105993
-1.56935 1.61192 -2.36342
0.174655 0.000560995 0.0985635
-1.56758 1.88686 -1.89556
0.180259 -0.0108382 0.101301
-1.63085 1.6679 -2.22869
0.177416 -0.00075265 0.105996
-1.57504 1.65737 -2.29449
0.181483 -0.0305698 0.0961006
-1.73767 1.66316 -2.1821
0.179171 -0.0181812 0.0947149
-1.67192 1.80583 -1.96678
0.182796 -0.0277306 0.0971508
-1.72135 1.59198 -2.29876
0.182829 -0.0201239 0.0958843
-1.68042 1.67219 -2.16674
0.174404 -0.0135946 0.109589
-1.64859 1.62902 -2.37757
0.177204 -0.00170616 0.106136
-1.58042 1.66277 -2.28793
0.175439 -0.0216769 0.101851
-1.69373 1.78744 -2.06305
0.178802 -0.0408298 0.0989264
-1.7953 1.60826 -2.29274
0.184075 -0.00326049 0.0954147
-1.58851 1.67619 -2.15621
0.176393 -0.0465119 0.0953224
-1.82861 1.73338 -2.07337
0.177878 -0.00748158 0.0970897
-1.61283 1.82611 -1.96239
0.182131 -0.00467781 0.101361
-1.59647 1.57029 -2.37671
0.178705 0.00184355 0.104696
-1.56048 1.63953 -2.30718
0.180377 -0.0066919 0.102632
-1.60788 1.62449 -2.3076
0.178684 -0.00158903 0.0968522
-1.57969 1.8129 -1.97802
0.177492 -0.00188559 0.0949325
-1.58142 1.86435 -1.89009
0.175258 -0.0406551 0.0952706
-1.79874 1.80312 -1.97589
0.175875 -0.0537973 0.0953037
-1.86764 1.68517 -2.14209
0.179855 0.000761211 0.101504
-1.56656 1.69253 -2.19472
0.176957 -0.0319982 0.0972649
-1.74969 1.77705 -2.03145
0.178326 0.00040371 0.0966209
-1.56853 1.82503 -1.95926
0.180575 -0.00620994 0.100495
-1.60517 1.68627 -2.19336
0.18228 -0.0114243 0.0962787
-1.63339 1.70949 -2.11688
0.17802 -0.00687093 0.0966301
-1.60937 1.82916 -1.95375
0.18468 -0.025395 0.0961325
-1.70745 1.53039 -2.38249
0.178833 -0.0105739 0.102007
-1.62985 1.70708 -2.1788
0.174512 -0.0378011 0.102474
-1.78411 1.71734 -2.16883
0.176203 -0.0142348 0.0968048
-1.65141 1.85952 -1.91466
0.177399 -0.0162776 0.0970683
-1.6623 1.8237 -1.96545
0.182269 -0.0330159 0.0981131
-1.74999 1.48505 -2.47517
0.183318 -0.0335625 0.0953747
-1.75187 1.57384 -2.3078
0.175843 -0.0166419 0.0963379
-1.66516 1.86831 -1.89842
0.181885 -0.00973832 0.100767
-1.62429 1.60638 -2.31506
0.175902 -0.0490332 0.0949785
-1.84265 1.73352 -2.06978
0.17602 -0.0479258 0.100085
-1.83663 1.61822 -2.28994
0.17967 -0.00180989 0.104042
-1.58087 1.60883 -2.34667
0.182068 -0.0167597 0.097133
-1.66259 1.68492 -2.16088
0.174754 -0.0216559 0.0973154
-1.69409 1.86921 -1.90674
0.176067 -0.0263228 0.105622
-1.7192 1.63854 -2.31877
0.174716 -0.00587822 0.0953098
-1.60443 1.91808 -1.82329
0.180753 -0.00426002 0.100841
-1.59436 1.67186 -2.21807
0.181753 -0.0306769 0.0966402
-1.738 1.63748 -2.22537
0.182579 -0.038573 0.0951574
-1.779 1.56747 -2.31523
0.181104 -0.0274056 0.0973149
-1.72098 1.66823 -2.18703
0.176883 -0.0226449 0.0992141
-1.69813 1.78791 -2.0358
0.176167 -0.0232165 0.0965388
-1.70183 1.8414 -1.93634
0.176106 0.000593718 0.106045
-1.56743 1.71667 -2.20741
0.177699 -0.0106421 0.0979917
-1.63061 1.81436 -1.98726
0.179599 -0.0267304 0.100075
-1.71855 1.66052 -2.22678
0.182362 -0.0250915 0.0954127
-1.70753 1.67709 -2.15487
0.183326 -0.010549 0.100107
-1.62828 1.50074 -2.47214
0.176455 -0.00660649 0.0987766
-1.60822 1.83951 -1.96085
0.175767 -0.0265552 0.102289
-1.72074 1.74892 -2.1217
0.178266 -0.0152416 0.100517
-1.65609 1.74765 -2.10536
0.174551 -0.029298 0.102059
-1.73709 1.7773 -2.07932
0.174651 -0.0388516 0.0955806
-1.78968 1.82374 -1.95085
0.175093 -0.0171059 0.100155
-1.66818 1.83667 -1.97836
0.178756 -0.0317732 0.0979461
-1.74671 1.71263 -2.12918
0.179844 -0.0121489 0.101032
-1.63825 1.68924 -2.1946
0.176594 -0.00831651 0.106653
-1.61786 1.66423 -2.29138
0.1794 0.00204678 0.100494
-1.55939 1.7321 -2.12722
0.179262 -0.02477 0.0974375
-1.7081 1.74121 -2.08337
0.17784 -0.0445227 0.0951045
-1.81611 1.70891 -2.10599
0.17975 -0.0143418 0.0987872
-1.65042 1.73652 -2.10359
0.176273 -0.0170022 0.101188
-1.66695 1.78988 -2.05292
