1	0.213868	0.206971
2	0.206971	0.200337
3	0.200337	0.194284
4	0.194284	0.18839
5	0.18839	0.182798
6	0.182797	0.177392
7	0.177392	0.172248
8	0.172248	0.167315
9	0.167315	0.162841
10	0.162841	0.158565
11	0.158565	0.154643
12	0.154643	0.150848
13	0.150848	0.14717
14	0.14717	0.143602
15	0.143602	0.140139
16	0.140139	0.136779
17	0.136779	0.133518
18	0.133518	0.130353
19	0.130353	0.127283
20	0.127283	0.124304
21	0.124304	0.121416
22	0.121416	0.118615
23	0.118615	0.115901
24	0.115901	0.11327
25	0.11327	0.110722
26	0.110722	0.108254
27	0.108254	0.105864
28	0.105864	0.10355
29	0.10355	0.101311
30	0.101311	0.099145
31	0.099145	0.0970488
32	0.0970489	0.0950211
33	0.0950211	0.0930601
34	0.0930601	0.0911636
35	0.0911636	0.0893296
36	0.0893297	0.0875566
37	0.0875565	0.0858419
38	0.0858419	0.0841843
39	0.0841842	0.0825815
40	0.0825814	0.0810317
41	0.0810318	0.0795332
42	0.079533	0.0780839
43	0.0780841	0.0766827
44	0.0766826	0.0753273
45	0.0753272	0.074016
46	0.074016	0.0727477
47	0.0727478	0.0715204
48	0.0715203	0.0703327
49	0.0703327	0.0691831
50	0.0691832	0.0680703
51	0.0680705	0.0669927
52	0.0669927	0.0659491
53	0.0659492	0.0649383
54	0.0649383	0.0639589
55	0.0639588	0.0630098
56	0.0630097	0.0620897
57	0.0620897	0.0611977
58	0.0611977	0.0603327
59	0.0603326	0.0594935
60	0.0594935	0.0586793
61	0.0586793	0.0578892
62	0.0578892	0.0571221
63	0.0571221	0.0563773
64	0.0563772	0.0556538
65	0.0556538	0.054951
66	0.054951	0.0542681
67	0.0542681	0.0536043
68	0.0536043	0.0529588
69	0.0529588	0.0523311
70	0.0523312	0.0517207
71	0.0517206	0.0511266
72	0.0511267	0.0505484
73	0.0505484	0.0499857
74	0.0499857	0.0494377
75	0.0494376	0.048904
76	0.048904	0.0483841
77	0.048384	0.0478774
78	0.0478773	0.0473836
79	0.0473836	0.0469022
80	0.0469022	0.0464327
81	0.0464326	0.0459749
82	0.0459749	0.0455282
83	0.0455281	0.0450923
84	0.0450923	0.0446669
85	0.0446669	0.0442516
86	0.0442517	0.0438462
87	0.0438461	0.0434502
88	0.0434502	0.0430634
89	0.0430634	0.0426855
90	0.0426854	0.0423161
91	0.0423161	0.0419551
92	0.041955	0.0416021
93	0.0416022	0.0412571
94	0.0412571	0.0409196
95	0.0409196	0.0405894
96	0.0405894	0.0402664
97	0.0402664	0.0399503
98	0.0399503	0.039641
99	0.0396409	0.0393382
100	0.0393382	0.0390417
101	0.0390417	0.0387513
102	0.0387513	0.038467
103	0.038467	0.0381884
104	0.0381885	0.0379156
105	0.0379156	0.0376481
106	0.0376481	0.0373861
107	0.0373861	0.0371292
108	0.0371292	0.0368774
109	0.0368774	0.0366305
110	0.0366304	0.0363883
111	0.0363883	0.0361508
112	0.0361509	0.0359179
113	0.0359179	0.0356893
114	0.0356893	0.0354651
115	0.035465	0.035245
116	0.035245	0.0350291
117	0.0350291	0.0348171
118	0.034817	0.0346089
119	0.0346089	0.0344046
120	0.0344046	0.0342038
121	0.0342039	0.0340068
122	0.0340069	0.0338132
123	0.0338132	0.0336231
124	0.033623	0.0334363
125	0.0334362	0.0332527
126	0.0332527	0.0330723
127	0.0330723	0.032895
128	0.032895	0.0327207
129	0.0327208	0.0325495
130	0.0325495	0.0323811
131	0.032381	0.0322155
132	0.0322155	0.0320526
133	0.0320527	0.0318926
134	0.0318925	0.0317351
135	0.0317351	0.0315802
136	0.0315802	0.0314278
137	0.0314279	0.0312779
138	0.0312779	0.0311304
139	0.0311304	0.0309852
140	0.0309852	0.0308424
141	0.0308424	0.0307018
142	0.0307018	0.0305635
143	0.0305634	0.0304272
144	0.0304272	0.0302931
145	0.0302931	0.0301611
146	0.0301611	0.0300311
147	0.0300311	0.029903
148	0.0299031	0.029777
149	0.029777	0.0296528
150	0.0296528	0.0295306
151	0.0295306	0.0294101
152	0.0294101	0.0292914
153	0.0292914	0.0291744
154	0.0291745	0.0290593
155	0.0290593	0.0289457
156	0.0289457	0.0288339
157	0.0288339	0.0287237
158	0.0287237	0.028615
159	0.0286151	0.0285079
160	0.0285079	0.0284024
161	0.0284024	0.0282983
162	0.0282983	0.0281957
163	0.0281957	0.0280945
164	0.0280945	0.0279948
165	0.0279948	0.0278964
166	0.0278964	0.0277995
167	0.0277994	0.0277039
168	0.0277039	0.0276095
169	0.0276095	0.0275164
170	0.0275164	0.0274246
171	0.0274246	0.0273341
172	0.0273341	0.0272448
173	0.0272448	0.0271567
174	0.0271567	0.0270698
175	0.0270698	0.0269839
176	0.0269839	0.0268993
177	0.0268993	0.0268157
178	0.0268157	0.0267333
179	0.0267333	0.0266519
180	0.0266519	0.0265716
181	0.0265716	0.0264923
182	0.0264923	0.026414
183	0.026414	0.0263368
184	0.0263368	0.0262605
185	0.0262605	0.0261852
186	0.0261852	0.0261109
187	0.0261109	0.0260374
188	0.0260375	0.025965
189	0.025965	0.0258934
190	0.0258934	0.0258227
191	0.0258227	0.0257529
192	0.0257529	0.0256839
193	0.0256839	0.0256158
194	0.0256158	0.0255485
195	0.0255485	0.0254821
196	0.0254821	0.0254164
197	0.0254164	0.0253516
198	0.0253516	0.0252875
199	0.0252875	0.0252242
200	0.0252242	0.0251616
201	0.0251617	0.0250999
202	0.0250999	0.0250388
203	0.0250388	0.0249784
204	0.0249784	0.0249188
205	0.0249188	0.0248598
206	0.0248598	0.0248016
207	0.0248016	0.024744
208	0.024744	0.0246871
209	0.0246871	0.0246308
210	0.0246309	0.0245751
211	0.0245752	0.0245202
212	0.0245202	0.0244659
213	0.0244658	0.0244122
214	0.0244122	0.024359
215	0.0243591	0.0243065
216	0.0243065	0.0242546
217	0.0242546	0.0242032
218	0.0242032	0.0241524
219	0.0241524	0.0241022
220	0.0241022	0.0240525
221	0.0240525	0.0240034
222	0.0240034	0.0239549
223	0.0239548	0.0239068
224	0.0239068	0.0238593
225	0.0238593	0.0238123
226	0.0238123	0.0237658
227	0.0237658	0.0237198
228	0.0237198	0.0236743
229	0.0236743	0.0236293
230	0.0236293	0.0235848
231	0.0235848	0.0235407
232	0.0235407	0.0234971
233	0.0234971	0.023454
234	0.023454	0.0234113
235	0.0234113	0.0233691
236	0.0233691	0.0233273
237	0.0233273	0.023286
238	0.0232859	0.023245
239	0.023245	0.0232045
240	0.0232045	0.0231644
241	0.0231644	0.0231247
242	0.0231247	0.0230855
243	0.0230855	0.0230466
244	0.0230466	0.0230081
245	0.0230082	0.0229701
246	0.0229701	0.0229324
247	0.0229324	0.022895
248	0.0228951	0.0228581
249	0.0228581	0.0228215
250	0.0228215	0.0227853
251	0.0227853	0.0227495
252	0.0227495	0.022714
253	0.0227139	0.0226789
254	0.0226788	0.022644
255	0.0226441	0.0226096
256	0.0226096	0.0225755
257	0.0225755	0.0225417
258	0.0225417	0.0225082
259	0.0225082	0.0224751
260	0.0224751	0.0224423
261	0.0224423	0.0224098
262	0.0224098	0.0223777
263	0.0223776	0.0223458
264	0.0223457	0.0223142
265	0.0223142	0.0222829
266	0.0222829	0.0222519
267	0.0222519	0.0222212
268	0.0222212	0.0221908
269	0.0221908	0.0221607
270	0.0221608	0.0221309
271	0.0221309	0.0221013
272	0.0221014	0.0220721
273	0.0220721	0.0220431
274	0.022043	0.0220143
275	0.0220143	0.0219859
276	0.0219859	0.0219576
277	0.0219576	0.0219297
278	0.0219297	0.021902
279	0.021902	0.0218745
280	0.0218745	0.0218474
281	0.0218474	0.0218204
282	0.0218204	0.0217937
283	0.0217937	0.0217672
284	0.0217672	0.021741
285	0.021741	0.021715
286	0.021715	0.0216893
287	0.0216892	0.0216637
288	0.0216637	0.0216384
289	0.0216384	0.0216133
290	0.0216134	0.0215885
291	0.0215885	0.0215638
292	0.0215638	0.0215394
293	0.0215394	0.0215152
294	0.0215152	0.0214912
295	0.0214911	0.0214674
296	0.0214674	0.0214438
297	0.0214437	0.0214204
298	0.0214204	0.0213972
299	0.0213973	0.0213742
300	0.0213742	0.0213514
301	0.0213514	0.0213288
302	0.0213288	0.0213064
303	0.0213064	0.0212842
304	0.0212842	0.0212622
305	0.0212622	0.0212404
306	0.0212404	0.0212187
307	0.0212187	0.0211972
308	0.0211972	0.0211759
309	0.0211759	0.0211548
310	0.0211548	0.0211339
311	0.0211338	0.0211131
312	0.0211131	0.0210925
313	0.0210925	0.0210721
314	0.0210721	0.0210518
315	0.0210518	0.0210317
316	0.0210318	0.0210118
317	0.0210119	0.0209921
318	0.020992	0.0209725
319	0.0209725	0.020953
320	0.020953	0.0209337
321	0.0209338	0.0209146
322	0.0209146	0.0208956
323	0.0208956	0.0208768
324	0.0208768	0.0208581
325	0.0208581	0.0208396
326	0.0208396	0.0208212
327	0.0208212	0.020803
328	0.020803	0.0207849
329	0.0207849	0.020767
330	0.020767	0.0207491
331	0.0207491	0.0207315
332	0.0207315	0.020714
333	0.020714	0.0206966
334	0.0206966	0.0206794
335	0.0206794	0.0206623
336	0.0206622	0.0206453
337	0.0206453	0.0206284
338	0.0206284	0.0206117
339	0.0206117	0.0205951
340	0.0205951	0.0205786
341	0.0205786	0.0205623
342	0.0205622	0.0205461
343	0.0205461	0.02053
344	0.02053	0.020514
345	0.020514	0.0204982
346	0.0204981	0.0204824
347	0.0204824	0.0204669
348	0.0204668	0.0204513
349	0.0204514	0.020436
350	0.0204359	0.0204207
351	0.0204207	0.0204055
352	0.0204056	0.0203905
353	0.0203905	0.0203756
354	0.0203756	0.0203608
355	0.0203608	0.0203461
356	0.0203461	0.0203315
357	0.0203315	0.020317
358	0.0203171	0.0203026
359	0.0203026	0.0202884
360	0.0202883	0.0202742
361	0.0202742	0.0202602
362	0.0202601	0.0202462
363	0.0202461	0.0202323
364	0.0202323	0.0202185
365	0.0202185	0.0202049
366	0.0202049	0.0201913
367	0.0201913	0.0201778
368	0.0201779	0.0201645
369	0.0201645	0.0201512
370	0.0201512	0.020138
371	0.020138	0.0201249
372	0.0201249	0.020112
373	0.0201119	0.0200991
374	0.020099	0.0200863
375	0.0200862	0.0200735
376	0.0200735	0.0200609
377	0.0200609	0.0200483
378	0.0200483	0.0200359
379	0.0200359	0.0200235
380	0.0200235	0.0200112
381	0.0200112	0.019999
382	0.019999	0.0199869
