703 3 3
0.04939 -0.0216238 -0.138445
-1.91748 1.4979 -0.154932
0.0497142 -0.0216815 -0.138397
-1.91748 1.4979 -0.154932
0.0501295 -0.0217594 -0.138374
-1.91748 1.4979 -0.154932
0.0503953 -0.0218352 -0.138378
-1.91748 1.4979 -0.154932
0.0505971 -0.0218945 -0.138364
-1.91748 1.4979 -0.154932
0.0507466 -0.0219485 -0.138324
-1.91748 1.4979 -0.156466
0.0508862 -0.0220247 -0.138289
-1.91748 1.4979 -0.156466
0.0509742 -0.0221046 -0.138239
-1.91748 1.4979 -0.156466
0.0510385 -0.0221637 -0.13818
-1.91748 1.4979 -0.154932
0.0511026 -0.0221992 -0.138112
-1.91748 1.4979 -0.154932
0.05116 -0.0222112 -0.13807
-1.91748 1.4979 -0.154932
0.051218 -0.0222556 -0.138069
-1.91748 1.4979 -0.156466
0.0512683 -0.0222631 -0.138038
-1.91748 1.4979 -0.156466
0.0513315 -0.0222866 -0.138014
-1.91748 1.4979 -0.156466
0.0513759 -0.0223107 -0.137989
-1.91748 1.4979 -0.154932
0.0513867 -0.0223317 -0.137992
-1.91748 1.4979 -0.154932
0.0514245 -0.0223237 -0.137971
-1.91748 1.4979 -0.154932
0.0514161 -0.0223552 -0.137976
-1.91748 1.4979 -0.154932
0.0514527 -0.0223333 -0.137974
-1.91748 1.4979 -0.154932
0.0514884 -0.0223406 -0.137989
-1.91748 1.4979 -0.154932
0.0515049 -0.0223618 -0.137963
-1.91748 1.4979 -0.154932
0.0515172 -0.0223333 -0.137959
-1.91748 1.4979 -0.154932
0.0515522 -0.0223333 -0.137994
-1.91748 1.4979 -0.154932
0.0515301 -0.0223671 -0.138027
-1.91748 1.4979 -0.156466
0.051538 -0.0223502 -0.138005
-1.91748 1.4979 -0.156466
0.051541 -0.0223549 -0.137982
-1.91748 1.4979 -0.156466
0.0515235 -0.0223544 -0.137981
-1.91748 1.4979 -0.154932
0.0515213 -0.0223727 -0.137943
-1.91748 1.4979 -0.154932
0.0515236 -0.0223416 -0.13796
-1.91748 1.4979 -0.154932
0.051562 -0.0223501 -0.137967
-1.91748 1.4979 -0.154932
0.0515652 -0.0223517 -0.137994
-1.91748 1.4979 -0.154932
0.0515412 -0.0223665 -0.13799
-1.91748 1.4979 -0.154932
0.0515237 -0.0223422 -0.137977
-1.91748 1.4979 -0.154932
0.0515587 -0.0223545 -0.137992
-1.91748 1.4979 -0.154932
0.0515307 -0.0223526 -0.137977
-1.91748 1.4979 -0.154932
0.0515303 -0.0223402 -0.137961
-1.91748 1.4979 -0.154932
0.0515238 -0.022353 -0.137961
-1.91748 1.4979 -0.154932
0.0515494 -0.0223354 -0.137958
-1.91748 1.4979 -0.154932
0.0515825 -0.0223423 -0.13796
-1.91748 1.4979 -0.154932
0.0515844 -0.022343 -0.13799
-1.91748 1.4979 -0.154932
0.051562 -0.0223327 -0.137979
-1.91748 1.4979 -0.154932
0.0515561 -0.0223263 -0.137948
-1.91748 1.4979 -0.156466
0.0515245 -0.0223508 -0.137968
-1.91748 1.4979 -0.156466
0.051531 -0.022356 -0.137968
-1.91748 1.4979 -0.156466
0.0515471 -0.0223539 -0.137961
-1.91748 1.4979 -0.162602
0.051543 -0.0223672 -0.137943
-1.91748 1.4979 -0.162602
0.0515367 -0.0223604 -0.137939
-1.91748 1.4979 -0.162602
0.0515252 -0.0223582 -0.137941
-1.91748 1.4979 -0.17334
0.0515414 -0.0223467 -0.137982
-1.91748 1.4979 -0.17334
0.0515701 -0.0223648 -0.137978
-1.91748 1.4979 -0.17334
0.0515866 -0.0223588 -0.137979
-1.91748 1.4979 -0.18868
0.0515889 -0.0223517 -0.137997
-1.91748 1.4979 -0.18868
0.0515893 -0.0223516 -0.138012
-1.91748 1.4979 -0.18868
0.0515482 -0.0223819 -0.137983
-1.91748 1.4979 -0.204019
0.0515067 -0.0223546 -0.137947
-1.91748 1.4979 -0.204019
0.0515141 -0.022348 -0.137948
-1.91748 1.4979 -0.204019
0.0515081 -0.0223769 -0.137944
-1.91748 1.4979 -0.214757
0.0515182 -0.0223608 -0.137942
-1.91748 1.4979 -0.214757
0.0515506 -0.0223597 -0.13795
-1.91748 1.4979 -0.214757
0.0515487 -0.0223621 -0.137952
-1.91748 1.4979 -0.223961
0.0515349 -0.0223585 -0.137949
-1.91748 1.4979 -0.223961
0.0515456 -0.0223567 -0.137945
-1.91748 1.4979 -0.223961
0.0515241 -0.0223629 -0.137952
-1.91748 1.4979 -0.227029
0.0515207 -0.0223684 -0.13793
-1.91748 1.4979 -0.227029
0.0515313 -0.0223496 -0.137938
-1.91748 1.4979 -0.227029
0.051529 -0.022364 -0.137954
-1.91748 1.4979 -0.230097
0.0515726 -0.0223688 -0.137941
-1.91748 1.4979 -0.230097
0.0515699 -0.022387 -0.137957
-1.91748 1.4979 -0.230097
0.0515928 -0.0223679 -0.137927
-1.91748 1.4979 -0.231631
0.0515798 -0.022354 -0.137958
-1.91748 1.4979 -0.231631
0.0516268 -0.022362 -0.137976
-1.91748 1.4979 -0.231631
0.051666 -0.0223943 -0.13796
-1.91748 1.4979 -0.231631
0.0516978 -0.0223871 -0.137968
-1.91748 1.4979 -0.231631
0.0520011 -0.0224596 -0.138006
-1.91748 1.4979 -0.231631
0.0525722 -0.0226922 -0.138147
-1.91748 1.4979 -0.233165
0.0533497 -0.0229785 -0.138378
-1.91748 1.4979 -0.233165
0.0625517 -0.0246265 -0.135424
-1.88833 1.56082 -0.081301
0.0621371 -0.0244953 -0.135355
-1.88833 1.56082 -0.081301
0.0619441 -0.0244467 -0.135296
-1.88833 1.56082 -0.081301
0.0617237 -0.0244005 -0.135269
-1.88833 1.56082 -0.081301
0.0615704 -0.0243212 -0.135221
-1.88833 1.56082 -0.081301
0.0614385 -0.0242449 -0.135243
-1.88833 1.56082 -0.081301
0.0613846 -0.0242035 -0.135229
-1.88833 1.56082 -0.082835
0.0612998 -0.0241832 -0.135209
-1.88833 1.56082 -0.082835
0.0611495 -0.0241445 -0.135189
-1.88833 1.56082 -0.082835
0.0610325 -0.0241131 -0.135162
-1.88833 1.56082 -0.082835
0.0609817 -0.0241 -0.135126
-1.88833 1.56082 -0.082835
0.0609553 -0.0240804 -0.135116
-1.88833 1.56082 -0.082835
0.0609048 -0.024053 -0.135134
-1.88833 1.56082 -0.0889709
0.0608704 -0.0240444 -0.135102
-1.88833 1.56082 -0.0889709
0.0608412 -0.0240355 -0.135089
-1.88833 1.56082 -0.0889709
0.0608259 -0.0240211 -0.135074
-1.88833 1.56082 -0.105845
0.0607938 -0.0240266 -0.13508
-1.88833 1.56082 -0.105845
0.0607754 -0.0240044 -0.135074
-1.88833 1.56082 -0.105845
0.0607659 -0.0240164 -0.135096
-1.88833 1.56082 -0.121184
0.0607845 -0.0240109 -0.135072
-1.88833 1.56082 -0.121184
0.0607716 -0.0239939 -0.135085
-1.88833 1.56082 -0.121184
0.0607909 -0.024029 -0.135079
-1.88833 1.56082 -0.13499
0.0607755 -0.0240344 -0.135065
-1.88833 1.56082 -0.13499
0.0607407 -0.0239871 -0.135079
-1.88833 1.56082 -0.13499
0.0607741 -0.0239865 -0.13508
-1.88833 1.56082 -0.14266
0.0607906 -0.0240199 -0.13508
-1.88833 1.56082 -0.14266
0.060772 -0.0240164 -0.135056
-1.88833 1.56082 -0.14266
0.0607369 -0.0239908 -0.135066
-1.88833 1.56082 -0.148796
0.0607495 -0.0240012 -0.135075
-1.88833 1.56082 -0.148796
0.060767 -0.0240038 -0.135068
-1.88833 1.56082 -0.148796
0.0607954 -0.0239941 -0.135058
-1.88833 1.56082 -0.15033
0.0607759 -0.0240108 -0.135077
-1.88833 1.56082 -0.15033
0.0607824 -0.0239835 -0.135092
-1.88833 1.56082 -0.15033
0.0608058 -0.0240008 -0.135086
-1.88833 1.56082 -0.153398
0.0608008 -0.0240112 -0.135081
-1.88833 1.56082 -0.153398
0.0607704 -0.0239943 -0.135088
-1.88833 1.56082 -0.153398
0.0607643 -0.0240197 -0.13507
-1.88833 1.56082 -0.153398
0.0607563 -0.0240053 -0.135048
-1.88833 1.56082 -0.153398
0.0607604 -0.0240067 -0.135052
-1.88833 1.56082 -0.153398
0.0607847 -0.024009 -0.135065
-1.88833 1.56082 -0.153398
0.0607936 -0.0239987 -0.135085
-1.88833 1.56082 -0.153398
0.0608178 -0.0240065 -0.135075
-1.88833 1.56082 -0.153398
0.0608015 -0.0240047 -0.135071
-1.88833 1.56082 -0.154932
0.0608052 -0.0239978 -0.135077
-1.88833 1.56082 -0.154932
0.0607985 -0.0239985 -0.135087
-1.88833 1.56082 -0.154932
0.0608074 -0.0239853 -0.135084
-1.88833 1.56082 -0.154932
0.0608196 -0.0240043 -0.135086
-1.88833 1.56082 -0.154932
0.0608013 -0.0240043 -0.135096
-1.88833 1.56082 -0.154932
0.0608047 -0.024022 -0.135082
-1.88833 1.56082 -0.154932
0.0607669 -0.0240071 -0.135072
-1.88833 1.56082 -0.154932
0.0607707 -0.0239977 -0.135078
-1.88833 1.56082 -0.154932
0.0608081 -0.0240344 -0.135055
-1.88833 1.56082 -0.154932
0.0607792 -0.0239831 -0.135073
-1.88833 1.56082 -0.154932
0.0607584 -0.0239949 -0.135084
-1.88833 1.56082 -0.154932
0.0607833 -0.0239944 -0.135074
-1.88833 1.56082 -0.154932
0.060772 -0.0239931 -0.135067
-1.88833 1.56082 -0.154932
0.0607645 -0.0239903 -0.135076
-1.88833 1.56082 -0.154932
0.0607686 -0.0240081 -0.135084
-1.88833 1.56082 -0.154932
0.060745 -0.0240023 -0.135076
-1.88833 1.56082 -0.154932
0.0607721 -0.02403 -0.135023
-1.88833 1.56082 -0.154932
0.0607421 -0.024001 -0.135055
-1.88833 1.56082 -0.154932
0.0607714 -0.0239918 -0.135081
-1.88833 1.56082 -0.154932
0.0607937 -0.0239539 -0.135107
-1.88833 1.56082 -0.154932
0.0608015 -0.0240076 -0.135114
-1.88833 1.56082 -0.154932
0.0607617 -0.0239946 -0.135104
-1.88833 1.56082 -0.154932
0.0607207 -0.0239837 -0.135097
-1.88833 1.56082 -0.154932
0.0606555 -0.0239704 -0.135101
-1.88833 1.56082 -0.154932
0.0605329 -0.0238976 -0.135146
-1.88833 1.56082 -0.154932
0.0603145 -0.023808 -0.135251
-1.88833 1.56082 -0.154932
0.0599934 -0.0236698 -0.135389
-1.88833 1.56082 -0.154932
0.0595767 -0.0235444 -0.135582
-1.88833 1.56082 -0.154932
0.0590671 -0.0233925 -0.135834
-1.88833 1.56082 -0.154932
0.058514 -0.0232169 -0.136092
-1.88833 1.56082 -0.154932
0.0579207 -0.0229897 -0.136321
-1.88833 1.56082 -0.154932
0.0575974 -0.0228928 -0.13645
-1.88833 1.56082 -0.154932
0.0574865 -0.0228443 -0.136484
-1.88833 1.55929 -0.154932
0.0573441 -0.0227901 -0.136502
-1.88833 1.55929 -0.154932
0.0572101 -0.0226769 -0.136537
-1.88833 1.55929 -0.154932
0.0570579 -0.0226243 -0.136611
-1.88833 1.56082 -0.154932
0.0569652 -0.0225621 -0.136654
-1.88833 1.56082 -0.154932
0.0569141 -0.0225192 -0.136698
-1.88833 1.56082 -0.154932
0.0568721 -0.0225259 -0.136711
-1.88833 1.56082 -0.154932
0.0568416 -0.0225155 -0.136717
-1.88833 1.56082 -0.154932
0.0567564 -0.0225013 -0.13674
-1.88833 1.56082 -0.154932
0.056708 -0.0224839 -0.136751
-1.88833 1.56082 -0.154932
0.0566221 -0.0224821 -0.136808
-1.88833 1.56082 -0.154932
0.056598 -0.0224802 -0.136794
-1.88833 1.56082 -0.154932
0.056531 -0.0224651 -0.136818
-1.88833 1.56082 -0.154932
0.0565916 -0.0224636 -0.136806
-1.88833 1.56082 -0.156466
0.056595 -0.0224588 -0.136806
-1.88833 1.56082 -0.156466
0.0565786 -0.0224436 -0.136819
-1.88833 1.56082 -0.156466
0.0565658 -0.0224269 -0.136807
-1.88833 1.55929 -0.162602
0.056567 -0.0224418 -0.136783
-1.88833 1.55929 -0.162602
0.0565733 -0.0224522 -0.13678
-1.88833 1.55929 -0.162602
0.0565399 -0.0224495 -0.1368
-1.88833 1.56082 -0.171806
0.0565381 -0.0224518 -0.136813
-1.88833 1.56082 -0.171806
0.056542 -0.0224559 -0.136798
-1.88833 1.56082 -0.171806
0.0565464 -0.022471 -0.136792
-1.88833 1.56082 -0.18868
0.0565474 -0.0224615 -0.13678
-1.88833 1.56082 -0.18868
0.0565408 -0.0224312 -0.136777
-1.88833 1.56082 -0.18868
0.0565401 -0.0224294 -0.136786
-1.88833 1.56082 -0.202485
0.056566 -0.0224014 -0.136818
-1.88833 1.56082 -0.202485
0.0565765 -0.0224093 -0.13682
-1.88833 1.56082 -0.202485
0.0565506 -0.0224105 -0.136826
-1.88833 1.56082 -0.214757
0.0565211 -0.0224235 -0.136805
-1.88833 1.56082 -0.214757
0.0565213 -0.0224323 -0.136767
-1.88833 1.56082 -0.214757
0.0565312 -0.0224545 -0.136791
-1.88833 1.56082 -0.223961
0.0565196 -0.0224963 -0.136794
-1.88833 1.56082 -0.223961
0.0565473 -0.0224833 -0.136765
-1.88833 1.56082 -0.223961
0.0565119 -0.0224444 -0.136792
-1.88833 1.56082 -0.227029
0.0565384 -0.0224496 -0.136786
-1.88833 1.56082 -0.227029
0.0565569 -0.0224346 -0.136795
-1.88833 1.56082 -0.227029
0.056595 -0.0224431 -0.13679
-1.88833 1.56082 -0.230097
0.0565637 -0.0224493 -0.136822
-1.88833 1.56082 -0.230097
0.0565381 -0.0224313 -0.136816
-1.88833 1.56082 -0.230097
0.0565785 -0.022416 -0.136809
-1.88833 1.56082 -0.231631
0.0565891 -0.0224481 -0.136816
-1.88833 1.56082 -0.231631
0.05654 -0.0224242 -0.136829
-1.88833 1.56082 -0.231631
0.056556 -0.0224385 -0.1368
-1.88833 1.56082 -0.231631
0.0565486 -0.0224259 -0.136807
-1.88833 1.56082 -0.231631
0.0565887 -0.0224368 -0.136805
-1.88833 1.56082 -0.231631
0.0566093 -0.0224531 -0.136819
-1.88833 1.56082 -0.231631
0.0565983 -0.0224394 -0.136825
-1.88833 1.56082 -0.231631
0.0566115 -0.022429 -0.136807
-1.88833 1.56082 -0.231631
0.0566396 -0.0224322 -0.136812
-1.88833 1.56082 -0.233165
0.0566496 -0.0224377 -0.136804
-1.88833 1.56082 -0.233165
0.0566703 -0.0224311 -0.136807
-1.88833 1.56082 -0.233165
0.0567846 -0.0224855 -0.136849
-1.88833 1.56082 -0.233165
0.0571274 -0.0226145 -0.13688
-1.88833 1.56082 -0.233165
0.0577801 -0.0229301 -0.137033
-1.88833 1.56082 -0.233165
0.0584511 -0.0231121 -0.137223
-1.88833 1.56082 -0.233165
0.0590949 -0.0233243 -0.137427
-1.88833 1.56082 -0.233165
0.0597491 -0.0235834 -0.137548
-1.88833 1.56082 -0.233165
0.0603348 -0.0237817 -0.137651
-1.88833 1.56082 -0.233165
0.0609929 -0.0240225 -0.13775
-1.88833 1.56082 -0.233165
0.0616908 -0.0241994 -0.137844
-1.88833 1.56082 -0.233165
0.0622636 -0.0243685 -0.137933
-1.88833 1.56082 -0.233165
0.0530575 -0.021581 -0.138398
-1.88833 1.44418 -0.081301
0.0527728 -0.0215128 -0.138328
-1.88833 1.44418 -0.081301
0.0525776 -0.0214391 -0.138278
-1.88833 1.44418 -0.081301
0.0523997 -0.021429 -0.138267
-1.88833 1.44418 -0.081301
0.0522506 -0.0213623 -0.138251
-1.88833 1.44418 -0.082835
0.0521465 -0.021354 -0.138204
-1.88833 1.44418 -0.082835
0.0519922 -0.0213009 -0.138195
-1.88833 1.44418 -0.082835
0.0519007 -0.0212593 -0.138176
-1.88833 1.44418 -0.082835
0.0518508 -0.0212527 -0.138156
-1.88833 1.44418 -0.082835
0.051789 -0.0212432 -0.138141
-1.88833 1.44418 -0.082835
0.0517155 -0.021221 -0.13812
-1.88833 1.44418 -0.0905049
0.0516785 -0.0212078 -0.138104
-1.88833 1.44418 -0.0905049
0.0516315 -0.0211868 -0.138077
-1.88833 1.44418 -0.0905049
0.051584 -0.0211468 -0.13808
-1.88833 1.44418 -0.105845
0.0515697 -0.0211273 -0.138096
-1.88833 1.44418 -0.105845
0.0515458 -0.0211393 -0.138098
-1.88833 1.44418 -0.105845
0.0515172 -0.0211226 -0.138067
-1.88833 1.44265 -0.121184
0.051522 -0.0211208 -0.138064
-1.88833 1.44265 -0.121184
0.0515459 -0.0211188 -0.138055
-1.88833 1.44265 -0.121184
0.0515278 -0.0211187 -0.138082
-1.88833 1.44418 -0.13499
0.0515062 -0.0211323 -0.138075
-1.88833 1.44418 -0.13499
0.0515035 -0.0211227 -0.13807
-1.88833 1.44418 -0.13499
0.0514998 -0.0211168 -0.138057
-1.88833 1.44418 -0.14266
0.0515262 -0.0211231 -0.138065
-1.88833 1.44418 -0.14266
0.0515043 -0.0211326 -0.138058
-1.88833 1.44418 -0.14266
0.0514738 -0.0211185 -0.138045
-1.88833 1.44265 -0.148796
0.0515093 -0.0211244 -0.138041
-1.88833 1.44265 -0.148796
0.0514961 -0.0211333 -0.138081
-1.88833 1.44265 -0.148796
0.0514949 -0.0210955 -0.138097
-1.88833 1.44418 -0.151864
0.0515554 -0.0211288 -0.138079
-1.88833 1.44418 -0.151864
0.0515353 -0.0211262 -0.138096
-1.88833 1.44418 -0.151864
0.0515309 -0.0211121 -0.138077
-1.88833 1.44418 -0.153398
0.0514863 -0.021122 -0.138095
-1.88833 1.44418 -0.153398
0.0514848 -0.0211551 -0.138071
-1.88833 1.44418 -0.153398
0.0514703 -0.0211362 -0.138052
-1.88833 1.44418 -0.153398
0.0514811 -0.0211187 -0.138059
-1.88833 1.44418 -0.153398
0.0515039 -0.021116 -0.138092
-1.88833 1.44418 -0.153398
0.0515408 -0.0211285 -0.13809
-1.88833 1.44418 -0.154932
0.0515414 -0.0211071 -0.138086
-1.88833 1.44418 -0.154932
0.0515364 -0.0211234 -0.138095
-1.88833 1.44418 -0.154932
0.0514988 -0.0211461 -0.138079
-1.88833 1.44418 -0.154932
0.0514626 -0.0211255 -0.138062
-1.88833 1.44418 -0.154932
0.0514723 -0.0211207 -0.138025
-1.88833 1.44418 -0.154932
0.0514743 -0.0211401 -0.138041
-1.88833 1.44418 -0.154932
0.0514759 -0.0211207 -0.138061
-1.88833 1.44418 -0.154932
0.0514971 -0.0211111 -0.138075
-1.88833 1.44418 -0.154932
0.0515205 -0.0210962 -0.138087
-1.88833 1.44418 -0.154932
0.0515555 -0.0211218 -0.138073
-1.88833 1.44418 -0.154932
0.0515196 -0.0211199 -0.138092
-1.88833 1.44418 -0.154932
0.0515143 -0.0210988 -0.138094
-1.88833 1.44418 -0.154932
0.0515172 -0.0211229 -0.138067
-1.88833 1.44418 -0.154932
0.0515014 -0.021113 -0.13805
-1.88833 1.44418 -0.154932
0.0515012 -0.0211277 -0.138054
-1.88833 1.44418 -0.154932
0.0514805 -0.0211352 -0.138082
-1.88833 1.44418 -0.154932
0.0514868 -0.021114 -0.138083
-1.88833 1.44418 -0.154932
0.0515233 -0.0211219 -0.138084
-1.88833 1.44265 -0.154932
0.0515347 -0.0211452 -0.138091
-1.88833 1.44265 -0.154932
0.0515087 -0.0211119 -0.138098
-1.88833 1.44265 -0.154932
0.0515281 -0.0211025 -0.138094
-1.88833 1.44418 -0.154932
0.0515038 -0.0211019 -0.138117
-1.88833 1.44418 -0.154932
0.0515287 -0.0211042 -0.138106
-1.88833 1.44418 -0.154932
0.0515168 -0.0211002 -0.138087
-1.88833 1.44418 -0.154932
0.0514367 -0.0211025 -0.138083
-1.88833 1.44418 -0.154932
0.0514047 -0.0211033 -0.138058
-1.88833 1.44418 -0.154932
0.0513073 -0.0210598 -0.138079
-1.88833 1.44418 -0.154932
0.0511744 -0.0210125 -0.138099
-1.88833 1.44418 -0.154932
0.0509548 -0.020908 -0.138153
-1.88833 1.44418 -0.154932
0.0506626 -0.0207996 -0.138223
-1.88833 1.44418 -0.154932
0.0502564 -0.020689 -0.138279
-1.88833 1.44418 -0.154932
0.0498291 -0.0205561 -0.138295
-1.88833 1.44418 -0.154932
0.0494224 -0.0204686 -0.138312
-1.88833 1.44418 -0.154932
0.0491306 -0.0204027 -0.138319
-1.88833 1.44418 -0.154932
0.0488754 -0.020308 -0.138349
-1.88833 1.44418 -0.154932
0.0485399 -0.0201825 -0.138431
-1.88833 1.44265 -0.156466
0.062465 -0.0221914 -0.137815
-1.85765 1.61607 -0.081301
0.0618998 -0.0219742 -0.137685
-1.85765 1.61761 -0.081301
0.0613278 -0.0218256 -0.13757
-1.85765 1.61761 -0.081301
0.0608053 -0.0217181 -0.13745
-1.85765 1.61761 -0.081301
0.060259 -0.0216063 -0.137277
-1.85765 1.61761 -0.081301
0.0597908 -0.0214913 -0.13722
-1.85765 1.61761 -0.081301
0.0593621 -0.0213879 -0.137139
-1.85765 1.61761 -0.081301
0.0589536 -0.0213121 -0.137085
-1.85765 1.61607 -0.082835
0.0586585 -0.0212564 -0.137001
-1.85765 1.61607 -0.082835
0.0583746 -0.0211929 -0.136909
-1.85765 1.61607 -0.082835
0.0581319 -0.0211343 -0.136855
-1.85765 1.61607 -0.082835
0.0579506 -0.0210788 -0.136793
-1.85765 1.61607 -0.082835
0.0578251 -0.021008 -0.136734
-1.85765 1.61607 -0.082835
0.0577295 -0.0210017 -0.136742
-1.85765 1.61761 -0.0889709
0.0576314 -0.0209778 -0.1367
-1.85765 1.61761 -0.0889709
0.0575325 -0.0209324 -0.136674
-1.85765 1.61761 -0.0889709
0.0574612 -0.0209087 -0.136678
-1.85765 1.61761 -0.104311
0.057373 -0.0208983 -0.136679
-1.85765 1.61761 -0.104311
0.0573659 -0.0208796 -0.136672
-1.85765 1.61761 -0.104311
0.0573463 -0.0208732 -0.136648
-1.85765 1.61761 -0.119651
0.0573095 -0.0208535 -0.136627
-1.85765 1.61761 -0.119651
0.0572378 -0.0208563 -0.136626
-1.85765 1.61761 -0.119651
0.0572417 -0.0208646 -0.136602
-1.85765 1.61761 -0.133456
0.057191 -0.0208572 -0.136605
-1.85765 1.61761 -0.133456
0.057171 -0.0208901 -0.136566
-1.85765 1.61761 -0.133456
0.0571462 -0.0208314 -0.136606
-1.85765 1.61761 -0.14266
0.0572036 -0.0208582 -0.136599
-1.85765 1.61761 -0.14266
0.0572112 -0.0208524 -0.136611
-1.85765 1.61761 -0.14266
0.0572137 -0.0208569 -0.136622
-1.85765 1.61761 -0.147262
0.057202 -0.0208535 -0.136612
-1.85765 1.61761 -0.147262
0.0572001 -0.0208552 -0.136614
-1.85765 1.61761 -0.147262
0.0572078 -0.0208712 -0.136599
-1.85765 1.61607 -0.15033
0.0571732 -0.0208602 -0.13659
-1.85765 1.61607 -0.15033
0.0571701 -0.0208429 -0.136585
-1.85765 1.61607 -0.15033
0.0571892 -0.0208469 -0.136601
-1.85765 1.61607 -0.151864
0.0572113 -0.0208546 -0.136621
-1.85765 1.61607 -0.151864
0.0572162 -0.0208597 -0.136614
-1.85765 1.61607 -0.151864
0.0572071 -0.0208475 -0.13662
-1.85765 1.61761 -0.153398
0.0572021 -0.0208636 -0.136619
-1.85765 1.61761 -0.153398
0.057189 -0.020856 -0.136587
-1.85765 1.61761 -0.153398
0.057188 -0.0208461 -0.136582
-1.85765 1.61761 -0.153398
0.0571852 -0.0208606 -0.13658
-1.85765 1.61761 -0.153398
0.0571882 -0.020848 -0.136598
-1.85765 1.61761 -0.153398
0.0571945 -0.0208198 -0.136624
-1.85765 1.61761 -0.153398
0.0572354 -0.0208523 -0.136612
-1.85765 1.61761 -0.153398
0.0572134 -0.0208605 -0.136599
-1.85765 1.61761 -0.153398
0.0572267 -0.0208345 -0.136625
-1.85765 1.61761 -0.154932
0.0572446 -0.0208425 -0.136625
-1.85765 1.61761 -0.154932
0.0572534 -0.0208461 -0.13663
-1.85765 1.61761 -0.154932
0.057223 -0.0208542 -0.13661
-1.85765 1.61607 -0.154932
0.0571923 -0.0208461 -0.136587
-1.85765 1.61607 -0.154932
0.057188 -0.020838 -0.136614
-1.85765 1.61607 -0.154932
0.0571941 -0.0208806 -0.136621
-1.85765 1.61761 -0.154932
0.0571703 -0.0208641 -0.136613
-1.85765 1.61761 -0.154932
0.0572072 -0.0208296 -0.136603
-1.85765 1.61761 -0.154932
0.0572294 -0.0208486 -0.136601
-1.85765 1.61761 -0.154932
0.05723 -0.0208489 -0.136598
-1.85765 1.61761 -0.154932
0.0572199 -0.0208397 -0.136605
-1.85765 1.61761 -0.154932
0.0572116 -0.0208563 -0.136628
-1.85765 1.61761 -0.154932
0.0572223 -0.0208663 -0.136614
-1.85765 1.61761 -0.154932
0.0571954 -0.0208713 -0.136609
-1.85765 1.61761 -0.154932
0.0571799 -0.0208503 -0.136603
-1.85765 1.61761 -0.154932
0.057186 -0.0208278 -0.136613
-1.85765 1.61761 -0.154932
0.0572281 -0.0208453 -0.136607
-1.85765 1.61761 -0.154932
0.0572178 -0.0208727 -0.136615
-1.85765 1.61607 -0.154932
0.0572021 -0.0208491 -0.136622
-1.85765 1.61607 -0.154932
0.0572221 -0.0208379 -0.136605
-1.85765 1.61607 -0.154932
0.0572073 -0.0208585 -0.136618
-1.85765 1.61761 -0.154932
0.0572422 -0.0208702 -0.136626
-1.85765 1.61761 -0.154932
0.0572815 -0.0208735 -0.136623
-1.85765 1.61761 -0.154932
0.0573595 -0.0209143 -0.136565
-1.85765 1.61761 -0.154932
0.057434 -0.0209202 -0.136506
-1.85765 1.61761 -0.154932
0.0576302 -0.0209485 -0.13648
-1.85765 1.61761 -0.154932
0.0578635 -0.0210093 -0.136464
-1.85765 1.61761 -0.154932
0.058155 -0.0210754 -0.136402
-1.85765 1.61761 -0.154932
0.0584765 -0.0211213 -0.13631
-1.85765 1.61761 -0.154932
0.0588761 -0.0211393 -0.13625
-1.85765 1.61761 -0.154932
0.0592546 -0.0212672 -0.136163
-1.85765 1.61761 -0.154932
0.0596047 -0.0213719 -0.136046
-1.85765 1.61761 -0.154932
0.0599228 -0.0214852 -0.135909
-1.85765 1.61761 -0.154932
0.0601352 -0.0215363 -0.135811
-1.85765 1.61761 -0.154932
0.0603681 -0.0216025 -0.135714
-1.85765 1.61761 -0.154932
0.0605951 -0.0216589 -0.13564
-1.85765 1.61761 -0.154932
0.0608541 -0.0217248 -0.135558
-1.85765 1.61761 -0.154932
0.0610721 -0.0217761 -0.135487
-1.85765 1.61761 -0.154932
0.0612413 -0.0218372 -0.135409
-1.85765 1.61607 -0.154932
0.061349 -0.0218577 -0.135356
-1.85765 1.61607 -0.154932
0.0614892 -0.0218898 -0.135295
-1.85765 1.61607 -0.154932
0.0615721 -0.0219443 -0.135266
-1.85765 1.61761 -0.156466
0.0616333 -0.0219703 -0.135229
-1.85765 1.61761 -0.156466
0.0617071 -0.0219705 -0.135206
-1.85765 1.61761 -0.156466
0.061759 -0.0219629 -0.135213
-1.85765 1.61761 -0.162602
0.0618667 -0.0220095 -0.135187
-1.85765 1.61761 -0.162602
0.0618837 -0.0220242 -0.135151
-1.85765 1.61761 -0.162602
0.0618517 -0.0220028 -0.135161
-1.85765 1.61761 -0.171806
0.0619295 -0.022032 -0.135142
-1.85765 1.61761 -0.171806
0.0619431 -0.0220253 -0.135136
-1.85765 1.61761 -0.171806
0.062001 -0.0220365 -0.135119
-1.85765 1.61761 -0.187146
0.0619737 -0.0220346 -0.135159
-1.85765 1.61761 -0.187146
0.0620156 -0.0220369 -0.13511
-1.85765 1.61761 -0.187146
0.0620385 -0.0220183 -0.135124
-1.85765 1.61761 -0.202485
0.0620895 -0.0220408 -0.135115
-1.85765 1.61761 -0.202485
0.0620739 -0.0220211 -0.135142
-1.85765 1.61761 -0.202485
0.0620852 -0.0220414 -0.135142
-1.85765 1.61761 -0.214757
0.0620781 -0.0220524 -0.135127
-1.85765 1.61761 -0.214757
0.0620823 -0.0220792 -0.135085
-1.85765 1.61761 -0.214757
0.062075 -0.0220616 -0.135074
-1.85765 1.61761 -0.222427
0.0620839 -0.0220569 -0.135079
-1.85765 1.61761 -0.222427
0.0620932 -0.022064 -0.135084
-1.85765 1.61761 -0.222427
0.0621154 -0.022052 -0.135079
-1.85765 1.61761 -0.227029
0.0621013 -0.0220632 -0.135099
-1.85765 1.61761 -0.227029
0.0620982 -0.0220668 -0.1351
-1.85765 1.61761 -0.227029
0.0620765 -0.0220605 -0.135113
-1.85765 1.61761 -0.230097
0.0620937 -0.0220621 -0.135092
-1.85765 1.61761 -0.230097
0.0620692 -0.0220443 -0.135115
-1.85765 1.61761 -0.230097
0.0621115 -0.0220574 -0.135118
-1.85765 1.61761 -0.231631
0.0621186 -0.0220942 -0.135117
-1.85765 1.61761 -0.231631
0.0621166 -0.0220615 -0.135068
-1.85765 1.61761 -0.231631
0.0620866 -0.0220677 -0.13505
-1.85765 1.61761 -0.231631
0.0620629 -0.0220435 -0.13507
-1.85765 1.61761 -0.231631
0.0620732 -0.0220569 -0.135092
-1.85765 1.61761 -0.231631
0.0620538 -0.0220685 -0.135105
-1.85765 1.61761 -0.231631
0.0621058 -0.0220496 -0.135089
-1.85765 1.61761 -0.231631
0.062118 -0.0220904 -0.135084
-1.85765 1.61761 -0.231631
0.0621152 -0.0220672 -0.135102
-1.85765 1.61761 -0.231631
0.0621322 -0.0220571 -0.13511
-1.85765 1.61761 -0.231631
0.0621693 -0.0220388 -0.135142
-1.85765 1.61761 -0.231631
0.0621863 -0.0220707 -0.135126
-1.85765 1.61761 -0.233165
0.0621729 -0.0220634 -0.13511
-1.85765 1.61761 -0.233165
0.062172 -0.0220694 -0.135071
-1.85765 1.61761 -0.233165
0.0621304 -0.0220778 -0.135087
-1.85765 1.61761 -0.233165
0.0621754 -0.0220407 -0.135091
-1.85765 1.61761 -0.233165
0.0622401 -0.0220804 -0.135125
-1.85765 1.61761 -0.233165
0.0623827 -0.0221234 -0.135125
-1.85765 1.61761 -0.233165
0.0626383 -0.0203248 -0.13527
-1.82851 1.56082 -0.13499
0.0625721 -0.0203172 -0.135267
-1.82851 1.56082 -0.13499
0.0624868 -0.0202641 -0.135234
-1.82851 1.56082 -0.13499
0.0624288 -0.0202808 -0.135219
-1.82851 1.56082 -0.14266
0.0623524 -0.0202444 -0.135199
-1.82851 1.56082 -0.14266
0.062317 -0.0202141 -0.13522
-1.82851 1.56082 -0.14266
0.0623596 -0.0202514 -0.135227
-1.82851 1.56082 -0.148796
0.0623382 -0.0202495 -0.135236
-1.82851 1.56082 -0.148796
0.0623271 -0.0202311 -0.135246
-1.82851 1.56082 -0.148796
0.0623277 -0.0202391 -0.135227
-1.82851 1.56082 -0.151864
0.0623107 -0.0202313 -0.135229
-1.82851 1.56082 -0.151864
0.0623424 -0.02022 -0.135231
-1.82851 1.56082 -0.151864
0.0623486 -0.020225 -0.135247
-1.82851 1.56082 -0.153398
0.0623667 -0.0202426 -0.13523
-1.82851 1.56082 -0.153398
0.0623745 -0.0202252 -0.135231
-1.82851 1.56082 -0.153398
0.0623646 -0.020223 -0.135249
-1.82697 1.56082 -0.153398
0.0623437 -0.0202292 -0.135246
-1.82697 1.56082 -0.153398
0.0623224 -0.020219 -0.135239
-1.82697 1.56082 -0.153398
0.0623303 -0.0202025 -0.135223
-1.82851 1.56082 -0.153398
0.0623339 -0.0202341 -0.135239
-1.82851 1.56082 -0.153398
0.0623316 -0.0202331 -0.135227
-1.82851 1.56082 -0.153398
0.0623197 -0.0202302 -0.135217
-1.82851 1.56082 -0.153398
0.0623109 -0.0202101 -0.135215
-1.82851 1.56082 -0.153398
0.0623444 -0.0202247 -0.135215
-1.82851 1.56082 -0.153398
0.0623551 -0.0202433 -0.135223
-1.82851 1.56082 -0.154932
0.0623393 -0.0202348 -0.135237
-1.82851 1.56082 -0.154932
0.0623192 -0.020232 -0.13524
-1.82851 1.56082 -0.154932
0.0623068 -0.0202244 -0.135225
-1.82851 1.56082 -0.154932
0.0623206 -0.0202311 -0.135208
-1.82851 1.56082 -0.154932
0.0622888 -0.0202221 -0.135249
-1.82851 1.56082 -0.154932
0.0623225 -0.0202307 -0.135228
-1.82851 1.56082 -0.154932
0.0623306 -0.0202166 -0.135253
-1.82851 1.56082 -0.154932
0.0623112 -0.0202477 -0.135251
-1.82851 1.56082 -0.154932
0.0623246 -0.0202244 -0.13523
-1.82851 1.56082 -0.154932
0.0623461 -0.0202216 -0.135203
-1.82851 1.56082 -0.154932
0.0623385 -0.0202194 -0.135214
-1.82851 1.56082 -0.154932
0.0623063 -0.0202112 -0.13525
-1.82851 1.56082 -0.154932
0.0623311 -0.0202092 -0.135241
-1.82851 1.56082 -0.154932
0.0623285 -0.0202252 -0.135227
-1.82851 1.56082 -0.154932
0.0623077 -0.0202349 -0.135217
-1.82851 1.56082 -0.154932
0.0622908 -0.0202375 -0.135227
-1.82851 1.56082 -0.154932
0.062307 -0.020229 -0.135217
-1.82851 1.56082 -0.154932
0.0623132 -0.0202078 -0.135247
-1.82851 1.56082 -0.154932
0.0623263 -0.0202219 -0.135223
-1.82851 1.56082 -0.154932
0.0622968 -0.0202426 -0.135228
-1.82851 1.56082 -0.154932
0.0622867 -0.0202228 -0.135228
-1.82851 1.56082 -0.154932
0.0623374 -0.0202078 -0.135232
-1.82851 1.56082 -0.154932
0.0623274 -0.0202228 -0.135244
-1.82851 1.56082 -0.154932
0.0623126 -0.0202154 -0.135233
-1.82851 1.56082 -0.154932
0.0623021 -0.0202123 -0.135223
-1.82851 1.56082 -0.154932
0.0623212 -0.0202329 -0.135209
-1.82851 1.56082 -0.154932
0.0623115 -0.0202263 -0.135219
-1.82851 1.56082 -0.154932
0.0623055 -0.0202304 -0.135233
-1.82851 1.56082 -0.154932
0.0623139 -0.0202294 -0.135238
-1.82851 1.56082 -0.154932
0.0623408 -0.0202155 -0.135238
-1.82851 1.56082 -0.154932
0.06233 -0.0202195 -0.135249
-1.82851 1.56082 -0.154932
0.0623382 -0.0202056 -0.135224
-1.82851 1.56082 -0.154932
0.0622917 -0.0201905 -0.135251
-1.82851 1.56082 -0.154932
0.0622864 -0.0202026 -0.135249
-1.82851 1.56082 -0.154932
0.0622273 -0.0201921 -0.135244
-1.82851 1.56082 -0.154932
0.0621659 -0.0201741 -0.13526
-1.82851 1.56082 -0.154932
0.0620238 -0.0201151 -0.135311
-1.82851 1.56082 -0.154932
0.0618383 -0.0200358 -0.135404
-1.82851 1.56082 -0.154932
0.0614374 -0.0199059 -0.135622
-1.82851 1.56082 -0.154932
0.0610914 -0.0198057 -0.135786
-1.82851 1.56082 -0.154932
0.0604156 -0.019605 -0.136022
-1.82851 1.56082 -0.154932
0.0599655 -0.0195144 -0.13617
-1.82851 1.56082 -0.158
0.0595654 -0.019463 -0.13628
-1.82851 1.56082 -0.158
0.0594254 -0.019408 -0.136288
-1.82851 1.56082 -0.158
0.0591777 -0.0192897 -0.136421
-1.82851 1.56082 -0.161068
0.0590728 -0.0192333 -0.13651
-1.82851 1.56082 -0.161068
0.0589483 -0.0191851 -0.136589
-1.82851 1.56082 -0.161068
0.0587866 -0.0191647 -0.136641
-1.82851 1.56082 -0.171806
0.0585253 -0.0190865 -0.136676
-1.82851 1.56082 -0.171806
0.0584765 -0.0190731 -0.136679
-1.82851 1.56082 -0.171806
0.0583939 -0.0190772 -0.136726
-1.82851 1.56082 -0.187146
0.0582972 -0.0190804 -0.136766
-1.82851 1.56082 -0.187146
0.0581219 -0.019076 -0.136776
-1.82851 1.56082 -0.187146
0.0580351 -0.0190867 -0.13677
-1.82851 1.56082 -0.200951
0.0579344 -0.0190816 -0.136781
-1.82851 1.56082 -0.200951
0.0578565 -0.0190616 -0.136787
-1.82851 1.56082 -0.200951
0.0578327 -0.0190641 -0.136742
-1.82851 1.56082 -0.213223
0.0577316 -0.0190416 -0.136781
-1.82851 1.56082 -0.213223
0.0577285 -0.0190602 -0.136803
-1.82851 1.56082 -0.213223
0.0577357 -0.0190228 -0.136801
-1.82851 1.56082 -0.222427
0.057764 -0.01905 -0.136834
-1.82851 1.56082 -0.222427
0.0578354 -0.0190109 -0.136846
-1.82851 1.56082 -0.222427
0.0578445 -0.0190389 -0.136855
-1.82851 1.56082 -0.227029
0.0578036 -0.0190311 -0.136843
-1.82851 1.56082 -0.227029
0.0578056 -0.0190376 -0.13682
-1.82851 1.56082 -0.227029
0.0577541 -0.0190419 -0.136796
-1.82851 1.56082 -0.230097
0.0577515 -0.0190333 -0.136803
-1.82851 1.56082 -0.230097
0.0577665 -0.0190231 -0.13681
-1.82851 1.56082 -0.230097
0.0577722 -0.0190212 -0.136836
-1.82851 1.56082 -0.231631
0.0577631 -0.0190272 -0.136845
-1.82851 1.56082 -0.231631
0.0577931 -0.019042 -0.136818
-1.82851 1.56082 -0.231631
0.0578213 -0.0190208 -0.136826
-1.82851 1.56082 -0.233165
0.057812 -0.0190223 -0.136857
-1.82851 1.56082 -0.233165
0.0578007 -0.0190284 -0.136857
-1.82851 1.56082 -0.233165
0.0577859 -0.0190359 -0.136849
-1.82851 1.56082 -0.231631
0.0577673 -0.0190382 -0.136811
-1.82851 1.56082 -0.231631
0.0577615 -0.0190132 -0.136815
-1.82851 1.56082 -0.231631
0.0577487 -0.0190381 -0.136848
-1.82851 1.56082 -0.233165
0.057757 -0.0190253 -0.136852
-1.82851 1.56082 -0.233165
0.0577986 -0.0190208 -0.136848
-1.82851 1.56082 -0.233165
0.0577973 -0.019011 -0.136869
-1.82851 1.56082 -0.233165
0.0577791 -0.0190276 -0.136855
-1.82851 1.56082 -0.233165
0.0577531 -0.0190359 -0.136838
-1.82851 1.56082 -0.233165
0.0577434 -0.0190401 -0.136808
-1.82851 1.56082 -0.233165
0.0577274 -0.019044 -0.136792
-1.82851 1.56082 -0.233165
0.0577432 -0.0190487 -0.136818
-1.82851 1.56082 -0.233165
0.0577734 -0.0190406 -0.13681
-1.82851 1.56082 -0.233165
0.0577878 -0.0190385 -0.136827
-1.82851 1.56082 -0.233165
0.0577992 -0.0190278 -0.136835
-1.82851 1.56082 -0.233165
0.0578257 -0.0190522 -0.13684
-1.82851 1.56082 -0.233165
0.0578361 -0.0190435 -0.136853
-1.82851 1.56082 -0.233165
0.0578186 -0.0190407 -0.136839
-1.82851 1.56082 -0.233165
0.0578268 -0.0190499 -0.136848
-1.82851 1.56082 -0.233165
0.057889 -0.0190579 -0.13683
-1.82851 1.56082 -0.233165
0.0580927 -0.019099 -0.136866
-1.82851 1.56082 -0.233165
0.0586633 -0.0192317 -0.136888
-1.82851 1.56082 -0.233165
0.0595883 -0.0194188 -0.137075
-1.82851 1.56082 -0.233165
0.0600605 -0.0195237 -0.137245
-1.82851 1.56082 -0.233165
0.0608571 -0.0197814 -0.137481
-1.82851 1.56082 -0.233165
0.06136 -0.0199409 -0.137554
-1.82851 1.56082 -0.233165
0.0620127 -0.0201788 -0.137698
-1.82851 1.56082 -0.233165
0.0624867 -0.0202988 -0.137787
-1.82851 1.56082 -0.234699
0.0541385 -0.0183305 -0.138467
-1.82851 1.44418 -0.082835
0.053862 -0.0182461 -0.138391
-1.82851 1.44418 -0.0889709
0.0536807 -0.0182114 -0.138358
-1.82851 1.44418 -0.0889709
0.0534644 -0.0181387 -0.138304
-1.82851 1.44418 -0.0889709
0.053399 -0.018085 -0.138262
-1.82851 1.44418 -0.104311
0.0532459 -0.0180701 -0.138228
-1.82851 1.44418 -0.104311
0.0531797 -0.0180429 -0.138184
-1.82851 1.44418 -0.104311
0.0530777 -0.0180091 -0.138168
-1.82851 1.44418 -0.119651
0.0530247 -0.0179817 -0.138129
-1.82851 1.44418 -0.119651
0.052963 -0.0179481 -0.138141
-1.82851 1.44418 -0.119651
0.0529414 -0.0179537 -0.138139
-1.82851 1.44418 -0.13499
0.0529336 -0.0179199 -0.138128
-1.82851 1.44418 -0.13499
0.0529207 -0.0179116 -0.138113
-1.82851 1.44418 -0.13499
0.0528736 -0.0178896 -0.138145
-1.82851 1.44418 -0.14266
0.0528801 -0.017881 -0.138146
-1.82851 1.44418 -0.14266
0.0528929 -0.0178832 -0.138144
-1.82851 1.44418 -0.14266
0.0528744 -0.0178785 -0.13813
-1.82851 1.44418 -0.148796
0.052874 -0.0178739 -0.138116
-1.82851 1.44418 -0.148796
0.0528688 -0.0178698 -0.138135
-1.82851 1.44418 -0.148796
0.052872 -0.0178649 -0.138137
-1.82851 1.44418 -0.15033
0.0528709 -0.0178917 -0.138127
-1.82851 1.44418 -0.15033
0.0528639 -0.0178856 -0.13813
-1.82851 1.44418 -0.15033
0.0528481 -0.017861 -0.138133
-1.82851 1.44418 -0.153398
0.0528546 -0.0178691 -0.138134
-1.82851 1.44418 -0.153398
0.0528792 -0.0178889 -0.138127
-1.82851 1.44418 -0.153398
0.0528874 -0.0178796 -0.138127
-1.82851 1.44418 -0.153398
0.0528796 -0.0178677 -0.138129
-1.82851 1.44418 -0.153398
0.0528566 -0.0178709 -0.138132
-1.82851 1.44418 -0.153398
0.0528582 -0.0178533 -0.138115
-1.82851 1.44265 -0.153398
0.0528839 -0.0178608 -0.138117
-1.82851 1.44265 -0.153398
0.0528732 -0.0178751 -0.138135
-1.82851 1.44265 -0.153398
0.0528871 -0.0178787 -0.138138
-1.82851 1.44265 -0.154932
0.0529026 -0.0178677 -0.138145
-1.82851 1.44265 -0.154932
0.0529027 -0.0178803 -0.138143
-1.82851 1.44265 -0.154932
0.0528678 -0.0178616 -0.138139
-1.82851 1.44418 -0.154932
0.052866 -0.0178491 -0.138144
-1.82851 1.44418 -0.154932
0.0528943 -0.0178627 -0.138124
-1.82851 1.44418 -0.154932
0.0528563 -0.0178708 -0.138136
-1.82851 1.44418 -0.154932
0.0528681 -0.0178689 -0.138097
-1.82851 1.44418 -0.154932
0.0528656 -0.0178719 -0.138111
-1.82851 1.44418 -0.154932
0.0528796 -0.0178867 -0.138098
-1.82851 1.44418 -0.154932
0.0528698 -0.0178605 -0.138122
-1.82851 1.44418 -0.154932
0.0528941 -0.0178672 -0.138107
-1.82851 1.44418 -0.154932
0.0528563 -0.0178788 -0.138112
-1.82851 1.44418 -0.154932
0.0528277 -0.0178927 -0.138082
-1.82851 1.44418 -0.154932
0.0528293 -0.0178766 -0.138082
-1.82851 1.44418 -0.154932
0.052824 -0.0178815 -0.13809
-1.82851 1.44265 -0.154932
0.0528448 -0.0178608 -0.138098
-1.82851 1.44265 -0.154932
0.0528378 -0.0178907 -0.138122
-1.82851 1.44265 -0.154932
0.0528306 -0.0179037 -0.138097
-1.82851 1.44265 -0.154932
0.0528141 -0.0178538 -0.138095
-1.82851 1.44265 -0.154932
0.0528611 -0.0178423 -0.138115
-1.82851 1.44265 -0.154932
0.0528754 -0.0178624 -0.138117
-1.82851 1.44265 -0.154932
0.052879 -0.0178608 -0.138114
-1.82851 1.44418 -0.154932
0.0528961 -0.0178568 -0.138108
-1.82851 1.44418 -0.154932
0.0528914 -0.0178655 -0.13814
-1.82851 1.44418 -0.154932
0.0529043 -0.0178514 -0.138141
-1.82851 1.44418 -0.156466
0.0528934 -0.0178484 -0.138147
-1.82851 1.44418 -0.156466
0.0528709 -0.0178541 -0.138124
-1.82851 1.44418 -0.156466
0.0528491 -0.0178582 -0.138094
-1.82851 1.44418 -0.156466
0.0528369 -0.0178649 -0.138094
-1.82851 1.44418 -0.156466
0.0528212 -0.0178665 -0.138114
-1.82851 1.44418 -0.156466
0.0528092 -0.0178549 -0.138102
-1.82851 1.44265 -0.156466
0.0528032 -0.0178522 -0.138118
-1.82851 1.44265 -0.156466
0.0528138 -0.0178318 -0.138117
-1.82851 1.44265 -0.156466
0.0528277 -0.0178225 -0.138111
-1.82851 1.44418 -0.154932
0.0527592 -0.0177778 -0.138158
-1.82851 1.44418 -0.154932
0.0525901 -0.0177027 -0.138266
-1.82851 1.44418 -0.154932
0.0524648 -0.0176093 -0.138326
-1.82851 1.44418 -0.154932
0.0522359 -0.0174482 -0.138456
-1.82851 1.44418 -0.154932
0.0620212 -0.017724 -0.137721
-1.79629 1.61761 -0.148796
0.0615624 -0.0176627 -0.137633
-1.79629 1.61761 -0.148796
0.0609459 -0.0176091 -0.137428
-1.79629 1.61761 -0.15033
0.0605301 -0.0176486 -0.137282
-1.79629 1.61761 -0.15033
0.0599388 -0.0176378 -0.137043
-1.79629 1.61761 -0.15033
0.0596702 -0.0176319 -0.136931
-1.79629 1.61761 -0.151864
0.0593833 -0.0175684 -0.136847
-1.79629 1.61761 -0.151864
0.0592633 -0.0175107 -0.136814
-1.79629 1.61761 -0.151864
0.0590835 -0.0174787 -0.136803
-1.79629 1.61761 -0.153398
0.0589746 -0.017441 -0.136794
-1.79629 1.61761 -0.153398
0.0588612 -0.0173791 -0.136762
-1.79629 1.61761 -0.153398
0.0587956 -0.017359 -0.136759
-1.79629 1.61761 -0.154932
0.0587126 -0.0173306 -0.136719
-1.79629 1.61761 -0.154932
0.0586731 -0.0173058 -0.136693
-1.79629 1.61761 -0.154932
0.0585969 -0.0172935 -0.136698
-1.79629 1.61607 -0.153398
0.0585614 -0.0173156 -0.136672
-1.79629 1.61607 -0.153398
0.0585029 -0.0173106 -0.136658
-1.79629 1.61607 -0.153398
0.0584745 -0.0172964 -0.13663
-1.79629 1.61761 -0.154932
0.0584223 -0.0172814 -0.136625
-1.79629 1.61761 -0.154932
0.0584424 -0.017274 -0.136621
-1.79629 1.61761 -0.154932
0.0584314 -0.0172771 -0.136639
-1.79629 1.61607 -0.154932
0.0584289 -0.0172506 -0.136648
-1.79629 1.61607 -0.154932
0.0584277 -0.0172651 -0.136638
-1.79629 1.61607 -0.154932
0.0584737 -0.0172926 -0.136595
-1.79629 1.61761 -0.154932
0.0584406 -0.0172958 -0.1366
-1.79629 1.61761 -0.154932
0.0583849 -0.0172946 -0.136613
-1.79629 1.61761 -0.154932
0.0584021 -0.0172905 -0.136621
-1.79629 1.61761 -0.154932
0.0584521 -0.017244 -0.136632
-1.79629 1.61761 -0.154932
0.0584693 -0.0172648 -0.136662
-1.79629 1.61761 -0.154932
0.0584431 -0.0172845 -0.136663
-1.79629 1.61761 -0.154932
0.0584396 -0.0172603 -0.136627
-1.79629 1.61761 -0.154932
0.0584175 -0.0172468 -0.136616
-1.79629 1.61761 -0.154932
0.0584256 -0.0172567 -0.136611
-1.79629 1.61761 -0.154932
0.058418 -0.0173011 -0.136601
-1.79629 1.61761 -0.154932
0.0583969 -0.0172927 -0.1366
-1.79629 1.61761 -0.154932
0.0584022 -0.0172639 -0.136628
-1.79629 1.61607 -0.156466
0.0584295 -0.0172767 -0.13663
-1.79629 1.61607 -0.156466
0.0584158 -0.0172808 -0.136658
-1.79629 1.61761 -0.154932
0.0584295 -0.0172602 -0.136645
-1.79629 1.61761 -0.154932
0.0584743 -0.0172615 -0.136636
-1.79629 1.61761 -0.154932
0.0584519 -0.0172748 -0.136659
-1.79629 1.61607 -0.154932
0.0584434 -0.0172657 -0.136623
-1.79629 1.61607 -0.154932
0.0584238 -0.0172855 -0.136634
-1.79629 1.61607 -0.154932
0.0583983 -0.0172884 -0.136602
-1.79629 1.61607 -0.154932
0.0583877 -0.0172751 -0.136614
-1.79629 1.61761 -0.154932
0.0584266 -0.0172743 -0.136613
-1.79629 1.61761 -0.154932
0.0584384 -0.0172799 -0.136637
-1.79629 1.61761 -0.154932
0.0584552 -0.0172602 -0.136628
-1.79629 1.61761 -0.154932
0.0584532 -0.0172734 -0.136657
-1.79629 1.61761 -0.154932
0.0584547 -0.0172637 -0.136662
-1.79629 1.61761 -0.154932
0.0584417 -0.0172733 -0.136648
-1.79629 1.61761 -0.154932
0.0584287 -0.0172612 -0.136622
-1.79629 1.61761 -0.154932
0.0584153 -0.0172582 -0.136615
-1.79629 1.61761 -0.154932
0.0584432 -0.0172539 -0.136618
-1.79629 1.61761 -0.154932
0.0584255 -0.0172971 -0.136642
-1.79629 1.61761 -0.154932
0.0584381 -0.017278 -0.136622
-1.79629 1.61761 -0.154932
0.0584166 -0.0172654 -0.136629
-1.79629 1.61761 -0.154932
0.0584157 -0.017272 -0.136623
-1.79629 1.61761 -0.154932
0.0584135 -0.0172678 -0.136626
-1.79629 1.61761 -0.154932
0.0584125 -0.0172793 -0.136616
-1.79629 1.61761 -0.156466
0.0583926 -0.0172866 -0.136627
-1.79629 1.61761 -0.156466
0.0584036 -0.0172878 -0.136614
-1.79629 1.61761 -0.156466
0.0584528 -0.0172657 -0.136635
-1.79629 1.61761 -0.162602
0.0584578 -0.0172736 -0.136654
-1.79629 1.61761 -0.162602
0.0584355 -0.0172551 -0.136645
-1.79629 1.61761 -0.162602
0.0584558 -0.0172668 -0.136632
-1.79629 1.61761 -0.171806
0.0585264 -0.0172814 -0.136607
-1.79629 1.61761 -0.171806
0.0586101 -0.0173293 -0.136575
-1.79629 1.61761 -0.171806
0.0586947 -0.0173597 -0.13652
-1.79629 1.61761 -0.187146
0.0588477 -0.0173904 -0.136473
-1.79629 1.61761 -0.187146
0.0590897 -0.0174543 -0.136429
-1.79629 1.61761 -0.187146
0.0592614 -0.0174991 -0.136398
-1.79629 1.61761 -0.202485
0.0596003 -0.0175997 -0.136346
-1.79629 1.61761 -0.202485
0.059931 -0.0176609 -0.136288
-1.79629 1.61761 -0.202485
0.0602694 -0.0176808 -0.136215
-1.79629 1.61761 -0.214757
0.0607505 -0.0177142 -0.136097
-1.79629 1.61761 -0.214757
0.0610264 -0.0177194 -0.136014
-1.79629 1.61761 -0.214757
0.0613944 -0.0177302 -0.135911
-1.79629 1.61761 -0.223961
0.0616045 -0.017787 -0.135856
-1.79629 1.61761 -0.223961
0.0618817 -0.0178558 -0.135716
-1.79629 1.61761 -0.223961
0.0620084 -0.0178806 -0.135663
-1.79629 1.61761 -0.227029
0.062245 -0.0179723 -0.135528
-1.79629 1.61761 -0.227029
0.0623473 -0.0179879 -0.13546
-1.79629 1.61761 -0.227029
0.0624888 -0.0180174 -0.135416
-1.79629 1.61761 -0.230097
0.0625778 -0.0180623 -0.135373
-1.79629 1.61761 -0.230097
