339 3 3
0.11051 0.116289 0.115498
-0.757787 1.67593 -1.62755
0.110552 0.1163 0.115513
-0.757787 1.67593 -1.62755
0.110539 0.116326 0.11549
-0.757787 1.67593 -1.62755
0.110536 0.116297 0.115485
-0.757787 1.67593 -1.61375
0.11053 0.116309 0.115512
-0.757787 1.67593 -1.61375
0.110509 0.116322 0.115523
-0.757787 1.67593 -1.61375
0.110503 0.11632 0.11552
-0.757787 1.67593 -1.59687
0.11053 0.116315 0.115526
-0.757787 1.67593 -1.59687
0.110517 0.116304 0.115511
-0.757787 1.67593 -1.59687
0.110525 0.1163 0.115517
-0.757787 1.67593 -1.58307
0.110517 0.116323 0.115503
-0.757787 1.67593 -1.58307
0.110534 0.116324 0.1155
-0.757787 1.67593 -1.58307
0.110535 0.116331 0.115483
-0.757787 1.67593 -1.57386
0.110536 0.116315 0.115496
-0.757787 1.67593 -1.57386
0.110536 0.116318 0.115518
-0.757787 1.67593 -1.57386
0.11052 0.116321 0.115523
-0.757787 1.67593 -1.56926
0.110515 0.116338 0.115502
-0.757787 1.67593 -1.56926
0.110516 0.116318 0.115513
-0.757787 1.67593 -1.56926
0.110511 0.116318 0.115524
-0.75932 1.67593 -1.56466
0.11052 0.116338 0.115525
-0.75932 1.67593 -1.56466
0.110522 0.116321 0.115504
-0.75932 1.67593 -1.56466
0.110545 0.116309 0.11551
-0.757787 1.67593 -1.56466
0.110524 0.116322 0.115501
-0.757787 1.67593 -1.56466
0.110544 0.116328 0.115502
-0.757787 1.67593 -1.56466
0.110538 0.116315 0.115496
-0.75932 1.67593 -1.56466
0.110523 0.11632 0.1155
-0.75932 1.67593 -1.56466
0.110523 0.116322 0.115509
-0.75932 1.67593 -1.56466
0.110536 0.116322 0.1155
-0.757787 1.67593 -1.56466
0.110541 0.116317 0.115482
-0.757787 1.67593 -1.56466
0.110558 0.116328 0.115495
-0.757787 1.67593 -1.56466
0.110554 0.116316 0.115488
-0.757787 1.67593 -1.56466
0.110543 0.116319 0.115488
-0.757787 1.67593 -1.56466
0.110548 0.116343 0.115496
-0.757787 1.67593 -1.56466
0.110529 0.11632 0.115501
-0.757787 1.67593 -1.56466
0.110514 0.116322 0.115514
-0.757787 1.67593 -1.56466
0.110535 0.116335 0.115495
-0.757787 1.67593 -1.56466
0.110543 0.116318 0.115478
-0.757787 1.67593 -1.56466
0.110533 0.116323 0.115476
-0.757787 1.67593 -1.56466
0.110546 0.116325 0.115491
-0.757787 1.67593 -1.56466
0.11055 0.116337 0.115485
-0.757787 1.67593 -1.56466
0.110538 0.116324 0.115478
-0.757787 1.67593 -1.56466
0.110546 0.116302 0.115497
-0.757787 1.67593 -1.56466
0.110538 0.116316 0.115511
-0.757787 1.67593 -1.56466
0.110531 0.116321 0.1155
-0.757787 1.67593 -1.56466
0.110535 0.116325 0.115487
-0.757787 1.67593 -1.56466
0.110535 0.116315 0.115485
-0.757787 1.67593 -1.56466
0.110516 0.116313 0.115494
-0.757787 1.67593 -1.56466
0.110519 0.116319 0.115496
-0.757787 1.67593 -1.56466
0.110541 0.116324 0.115498
-0.75932 1.67593 -1.56466
0.110532 0.116321 0.115492
-0.75932 1.67593 -1.56466
0.110547 0.11635 0.11549
-0.75932 1.67593 -1.56466
0.110573 0.116435 0.11543
-0.757787 1.67593 -1.56313
0.110655 0.116532 0.115365
-0.757787 1.67593 -1.56313
0.110797 0.11665 0.115215
-0.757787 1.67593 -1.56313
0.110915 0.116797 0.115095
-0.757787 1.67593 -1.56313
0.111148 0.117114 0.11483
-0.757787 1.67593 -1.56313
0.111573 0.117391 0.114805
-0.757787 1.7941 -2.58016
0.111333 0.11715 0.115067
-0.757787 1.7941 -2.58016
0.111179 0.116963 0.115216
-0.75932 1.7941 -2.58016
0.111093 0.116842 0.115332
-0.75932 1.7941 -2.58016
0.110991 0.116702 0.115488
-0.75932 1.7941 -2.58016
0.110932 0.116627 0.115559
-0.757787 1.7941 -2.58016
0.11084 0.11647 0.115637
-0.757787 1.7941 -2.58016
0.110787 0.116382 0.11572
-0.757787 1.7941 -2.58016
0.110684 0.116312 0.115839
-0.75932 1.7941 -2.58016
0.110629 0.116274 0.115871
-0.75932 1.7941 -2.58016
0.110606 0.116224 0.115911
-0.75932 1.7941 -2.58016
0.110662 0.116525 0.11559
-0.757787 1.7941 -1.40973
0.111144 0.117045 0.11501
-0.757787 1.7941 -1.40819
0.104849 0.116337 0.115684
-0.731709 1.97213 -1.22258
0.10516 0.116635 0.115333
-0.731709 1.97213 -1.22258
0.105573 0.117139 0.114864
-0.731709 1.97213 -1.22258
0.106595 0.11838 0.114988
-0.731709 1.85549 -2.73816
0.106276 0.118049 0.115372
-0.731709 1.85395 -2.73662
0.105883 0.117576 0.115822
-0.731709 1.85395 -2.73662
0.105701 0.117265 0.11609
-0.731709 1.85395 -2.73662
0.105345 0.116881 0.116558
-0.731709 1.85395 -2.73662
0.104973 0.116591 0.116974
-0.731709 1.85395 -2.73662
0.104694 0.116414 0.11726
-0.731709 1.85395 -2.73662
0.104531 0.11623 0.118447
-0.731709 1.85242 -1.40819
0.104544 0.116257 0.118439
-0.731709 1.85395 -1.40819
0.104566 0.116266 0.118425
-0.731709 1.85395 -1.40819
0.104569 0.116254 0.118424
-0.731709 1.85395 -1.40819
0.104554 0.116252 0.11843
-0.731709 1.85395 -1.40666
0.104539 0.116249 0.118448
-0.731709 1.85395 -1.40666
0.104539 0.116258 0.118453
-0.731709 1.85395 -1.40666
0.10453 0.116264 0.118423
-0.731709 1.85395 -1.40666
0.104535 0.116268 0.118429
-0.731709 1.85395 -1.40666
0.10454 0.116265 0.118425
-0.731709 1.85395 -1.40666
0.104547 0.116252 0.118437
-0.731709 1.85395 -1.40666
0.104542 0.116266 0.118456
-0.731709 1.85395 -1.40666
0.104508 0.116258 0.118445
-0.731709 1.85395 -1.40666
0.104533 0.116267 0.118438
-0.731709 1.85242 -1.40666
0.104553 0.116251 0.11843
-0.731709 1.85242 -1.40666
0.104564 0.116246 0.118438
-0.731709 1.85242 -1.40666
0.10455 0.116247 0.118433
-0.731709 1.85242 -1.40666
0.104548 0.116241 0.11844
-0.731709 1.85242 -1.40666
0.104554 0.116268 0.11845
-0.731709 1.85242 -1.40666
0.104558 0.116269 0.118435
-0.731709 1.85395 -1.40819
0.104565 0.116258 0.118436
-0.731709 1.85395 -1.40819
0.104552 0.116258 0.118434
-0.731709 1.85395 -1.40819
0.104542 0.116259 0.118446
-0.731709 1.85242 -1.40819
0.104521 0.116261 0.11847
-0.731709 1.85242 -1.40819
0.104511 0.116271 0.118465
-0.731709 1.85242 -1.40819
0.104526 0.116271 0.118443
-0.731709 1.85395 -1.40666
0.104542 0.116256 0.11843
-0.731709 1.85395 -1.40666
0.104536 0.116226 0.118441
-0.731709 1.85395 -1.40666
0.104526 0.116264 0.118454
-0.731709 1.85242 -1.40666
0.104521 0.116269 0.118445
-0.731709 1.85242 -1.40666
0.104544 0.11626 0.118437
-0.731709 1.85242 -1.40666
0.104541 0.116253 0.118435
-0.731709 1.85395 -1.40666
0.104548 0.116256 0.118443
-0.731709 1.85395 -1.40666
0.104534 0.116261 0.118448
-0.731709 1.85395 -1.40666
0.104524 0.116265 0.118447
-0.731709 1.85395 -1.40206
0.104523 0.116254 0.118453
-0.731709 1.85395 -1.40206
0.104527 0.116261 0.118451
-0.731709 1.85395 -1.40206
0.10455 0.116247 0.118439
-0.731709 1.85242 -1.39285
0.104549 0.116245 0.118446
-0.731709 1.85242 -1.39285
0.104537 0.116248 0.118463
-0.731709 1.85242 -1.39285
0.104509 0.116249 0.118471
-0.731709 1.85242 -1.37751
0.104491 0.116252 0.118452
-0.731709 1.85242 -1.37751
0.104513 0.11627 0.11846
-0.731709 1.85242 -1.37751
0.104531 0.116247 0.118433
-0.731709 1.85395 -1.36064
0.104543 0.116245 0.118434
-0.731709 1.85395 -1.36064
0.104554 0.11625 0.118441
-0.731709 1.85395 -1.36064
0.104527 0.116254 0.118431
-0.731709 1.85242 -1.34837
0.104542 0.116257 0.118439
-0.731709 1.85242 -1.34837
0.104548 0.116273 0.11842
-0.731709 1.85242 -1.34837
0.104568 0.11626 0.118416
-0.731709 1.85242 -1.33917
0.104575 0.116249 0.118429
-0.731709 1.85242 -1.33917
0.104565 0.116264 0.118436
-0.731709 1.85242 -1.33917
0.104551 0.116304 0.118421
-0.731709 1.85242 -1.33456
0.104574 0.116368 0.118357
-0.731709 1.85242 -1.33456
0.104671 0.116497 0.118268
-0.731709 1.85242 -1.33456
0.104826 0.116665 0.118068
-0.731709 1.85395 -1.32996
0.104967 0.116849 0.117883
-0.731709 1.85395 -1.32996
0.105225 0.117091 0.117612
-0.731709 1.85395 -1.32996
0.105388 0.117327 0.11738
-0.731709 1.85242 -1.32996
0.105723 0.117733 0.116947
-0.731709 1.85242 -1.32996
0.106016 0.11796 0.116587
-0.731709 1.85242 -1.32996
0.106446 0.118389 0.116064
-0.731709 1.85395 -1.32996
0.106824 0.118862 0.11563
-0.731709 1.85395 -1.32996
0.107163 0.11921 0.115296
-0.731709 1.85395 -1.32996
0.107651 0.119677 0.114783
-0.731709 1.85242 -1.32996
0.107942 0.119972 0.115068
-0.731709 1.73425 -2.58016
0.107659 0.119713 0.11534
-0.731709 1.73425 -2.58016
0.10729 0.119373 0.115688
-0.731709 1.73425 -2.58016
0.107109 0.119172 0.115868
-0.731709 1.73578 -2.58016
0.106913 0.118912 0.11611
-0.731709 1.73578 -2.58016
0.106814 0.118758 0.116223
-0.731709 1.73578 -2.58016
0.106692 0.118557 0.1164
-0.731709 1.73425 -2.58016
0.106598 0.118454 0.116497
-0.731709 1.73425 -2.58016
0.106494 0.118346 0.116605
-0.731709 1.73425 -2.58016
0.106395 0.118219 0.116711
-0.731709 1.73578 -2.58016
0.106345 0.118173 0.116812
-0.731709 1.73578 -2.58016
0.106244 0.118123 0.116886
-0.731709 1.73578 -2.58016
0.106237 0.118099 0.116922
-0.731709 1.73578 -2.58016
0.106233 0.118039 0.116963
-0.731709 1.73578 -2.58016
0.106225 0.118021 0.117001
-0.731709 1.73578 -2.58016
0.106198 0.118001 0.117052
-0.731709 1.73425 -2.58016
0.106159 0.117981 0.11708
-0.731709 1.73425 -2.58016
0.106139 0.117979 0.117095
-0.731709 1.73425 -2.58016
0.106125 0.117989 0.117093
-0.731709 1.73425 -2.58016
0.106141 0.117993 0.117083
-0.731709 1.73425 -2.58016
0.106159 0.117989 0.117072
-0.731709 1.73425 -2.58016
0.106165 0.117977 0.11707
-0.731709 1.73578 -2.58016
0.106163 0.117969 0.11708
-0.731709 1.73578 -2.58016
0.106155 0.117981 0.117112
-0.731709 1.73578 -2.58016
0.106136 0.11799 0.117103
-0.731709 1.73578 -2.58016
0.106141 0.117986 0.117091
-0.731709 1.73578 -2.58016
0.106152 0.117983 0.117095
-0.731709 1.73578 -2.58016
0.106146 0.117979 0.117078
-0.731709 1.73578 -2.57862
0.106163 0.117977 0.117091
-0.731709 1.73578 -2.57862
0.106162 0.117971 0.117098
-0.731709 1.73578 -2.57862
0.10615 0.117991 0.1171
-0.731709 1.73578 -2.57402
0.106146 0.117994 0.117094
-0.731709 1.73578 -2.57402
0.106147 0.117993 0.117097
-0.731709 1.73578 -2.57402
0.10615 0.117979 0.117091
-0.731709 1.73578 -2.56328
0.106157 0.117971 0.117083
-0.731709 1.73578 -2.56328
0.10617 0.117979 0.117084
-0.731709 1.73578 -2.56328
0.106162 0.117979 0.117091
-0.731709 1.73578 -2.54948
0.106138 0.117973 0.11709
-0.731709 1.73578 -2.54948
0.106131 0.117988 0.117102
-0.731709 1.73578 -2.54948
0.106128 0.117987 0.1171
-0.731709 1.73425 -2.53567
0.106139 0.117978 0.117099
-0.731709 1.73425 -2.53567
0.106148 0.117989 0.117094
-0.731709 1.73425 -2.53567
0.106152 0.117989 0.11709
-0.731709 1.73578 -2.5234
0.106148 0.117973 0.117094
-0.731709 1.73578 -2.5234
0.106134 0.117954 0.117102
-0.731709 1.73578 -2.5234
0.106107 0.117903 0.11715
-0.731709 1.73578 -2.51419
0.106053 0.11787 0.117208
-0.731709 1.73578 -2.51419
0.105932 0.117816 0.117297
-0.731709 1.73578 -2.51419
0.105864 0.117755 0.117364
-0.731709 1.73578 -2.50959
0.105768 0.117636 0.1175
-0.731709 1.73578 -2.50959
0.105687 0.117456 0.117683
-0.731709 1.73578 -2.50959
0.105551 0.117256 0.11786
-0.731709 1.73578 -2.50499
0.105285 0.116897 0.118185
-0.731709 1.73578 -2.50499
0.105041 0.116619 0.118446
-0.731709 1.73578 -2.50499
0.104626 0.116518 0.118638
-0.731709 1.73425 -1.56466
0.104989 0.116878 0.118319
-0.731709 1.73425 -1.56466
0.105205 0.117157 0.118044
-0.731709 1.73425 -1.56466
0.105504 0.117528 0.117703
-0.730175 1.73578 -1.56466
0.105698 0.117718 0.117538
-0.730175 1.73578 -1.56466
0.105913 0.117973 0.117275
-0.730175 1.73578 -1.56466
0.106044 0.11807 0.117121
-0.731709 1.73425 -1.56466
0.106172 0.118174 0.116946
-0.731709 1.73425 -1.56466
0.10622 0.118243 0.116854
-0.731709 1.73425 -1.56466
0.1063 0.118339 0.11677
-0.731709 1.73578 -1.56466
0.106381 0.118446 0.116675
-0.731709 1.73578 -1.56466
0.106425 0.118505 0.116607
-0.731709 1.73578 -1.56466
0.106502 0.11858 0.116525
-0.731709 1.73425 -1.56466
0.106546 0.118616 0.116475
-0.731709 1.73425 -1.56466
0.106605 0.118651 0.116448
-0.731709 1.73425 -1.56466
0.106637 0.118667 0.116433
-0.731709 1.73425 -1.56466
0.106653 0.118682 0.116416
-0.731709 1.73425 -1.56466
0.106634 0.118667 0.116404
-0.731709 1.73425 -1.56466
0.106614 0.11865 0.116434
-0.731709 1.73578 -1.56466
0.106593 0.118681 0.116467
-0.731709 1.73578 -1.56466
0.106588 0.118685 0.116455
-0.731709 1.73578 -1.56466
0.106607 0.118648 0.116447
-0.731709 1.73425 -1.56313
0.106601 0.118657 0.116439
-0.731709 1.73425 -1.56313
0.10662 0.118671 0.116427
-0.731709 1.73425 -1.56313
0.106627 0.118676 0.116434
-0.731709 1.73578 -1.56466
0.106634 0.118669 0.116441
-0.731709 1.73578 -1.56466
0.106613 0.118664 0.116435
-0.731709 1.73578 -1.56466
0.106615 0.118664 0.116446
-0.731709 1.73425 -1.56466
0.106604 0.118676 0.116443
-0.731709 1.73425 -1.56466
0.106621 0.118676 0.116448
-0.731709 1.73425 -1.56466
0.106619 0.118679 0.116425
-0.731709 1.73425 -1.56466
0.106627 0.118656 0.116429
-0.731709 1.73425 -1.56466
0.106625 0.118668 0.116456
-0.731709 1.73425 -1.56466
0.10662 0.118679 0.116433
-0.731709 1.73425 -1.56313
0.106629 0.118668 0.116438
-0.731709 1.73425 -1.56313
0.106619 0.11867 0.116454
-0.731709 1.73425 -1.56313
0.10661 0.118661 0.116457
-0.731709 1.73425 -1.56466
0.106614 0.11867 0.116448
-0.731709 1.73425 -1.56466
0.10662 0.118665 0.116443
-0.731709 1.73425 -1.56466
0.106644 0.118671 0.116438
-0.731709 1.73425 -1.56466
0.106635 0.118668 0.116429
-0.731709 1.73425 -1.56466
0.106623 0.118654 0.116425
-0.731709 1.73425 -1.56466
0.106607 0.118636 0.11644
-0.731709 1.73425 -1.56466
0.106599 0.118654 0.116445
-0.731709 1.73425 -1.56466
0.106608 0.118684 0.116449
-0.731709 1.73425 -1.56466
0.106602 0.118662 0.116441
-0.731709 1.73425 -1.56466
0.106603 0.118661 0.116419
-0.731709 1.73425 -1.56466
0.10661 0.118654 0.116435
-0.731709 1.73425 -1.56466
0.106615 0.11868 0.11644
-0.731709 1.73425 -1.56313
0.106619 0.118671 0.116439
-0.731709 1.73425 -1.56313
0.106616 0.118679 0.116438
-0.731709 1.73425 -1.56313
0.106632 0.118663 0.116439
-0.731709 1.73425 -1.55852
0.106626 0.118673 0.116444
-0.731709 1.73425 -1.55852
0.106616 0.118674 0.11644
-0.731709 1.73425 -1.55852
0.10662 0.118668 0.116442
-0.731709 1.73578 -1.54932
0.106622 0.118688 0.116447
-0.731709 1.73578 -1.54932
0.106631 0.118673 0.116443
-0.731709 1.73578 -1.54932
0.106635 0.118679 0.116438
-0.731709 1.73425 -1.53398
0.106627 0.118672 0.116447
-0.731709 1.73425 -1.53398
0.106611 0.118659 0.116445
-0.731709 1.73425 -1.53398
0.106606 0.118665 0.116456
-0.731709 1.73425 -1.51711
0.1066 0.118674 0.116459
-0.731709 1.73425 -1.51711
0.106599 0.118683 0.116444
-0.731709 1.73425 -1.51711
0.106615 0.118681 0.116441
-0.731709 1.73425 -1.5033
0.106633 0.11866 0.116442
-0.731709 1.73425 -1.5033
0.106618 0.118669 0.116429
-0.731709 1.73425 -1.5033
0.106614 0.118665 0.116442
-0.731709 1.73425 -1.4941
0.106626 0.118728 0.116412
-0.731709 1.73425 -1.4941
0.106673 0.118784 0.116364
-0.731709 1.73425 -1.4941
0.106768 0.118922 0.116247
-0.731709 1.73425 -1.4895
0.106878 0.119034 0.116148
-0.731709 1.73425 -1.4895
0.10707 0.119274 0.115938
-0.731709 1.73425 -1.4895
0.107225 0.119445 0.115753
-0.731709 1.73578 -1.48643
0.107513 0.119769 0.115512
-0.731709 1.73578 -1.48643
0.107737 0.120059 0.115294
-0.731709 1.73578 -1.48643
0.108125 0.120568 0.114874
-0.731709 1.73425 -1.48643
0.108116 0.12029 0.114742
-0.730175 1.61761 -2.42369
0.108053 0.120221 0.114812
-0.731709 1.61761 -2.42369
0.107976 0.120144 0.114886
-0.731709 1.61761 -2.42369
0.107927 0.1201 0.11494
-0.731709 1.61761 -2.42369
0.107858 0.120055 0.114984
-0.731709 1.61761 -2.42369
0.107841 0.12003 0.115012
-0.731709 1.61761 -2.42369
0.107846 0.12 0.115053
-0.731709 1.61761 -2.42369
0.107842 0.119992 0.115043
-0.731709 1.61914 -2.42369
0.107834 0.119968 0.115031
-0.731709 1.61914 -2.42369
0.107816 0.119953 0.115022
-0.731709 1.61914 -2.42369
0.107819 0.119946 0.115024
-0.731709 1.61914 -2.42369
0.1078 0.11994 0.115028
-0.731709 1.61914 -2.42369
0.107799 0.119958 0.115043
-0.731709 1.61914 -2.42369
0.107795 0.119982 0.115052
-0.731709 1.61914 -2.42369
0.107799 0.119972 0.115045
-0.731709 1.61761 -2.42369
0.107805 0.119966 0.115053
-0.731709 1.61761 -2.42369
0.107798 0.119965 0.115053
-0.731709 1.61761 -2.42369
0.107805 0.119978 0.115036
-0.731709 1.61761 -2.42369
0.107816 0.119956 0.115037
-0.731709 1.61761 -2.42369
0.107791 0.119968 0.115036
-0.731709 1.61761 -2.42369
0.107803 0.119959 0.115053
-0.731709 1.61914 -2.42369
0.107791 0.119954 0.11505
-0.731709 1.61914 -2.42369
0.107792 0.119974 0.115039
-0.731709 1.61914 -2.42369
0.107826 0.119971 0.115059
-0.731709 1.61761 -2.42369
0.10781 0.119968 0.115056
-0.731709 1.61761 -2.42369
0.107795 0.119971 0.115064
-0.731709 1.61761 -2.42369
0.107786 0.11996 0.115064
-0.731709 1.61914 -2.42369
0.107792 0.11998 0.115042
-0.731709 1.61914 -2.42369
0.10781 0.11996 0.115048
-0.731709 1.61914 -2.42369
0.107782 0.11994 0.115037
-0.731709 1.61761 -2.42369
0.107794 0.119959 0.115026
-0.731709 1.61761 -2.42369
0.10781 0.119938 0.115016
-0.731709 1.61761 -2.42369
0.107816 0.119946 0.115053
-0.731709 1.61914 -2.42369
0.107795 0.119945 0.115048
-0.731709 1.61914 -2.42369
0.107766 0.119905 0.115068
-0.731709 1.61914 -2.42369
0.107737 0.119862 0.115092
-0.731709 1.61914 -2.42369
0.107685 0.119791 0.115153
-0.731709 1.61914 -2.42369
0.10763 0.119713 0.11521
-0.731709 1.61914 -2.42369
0.107501 0.119595 0.115302
-0.731709 1.61914 -2.42216
0.107378 0.119487 0.115396
-0.731709 1.61914 -2.42216
0.107208 0.11927 0.115608
-0.731709 1.61914 -2.42216
0.107027 0.119047 0.115762
-0.731709 1.61761 -2.41755
0.106871 0.118835 0.115953
-0.731709 1.61761 -2.41755
0.106553 0.118424 0.116279
-0.731709 1.61761 -2.41755
0.106281 0.118096 0.116542
-0.731709 1.61914 -2.40375
0.105787 0.117665 0.117021
-0.731709 1.61914 -2.40375
0.105438 0.117341 0.117359
-0.731709 1.61914 -2.40375
0.104977 0.116782 0.117833
-0.731709 1.61914 -2.39148
0.104675 0.116379 0.118174
-0.731709 1.61914 -2.39148
0.104459 0.116412 0.117276
-0.731709 1.61914 -1.72113
0.104758 0.116801 0.117025
-0.731709 1.61914 -1.72113
0.105271 0.117351 0.116554
-0.731709 1.61914 -1.72113
0.105677 0.117638 0.116226
-0.731709 1.61914 -1.72113
0.10618 0.118075 0.11579
-0.731709 1.61914 -1.72113
0.106424 0.118332 0.11559
-0.731709 1.61914 -1.72113
0.106714 0.118736 0.115343
-0.731709 1.61914 -1.72113
0.106888 0.118943 0.115196
-0.731709 1.61914 -1.72113
0.107131 0.119211 0.114996
-0.731709 1.61914 -1.72113
0.107288 0.119375 0.114865
-0.731709 1.61914 -1.72113
0.107375 0.119483 0.114791
-0.731709 1.61914 -1.72113
0.105868 0.117919 0.114898
-0.731709 1.50097 -2.26569
0.105393 0.11741 0.115338
-0.731709 1.50097 -2.26569
0.105147 0.117067 0.115515
-0.731709 1.49943 -2.26569
0.104849 0.116553 0.115787
-0.731709 1.49943 -2.26569
0.104611 0.116301 0.115985
-0.731709 1.49943 -2.26569
