1591 3 3
0.185763 -0.00794885 -0.0117592
-1.61375 2.20848 -1.9681
0.185797 -0.00792828 -0.0116251
-1.61375 2.20848 -1.9681
0.185852 -0.00794714 -0.011491
-1.61375 2.20848 -1.9819
0.185796 0.00322247 -0.0118886
-1.55239 2.20694 -1.94969
0.185834 0.00320911 -0.0116993
-1.55239 2.20694 -1.94969
0.185864 0.00321423 -0.0115852
-1.55239 2.20848 -1.95122
0.185897 0.00318915 -0.0113617
-1.55239 2.20848 -1.95122
0.185861 0.00823065 -0.0102456
-1.52478 2.20848 -0.079767
0.185849 0.00823669 -0.0103338
-1.52324 2.20541 -0.081301
0.185855 0.00822516 -0.0103795
-1.52324 2.20541 -0.081301
0.185836 0.00823376 -0.0104227
-1.52324 2.20541 -0.081301
0.18582 0.0082428 -0.0104475
-1.52324 2.2008 -0.081301
0.185816 0.0082417 -0.0104547
-1.52324 2.2008 -0.081301
0.18581 0.00823785 -0.0104583
-1.52324 2.2008 -0.081301
0.185803 0.00824561 -0.0104936
-1.52324 2.18853 -0.081301
0.185848 0.00823706 -0.0104668
-1.52324 2.18853 -0.081301
0.185825 0.00823102 -0.0104673
-1.52324 2.18853 -0.081301
0.185836 0.00822882 -0.0104713
-1.52478 2.17318 -0.081301
0.185833 0.00824524 -0.0104802
-1.52478 2.17318 -0.081301
0.18582 0.00824567 -0.0104929
-1.52478 2.17318 -0.081301
0.185816 0.00825 -0.0104901
-1.52478 2.1609 -0.081301
0.185799 0.00824414 -0.0105024
-1.52478 2.1609 -0.081301
0.185821 0.00822913 -0.010496
-1.52478 2.1609 -0.081301
0.185828 0.00822888 -0.0104907
-1.52478 2.15323 -0.079767
0.18579 0.00825317 -0.0105315
-1.52478 2.15323 -0.079767
0.1858 0.00824048 -0.010518
-1.52478 2.15323 -0.079767
0.185824 0.00823553 -0.0105078
-1.52478 2.15016 -0.079767
0.185802 0.0082403 -0.0105222
-1.52478 2.15016 -0.079767
0.185821 0.00823907 -0.0105206
-1.52478 2.15016 -0.079767
0.185808 0.00823621 -0.0105045
-1.52324 2.15016 -0.081301
0.185817 0.00823669 -0.0105118
-1.52324 2.15016 -0.081301
0.18581 0.00824554 -0.0105201
-1.52324 2.15016 -0.081301
0.185824 0.00824304 -0.0105197
-1.52324 2.15016 -0.081301
0.185822 0.00823102 -0.010514
-1.52324 2.15016 -0.081301
0.185811 0.00823126 -0.010508
-1.52324 2.15016 -0.081301
0.185811 0.00824774 -0.010534
-1.52324 2.15016 -0.079767
0.185808 0.00824268 -0.0105226
-1.52324 2.15016 -0.079767
0.185836 0.00824365 -0.0105181
-1.52324 2.15016 -0.079767
0.185834 0.00823236 -0.0105111
-1.52324 2.15016 -0.081301
0.18582 0.00824286 -0.0105204
-1.52324 2.15016 -0.081301
0.185818 0.00824408 -0.0105147
-1.52324 2.15016 -0.081301
0.185832 0.00825134 -0.0105211
-1.52478 2.15016 -0.079767
0.185839 0.00825098 -0.0105138
-1.52478 2.15016 -0.079767
0.185827 0.00825085 -0.0105288
-1.52478 2.15016 -0.079767
0.185824 0.00823157 -0.0105165
-1.52478 2.15016 -0.081301
0.185815 0.00824365 -0.0105365
-1.52478 2.15016 -0.081301
0.185753 0.00824414 -0.0107195
-1.52478 2.15016 -0.081301
0.185701 0.00825867 -0.0110665
-1.52324 2.15016 -0.079767
0.185632 0.00826202 -0.0115928
-1.52324 2.15016 -0.079767
0.185206 0.0146517 -0.0118215
-1.49103 2.20848 -2.02792
0.185241 0.0146605 -0.0116856
-1.49103 2.20848 -2.02792
0.185267 0.0146482 -0.0116257
-1.49103 2.20848 -2.02792
0.185276 0.0146383 -0.0115617
-1.49103 2.20848 -2.02792
0.1853 0.0146337 -0.0115001
-1.49103 2.20848 -2.02792
0.185318 0.0146379 -0.011438
-1.49103 2.20848 -2.02792
0.185306 0.0146517 -0.011416
-1.49103 2.20848 -2.02792
0.185315 0.014639 -0.0113775
-1.49103 2.20848 -2.02792
0.185345 0.0146309 -0.0113625
-1.49103 2.20848 -2.02946
0.185335 0.0146439 -0.0113734
-1.49103 2.20848 -2.02946
0.185341 0.0146519 -0.0113693
-1.49103 2.20848 -2.02946
0.18535 0.0146443 -0.0113498
-1.49103 2.20848 -2.02792
0.185343 0.014643 -0.0113451
-1.49103 2.20848 -2.02792
0.18535 0.0146337 -0.0113436
-1.49103 2.20848 -2.02792
0.185341 0.0146381 -0.0113379
-1.49103 2.20848 -2.02946
0.185348 0.0146411 -0.0113396
-1.49103 2.20848 -2.02946
0.185347 0.0146393 -0.011332
-1.49103 2.20848 -2.02946
0.185335 0.0146421 -0.0113302
-1.49103 2.20848 -2.03099
0.185357 0.0146226 -0.0113008
-1.49103 2.20848 -2.03099
0.185343 0.0146335 -0.0113246
-1.49103 2.20848 -2.03099
0.185342 0.0146454 -0.0113392
-1.49103 2.20848 -2.03559
0.185358 0.0146339 -0.0113189
-1.49103 2.20848 -2.03559
0.185337 0.0146392 -0.0113218
-1.49103 2.20848 -2.03559
0.185328 0.0146534 -0.0113389
-1.49103 2.20848 -2.04633
0.185332 0.0146348 -0.0113216
-1.49103 2.20848 -2.04633
0.185359 0.0146301 -0.0113031
-1.49103 2.20848 -2.04633
0.185368 0.0146292 -0.0113003
-1.49103 2.20848 -2.06014
0.185363 0.0146293 -0.0113193
-1.49103 2.20848 -2.06014
0.185345 0.0146289 -0.0113253
-1.49103 2.20848 -2.06014
0.185335 0.0146373 -0.0113399
-1.49103 2.20848 -2.07548
0.185342 0.0146442 -0.0113364
-1.49103 2.20848 -2.07548
0.185334 0.014639 -0.0113444
-1.49103 2.20848 -2.07548
0.185356 0.0146331 -0.0113032
-1.49103 2.20848 -2.08775
0.185343 0.0146449 -0.0113222
-1.49103 2.20848 -2.08775
0.185358 0.0146339 -0.0112982
-1.49103 2.20848 -2.08775
0.185358 0.0146472 -0.0112578
-1.49103 2.20848 -2.09695
0.185366 0.0146588 -0.0111965
-1.49103 2.20848 -2.09695
0.185398 0.0146603 -0.0110783
-1.49103 2.20848 -2.09695
0.185403 0.0146563 -0.0109441
-1.49103 2.20848 -2.10155
0.185436 0.0146746 -0.010696
-1.49103 2.20848 -2.10155
0.18546 0.0147144 -0.0103612
-1.49103 2.20848 -2.10155
0.185477 0.0147498 -0.00999294
-1.49103 2.20848 -2.10309
0.185556 0.0147715 -0.00955499
-1.49103 2.20848 -2.10309
0.185719 0.0147544 -0.00907512
-1.49103 2.20848 -2.10309
0.18585 0.0147515 -0.00865334
-1.49103 2.20848 -2.10616
0.1858 0.0197741 -0.00544238
-1.46342 2.21001 -0.079767
0.185714 0.0197708 -0.00614015
-1.46342 2.21001 -0.081301
0.185627 0.0197533 -0.0068029
-1.46342 2.21001 -0.081301
0.185509 0.0197208 -0.00738884
-1.46342 2.21001 -0.081301
0.185382 0.0197106 -0.00779291
-1.46342 2.21001 -0.081301
0.18524 0.0196962 -0.00826257
-1.46342 2.21001 -0.081301
0.185166 0.0196874 -0.00867921
-1.46342 2.21001 -0.081301
0.185113 0.0196784 -0.00910738
-1.46188 2.21001 -0.081301
0.185089 0.0196433 -0.00954729
-1.46188 2.21001 -0.081301
0.185057 0.0196328 -0.00980002
-1.46188 2.21001 -0.081301
0.185027 0.0196229 -0.00998865
-1.46188 2.20848 -0.081301
0.184962 0.0196399 -0.0101741
-1.46188 2.20848 -0.081301
0.184936 0.0196407 -0.0102914
-1.46188 2.20848 -0.081301
0.184924 0.0196453 -0.0104057
-1.46188 2.20848 -0.079767
0.184906 0.0196424 -0.010506
-1.46188 2.20848 -0.079767
0.184855 0.0196595 -0.0105945
-1.46188 2.20848 -0.079767
0.184822 0.0196522 -0.0106576
-1.46342 2.21001 -0.081301
0.184826 0.019637 -0.010668
-1.46342 2.21001 -0.081301
0.184825 0.0196459 -0.0106753
-1.46342 2.21001 -0.081301
0.184823 0.0196429 -0.0106634
-1.46342 2.21001 -0.079767
0.184814 0.0196607 -0.0106785
-1.46342 2.21001 -0.079767
0.184816 0.0196641 -0.0106889
-1.46342 2.21001 -0.079767
0.184802 0.0196625 -0.0106907
-1.46342 2.21001 -0.079767
0.1848 0.0196553 -0.0106997
-1.46188 2.21001 -0.081301
0.184815 0.0196523 -0.010685
-1.46188 2.21001 -0.081301
0.184833 0.019663 -0.010679
-1.46188 2.21001 -0.081301
0.184812 0.0196588 -0.0106861
-1.46342 2.20848 -0.081301
0.184806 0.0196583 -0.0106969
-1.46342 2.20848 -0.081301
0.184818 0.0196432 -0.0106954
-1.46342 2.20848 -0.081301
0.184812 0.01964 -0.0106989
-1.46188 2.20694 -0.081301
0.184817 0.0196393 -0.0106942
-1.46188 2.20694 -0.081301
0.184803 0.019647 -0.0107087
-1.46188 2.20694 -0.081301
0.184813 0.0196457 -0.0107063
-1.46342 2.20541 -0.079767
0.184797 0.0196531 -0.0107091
-1.46342 2.20541 -0.079767
0.184822 0.0196437 -0.0107054
-1.46342 2.20541 -0.079767
0.184827 0.0196552 -0.0107037
-1.46342 2.2008 -0.079767
0.184818 0.0196674 -0.0107077
-1.46342 2.2008 -0.079767
0.184798 0.0196612 -0.0107101
-1.46342 2.2008 -0.079767
0.184788 0.0196518 -0.0107168
-1.46342 2.18699 -0.081301
0.184797 0.0196446 -0.0107122
-1.46342 2.18699 -0.081301
0.184799 0.0196406 -0.0107168
-1.46342 2.18699 -0.081301
0.184784 0.0196545 -0.0107156
-1.46342 2.17318 -0.079767
0.18481 0.0196486 -0.0107046
-1.46342 2.17318 -0.079767
0.184836 0.0196409 -0.0107059
-1.46342 2.17318 -0.079767
0.184821 0.0196572 -0.0107177
-1.46188 2.1609 -0.079767
0.184823 0.0196602 -0.0107235
-1.46188 2.1609 -0.079767
0.184821 0.0196561 -0.0107116
-1.46188 2.1609 -0.079767
0.184812 0.0196606 -0.0107293
-1.46188 2.15169 -0.081301
0.184823 0.0196498 -0.0107116
-1.46188 2.15169 -0.081301
0.184811 0.0196453 -0.0107078
-1.46188 2.15169 -0.081301
0.184804 0.019663 -0.0107234
-1.46342 2.15016 -0.081301
0.184802 0.0196534 -0.010733
-1.46342 2.15016 -0.081301
0.184731 0.0196553 -0.0109215
-1.46342 2.15016 -0.081301
0.184576 0.0196364 -0.0112837
-1.46342 2.15016 -0.079767
0.184494 0.0195968 -0.011658
-1.46342 2.15016 -0.079767
0.183901 0.0256768 -0.0118187
-1.42967 2.20848 -2.06014
0.183878 0.025698 -0.0117372
-1.42967 2.20848 -2.06014
0.18387 0.0257034 -0.011636
-1.42967 2.20848 -2.07548
0.18386 0.0257101 -0.0115671
-1.42967 2.20848 -2.07548
0.183866 0.0257187 -0.0114998
-1.42967 2.20848 -2.07548
0.183876 0.0257303 -0.0114315
-1.42967 2.20848 -2.07548
0.18388 0.0257439 -0.0113923
-1.42967 2.20848 -2.08775
0.183903 0.0257253 -0.01137
-1.42967 2.20848 -2.08775
0.183889 0.0257317 -0.0113739
-1.42967 2.20848 -2.08775
0.183887 0.0257299 -0.0113806
-1.42967 2.20848 -2.09695
0.18388 0.0257296 -0.0113701
-1.42967 2.20848 -2.09695
0.183875 0.0257343 -0.0113619
-1.42967 2.20848 -2.09695
0.183888 0.0257299 -0.0113526
-1.42967 2.20848 -2.10155
0.183862 0.0257304 -0.0113766
-1.42967 2.20848 -2.10155
0.183866 0.0257256 -0.0113634
-1.42967 2.20848 -2.10155
0.183853 0.0257391 -0.0113733
-1.42967 2.20848 -2.10462
0.183894 0.0257249 -0.0113444
-1.42967 2.20848 -2.10462
0.18389 0.0257294 -0.0113522
-1.42967 2.20848 -2.10462
0.183869 0.0257286 -0.0113608
-1.42967 2.20848 -2.10616
0.183847 0.0257271 -0.0113592
-1.42967 2.20848 -2.10616
0.183857 0.0257175 -0.011365
-1.42967 2.20848 -2.10616
0.18388 0.0257203 -0.0113697
-1.42967 2.20848 -2.10616
0.183887 0.0257159 -0.0113458
-1.42967 2.20848 -2.10616
0.183873 0.0257317 -0.0113416
-1.42967 2.20848 -2.10616
0.183865 0.0257311 -0.0113535
-1.42967 2.20848 -2.10769
0.183909 0.0257143 -0.0113459
-1.42967 2.20848 -2.10769
0.183878 0.0257302 -0.011357
-1.42967 2.20848 -2.10769
0.183873 0.0257302 -0.0113483
-1.42967 2.20848 -2.10769
0.183875 0.0257271 -0.0113413
-1.42967 2.20848 -2.10769
0.183871 0.0257238 -0.0113498
-1.42967 2.20848 -2.10769
0.183878 0.0257125 -0.0113536
-1.42967 2.20848 -2.10769
0.183892 0.0257102 -0.0113501
-1.42967 2.20848 -2.10769
0.183888 0.0257194 -0.0113479
-1.42967 2.20848 -2.10769
0.18387 0.0257237 -0.0113373
-1.42967 2.20848 -2.10769
0.183879 0.0257326 -0.0112746
-1.42967 2.20848 -2.10769
0.183891 0.0257498 -0.0111899
-1.42967 2.20848 -2.10769
0.183916 0.0257547 -0.0110968
-1.42967 2.20848 -2.10769
0.18395 0.0257497 -0.0109582
-1.42967 2.20848 -2.10769
0.183969 0.0257545 -0.0107457
-1.42967 2.20848 -2.10769
0.184043 0.0257455 -0.0104958
-1.42967 2.20694 -2.10769
0.184139 0.0257514 -0.010168
-1.42967 2.20694 -2.10769
0.184267 0.025774 -0.00977597
-1.42967 2.20694 -2.10769
0.18435 0.0257952 -0.00942841
-1.42967 2.20848 -2.10769
0.184455 0.0258196 -0.00892647
-1.42967 2.20848 -2.10769
0.184529 0.0258605 -0.00829872
-1.42967 2.20848 -2.10769
0.184659 0.0258646 -0.00761671
-1.42967 2.20848 -2.10769
0.184847 0.0258585 -0.00675323
-1.42967 2.20848 -2.10769
0.18496 0.0258759 -0.00603369
-1.42967 2.20848 -2.10769
0.185035 0.0259176 -0.00538878
-1.42967 2.20848 -2.10769
0.185096 0.0259382 -0.00468713
-1.42967 2.20848 -2.10769
0.185226 0.0259349 -0.00406322
-1.42967 2.20848 -2.10769
0.185339 0.0259416 -0.00361884
-1.42967 2.20848 -2.10922
0.185446 0.0259603 -0.00313652
-1.42967 2.20848 -2.10922
0.185518 0.0259698 -0.00274327
-1.42967 2.20848 -2.10922
0.185577 0.0259717 -0.00237109
-1.42967 2.20848 -2.11383
0.18553 0.0260187 -0.00200652
-1.42967 2.20848 -2.11383
0.185527 0.0260352 -0.00175383
-1.42967 2.20848 -2.11383
0.185551 0.0260345 -0.00155963
-1.42967 2.20848 -2.12456
0.185572 0.0260433 -0.0013819
-1.42967 2.20848 -2.12456
0.185596 0.0260439 -0.00127831
-1.42967 2.20848 -2.12456
0.185599 0.0260497 -0.00118195
-1.42967 2.20848 -2.13837
0.185625 0.0260445 -0.00108269
-1.42967 2.20848 -2.13837
0.185652 0.02605 -0.00101056
-1.42967 2.20848 -2.13837
0.185672 0.0260545 -0.000947662
-1.42967 2.20848 -2.15371
0.185676 0.0260555 -0.000892426
-1.42967 2.20848 -2.15371
0.185698 0.0260406 -0.000834122
-1.42967 2.20848 -2.15371
0.185705 0.0260369 -0.000785797
-1.42967 2.20848 -2.16598
0.185711 0.0260352 -0.000766891
-1.42967 2.20848 -2.16598
0.185721 0.0260411 -0.000754501
-1.42967 2.20848 -2.16598
0.185733 0.0260427 -0.000743347
-1.42967 2.20848 -2.17365
0.185725 0.0260463 -0.000731918
-1.42967 2.20848 -2.17365
0.185721 0.0260373 -0.000732437
-1.42967 2.20848 -2.17365
0.185738 0.0260252 -0.000709564
-1.42967 2.20848 -2.17979
0.185733 0.0260276 -0.000713806
-1.42967 2.20848 -2.17979
0.185744 0.026027 -0.000696365
-1.42967 2.20848 -2.17979
0.185727 0.0260352 -0.000706345
-1.42967 2.20848 -2.18285
0.185744 0.0260259 -0.000695969
-1.42967 2.20848 -2.18285
0.185741 0.0260259 -0.000699631
-1.42967 2.20848 -2.18285
0.185751 0.0260294 -0.000680511
-1.42967 2.20848 -2.18439
0.185751 0.0260381 -0.000685135
-1.42967 2.20848 -2.18439
0.185745 0.0260447 -0.000720352
-1.42967 2.20848 -2.18439
0.185762 0.0260287 -0.000693253
-1.42967 2.20848 -2.18439
0.18576 0.0260286 -0.000674332
-1.42967 2.20848 -2.18439
0.185732 0.0260403 -0.000672852
-1.42967 2.20848 -2.18439
0.185729 0.0260375 -0.000684525
-1.42967 2.20848 -2.18439
0.18574 0.0260312 -0.00068454
-1.42967 2.20848 -2.18439
0.185742 0.0260247 -0.000681229
-1.42967 2.20848 -2.18439
0.185744 0.0260274 -0.00068367
-1.42967 2.20848 -2.18439
0.18576 0.0260297 -0.000679932
-1.42967 2.20848 -2.18439
0.185749 0.0260347 -0.000674652
-1.42967 2.20848 -2.18439
0.185751 0.0260337 -0.000673935
-1.42967 2.20848 -2.18592
0.185738 0.0260428 -0.000683395
-1.42967 2.20848 -2.18592
0.185734 0.0260338 -0.000687576
-1.42967 2.20848 -2.18592
0.185746 0.0260251 -0.000683472
-1.42967 2.20848 -2.18592
0.185756 0.0260319 -0.000660019
-1.42967 2.20848 -2.18592
0.185784 0.0260322 -0.000617218
-1.42967 2.20848 -2.18592
0.185813 0.0260314 -0.000549942
-1.42967 2.20848 -2.18592
0.185823 0.0260385 -0.000456589
-1.42967 2.20848 -2.18592
0.18583 0.0260416 -0.000333847
-1.42967 2.20848 -2.18592
0.184921 0.0307297 0.0300181
-1.40206 2.21001 -0.314466
0.185041 0.0307598 0.0292391
-1.40206 2.21001 -0.314466
0.185148 0.0308435 0.0284495
-1.40206 2.21001 -0.314466
0.185241 0.0309236 0.0276958
-1.40206 2.20848 -0.316
0.185368 0.0309139 0.0267451
-1.40206 2.20848 -0.316
0.185459 0.0308851 0.0260164
-1.40206 2.20848 -0.316
0.185384 0.0309645 0.0253015
-1.40206 2.21001 -0.314466
0.185418 0.0309983 0.0246697
-1.40206 2.21001 -0.314466
0.185494 0.0309954 0.0241606
-1.40206 2.21001 -0.314466
0.185632 0.0309995 0.0236153
-1.40206 2.20848 -0.30833
0.185687 0.0310512 0.0231525
-1.40206 2.20848 -0.30833
0.185664 0.0311167 0.0227553
-1.40206 2.20848 -0.30833
0.185641 0.0311446 0.0223573
-1.40359 2.21001 -0.299126
0.185629 0.0311289 0.0221116
-1.40359 2.21001 -0.299126
0.1856 0.0311183 0.0218894
-1.40359 2.21001 -0.299126
0.185634 0.0310735 0.0216922
-1.40206 2.20848 -0.283786
0.185641 0.0310845 0.0215054
-1.40206 2.20848 -0.283786
0.185679 0.0310933 0.0213767
-1.40206 2.20848 -0.283786
0.185725 0.0311144 0.0212675
-1.40359 2.20848 -0.268447
0.185752 0.0311448 0.021184
-1.40359 2.20848 -0.268447
0.185756 0.031183 0.0211469
-1.40359 2.20848 -0.268447
0.185756 0.0312111 0.0211164
-1.40206 2.21001 -0.256175
0.185759 0.0312113 0.0211049
-1.40206 2.21001 -0.256175
0.185749 0.0312042 0.0210951
-1.40206 2.21001 -0.256175
0.185735 0.0311965 0.0210689
-1.40359 2.21001 -0.246971
0.185721 0.0311846 0.0210473
-1.40359 2.21001 -0.246971
0.185717 0.0311638 0.0210413
-1.40359 2.21001 -0.246971
0.185728 0.0311503 0.0210496
-1.40206 2.20848 -0.242369
0.185721 0.0311664 0.0210365
-1.40206 2.20848 -0.242369
0.18573 0.0311724 0.0210058
-1.40206 2.20848 -0.242369
0.185735 0.0311869 0.0209977
-1.40206 2.21001 -0.239301
0.185757 0.0311867 0.0210037
-1.40206 2.21001 -0.239301
0.185766 0.031193 0.0210233
-1.40206 2.21001 -0.239301
0.185755 0.0311938 0.0210154
-1.40206 2.20848 -0.237767
0.185764 0.0311808 0.0210076
-1.40206 2.20848 -0.237767
0.185761 0.0311669 0.0209926
-1.40206 2.20848 -0.237767
0.185731 0.0311622 0.020974
-1.40206 2.20848 -0.236233
0.185736 0.0311465 0.0209813
-1.40206 2.20848 -0.236233
0.185715 0.0311427 0.0209712
-1.40206 2.20848 -0.236233
0.185714 0.0311345 0.0209754
-1.40359 2.21001 -0.236233
0.185702 0.0311416 0.0209774
-1.40359 2.21001 -0.236233
0.18571 0.0311454 0.0209746
-1.40359 2.21001 -0.236233
0.185726 0.0311429 0.0209801
-1.40206 2.21001 -0.236233
0.185725 0.0311434 0.0209745
-1.40206 2.21001 -0.236233
0.185735 0.0311425 0.0209696
-1.40206 2.21001 -0.236233
0.185733 0.0311532 0.0209567
-1.40359 2.21001 -0.236233
0.185757 0.0311444 0.0209611
-1.40359 2.21001 -0.236233
0.185749 0.0311588 0.0209599
-1.40359 2.21001 -0.236233
0.185737 0.0311741 0.0209451
-1.40359 2.21001 -0.236233
0.185734 0.0311681 0.0209323
-1.40359 2.21001 -0.236233
0.185737 0.0311669 0.0209324
-1.40359 2.21001 -0.236233
0.18574 0.031166 0.0209353
-1.40206 2.20848 -0.236233
0.185744 0.0311603 0.020947
-1.40206 2.20848 -0.236233
0.18573 0.0311548 0.020947
-1.40206 2.20848 -0.236233
0.185726 0.0311442 0.0209315
-1.40206 2.21001 -0.236233
0.185728 0.0311411 0.0209307
-1.40206 2.21001 -0.236233
0.185731 0.0311351 0.0209357
-1.40206 2.21001 -0.236233
0.185736 0.0311343 0.0209547
-1.40206 2.20848 -0.237767
0.185734 0.0311343 0.0209505
-1.40206 2.20848 -0.237767
0.185722 0.0311257 0.0209317
-1.40206 2.20848 -0.237767
0.185713 0.0311196 0.0209266
-1.40206 2.21001 -0.237767
0.185712 0.0311275 0.020937
-1.40206 2.21001 -0.237767
0.185726 0.0311295 0.0209372
-1.40206 2.21001 -0.237767
0.185711 0.0311443 0.0209411
-1.40206 2.21001 -0.236233
0.185701 0.0311575 0.0209302
-1.40206 2.21001 -0.236233
0.185716 0.0311524 0.0209277
-1.40206 2.21001 -0.236233
0.185749 0.0311462 0.0209364
-1.40359 2.20848 -0.234699
0.185741 0.03116 0.020922
-1.40359 2.20848 -0.234699
0.185747 0.0311696 0.0209276
-1.40359 2.20848 -0.234699
0.185733 0.0311862 0.0209203
-1.40206 2.20848 -0.230097
0.185747 0.0311711 0.0209308
-1.40206 2.20848 -0.230097
0.185732 0.0311553 0.0209293
-1.40206 2.20848 -0.230097
0.185711 0.0311394 0.0209197
-1.40206 2.20848 -0.219359
0.185721 0.0311234 0.020927
-1.40206 2.20848 -0.219359
0.185722 0.0311213 0.0209276
-1.40206 2.20848 -0.219359
0.185731 0.0311154 0.0209223
-1.40206 2.21001 -0.205553
0.185733 0.0311275 0.0208866
-1.40206 2.21001 -0.205553
0.18573 0.0311442 0.0207999
-1.40206 2.21001 -0.205553
0.18573 0.0311484 0.0205834
-1.40206 2.21001 -0.190214
0.185719 0.0311552 0.0201816
-1.40206 2.21001 -0.190214
0.185689 0.0311536 0.0197543
-1.40206 2.21001 -0.190214
0.185677 0.031134 0.0192001
-1.40206 2.20848 -0.177942
0.185768 0.0310721 0.0184885
-1.40206 2.20848 -0.177942
0.185827 0.0311096 0.017924
-1.40206 2.20848 -0.177942
0.185811 0.0312191 0.0171894
-1.40206 2.20848 -0.170272
0.185818 0.0313065 0.0164437
-1.40206 2.20848 -0.170272
0.185863 0.0313495 0.0124089
-1.40206 2.20848 -0.162602
0.185842 0.0313268 0.0121375
-1.40206 2.20848 -0.162602
0.185809 0.0313129 0.0118196
-1.40206 2.21001 -0.159534
0.185797 0.0312942 0.0115169
-1.40206 2.21001 -0.159534
0.185812 0.0312791 0.0112911
-1.40206 2.21001 -0.159534
0.185799 0.0312947 0.0110629
-1.40206 2.20848 -0.159534
0.185817 0.0312993 0.0109342
-1.40206 2.20848 -0.159534
0.185829 0.0313041 0.0107718
-1.40206 2.20848 -0.159534
0.185845 0.0313072 0.0106554
-1.40359 2.21001 -0.159534
0.185855 0.0313104 0.0106021
-1.40359 2.21001 -0.159534
0.185865 0.0313135 0.0105513
-1.40359 2.21001 -0.159534
0.185863 0.0313187 0.0105231
-1.40206 2.21001 -0.159534
0.185839 0.0313218 0.0105002
-1.40206 2.21001 -0.159534
0.185845 0.0313004 0.0104803
-1.40206 2.21001 -0.159534
0.18585 0.0312938 0.0104802
-1.40206 2.21001 -0.158
0.185817 0.031304 0.0104587
-1.40206 2.21001 -0.158
0.185832 0.0312953 0.010453
-1.40206 2.21001 -0.158
0.185843 0.0312938 0.0104516
-1.40206 2.20848 -0.159534
0.185841 0.0312998 0.0104331
-1.40206 2.20848 -0.159534
0.185852 0.0312997 0.0104252
-1.40206 2.20848 -0.159534
0.185854 0.0313068 0.0104137
-1.40206 2.20848 -0.159534
0.185852 0.0313159 0.0104103
-1.40206 2.20848 -0.159534
0.185855 0.0313186 0.0104223
-1.40206 2.20848 -0.159534
0.185862 0.0313138 0.0104047
-1.40206 2.21001 -0.159534
0.185875 0.0313085 0.0103905
-1.40206 2.21001 -0.159534
0.185855 0.0313215 0.0103881
-1.40206 2.21001 -0.159534
0.18585 0.0313218 0.0103844
-1.40359 2.21001 -0.159534
0.185868 0.0313116 0.0103891
-1.40359 2.21001 -0.159534
0.185863 0.0313154 0.0103791
-1.40359 2.21001 -0.159534
0.185854 0.0313195 0.0103753
-1.40359 2.21001 -0.159534
0.185866 0.031312 0.0103909
-1.40206 2.21001 -0.158
0.185861 0.0313152 0.010378
-1.40206 2.21001 -0.158
0.185863 0.0313152 0.0103717
-1.40206 2.21001 -0.158
0.185865 0.0313121 0.0103691
-1.40359 2.20848 -0.158
0.185859 0.0313153 0.0103697
-1.40359 2.20848 -0.158
0.18585 0.031318 0.0103623
-1.40359 2.20848 -0.158
0.185853 0.0313172 0.0103711
-1.40206 2.21001 -0.156466
0.185869 0.0313125 0.0103712
-1.40206 2.21001 -0.156466
0.185863 0.0313196 0.0103526
-1.40206 2.21001 -0.156466
0.185881 0.0313126 0.0103613
-1.40206 2.20848 -0.151864
0.185859 0.0313284 0.0103538
-1.40206 2.20848 -0.151864
0.185875 0.0313271 0.0103679
-1.40206 2.20848 -0.151864
0.185858 0.0313329 0.0103328
-1.40206 2.21001 -0.141126
0.185858 0.0313292 0.0103264
-1.40206 2.21001 -0.141126
0.185861 0.0313276 0.0103453
-1.40206 2.21001 -0.141126
0.185854 0.031326 0.0103463
-1.40206 2.21001 -0.12732
0.185849 0.0313197 0.0103558
-1.40206 2.21001 -0.12732
0.185876 0.0313027 0.010365
-1.40206 2.21001 -0.12732
0.185849 0.0313185 0.0103385
-1.40206 2.20848 -0.111981
0.18586 0.0313128 0.0103342
-1.40206 2.20848 -0.111981
0.185858 0.0313163 0.0103479
-1.40206 2.20848 -0.111981
0.185872 0.0313172 0.0103586
-1.40206 2.21001 -0.0997088
0.185872 0.0313259 0.0103581
-1.40206 2.21001 -0.0997088
0.185872 0.0313284 0.0103556
-1.40206 2.21001 -0.0997088
0.185879 0.0313262 0.0103543
-1.40206 2.21001 -0.0920388
0.185866 0.0313277 0.0103398
-1.40206 2.21001 -0.0920388
0.185872 0.0313204 0.0103518
-1.40206 2.21001 -0.0920388
0.185877 0.0313127 0.010367
-1.40359 2.21001 -0.0874369
0.185849 0.031321 0.0103382
-1.40359 2.21001 -0.0874369
0.185866 0.0313148 0.0103462
-1.40359 2.21001 -0.0874369
0.185875 0.0313142 0.0103497
-1.40206 2.21001 -0.082835
0.185869 0.0313217 0.0103371
-1.40206 2.21001 -0.082835
0.185872 0.0313206 0.0103244
-1.40206 2.21001 -0.082835
0.185893 0.0313105 0.0103266
-1.40206 2.21001 -0.082835
0.18587 0.0313148 0.0102796
-1.40206 2.21001 -0.082835
0.185815 0.0313212 0.0100776
-1.40206 2.21001 -0.082835
0.185785 0.0313032 0.00976534
-1.40206 2.21001 -0.081301
0.18575 0.0312998 0.00941225
-1.40206 2.21001 -0.081301
0.185677 0.0313064 0.00889693
-1.40206 2.21001 -0.081301
0.18566 0.0312833 0.00835867
-1.40206 2.21001 -0.081301
0.185695 0.0312318 0.00776062
-1.40206 2.21001 -0.081301
0.18567 0.0312307 0.00693333
-1.40206 2.21001 -0.081301
0.185617 0.0312659 0.00625185
-1.40206 2.21001 -0.081301
0.185532 0.0312987 0.00550761
-1.40206 2.21001 -0.081301
0.185517 0.0312634 0.00473833
-1.40206 2.21001 -0.081301
0.185527 0.0312215 0.00402502
-1.40206 2.21001 -0.079767
0.185464 0.0312252 0.00355141
-1.40206 2.21001 -0.079767
0.185325 0.031245 0.00298553
-1.40206 2.21001 -0.079767
0.18524 0.0312174 0.00245778
-1.40206 2.20848 -0.079767
0.185218 0.0311564 0.00192873
-1.40206 2.20848 -0.079767
0.185206 0.0310981 0.00133118
-1.40206 2.20848 -0.079767
0.18517 0.0310909 0.000965393
-1.40206 2.21001 -0.079767
0.185127 0.0311041 0.000705032
-1.40206 2.21001 -0.079767
0.185096 0.0311237 0.000542786
-1.40206 2.21001 -0.079767
0.185061 0.0311462 0.000415283
-1.40359 2.20848 -0.081301
0.185026 0.0311597 0.000280502
-1.40359 2.20848 -0.081301
0.185004 0.0311547 0.00019902
-1.40359 2.20848 -0.081301
0.184983 0.0311493 0.000120728
-1.40206 2.20848 -0.079767
0.184944 0.0311437 4.68292e-05
-1.40206 2.20848 -0.079767
0.184949 0.0311243 4.56085e-05
-1.40206 2.20848 -0.079767
0.184924 0.0311288 1.48315e-05
-1.40206 2.20848 -0.079767
0.184943 0.0311183 3.25623e-05
-1.40206 2.20848 -0.079767
0.184925 0.0311254 6.2561e-06
-1.40206 2.20848 -0.079767
0.184942 0.0311217 -8.48389e-06
-1.40206 2.20848 -0.081301
0.184938 0.0311288 -2.79388e-05
-1.40206 2.20848 -0.081301
0.184946 0.0311323 -2.60468e-05
-1.40206 2.20848 -0.081301
0.184939 0.0311424 -2.2995e-05
-1.40206 2.20848 -0.079767
0.184929 0.0311469 -2.98309e-05
-1.40206 2.20848 -0.079767
0.184933 0.0311445 -5.24445e-05
-1.40206 2.20848 -0.079767
0.184926 0.0311359 -6.51245e-05
-1.40206 2.20541 -0.081301
0.184932 0.0311267 -4.96063e-05
-1.40206 2.20541 -0.081301
0.184911 0.0311307 -6.27441e-05
-1.40206 2.20541 -0.081301
0.184912 0.0311252 -6.12488e-05
-1.40206 2.2008 -0.081301
0.184907 0.031127 -7.04193e-05
-1.40206 2.2008 -0.081301
0.184911 0.0311279 -7.67975e-05
-1.40206 2.2008 -0.081301
0.184931 0.0311357 -6.49261e-05
-1.40359 2.18853 -0.079767
0.184915 0.0311511 -6.57043e-05
-1.40359 2.18853 -0.079767
0.184943 0.0311401 -7.45697e-05
-1.40359 2.18853 -0.079767
0.184926 0.0311461 -8.73108e-05
-1.40206 2.17471 -0.079767
0.184905 0.0311536 -9.12476e-05
-1.40206 2.17471 -0.079767
0.184906 0.0311437 -8.66852e-05
-1.40206 2.17471 -0.079767
0.184909 0.0311314 -9.21631e-05
-1.40359 2.16244 -0.079767
0.184897 0.0311271 -0.000101822
-1.40359 2.16244 -0.079767
0.184908 0.031122 -0.00010289
-1.40359 2.16244 -0.079767
0.184897 0.0311324 -0.000121964
-1.40206 2.15323 -0.081301
0.184905 0.0311344 -0.000105316
-1.40206 2.15323 -0.081301
0.184892 0.0311461 -0.000129562
-1.40206 2.15323 -0.081301
0.184901 0.0311456 -0.00012117
-1.40206 2.15016 -0.079767
0.184898 0.0311506 -0.000133209
-1.40206 2.15016 -0.079767
0.184897 0.0311487 -0.000125336
-1.40206 2.15016 -0.079767
0.184909 0.0311409 -0.000128281
-1.40206 2.14862 -0.081301
0.184893 0.031147 -0.000128036
-1.40206 2.14862 -0.081301
0.184895 0.031137 -0.000159515
-1.40206 2.14862 -0.081301
0.184899 0.031131 -0.000161774
-1.40206 2.15016 -0.081301
0.184878 0.0311398 -0.000223465
-1.40206 2.15016 -0.081301
0.184878 0.0311196 -0.000281311
-1.40206 2.15016 -0.081301
0.184826 0.031121 -0.000473297
-1.40206 2.15016 -0.081301
0.184776 0.0310856 -0.000867355
-1.40206 2.15016 -0.081301
0.184761 0.0310245 -0.00142439
-1.40206 2.15016 -0.081301
0.184668 0.0310146 -0.00208055
-1.40206 2.15016 -0.079767
0.184545 0.0310194 -0.00287706
-1.40206 2.15016 -0.079767
0.184419 0.0310245 -0.00354941
-1.40206 2.15016 -0.079767
0.184302 0.0310143 -0.00426709
-1.40206 2.14862 -0.081301
0.184227 0.0309772 -0.00500586
-1.40206 2.14862 -0.081301
0.184129 0.0309766 -0.00558118
-1.40206 2.14862 -0.081301
0.183984 0.0309863 -0.00630103
-1.40206 2.14862 -0.079767
0.183874 0.0309746 -0.00695409
-1.40206 2.14862 -0.079767
0.183798 0.0309404 -0.00757162
-1.40206 2.14862 -0.079767
0.183685 0.0309211 -0.00820294
-1.40206 2.15016 -0.081301
0.183562 0.0309011 -0.008636
-1.40206 2.15016 -0.081301
0.183494 0.030871 -0.00895195
-1.40206 2.15016 -0.081301
0.183403 0.0308531 -0.00929814
-1.40206 2.15016 -0.079767
0.183368 0.030836 -0.00950572
-1.40206 2.15016 -0.079767
0.183287 0.0308531 -0.00975961
-1.40206 2.15016 -0.079767
0.183217 0.0308618 -0.00998985
-1.40206 2.15016 -0.079767
0.183196 0.0308481 -0.0101712
-1.40206 2.15016 -0.079767
0.183207 0.0308096 -0.0103436
-1.40206 2.15016 -0.079767
0.183222 0.0308062 -0.0104585
-1.40359 2.15016 -0.081301
0.183214 0.0308014 -0.0105716
-1.40359 2.15016 -0.081301
0.183201 0.0308019 -0.0106605
-1.40359 2.15016 -0.081301
0.183211 0.0307761 -0.0107461
-1.40206 2.15016 -0.081301
0.183196 0.030775 -0.0107888
-1.40206 2.15016 -0.081301
0.183174 0.0307794 -0.0108306
-1.40206 2.15016 -0.081301
0.183178 0.0307741 -0.0108361
-1.40206 2.15016 -0.079767
0.183182 0.0307758 -0.010852
-1.40206 2.15016 -0.079767
0.183209 0.0307834 -0.0108499
-1.40206 2.15016 -0.079767
0.1832 0.0307977 -0.0108684
-1.40206 2.15016 -0.081301
0.183205 0.0307936 -0.0108743
-1.40206 2.15016 -0.081301
0.183189 0.0307934 -0.010872
-1.40206 2.15016 -0.081301
0.183174 0.0307889 -0.0108825
-1.40206 2.14862 -0.082835
0.183192 0.0307803 -0.0108744
-1.40206 2.14862 -0.082835
0.183177 0.0307851 -0.0108871
-1.40206 2.14862 -0.082835
0.183177 0.0307798 -0.0108898
-1.40206 2.15016 -0.0889709
0.183185 0.0307783 -0.0108972
-1.40206 2.15016 -0.0889709
0.183202 0.0307791 -0.0108778
-1.40206 2.15016 -0.0889709
0.183195 0.030795 -0.0108821
-1.40206 2.15016 -0.105845
0.183176 0.0307975 -0.0108963
-1.40206 2.15016 -0.105845
0.183192 0.0307865 -0.0108839
-1.40206 2.15016 -0.105845
0.183199 0.0307797 -0.0108787
-1.40359 2.15016 -0.121184
0.183199 0.0307785 -0.0108811
-1.40359 2.15016 -0.121184
0.183193 0.0307772 -0.0108939
-1.40359 2.15016 -0.121184
0.183187 0.0307745 -0.010898
-1.40206 2.15016 -0.133456
0.183199 0.0307728 -0.0108856
-1.40206 2.15016 -0.133456
0.183205 0.0307661 -0.0108814
-1.40206 2.15016 -0.133456
0.183174 0.0307764 -0.0109175
-1.40206 2.15016 -0.14266
0.183173 0.0307759 -0.0109076
-1.40206 2.15016 -0.14266
0.183169 0.0307738 -0.0109198
-1.40206 2.15016 -0.14266
0.183185 0.0307751 -0.0109088
-1.40206 2.14862 -0.147262
0.183173 0.0307949 -0.0109071
-1.40206 2.14862 -0.147262
0.183191 0.0307898 -0.0108952
-1.40206 2.14862 -0.147262
0.183187 0.0307903 -0.0109109
-1.40206 2.15016 -0.15033
0.183171 0.0307964 -0.0109191
-1.40206 2.15016 -0.15033
0.183172 0.030787 -0.0109135
-1.40206 2.15016 -0.15033
0.1832 0.0307679 -0.0108893
-1.40359 2.15016 -0.151864
0.183182 0.0307723 -0.0108979
-1.40359 2.15016 -0.151864
0.183127 0.0307715 -0.0110212
-1.40359 2.15016 -0.151864
0.183037 0.030765 -0.0113429
-1.40206 2.14862 -0.153398
0.182874 0.030778 -0.0118291
-1.40206 2.14862 -0.153398
0.181762 0.0367143 -0.0118099
-1.36984 2.20848 -1.99724
0.181787 0.0367222 -0.0117204
-1.36984 2.20848 -1.99724
0.18179 0.036724 -0.011655
-1.36984 2.20848 -2.00951
0.181834 0.036705 -0.0115715
-1.36984 2.20848 -2.00951
0.181846 0.0367077 -0.0115406
-1.36984 2.20848 -2.00951
0.181869 0.0367113 -0.0114969
-1.36984 2.20848 -2.01718
0.181871 0.0367198 -0.011505
-1.36984 2.20848 -2.01718
0.181881 0.0367192 -0.0114939
-1.36984 2.20848 -2.01718
0.181899 0.0367137 -0.0114639
-1.36984 2.20848 -2.02332
0.181899 0.0367224 -0.0114691
-1.36984 2.20848 -2.02332
0.18189 0.0367355 -0.0114791
-1.36984 2.20848 -2.02332
0.181891 0.03673 -0.0114806
-1.36984 2.20848 -2.02485
0.181897 0.036713 -0.0114649
-1.36984 2.20848 -2.02485
0.181882 0.0367124 -0.0114489
-1.36984 2.20848 -2.02485
0.181899 0.0367032 -0.0114622
-1.36984 2.20848 -2.02792
0.181911 0.0367028 -0.0114615
-1.36984 2.20848 -2.02792
0.181883 0.0367186 -0.0114697
-1.36984 2.20848 -2.02792
0.181886 0.0367172 -0.0114584
-1.36984 2.20848 -2.02792
0.181895 0.0367183 -0.0114636
-1.36984 2.20848 -2.02792
0.181896 0.0367239 -0.0114704
-1.36984 2.20848 -2.02792
0.181919 0.0367157 -0.0114423
-1.36984 2.20848 -2.02792
0.181906 0.0367208 -0.0114468
-1.36984 2.20848 -2.02792
0.181897 0.0367225 -0.011453
-1.36984 2.20848 -2.02792
0.181897 0.0367214 -0.0114483
-1.36984 2.20848 -2.02792
0.181906 0.0367112 -0.0114444
-1.36984 2.20848 -2.02792
0.181889 0.0367139 -0.0114527
-1.36984 2.20848 -2.02792
0.181904 0.0367039 -0.0114428
-1.36984 2.20848 -2.02792
0.18189 0.0367089 -0.0114685
-1.36984 2.20848 -2.02792
0.181903 0.0367112 -0.0114595
-1.36984 2.20848 -2.02792
0.181899 0.0367246 -0.0114509
-1.36984 2.20848 -2.02792
0.181909 0.0367199 -0.0114643
-1.36984 2.20848 -2.02792
0.181916 0.0367153 -0.0114554
-1.36984 2.20848 -2.02792
0.181913 0.0367122 -0.0114553
-1.36984 2.20848 -2.02792
0.181913 0.0367074 -0.0114505
-1.36984 2.20848 -2.02792
0.181904 0.0367123 -0.0114552
-1.36984 2.20848 -2.02792
0.181889 0.0367157 -0.0114614
-1.36984 2.20848 -2.02792
0.181906 0.0367062 -0.0114548
-1.36984 2.20848 -2.02792
0.181927 0.0367039 -0.0114313
-1.36984 2.20848 -2.02792
0.181906 0.036716 -0.0114622
-1.36984 2.20848 -2.02792
0.181891 0.0367217 -0.0114598
-1.36984 2.20848 -2.02792
0.181897 0.0367135 -0.0114556
-1.36984 2.20848 -2.02792
0.181894 0.0367078 -0.0114587
-1.36984 2.20848 -2.02792
0.181894 0.036703 -0.0114623
-1.36984 2.20848 -2.02792
0.181894 0.0367053 -0.0114473
-1.36984 2.20848 -2.02792
0.181899 0.0367109 -0.0114457
-1.36984 2.20848 -2.02792
0.181913 0.0367142 -0.0114474
-1.36984 2.20848 -2.02946
0.181908 0.0367165 -0.0114538
-1.36984 2.20848 -2.02946
0.181905 0.0367174 -0.0114478
-1.36984 2.20848 -2.02946
0.18189 0.0367231 -0.011462
-1.36984 2.20848 -2.03099
0.181907 0.036711 -0.0114539
-1.36984 2.20848 -2.03099
0.181893 0.0367122 -0.0114567
-1.36984 2.20848 -2.03099
0.181906 0.0367104 -0.0114498
-1.36984 2.20848 -2.03559
0.181898 0.0367193 -0.0114382
-1.36984 2.20848 -2.03559
0.181902 0.036715 -0.0114481
-1.36984 2.20848 -2.03559
0.181906 0.0367164 -0.0114294
-1.36984 2.20848 -2.04633
0.181926 0.0367181 -0.0113618
-1.36984 2.20848 -2.04633
0.181932 0.0367321 -0.0113082
-1.36984 2.20848 -2.04633
0.181962 0.0367369 -0.0112228
-1.36984 2.20848 -2.06167
0.182 0.0367415 -0.0110975
-1.36984 2.20848 -2.06167
0.182049 0.0367531 -0.0109034
-1.36984 2.20848 -2.06167
0.182106 0.0367698 -0.0106167
-1.36984 2.20848 -2.07701
0.182217 0.0367852 -0.0102443
-1.36984 2.20848 -2.07701
0.182263 0.0368488 -0.00980243
-1.36984 2.20848 -2.07701
0.182345 0.0368774 -0.00923653
-1.36984 2.20848 -2.08928
0.182419 0.0368889 -0.00866882
-1.36984 2.20848 -2.08928
0.18252 0.0368923 -0.00816112
-1.36984 2.20848 -2.08928
0.182664 0.0368924 -0.00749844
-1.36984 2.20848 -2.09695
0.182779 0.0369164 -0.00677913
-1.36984 2.20848 -2.09695
0.182899 0.0369492 -0.00604721
-1.36984 2.20848 -2.09695
0.183056 0.0369863 -0.00523232
-1.36984 2.20848 -2.10155
0.18317 0.0370076 -0.00459348
-1.36984 2.20848 -2.10155
0.18331 0.0369963 -0.00395836
-1.36984 2.20848 -2.10155
0.183304 0.0370458 -0.0034193
-1.36984 2.20848 -2.10462
0.183327 0.0370557 -0.00304388
-1.36984 2.20848 -2.10462
0.183383 0.037041 -0.00264461
-1.36984 2.20848 -2.10462
0.183447 0.0370198 -0.00235583
-1.36984 2.20848 -2.10616
0.183537 0.0370104 -0.0020986
-1.36984 2.20848 -2.10616
0.183607 0.0370416 -0.00186359
-1.36984 2.20848 -2.10616
0.183656 0.0370756 -0.00170306
-1.36984 2.20848 -2.10616
0.18368 0.0371044 -0.00158839
-1.36984 2.20848 -2.10616
0.183721 0.0371109 -0.00145435
-1.36984 2.20848 -2.10616
0.18373 0.0371142 -0.00137759
-1.36984 2.20848 -2.10769
0.18375 0.0371028 -0.00127834
-1.36984 2.20848 -2.10769
0.183746 0.0370934 -0.00120593
-1.36984 2.20848 -2.10769
0.183738 0.037082 -0.00112761
-1.36984 2.20848 -2.10769
0.183729 0.0370639 -0.0010484
-1.36984 2.20848 -2.10769
0.183722 0.0370453 -0.00101675
-1.36984 2.20848 -2.10769
0.18373 0.037032 -0.000972504
-1.36984 2.20848 -2.10769
0.183733 0.0370438 -0.000937546
-1.36984 2.20848 -2.10769
0.183751 0.0370504 -0.000912277
-1.36984 2.20848 -2.10769
0.183745 0.0370634 -0.000894348
-1.36984 2.20848 -2.10769
0.183752 0.0370707 -0.000893402
-1.36984 2.20848 -2.10769
0.183754 0.0370806 -0.000884415
-1.36984 2.20848 -2.10769
0.183758 0.0370839 -0.000881699
-1.36984 2.20848 -2.10769
0.183745 0.0370899 -0.000854599
-1.36984 2.20848 -2.10769
0.183763 0.0370756 -0.000823318
-1.36984 2.20848 -2.10769
0.183746 0.037077 -0.00084346
-1.36984 2.20848 -2.10769
0.183754 0.0370714 -0.000818512
-1.36984 2.20848 -2.10769
0.183743 0.0370746 -0.000816269
-1.36984 2.20848 -2.10769
0.183757 0.0370662 -0.000813309
-1.36984 2.20848 -2.10769
0.183744 0.0370716 -0.000819702
-1.36984 2.20848 -2.10769
0.183736 0.0370732 -0.000818802
-1.36984 2.20848 -2.10769
0.183742 0.0370693 -0.000828629
-1.36984 2.20848 -2.10769
0.18375 0.0370643 -0.00080748
-1.36984 2.20848 -2.10769
0.183719 0.037074 -0.000828857
-1.36984 2.20848 -2.10769
0.183739 0.0370641 -0.000820816
-1.36984 2.20848 -2.10769
0.18374 0.037064 -0.000824295
-1.36984 2.20848 -2.10769
0.18375 0.0370605 -0.0008293
-1.36984 2.20848 -2.10769
0.183741 0.037066 -0.000820358
-1.36984 2.20848 -2.10922
0.183723 0.0370714 -0.000818573
-1.36984 2.20848 -2.10922
0.183735 0.0370626 -0.000818558
-1.36984 2.20848 -2.10922
0.183733 0.0370636 -0.000831558
-1.36984 2.20848 -2.11383
0.183755 0.0370615 -0.000811096
-1.36984 2.20848 -2.11383
0.183749 0.0370743 -0.000823761
-1.36984 2.20848 -2.11383
0.183737 0.0370856 -0.000828339
-1.36984 2.20848 -2.12456
0.18374 0.037084 -0.000819046
-1.36984 2.20848 -2.12456
0.183738 0.0370806 -0.000811691
-1.36984 2.20848 -2.12456
0.183732 0.0370769 -0.000811676
-1.36984 2.20848 -2.13837
0.183722 0.037072 -0.000817093
-1.36984 2.20848 -2.13837
0.183722 0.0370576 -0.000822937
-1.36984 2.20848 -2.13837
0.183739 0.0370438 -0.000813965
-1.36984 2.20848 -2.15371
0.183715 0.0370571 -0.000829224
-1.36984 2.20848 -2.15371
0.183714 0.037056 -0.000820801
-1.36984 2.20848 -2.15371
0.183723 0.0370508 -0.000819641
-1.36984 2.20848 -2.16598
0.183718 0.037057 -0.000819733
-1.36984 2.20848 -2.16598
0.183715 0.0370609 -0.000826859
-1.36984 2.20848 -2.16598
0.183718 0.0370595 -0.000831238
-1.36984 2.20848 -2.17365
0.183735 0.0370599 -0.000806778
-1.36984 2.20848 -2.17365
0.183731 0.0370688 -0.000807327
-1.36984 2.20848 -2.17365
0.183717 0.0370768 -0.000815689
-1.36984 2.20848 -2.17825
0.183739 0.0370625 -0.000799026
-1.36984 2.20848 -2.17825
0.183749 0.0370585 -0.000800995
-1.36984 2.20848 -2.17825
0.183753 0.037061 -0.000796371
-1.36984 2.20848 -2.18285
0.183748 0.037075 -0.000763245
-1.36984 2.20848 -2.18285
0.183755 0.0370824 -0.000711258
-1.36984 2.20848 -2.18285
0.183761 0.0370995 -0.000619766
-1.36984 2.20848 -2.18439
0.183731 0.0371251 -0.000492798
-1.36984 2.20848 -2.18439
0.183744 0.0371299 -0.000271774
-1.36984 2.20848 -2.18439
0.183757 0.0371365 -9.01794e-06
-1.36984 2.20848 -2.18439
0.183806 0.0371337 0.000302353
-1.36984 2.20848 -2.18439
0.18382 0.0371467 0.000574417
-1.36984 2.20848 -2.18439
0.18393 0.037141 0.00103831
-1.36984 2.20848 -2.18439
0.184056 0.0371506 0.00155138
-1.36984 2.20848 -2.18439
0.184136 0.0371916 0.00218367
-1.36984 2.20848 -2.18439
0.184178 0.0372575 0.00300151
-1.36984 2.20848 -2.18439
0.184204 0.0373005 0.00369821
-1.36984 2.20848 -2.18439
0.184285 0.037298 0.00440164
-1.36984 2.20848 -2.18439
0.184398 0.0372769 0.00510857
-1.36984 2.20848 -2.18592
0.184422 0.0372958 0.00565135
-1.36984 2.20848 -2.18592
0.184414 0.0373259 0.00624648
-1.36984 2.20848 -2.18592
0.18443 0.0373313 0.00680547
-1.36984 2.20848 -2.18592
0.184451 0.0373185 0.00727708
-1.36984 2.20848 -2.18592
0.184506 0.0372802 0.00778621
-1.36984 2.20848 -2.18592
0.184503 0.0372857 0.00816394
-1.36984 2.20848 -2.18592
0.1845 0.0372763 0.00843947
-1.36984 2.20848 -2.18592
0.184474 0.0372775 0.00867267
-1.36984 2.20848 -2.18592
0.184475 0.0372662 0.00883444
-1.36984 2.20848 -2.18592
0.184483 0.0372532 0.00901262
-1.36984 2.20848 -2.18592
0.1845 0.0372384 0.00914992
-1.36984 2.20848 -2.18592
0.184506 0.0372332 0.00924419
-1.36984 2.20848 -2.18592
0.184519 0.0372433 0.00934546
-1.36984 2.20848 -2.18592
0.184546 0.0372641 0.00943307
-1.36984 2.20848 -2.18592
0.184551 0.0373007 0.00948178
-1.36984 2.20848 -2.18746
0.184576 0.0373336 0.00954739
-1.36984 2.20848 -2.18746
0.184587 0.0373715 0.00958621
-1.36984 2.20848 -2.18746
0.184619 0.0373911 0.00962068
-1.36984 2.20848 -2.18746
0.184631 0.0374265 0.00964172
-1.36984 2.20848 -2.18746
0.184649 0.0374504 0.00965479
-1.36984 2.20848 -2.18746
0.184673 0.0374635 0.00965709
-1.36984 2.20848 -2.18746
0.184681 0.0374784 0.00965686
-1.36984 2.20848 -2.18746
0.184665 0.0374879 0.00964116
-1.36984 2.20848 -2.18746
0.184682 0.0374739 0.00967056
-1.36984 2.20848 -2.19359
0.184665 0.0374672 0.00965887
-1.36984 2.20848 -2.19359
0.184664 0.0374537 0.00966878
-1.36984 2.20848 -2.19359
0.184656 0.037435 0.00966322
-1.37138 2.20848 -2.20433
0.184647 0.0374213 0.00967186
-1.37138 2.20848 -2.20433
0.184645 0.0374067 0.00968073
-1.37138 2.20848 -2.20433
0.184606 0.0374061 0.00966849
-1.36984 2.20848 -2.21814
0.18461 0.0373848 0.00967171
-1.36984 2.20848 -2.21814
0.184609 0.0373719 0.00967676
-1.36984 2.20848 -2.21814
0.184625 0.0373583 0.00969765
-1.36984 2.20848 -2.23348
0.184609 0.0373663 0.00968564
-1.36984 2.20848 -2.23348
0.184603 0.0373706 0.00967419
-1.36984 2.20848 -2.23348
0.184617 0.0373689 0.00966888
-1.37138 2.20848 -2.24575
0.184613 0.0373809 0.00967928
-1.37138 2.20848 -2.24575
0.184626 0.0373829 0.00968204
-1.37138 2.20848 -2.24575
0.184623 0.0373931 0.00967793
-1.36984 2.20848 -2.25342
0.184616 0.037401 0.0096637
-1.36984 2.20848 -2.25342
0.184615 0.0374083 0.00967841
-1.36984 2.20848 -2.25342
0.184633 0.0374018 0.00968034
-1.36984 2.20848 -2.25802
0.184644 0.0374023 0.00968346
-1.36984 2.20848 -2.25802
0.18464 0.0374125 0.00967535
-1.36984 2.20848 -2.25802
0.184646 0.0374172 0.00969119
-1.36984 2.20848 -2.26109
0.18466 0.037426 0.00973898
-1.36984 2.20848 -2.26109
0.18465 0.0374521 0.00981802
-1.36984 2.20848 -2.26109
0.184661 0.037455 0.00989574
-1.36984 2.20848 -2.26262
0.184691 0.0374424 0.0100403
-1.36984 2.20848 -2.26262
0.184693 0.0374326 0.0102164
-1.36984 2.20848 -2.26262
0.184685 0.0374193 0.0103746
-1.36984 2.20848 -2.26262
0.184667 0.0373922 0.0106617
-1.36984 2.20848 -2.26262
0.184627 0.0373665 0.0111051
-1.36984 2.20848 -2.26262
0.184569 0.0373329 0.0116304
-1.36984 2.20848 -2.26262
0.18459 0.0372334 0.0123321
-1.36984 2.20848 -2.26262
0.184652 0.037148 0.0129903
-1.36984 2.20848 -2.26262
0.184637 0.0371193 0.0137024
-1.36984 2.20848 -2.26262
0.184522 0.0371576 0.0144155
-1.36984 2.20848 -2.26416
0.184519 0.0371573 0.0149748
-1.36984 2.20848 -2.26416
0.184574 0.0371256 0.0156592
-1.36984 2.20848 -2.26416
0.184592 0.0370941 0.0163573
-1.36984 2.20848 -2.26416
0.184546 0.037079 0.0170594
-1.36984 2.20848 -2.26416
0.184451 0.0370693 0.0177418
-1.36984 2.20848 -2.26416
0.184435 0.0370303 0.0181323
-1.36984 2.20848 -2.26416
0.184484 0.0370353 0.018452
-1.36984 2.20848 -2.26416
0.184521 0.0370647 0.0187552
-1.36984 2.20848 -2.26416
0.184552 0.0371148 0.0190253
-1.36984 2.20848 -2.26416
0.184542 0.0371428 0.0192207
-1.36984 2.20848 -2.26416
0.184509 0.0371563 0.0194608
-1.36984 2.20848 -2.26416
0.184476 0.0371285 0.0196704
-1.36984 2.20848 -2.26416
0.184449 0.0370814 0.0198332
-1.36984 2.20848 -2.26416
0.184439 0.0370381 0.0199951
-1.36984 2.20848 -2.26416
0.184432 0.0370217 0.0201113
-1.36984 2.20848 -2.26416
0.184415 0.0370247 0.0202081
-1.36984 2.20848 -2.26416
0.18442 0.037005 0.0202904
-1.36984 2.20848 -2.26416
0.184408 0.0369921 0.0203187
-1.36984 2.20848 -2.26416
0.184423 0.037001 0.0203615
-1.36984 2.20848 -2.26416
0.184444 0.0370121 0.0204069
-1.36984 2.20848 -2.26416
0.184439 0.0370271 0.0204316
-1.36984 2.20848 -2.26416
0.184431 0.0370204 0.0204271
-1.36984 2.20848 -2.26416
0.184456 0.0370031 0.0204417
-1.36984 2.20848 -2.26416
0.184434 0.0370192 0.0204278
-1.36984 2.20848 -2.26569
0.184447 0.0370011 0.0204416
-1.36984 2.20848 -2.26569
0.184433 0.0370002 0.0204366
-1.36984 2.20848 -2.26569
0.184427 0.0369891 0.0204422
-1.36984 2.20848 -2.27183
0.184428 0.0369752 0.0204497
-1.36984 2.20848 -2.27183
0.184417 0.0369753 0.0204516
-1.36984 2.20848 -2.27183
0.18441 0.0369805 0.0204239
-1.36984 2.20848 -2.28103
0.184429 0.0369798 0.0204532
-1.36984 2.20848 -2.28103
0.184418 0.0369979 0.0204354
-1.36984 2.20848 -2.28103
0.184436 0.0369953 0.0204548
-1.36984 2.20848 -2.29484
0.184438 0.0369957 0.0204394
-1.36984 2.20848 -2.29484
0.184435 0.0369969 0.0204394
-1.36984 2.20848 -2.29484
0.184437 0.0369866 0.0204393
-1.36984 2.20848 -2.31018
0.184427 0.0369826 0.0204419
-1.36984 2.20848 -2.31018
0.184427 0.0369825 0.0204561
-1.36984 2.20848 -2.31018
0.184422 0.0369879 0.0204424
-1.36984 2.20848 -2.32245
0.184445 0.0369721 0.0204483
-1.36984 2.20848 -2.32245
0.184438 0.0369613 0.0204503
-1.36984 2.20848 -2.32245
0.184421 0.0369738 0.0204586
-1.36984 2.20848 -2.33012
0.184407 0.0369979 0.0204503
-1.36984 2.20848 -2.33012
0.184421 0.0370059 0.0204527
-1.36984 2.20848 -2.33012
0.184416 0.036998 0.020434
-1.36984 2.20848 -2.33625
0.184438 0.0369853 0.020441
-1.36984 2.20848 -2.33625
0.184433 0.0369903 0.020456
-1.36984 2.20848 -2.33625
0.184434 0.036995 0.0204835
-1.36984 2.20848 -2.33932
0.184431 0.0369861 0.0205504
-1.36984 2.20848 -2.33932
0.18443 0.0369788 0.0206528
-1.36984 2.20848 -2.33932
0.184427 0.0369842 0.020722
-1.36984 2.20848 -2.33932
0.184454 0.0369777 0.0208732
-1.36984 2.20848 -2.33932
0.184497 0.0369683 0.0210809
-1.36984 2.20848 -2.33932
0.184479 0.0369804 0.0213335
-1.36984 2.20848 -2.34085
0.184476 0.0369849 0.0217853
-1.36984 2.20848 -2.34085
0.184416 0.0370493 0.0222323
-1.36984 2.20848 -2.34085
0.18439 0.0370849 0.022717
-1.36984 2.20848 -2.34085
0.184389 0.0370712 0.0233265
-1.36984 2.20848 -2.34085
0.184388 0.0369904 0.0240194
-1.36984 2.20848 -2.34085
0.184276 0.0369512 0.0246504
-1.36984 2.20848 -2.34085
0.184144 0.0369329 0.0254379
-1.36984 2.20848 -2.34085
0.184091 0.0369446 0.0261333
-1.36984 2.20848 -2.34085
0.184096 0.0369342 0.0267899
-1.36984 2.20848 -2.34239
0.184025 0.0369097 0.0276369
-1.36984 2.20848 -2.34239
0.1839 0.0368835 0.0282966
-1.36984 2.20848 -2.34239
0.183793 0.0368427 0.0288382
-1.36984 2.20848 -2.34239
0.183789 0.0368212 0.0292596
-1.36984 2.20848 -2.34239
0.183815 0.036812 0.0295434
-1.36984 2.20848 -2.34239
0.183828 0.0368267 0.0298284
-1.36984 2.20848 -2.34239
0.183824 0.0368364 0.0300867
-1.36984 2.20848 -2.34239
0.182575 0.0415896 0.0297726
-1.34223 2.21001 -0.316
0.182675 0.041616 0.0291055
-1.34223 2.20848 -0.314466
0.182725 0.0416708 0.0282816
-1.34223 2.20848 -0.314466
0.182823 0.0416883 0.0276288
-1.34223 2.20848 -0.314466
0.182894 0.0417267 0.0268179
-1.34223 2.20848 -0.314466
0.18297 0.0417203 0.0260264
-1.34223 2.20848 -0.314466
0.183084 0.0416785 0.0253143
-1.34223 2.20848 -0.314466
0.183142 0.041673 0.0245581
-1.3407 2.21001 -0.316
0.183064 0.0417529 0.024023
-1.3407 2.21001 -0.316
0.183073 0.0418015 0.023521
-1.3407 2.21001 -0.316
0.183173 0.0417825 0.0229914
-1.34223 2.20848 -0.316
0.18332 0.0417429 0.0224906
-1.34223 2.20848 -0.316
0.183335 0.0417443 0.022162
-1.34223 2.20848 -0.316
0.183331 0.0417375 0.0218791
-1.34223 2.21001 -0.314466
0.183281 0.041732 0.0217174
-1.34223 2.21001 -0.314466
0.183214 0.0417459 0.0216082
-1.34223 2.21001 -0.314466
0.183161 0.0417758 0.0214731
-1.34223 2.20848 -0.314466
0.183157 0.0418057 0.0213394
-1.34223 2.20848 -0.314466
0.183168 0.0417999 0.0212598
-1.34223 2.20848 -0.314466
0.183166 0.0418128 0.0212298
-1.34223 2.21001 -0.314466
0.183168 0.041841 0.0212266
-1.34223 2.21001 -0.314466
0.183158 0.0418498 0.0212002
-1.34223 2.21001 -0.314466
0.183158 0.0418543 0.0211754
-1.34223 2.21001 -0.314466
0.183169 0.041847 0.0211544
-1.34223 2.21001 -0.314466
0.183146 0.0418478 0.0211268
-1.34223 2.21001 -0.314466
0.183155 0.041849 0.0210976
-1.3407 2.21001 -0.312932
0.183167 0.0418579 0.0210915
-1.3407 2.21001 -0.312932
0.18316 0.0418658 0.0210662
-1.3407 2.21001 -0.312932
0.183174 0.0418538 0.0210574
-1.34223 2.21001 -0.30833
0.183172 0.0418652 0.0210331
-1.34223 2.21001 -0.30833
0.183181 0.0418648 0.0210361
-1.34223 2.21001 -0.30833
0.183167 0.0418727 0.0210339
-1.3407 2.21001 -0.297592
0.183178 0.0418563 0.0210415
-1.3407 2.21001 -0.297592
0.183164 0.0418657 0.0210297
-1.3407 2.21001 -0.297592
0.183149 0.0418751 0.0210203
-1.34223 2.21001 -0.283786
0.183168 0.0418619 0.0210024
-1.34223 2.21001 -0.283786
0.183162 0.0418568 0.020988
-1.34223 2.21001 -0.283786
0.183156 0.0418524 0.0209951
-1.34223 2.21001 -0.268447
0.183147 0.0418517 0.0209928
-1.34223 2.21001 -0.268447
0.183143 0.0418645 0.0209785
-1.34223 2.21001 -0.268447
0.183158 0.0418744 0.0209646
-1.34223 2.21001 -0.257709
0.183164 0.0418579 0.0209714
-1.34223 2.21001 -0.257709
0.183157 0.0418434 0.0209893
-1.34223 2.21001 -0.257709
0.18315 0.0418652 0.0209878
-1.34223 2.21001 -0.248505
0.183172 0.0418783 0.020995
-1.34223 2.21001 -0.248505
0.183164 0.0418823 0.0209765
-1.34223 2.21001 -0.248505
0.183164 0.0418692 0.0209606
-1.34223 2.21001 -0.242369
0.183156 0.0418603 0.0209494
-1.34223 2.21001 -0.242369
0.183168 0.0418553 0.0209718
-1.34223 2.21001 -0.242369
0.183159 0.041884 0.0209592
-1.34223 2.20848 -0.239301
0.183175 0.0418987 0.0209561
-1.34223 2.20848 -0.239301
0.18318 0.0418861 0.0209507
-1.34223 2.20848 -0.239301
0.18317 0.0418788 0.0209438
-1.34223 2.21001 -0.237767
0.183165 0.04188 0.0209641
-1.34223 2.21001 -0.237767
0.183145 0.0418839 0.0209582
-1.34223 2.21001 -0.237767
0.183156 0.0418717 0.0209679
-1.34223 2.21001 -0.237767
0.183161 0.041861 0.0209613
-1.34223 2.21001 -0.237767
0.183165 0.0418835 0.0209395
-1.34223 2.21001 -0.237767
0.183171 0.0418621 0.0209439
-1.34223 2.21001 -0.236233
0.183164 0.0418647 0.0209572
-1.34223 2.21001 -0.236233
0.183152 0.0418784 0.0209649
-1.34223 2.21001 -0.236233
0.183154 0.0418788 0.0209701
-1.34223 2.21001 -0.236233
0.183155 0.0418831 0.0209553
-1.34223 2.21001 -0.236233
0.183173 0.0418696 0.0209542
-1.34223 2.21001 -0.236233
0.183166 0.0418698 0.0209295
-1.34223 2.21001 -0.236233
0.183171 0.0418576 0.0209359
-1.34223 2.21001 -0.236233
0.183166 0.0418698 0.0209555
-1.34223 2.21001 -0.236233
0.183153 0.0418582 0.0209698
-1.34223 2.21001 -0.236233
0.183149 0.041858 0.0209765
-1.34223 2.21001 -0.236233
0.183167 0.0418681 0.0209715
-1.34223 2.21001 -0.236233
0.183166 0.0418746 0.020957
-1.34223 2.20848 -0.237767
0.18317 0.0418864 0.0209516
-1.34223 2.20848 -0.237767
0.183181 0.0418844 0.0209453
-1.34223 2.20848 -0.237767
0.183184 0.0418708 0.0209284
-1.34223 2.20848 -0.236233
0.183158 0.0418799 0.0208218
-1.34223 2.20848 -0.236233
0.183184 0.0418738 0.0205664
-1.34223 2.20848 -0.236233
0.183286 0.0418527 0.0200618
-1.34223 2.20848 -0.236233
0.183415 0.0418279 0.0194874
-1.34223 2.20848 -0.236233
0.183432 0.0418579 0.0190148
-1.34223 2.20848 -0.236233
0.183385 0.0419022 0.0184773
-1.34223 2.20848 -0.236233
0.18329 0.0419022 0.0178819
-1.34223 2.20848 -0.236233
0.183344 0.0418317 0.0171788
-1.34223 2.20848 -0.236233
0.183433 0.0418783 0.0162318
-1.34223 2.21001 -0.237767
0.183415 0.0420196 0.0154792
-1.34223 2.21001 -0.237767
0.183458 0.042088 0.014781
-1.34223 2.21001 -0.237767
0.183516 0.0420786 0.0140272
-1.34223 2.21001 -0.234699
0.183529 0.0420632 0.013401
-1.34223 2.21001 -0.234699
0.183497 0.0420703 0.0129437
-1.34223 2.21001 -0.234699
0.183473 0.0420861 0.0124671
-1.34223 2.21001 -0.230097
0.183461 0.042098 0.0120066
-1.34223 2.21001 -0.230097
0.183482 0.0420919 0.0116127
-1.34223 2.21001 -0.230097
0.183514 0.0420878 0.0112984
-1.34223 2.21001 -0.219359
0.183497 0.0420941 0.0110961
-1.34223 2.21001 -0.219359
0.183462 0.0420939 0.0109267
-1.34223 2.21001 -0.219359
0.183463 0.042052 0.0107826
-1.34223 2.21001 -0.205553
0.183441 0.0420236 0.0106616
-1.34223 2.21001 -0.205553
0.183428 0.0419966 0.0105529
-1.34223 2.21001 -0.205553
0.183399 0.0419758 0.0104644
-1.34223 2.21001 -0.190214
0.183371 0.0419575 0.0104091
-1.34223 2.21001 -0.190214
0.183355 0.0419431 0.0103664
-1.34223 2.21001 -0.190214
0.183355 0.0419359 0.0103587
-1.34223 2.21001 -0.190214
0.18336 0.0419439 0.0103525
-1.34223 2.21001 -0.177942
0.183358 0.0419606 0.0103291
-1.34223 2.21001 -0.177942
0.183369 0.0419698 0.0103297
-1.34223 2.21001 -0.177942
0.183373 0.041978 0.0103133
-1.34223 2.21001 -0.170272
0.183385 0.0419709 0.0102982
-1.34223 2.21001 -0.170272
0.18338 0.0419698 0.0102986
-1.34223 2.21001 -0.170272
0.183375 0.041959 0.0103086
-1.3407 2.20848 -0.164136
0.183371 0.0419485 0.0102988
-1.3407 2.20848 -0.164136
0.183369 0.0419446 0.0102951
-1.3407 2.20848 -0.164136
0.183366 0.0419471 0.0103003
-1.34223 2.21001 -0.161068
0.183358 0.0419531 0.0102847
-1.34223 2.21001 -0.161068
0.183367 0.0419547 0.0102876
-1.34223 2.21001 -0.161068
0.18338 0.041962 0.0102933
-1.34223 2.21001 -0.159534
0.183384 0.0419863 0.010287
-1.34223 2.21001 -0.159534
0.183412 0.0420079 0.0102882
-1.34223 2.21001 -0.159534
0.183408 0.0420384 0.0102676
-1.34223 2.21001 -0.159534
0.183423 0.042037 0.0102686
-1.34223 2.21001 -0.159534
0.183417 0.0420337 0.0102618
-1.34223 2.21001 -0.159534
0.183415 0.0420223 0.0102784
-1.34223 2.20848 -0.159534
0.183405 0.0420054 0.0102712
-1.34223 2.20848 -0.159534
0.183386 0.0419848 0.0102679
-1.34223 2.20848 -0.159534
0.183374 0.0419583 0.0102552
-1.34223 2.20848 -0.159534
0.183365 0.0419418 0.0102674
-1.34223 2.20848 -0.159534
0.183332 0.0419354 0.0102416
-1.34223 2.20848 -0.159534
0.183361 0.041936 0.0102882
-1.3407 2.21001 -0.159534
0.183348 0.0419667 0.0102745
-1.3407 2.21001 -0.159534
0.183359 0.0419694 0.0102583
-1.3407 2.21001 -0.159534
0.183357 0.0419739 0.010237
-1.34223 2.21001 -0.159534
0.183366 0.0419814 0.010251
-1.34223 2.21001 -0.159534
0.183365 0.0419943 0.0102511
-1.34223 2.21001 -0.159534
0.18337 0.041996 0.0102539
-1.34223 2.21001 -0.158
0.183365 0.0419982 0.0102463
-1.34223 2.21001 -0.158
0.18339 0.0419847 0.01027
-1.34223 2.21001 -0.158
0.183377 0.0419825 0.0102711
-1.34223 2.20848 -0.158
0.183359 0.0419733 0.0102521
-1.34223 2.20848 -0.158
0.183355 0.0419616 0.0102518
-1.34223 2.20848 -0.158
0.183347 0.041955 0.01025
-1.34223 2.21001 -0.159534
0.183348 0.0419554 0.0102486
-1.34223 2.21001 -0.159534
0.183366 0.0419604 0.0102459
-1.34223 2.21001 -0.159534
0.183371 0.0419728 0.0102497
-1.34223 2.21001 -0.159534
0.183369 0.0419844 0.0102517
-1.34223 2.21001 -0.159534
0.183363 0.0419832 0.0102361
-1.34223 2.21001 -0.159534
0.183361 0.0419727 0.0102433
-1.34223 2.20848 -0.159534
0.18337 0.0419732 0.0102697
-1.34223 2.20848 -0.159534
0.183353 0.0419774 0.0102453
-1.34223 2.20848 -0.159534
0.183372 0.0419659 0.010261
-1.34223 2.21001 -0.156466
0.183373 0.0419736 0.010259
-1.34223 2.21001 -0.156466
0.183366 0.0419819 0.0102476
-1.34223 2.21001 -0.156466
0.183371 0.0419781 0.0102493
-1.34223 2.21001 -0.151864
0.183359 0.0419795 0.0102505
-1.34223 2.21001 -0.151864
0.183355 0.0419756 0.010244
-1.34223 2.21001 -0.151864
0.183361 0.0419698 0.0102476
-1.34223 2.21001 -0.14266
0.18335 0.0419672 0.010242
-1.34223 2.21001 -0.14266
0.183352 0.0419652 0.0102474
-1.34223 2.21001 -0.14266
0.183328 0.041969 0.0101603
-1.34223 2.20848 -0.128854
0.18329 0.0419515 0.00993376
-1.34223 2.20848 -0.128854
0.183254 0.041906 0.00947563
-1.34223 2.20848 -0.128854
0.183279 0.0418859 0.00900015
-1.34223 2.21001 -0.113515
0.183306 0.0419241 0.00842203
-1.34223 2.21001 -0.113515
0.183283 0.0420212 0.00782892
-1.34223 2.21001 -0.113515
0.183296 0.0420895 0.0072449
-1.3407 2.21001 -0.101243
0.183253 0.0421541 0.00672343
-1.3407 2.21001 -0.101243
0.183271 0.0421528 0.00594629
-1.3407 2.21001 -0.101243
0.183247 0.0421523 0.00516736
-1.34223 2.20848 -0.0920388
0.183138 0.0421855 0.00448457
-1.34223 2.20848 -0.0920388
0.183016 0.042203 0.00373645
-1.34223 2.20848 -0.0920388
0.18305 0.0421201 0.00307724
-1.34223 2.21001 -0.0874369
0.183038 0.0420757 0.00243716
-1.34223 2.21001 -0.0874369
0.182953 0.042079 0.00193384
-1.34223 2.21001 -0.0874369
0.182873 0.0420871 0.00163335
-1.34223 2.21001 -0.082835
0.182758 0.0420909 0.00125578
-1.34223 2.21001 -0.082835
0.182681 0.0420701 0.000920364
-1.34223 2.21001 -0.082835
0.182606 0.0420505 0.000618881
-1.34223 2.21001 -0.082835
0.182629 0.0420128 0.000373489
-1.34223 2.21001 -0.082835
0.182644 0.0420193 0.000204987
-1.34223 2.21001 -0.082835
0.182683 0.0420298 6.5155e-05
-1.3407 2.21001 -0.081301
0.1827 0.0420585 -2.46582e-05
-1.3407 2.21001 -0.081301
0.182702 0.0420745 -8.5968e-05
-1.3407 2.21001 -0.081301
0.182704 0.0420817 -0.000129272
-1.34223 2.20848 -0.081301
0.182698 0.04208 -0.000151093
-1.34223 2.20848 -0.081301
0.182699 0.0420676 -0.000135284
-1.34223 2.20848 -0.081301
0.182676 0.0420505 -0.000147232
-1.3407 2.21001 -0.081301
0.182673 0.0420271 -0.000165146
-1.3407 2.21001 -0.081301
0.182674 0.0420151 -0.0001716
-1.3407 2.21001 -0.081301
0.18268 0.0420195 -0.000169678
-1.34223 2.21001 -0.081301
0.182673 0.0420324 -0.000206345
-1.34223 2.21001 -0.081301
0.182687 0.042036 -0.00020462
-1.34223 2.21001 -0.081301
0.182682 0.0420497 -0.00021785
-1.34223 2.20848 -0.081301
0.182691 0.0420566 -0.000227234
-1.34223 2.20848 -0.081301
0.1827 0.0420579 -0.00023259
-1.34223 2.20848 -0.081301
0.182694 0.0420588 -0.00022934
-1.34223 2.21001 -0.079767
0.182706 0.0420455 -0.00022316
-1.34223 2.21001 -0.079767
0.182693 0.0420446 -0.000229218
-1.34223 2.21001 -0.079767
0.182674 0.0420433 -0.000256454
-1.34223 2.21001 -0.081301
0.182689 0.0420328 -0.000254669
-1.34223 2.21001 -0.081301
0.182698 0.0420293 -0.00024617
-1.34223 2.21001 -0.081301
0.182693 0.042037 -0.00026091
-1.34223 2.21001 -0.079767
0.18269 0.0420411 -0.000280563
-1.34223 2.21001 -0.079767
0.182685 0.0420458 -0.000293167
-1.34223 2.21001 -0.079767
0.182697 0.0420444 -0.000281387
-1.34223 2.20848 -0.081301
0.182692 0.0420456 -0.000285324
-1.34223 2.20848 -0.081301
0.182675 0.042044 -0.00029924
-1.34223 2.20848 -0.081301
0.182681 0.0420351 -0.000291229
-1.34223 2.21001 -0.079767
0.182675 0.0420322 -0.000298569
-1.34223 2.21001 -0.079767
0.182671 0.0420297 -0.000320282
-1.34223 2.21001 -0.079767
0.182682 0.0420287 -0.000321228
-1.34223 2.21001 -0.081301
0.1827 0.0420359 -0.000314041
-1.34223 2.21001 -0.081301
0.182682 0.0420519 -0.000328796
-1.34223 2.21001 -0.081301
0.18268 0.0420524 -0.000334412
-1.34223 2.21001 -0.081301
0.182665 0.0420555 -0.000352356
-1.34223 2.21001 -0.081301
0.182661 0.042053 -0.000355484
-1.34223 2.21001 -0.081301
0.182676 0.0420417 -0.000360275
-1.34223 2.21001 -0.081301
0.182658 0.0420402 -0.000379333
-1.34223 2.21001 -0.081301
0.182659 0.042027 -0.000382172
-1.34223 2.21001 -0.081301
0.182668 0.0420116 -0.00040239
-1.34223 2.21001 -0.079767
0.182617 0.0420166 -0.000576843
-1.34223 2.21001 -0.079767
0.182536 0.0420137 -0.000901428
-1.34223 2.21001 -0.079767
0.182417 0.0419999 -0.00140407
-1.34223 2.20848 -0.081301
0.182286 0.0419655 -0.0019404
-1.34223 2.20848 -0.081301
0.182228 0.0419032 -0.00244745
-1.34223 2.20848 -0.081301
0.182177 0.0418351 -0.00316641
-1.34223 2.21001 -0.079767
0.182106 0.0418076 -0.00388095
-1.34223 2.21001 -0.079767
0.181958 0.0418237 -0.00463991
-1.34223 2.21001 -0.079767
0.181783 0.0418221 -0.00550258
-1.34223 2.20848 -0.081301
0.181794 0.0417317 -0.00616753
-1.34223 2.20848 -0.081301
0.181685 0.0417 -0.00686407
-1.34223 2.20848 -0.081301
0.181529 0.0416885 -0.00747386
-1.34223 2.20541 -0.079767
0.181377 0.0416793 -0.00790974
-1.34223 2.20541 -0.079767
0.18116 0.041658 -0.00845175
-1.34223 2.20541 -0.079767
0.181111 0.0415477 -0.00889641
-1.34223 2.2008 -0.081301
0.181119 0.0414283 -0.00929221
-1.34223 2.2008 -0.081301
0.181074 0.0413684 -0.0096655
-1.34223 2.2008 -0.081301
0.181035 0.0413699 -0.00989043
-1.34223 2.18853 -0.079767
0.18101 0.0413809 -0.0100773
-1.34223 2.18853 -0.079767
0.180982 0.0414081 -0.0102391
-1.34223 2.18853 -0.079767
0.180919 0.0414437 -0.0104151
-1.34223 2.17471 -0.081301
0.180866 0.0414548 -0.0105356
-1.34223 2.17471 -0.081301
0.180844 0.0414365 -0.0106336
-1.34223 2.17471 -0.081301
0.180789 0.0414196 -0.0107379
-1.34223 2.16244 -0.079767
0.180735 0.041388 -0.0108062
-1.34223 2.16244 -0.079767
0.180694 0.0413474 -0.0108473
-1.34223 2.16244 -0.079767
0.180671 0.041321 -0.0108603
-1.34223 2.15323 -0.079767
0.180653 0.0413193 -0.0108653
-1.34223 2.15323 -0.079767
0.180678 0.0413187 -0.0108329
-1.34223 2.15323 -0.079767
0.180661 0.0413398 -0.0108633
-1.34223 2.15169 -0.079767
0.180683 0.0413521 -0.0108605
-1.34223 2.15169 -0.079767
0.180703 0.0413684 -0.0108847
-1.34223 2.15169 -0.079767
0.180697 0.0413959 -0.0108945
-1.34223 2.15016 -0.081301
0.180713 0.0414119 -0.0108716
-1.34223 2.15016 -0.081301
0.180703 0.0414203 -0.0108808
-1.34223 2.15016 -0.081301
0.180722 0.0414071 -0.010875
-1.34223 2.15016 -0.079767
0.180702 0.0414049 -0.0109016
-1.34223 2.15016 -0.079767
0.180718 0.0413879 -0.0108938
-1.34223 2.15016 -0.079767
0.180713 0.041379 -0.0108841
-1.34223 2.15016 -0.079767
0.180696 0.0413763 -0.0108808
-1.34223 2.15016 -0.079767
0.180689 0.0413729 -0.0108816
-1.34223 2.15016 -0.079767
0.180696 0.0413668 -0.0108883
-1.34223 2.15016 -0.079767
0.180707 0.0413715 -0.0108921
-1.34223 2.15016 -0.079767
0.180706 0.0413808 -0.0109038
-1.34223 2.15016 -0.079767
0.180716 0.0413878 -0.0108902
-1.34223 2.15016 -0.081301
0.180722 0.0413958 -0.010867
-1.34223 2.15016 -0.081301
0.180719 0.0414035 -0.010879
-1.34223 2.15016 -0.081301
0.180709 0.041411 -0.010903
-1.34223 2.15016 -0.079767
0.180705 0.0414036 -0.0109192
-1.34223 2.15016 -0.079767
0.180717 0.0413885 -0.0108999
-1.34223 2.15016 -0.079767
0.180711 0.0413781 -0.0109013
-1.3407 2.15016 -0.081301
0.180698 0.041379 -0.01091
-1.3407 2.15016 -0.081301
0.180692 0.0413745 -0.0109138
-1.3407 2.15016 -0.081301
0.180706 0.0413722 -0.0109006
-1.34223 2.15016 -0.079767
0.180705 0.0413781 -0.0108995
-1.34223 2.15016 -0.079767
0.180702 0.0413901 -0.0108999
-1.34223 2.15016 -0.079767
0.180685 0.0414032 -0.0109182
-1.34223 2.15016 -0.079767
0.180684 0.0414019 -0.0109298
-1.34223 2.15016 -0.079767
0.180706 0.0413862 -0.0109119
-1.34223 2.15016 -0.079767
0.180685 0.0413957 -0.0109207
-1.34223 2.15016 -0.079767
0.180607 0.0414142 -0.0111187
-1.34223 2.15016 -0.079767
0.180526 0.0413933 -0.0115144
-1.34223 2.15016 -0.079767
0.184357 0.0424996 -0.0118611
-1.34223 2.15016 -2.02792
0.18446 0.0424828 -0.0114322
-1.34223 2.15016 -2.02792
0.184557 0.042483 -0.0111387
-1.34223 2.15016 -2.02792
0.184664 0.0425089 -0.010889
-1.3407 2.15016 -2.02946
0.184753 0.0425582 -0.0107027
-1.3407 2.15016 -2.02946
0.184862 0.0426324 -0.0104911
-1.3407 2.15016 -2.02946
0.184918 0.0427296 -0.0103634
-1.3407 2.15016 -2.02792
0.184994 0.0427984 -0.0102205
-1.3407 2.15016 -2.02792
0.18503 0.0428718 -0.0100841
-1.3407 2.15016 -2.02792
0.185065 0.0428864 -0.00996489
-1.3407 2.14862 -2.02792
0.185042 0.0428898 -0.00989059
-1.3407 2.14862 -2.02792
0.185022 0.0428565 -0.00978787
-1.3407 2.14862 -2.02792
0.184998 0.0427985 -0.00972141
-1.34223 2.14862 -2.02792
0.184949 0.0427482 -0.00967758
-1.34223 2.14862 -2.02792
0.18493 0.0426532 -0.00959711
-1.34223 2.14862 -2.02792
0.184888 0.0425834 -0.00953964
-1.3407 2.15016 -2.03099
0.184871 0.0425388 -0.00949913
-1.3407 2.15016 -2.03099
0.184881 0.0425406 -0.00947543
-1.3407 2.15016 -2.03099
0.184908 0.0425673 -0.00946684
-1.3407 2.14862 -2.03559
0.184896 0.0426233 -0.00948727
-1.3407 2.14862 -2.03559
0.18494 0.0426387 -0.00946762
-1.3407 2.14862 -2.03559
0.184949 0.0426486 -0.00946054
-1.34223 2.14862 -2.04633
0.184953 0.0426521 -0.00945264
-1.34223 2.14862 -2.04633
0.184939 0.0426458 -0.00945343
-1.34223 2.14862 -2.04633
0.184955 0.0426178 -0.00942735
-1.34223 2.15016 -2.06014
0.184941 0.0425941 -0.00942088
-1.34223 2.15016 -2.06014
0.184913 0.0425762 -0.00942056
-1.34223 2.15016 -2.06014
0.184901 0.0425452 -0.00941403
-1.34223 2.15016 -2.07548
0.184889 0.0425367 -0.00941573
-1.34223 2.15016 -2.07548
0.184894 0.0425335 -0.00941034
-1.34223 2.15016 -2.07548
0.184888 0.0425381 -0.00942879
-1.34223 2.14862 -2.08928
0.184883 0.0425521 -0.0094386
-1.34223 2.14862 -2.08928
0.184903 0.0425524 -0.00942159
-1.34223 2.14862 -2.08928
0.184897 0.042571 -0.00942613
-1.3407 2.14862 -2.09695
0.184923 0.0425646 -0.0094041
-1.3407 2.14862 -2.09695
0.184913 0.0425732 -0.00941251
-1.3407 2.14862 -2.09695
0.184914 0.0425672 -0.00942091
-1.3407 2.14862 -2.09695
0.184901 0.0425632 -0.00942924
-1.34223 2.14862 -2.10155
0.184901 0.0425646 -0.00941739
-1.34223 2.14862 -2.10155
0.184891 0.0425667 -0.00941245
-1.34223 2.14862 -2.10155
0.184882 0.0425598 -0.00944351
-1.3407 2.15016 -2.10309
0.184912 0.0425443 -0.00942117
-1.3407 2.15016 -2.10309
0.184911 0.0425558 -0.00941086
-1.3407 2.15016 -2.10309
0.18491 0.0425705 -0.00941725
-1.34223 2.14862 -2.10616
0.184928 0.0425828 -0.00941235
-1.34223 2.14862 -2.10616
0.184918 0.0425945 -0.00943919
-1.34223 2.14862 -2.10616
0.184921 0.0425862 -0.00943941
-1.34223 2.14862 -2.10616
0.184924 0.0425741 -0.00943471
-1.34223 2.14862 -2.10616
0.184919 0.0425663 -0.00941962
-1.34223 2.14862 -2.10616
0.184911 0.0425677 -0.00940143
-1.3407 2.15016 -2.10616
0.184876 0.0425688 -0.00943379
-1.3407 2.15016 -2.10616
0.184891 0.0425538 -0.00943501
-1.3407 2.15016 -2.10616
0.1849 0.0425549 -0.0094142
-1.3407 2.14862 -2.10769
0.184884 0.0425508 -0.00941313
-1.3407 2.14862 -2.10769
0.184886 0.0425494 -0.00941672
-1.3407 2.14862 -2.10769
0.184916 0.0425464 -0.00940822
-1.3407 2.15016 -2.10769
0.184913 0.0425623 -0.00942535
-1.3407 2.15016 -2.10769
0.184926 0.0425707 -0.00940681
-1.3407 2.15016 -2.10769
0.184906 0.0425789 -0.00942183
-1.34223 2.14862 -2.10769
0.184912 0.0425774 -0.00942862
-1.34223 2.14862 -2.10769
0.184922 0.0425789 -0.0093972
-1.34223 2.14862 -2.10769
0.184886 0.0426002 -0.0093933
-1.3407 2.15016 -2.10769
0.184905 0.0426075 -0.00935785
-1.3407 2.15016 -2.10769
0.184933 0.042618 -0.00930109
-1.3407 2.15016 -2.10769
0.184941 0.0426387 -0.00923857
-1.3407 2.15016 -2.10769
0.18499 0.0426536 -0.00909544
-1.3407 2.15016 -2.10769
0.185059 0.042681 -0.00888058
-1.3407 2.15016 -2.10769
0.185136 0.0427286 -0.00856123
-1.3407 2.15016 -2.10769
0.185209 0.0427697 -0.00821315
-1.3407 2.15016 -2.10769
0.185356 0.0427952 -0.00776352
-1.3407 2.15016 -2.10769
0.185528 0.0428362 -0.00725909
-1.34223 2.14862 -2.10769
0.185588 0.0429042 -0.00680794
-1.34223 2.14862 -2.10769
0.18561 0.042985 -0.00618976
-1.34223 2.14862 -2.10769
0.185745 0.0429836 -0.00549753
-1.34223 2.15016 -2.10769
0.184984 0.0483895 0.0297548
-1.30849 2.14862 -0.299126
0.185038 0.0484341 0.0289822
-1.30849 2.14862 -0.283786
0.1851 0.0484873 0.0281581
-1.30849 2.14862 -0.283786
0.185236 0.0485191 0.0273529
-1.30849 2.14862 -0.283786
0.185439 0.0485491 0.0265489
-1.30849 2.14862 -0.268447
0.185492 0.0485978 0.0259678
-1.30849 2.14862 -0.268447
0.185505 0.048626 0.0254451
-1.30849 2.14862 -0.268447
0.185519 0.0485859 0.0249716
-1.30849 2.14862 -0.256175
0.185526 0.0485973 0.024603
-1.30849 2.14862 -0.256175
0.185562 0.0486276 0.0241703
-1.30849 2.14862 -0.256175
0.185601 0.0486378 0.0237643
-1.30849 2.14709 -0.246971
0.185618 0.048648 0.0234103
-1.30849 2.14709 -0.246971
0.185639 0.0486614 0.0230947
-1.30849 2.14709 -0.246971
0.185637 0.0486512 0.0228926
-1.30849 2.14709 -0.242369
0.185632 0.0486483 0.0227794
-1.30849 2.14709 -0.242369
0.185624 0.0486917 0.0226694
-1.30849 2.14709 -0.242369
0.185655 0.0487015 0.0225883
-1.30849 2.14862 -0.239301
0.185653 0.0486957 0.0225325
-1.30849 2.14862 -0.239301
0.185655 0.0486832 0.0225239
-1.30849 2.14862 -0.239301
0.185653 0.048678 0.0225212
-1.30849 2.14862 -0.237767
0.185634 0.0486639 0.0225195
-1.30849 2.14862 -0.237767
0.18563 0.0486578 0.022488
-1.30849 2.14862 -0.237767
0.185632 0.0486508 0.0224715
-1.30849 2.14862 -0.236233
0.185638 0.0486671 0.0224697
-1.30849 2.14862 -0.236233
0.185649 0.0486833 0.0224532
-1.30849 2.14862 -0.236233
0.185654 0.0486768 0.0224411
-1.30849 2.14862 -0.236233
0.185658 0.0486886 0.022436
-1.30849 2.14862 -0.236233
0.185674 0.0486908 0.0224348
-1.30849 2.14862 -0.236233
0.185673 0.0486989 0.0224061
-1.30849 2.14862 -0.236233
0.185675 0.0486725 0.0223977
-1.30849 2.14862 -0.236233
0.185678 0.0486609 0.0224097
-1.30849 2.14862 -0.236233
0.185655 0.048665 0.0224022
-1.30849 2.14862 -0.236233
0.185664 0.0486626 0.0224168
-1.30849 2.14862 -0.237767
0.185653 0.0486759 0.0224051
-1.30849 2.14862 -0.237767
0.18567 0.0486691 0.0224032
-1.30849 2.14862 -0.237767
0.18567 0.0486778 0.0223869
-1.30849 2.14709 -0.237767
0.185679 0.0486834 0.0223785
-1.30849 2.14709 -0.237767
0.185678 0.0486923 0.0223841
-1.30849 2.14709 -0.237767
0.185684 0.0487025 0.0223831
-1.30849 2.14709 -0.236233
0.185687 0.0486857 0.0223819
-1.30849 2.14709 -0.236233
0.18567 0.0486748 0.0223616
-1.30849 2.14709 -0.236233
0.185681 0.0486746 0.0223578
-1.30849 2.14709 -0.236233
0.185679 0.0486636 0.0223754
-1.30849 2.14709 -0.236233
0.185668 0.0486633 0.0223671
-1.30849 2.14709 -0.236233
0.185684 0.0486635 0.0223598
-1.30849 2.14862 -0.237767
0.185697 0.048671 0.022357
-1.30849 2.14862 -0.237767
0.185685 0.0486599 0.0223684
-1.30849 2.14862 -0.237767
0.18567 0.0486514 0.0223757
-1.30849 2.14862 -0.236233
0.185657 0.0486777 0.022378
-1.30849 2.14862 -0.236233
0.185676 0.0486888 0.0223798
-1.30849 2.14862 -0.236233
0.185685 0.0486907 0.0223579
-1.30849 2.14709 -0.236233
0.185704 0.0486788 0.0223518
-1.30849 2.14709 -0.236233
0.1857 0.0486697 0.022311
-1.30849 2.14709 -0.236233
0.185701 0.0486674 0.0222451
-1.30849 2.14709 -0.237767
0.185683 0.0486522 0.0221041
-1.30849 2.14709 -0.237767
0.185677 0.0486691 0.0218577
-1.30849 2.14709 -0.237767
0.185645 0.0487122 0.0214823
-1.30849 2.14709 -0.237767
0.185643 0.0487202 0.0209597
-1.30849 2.14709 -0.237767
0.185669 0.0487561 0.0204225
-1.30849 2.14709 -0.237767
0.185771 0.0487576 0.0196754
-1.30849 2.14862 -0.236233
0.185859 0.0487529 0.0188849
-1.30849 2.14862 -0.236233
0.185872 0.048776 0.0181698
-1.30849 2.14862 -0.236233
0.185828 0.0488074 0.0173154
-1.30849 2.14709 -0.236233
0.185892 0.0488018 0.0165185
-1.30849 2.14709 -0.236233
0.185887 0.0488834 0.0146543
-1.30849 2.14862 -0.236233
0.185897 0.0489326 0.0122402
-1.30849 2.14862 -0.234699
0.185887 0.048942 0.0120841
-1.30849 2.14862 -0.230097
0.185896 0.0489348 0.0119951
-1.30849 2.14862 -0.230097
0.185893 0.0489409 0.0118831
-1.30849 2.14862 -0.230097
0.185886 0.048955 0.0118067
-1.30849 2.14709 -0.220893
0.185893 0.0489457 0.0117502
-1.30849 2.14709 -0.220893
0.185883 0.0489222 0.0117125
-1.30849 2.14862 -0.205553
0.185876 0.0488947 0.011677
-1.30849 2.14862 -0.205553
0.185883 0.0489152 0.0115958
-1.30849 2.14862 -0.179476
0.18589 0.0488961 0.0115914
-1.30849 2.14862 -0.179476
0.185876 0.0489097 0.0115973
-1.30849 2.14862 -0.179476
0.185896 0.0489126 0.0116105
-1.30849 2.14709 -0.170272
0.185878 0.0489305 0.0116106
-1.30849 2.14709 -0.170272
0.185885 0.0489178 0.0115622
-1.30849 2.14862 -0.159534
0.185893 0.0489279 0.0115413
-1.30849 2.14709 -0.159534
0.185887 0.0488854 0.0114137
-1.30849 2.14862 -0.158
0.185877 0.0488395 0.0109825
-1.30849 2.14862 -0.158
0.185851 0.0487841 0.0105765
-1.30849 2.14709 -0.159534
0.185814 0.0487908 0.0102021
-1.30849 2.14709 -0.159534
0.185784 0.0488212 0.00965831
-1.30849 2.14709 -0.159534
0.185782 0.0488708 0.00898967
-1.30849 2.14862 -0.158
0.185817 0.0489105 0.00826355
-1.30849 2.14862 -0.158
0.185791 0.0489839 0.00741083
-1.30849 2.14862 -0.158
0.185752 0.0490149 0.00668451
-1.30849 2.14862 -0.158
0.18575 0.0489922 0.00594182
-1.30849 2.14862 -0.158
0.185724 0.0489713 0.00520372
-1.30849 2.14862 -0.158
0.185661 0.0489783 0.0046861
-1.30849 2.14862 -0.158
0.185614 0.0489687 0.00408981
-1.30849 2.14862 -0.158
0.185562 0.0489452 0.0035192
-1.30849 2.14862 -0.158
0.185547 0.0488912 0.00300813
-1.30849 2.14709 -0.158
0.1855 0.0488394 0.00249657
-1.30849 2.14709 -0.158
0.185452 0.0488095 0.0022133
-1.30849 2.14709 -0.158
0.185394 0.0487938 0.00199231
-1.30849 2.14709 -0.156466
0.185356 0.0487795 0.00183282
-1.30849 2.14709 -0.156466
0.185314 0.0487719 0.00171121
-1.30849 2.14709 -0.156466
0.185264 0.0487579 0.00157736
-1.30849 2.14862 -0.151864
0.185246 0.0487313 0.00146362
-1.30849 2.14862 -0.151864
0.185206 0.0487295 0.00132674
-1.30849 2.14862 -0.151864
0.185201 0.0487385 0.00122511
-1.30849 2.14862 -0.141126
0.185197 0.0487585 0.00117592
-1.30849 2.14862 -0.141126
0.185204 0.0487689 0.00114575
-1.30849 2.14862 -0.141126
0.185199 0.0487769 0.00113631
-1.30849 2.14709 -0.128854
0.185199 0.04877 0.00113255
-1.30849 2.14709 -0.128854
0.185191 0.0487609 0.0011161
-1.30849 2.14709 -0.128854
0.185189 0.0487614 0.00110344
-1.30849 2.14862 -0.113515
0.185189 0.0487629 0.00109583
-1.30849 2.14862 -0.113515
0.185187 0.0487653 0.00107925
-1.30849 2.14862 -0.113515
0.185186 0.0487593 0.00106137
-1.30849 2.14709 -0.101243
0.185207 0.048762 0.00106232
-1.30849 2.14709 -0.101243
0.185201 0.048785 0.00105852
-1.30849 2.14709 -0.101243
0.185209 0.0487975 0.00105702
-1.30849 2.14862 -0.0920388
0.185204 0.048799 0.00103899
-1.30849 2.14862 -0.0920388
0.185214 0.0488005 0.00102626
-1.30849 2.14862 -0.0920388
0.18521 0.0488043 0.00102048
-1.30849 2.14709 -0.0859029
0.18521 0.0487939 0.00101709
-1.30849 2.14709 -0.0859029
0.185202 0.0487913 0.00101064
-1.30849 2.14709 -0.0859029
0.185188 0.0487828 0.000998962
-1.30849 2.14862 -0.0843689
0.185196 0.048773 0.001005
-1.30849 2.14862 -0.0843689
0.185185 0.0487678 0.000994995
-1.30849 2.14862 -0.0843689
0.185175 0.0487592 0.00100221
-1.30849 2.14862 -0.081301
0.185184 0.0487545 0.00100706
-1.30849 2.14862 -0.081301
0.185181 0.0487633 0.000983093
-1.30849 2.14862 -0.081301
0.1852 0.0487686 0.00100407
-1.30849 2.14709 -0.081301
0.185196 0.0487728 0.0010128
-1.30849 2.14709 -0.081301
0.185186 0.0487774 0.00100571
-1.30849 2.14709 -0.081301
0.18519 0.0487933 0.00100352
-1.30849 2.14862 -0.081301
0.185212 0.048793 0.000994583
-1.30849 2.14862 -0.081301
0.185212 0.0487944 0.000982925
-1.30849 2.14862 -0.081301
0.185211 0.0487875 0.000974258
-1.30849 2.14862 -0.081301
0.185214 0.0487825 0.000979141
-1.30849 2.14862 -0.081301
0.185209 0.0487778 0.000983185
-1.30849 2.14862 -0.081301
0.185192 0.0487758 0.000985214
-1.30849 2.14709 -0.081301
0.185186 0.0487693 0.000978973
-1.30849 2.14709 -0.081301
0.1852 0.0487791 0.000933777
-1.30849 2.14709 -0.081301
0.185218 0.0487758 0.000868149
-1.30849 2.14862 -0.081301
0.185188 0.0487722 0.000694031
-1.30849 2.14862 -0.081301
0.18515 0.0487577 0.000384552
-1.30849 2.14862 -0.081301
0.185137 0.0487091 -0.000102249
-1.30849 2.14862 -0.081301
0.185104 0.0486666 -0.000643845
-1.30849 2.14862 -0.081301
0.185015 0.0486577 -0.00116661
-1.30849 2.14862 -0.081301
0.184868 0.048673 -0.00178732
-1.30849 2.14862 -0.081301
0.18475 0.048645 -0.00242841
-1.30849 2.14862 -0.081301
0.184759 0.048515 -0.00325572
-1.30849 2.14862 -0.081301
0.184635 0.0484903 -0.00408707
-1.30849 2.14862 -0.079767
0.184528 0.0485052 -0.00462111
-1.30849 2.14862 -0.079767
0.184392 0.0485436 -0.00521587
-1.30849 2.14862 -0.079767
0.184357 0.0485173 -0.00582344
-1.30849 2.14862 -0.079767
0.184278 0.048487 -0.00645987
-1.30849 2.14862 -0.081301
0.184156 0.0484437 -0.0071208
-1.30849 2.14862 -0.081301
0.184045 0.0484043 -0.00758931
-1.30849 2.14862 -0.081301
0.183957 0.0483557 -0.00797643
-1.30849 2.14709 -0.079767
0.18383 0.048329 -0.00831619
-1.30849 2.14709 -0.079767
0.183759 0.0482913 -0.0085488
-1.30849 2.14709 -0.079767
0.183719 0.0482706 -0.00867386
-1.30849 2.14862 -0.081301
0.183665 0.0482429 -0.00884459
-1.30849 2.14862 -0.081301
0.183661 0.0482173 -0.00898016
-1.30849 2.14862 -0.081301
0.183666 0.0482109 -0.00909225
-1.30849 2.14862 -0.079767
0.183663 0.048212 -0.00922287
-1.30849 2.14862 -0.079767
0.183671 0.0482142 -0.00930939
-1.30849 2.14862 -0.079767
0.18369 0.0482115 -0.00932224
-1.30849 2.14709 -0.081301
0.183674 0.048215 -0.00933302
-1.30849 2.14709 -0.081301
0.183667 0.0482025 -0.00932751
-1.30849 2.14709 -0.081301
0.183649 0.0481846 -0.00933498
-1.30849 2.14862 -0.079767
0.183633 0.0481775 -0.00934242
-1.30849 2.14862 -0.079767
0.183628 0.0481759 -0.00936362
-1.30849 2.14862 -0.079767
0.183642 0.0481813 -0.00937083
-1.30849 2.14709 -0.081301
0.183628 0.0482037 -0.00939021
-1.30849 2.14709 -0.081301
0.183649 0.0482122 -0.00939143
-1.30849 2.14709 -0.081301
0.183662 0.048218 -0.00940849
-1.30849 2.14709 -0.079767
0.183682 0.0482126 -0.00941557
-1.30849 2.14709 -0.079767
0.183663 0.0482103 -0.0094288
-1.30849 2.14709 -0.079767
0.18364 0.0481942 -0.00943607
-1.30849 2.14862 -0.079767
0.18363 0.0481781 -0.00943999
-1.30849 2.14862 -0.079767
0.183613 0.048157 -0.0094487
-1.30849 2.14862 -0.079767
0.183614 0.0481602 -0.009448
-1.30849 2.14862 -0.081301
0.183614 0.0481693 -0.00946303
-1.30849 2.14862 -0.081301
0.183623 0.0481628 -0.00945865
-1.30849 2.14862 -0.081301
0.183616 0.0481688 -0.0094584
-1.30849 2.15169 -0.081301
0.183611 0.0481697 -0.00948293
-1.30849 2.15169 -0.081301
0.183625 0.0481716 -0.00947963
-1.30849 2.15169 -0.081301
0.183628 0.0481746 -0.00948282
-1.30849 2.15937 -0.081301
0.183639 0.0481828 -0.00948592
-1.30849 2.15937 -0.081301
0.183641 0.0481887 -0.00950343
-1.30849 2.15937 -0.081301
0.183649 0.0481808 -0.00949649
-1.30849 2.17164 -0.081301
0.183635 0.0481944 -0.0095092
-1.30849 2.17164 -0.081301
0.183635 0.0482059 -0.00951408
-1.30849 2.17164 -0.081301
0.183648 0.0482061 -0.00951384
-1.30849 2.18239 -0.081301
0.183651 0.0482004 -0.00951161
-1.30849 2.18239 -0.081301
0.18363 0.0481942 -0.00951624
-1.30849 2.18239 -0.081301
0.183629 0.0481794 -0.00951845
-1.30849 2.19313 -0.079767
0.183628 0.0481792 -0.00952203
-1.30849 2.19313 -0.079767
0.183641 0.0481868 -0.00952953
-1.30849 2.19313 -0.079767
0.183637 0.0482047 -0.00956522
-1.30849 2.19927 -0.079767
0.183634 0.0482082 -0.00956615
-1.30849 2.19927 -0.079767
0.183621 0.0482061 -0.00957747
-1.30849 2.19927 -0.079767
0.183575 0.0481891 -0.00966393
-1.30849 2.20387 -0.081301
0.183486 0.0481328 -0.00993054
-1.30849 2.20387 -0.081301
0.183329 0.0480667 -0.010339
-1.30849 2.20387 -0.081301
0.183144 0.0479666 -0.0109408
-1.30849 2.20541 -0.081301
0.18297 0.0479289 -0.0115448
-1.30849 2.20541 -0.081301
0.179083 0.0471904 -0.0118553
-1.30849 2.20848 -2.10309
0.179084 0.0471832 -0.0117649
-1.30849 2.20848 -2.10616
0.179071 0.0471578 -0.0117184
-1.30849 2.20848 -2.10616
0.179062 0.0471328 -0.0116899
-1.30849 2.20848 -2.10616
0.179065 0.0471058 -0.0116384
-1.30849 2.20848 -2.10616
0.179055 0.0470917 -0.0116159
-1.30849 2.20848 -2.10616
0.179056 0.0470882 -0.0115929
-1.30849 2.20848 -2.10616
0.179045 0.0470983 -0.0116077
-1.30849 2.20848 -2.10616
0.179059 0.0471017 -0.0116028
-1.30849 2.20848 -2.10616
0.179073 0.0471125 -0.0115974
-1.30849 2.20848 -2.10616
0.179083 0.0471136 -0.0115885
-1.30849 2.20848 -2.10769
0.179077 0.0471191 -0.0115854
-1.30849 2.20848 -2.10769
0.179062 0.0471258 -0.0115883
-1.30849 2.20848 -2.10769
0.179065 0.0471202 -0.0115981
-1.30849 2.20848 -2.10769
0.179091 0.0471078 -0.0115754
-1.30849 2.20848 -2.10769
0.179083 0.0471151 -0.0115666
-1.30849 2.20848 -2.10769
0.17907 0.0471137 -0.0115867
-1.30849 2.20848 -2.10769
0.179069 0.0471086 -0.0115913
-1.30849 2.20848 -2.10769
0.179072 0.0471003 -0.0115742
-1.30849 2.20848 -2.10769
0.179055 0.047105 -0.0116105
-1.30849 2.20848 -2.10769
0.179072 0.0470948 -0.0115868
-1.30849 2.20848 -2.10769
0.179052 0.0471007 -0.0116003
-1.30849 2.20848 -2.10769
0.179056 0.0470926 -0.0115886
-1.30849 2.20848 -2.10769
0.179056 0.0470886 -0.0115866
-1.30849 2.20848 -2.10769
0.179074 0.0470866 -0.0115701
-1.30849 2.20848 -2.10769
0.179045 0.0471052 -0.0115917
-1.30849 2.20848 -2.10769
0.179066 0.0471022 -0.0115882
-1.30849 2.20848 -2.10769
0.179074 0.047119 -0.0115841
-1.30849 2.20848 -2.10769
0.179081 0.0471282 -0.0115861
-1.30849 2.20848 -2.10769
0.179091 0.047135 -0.0115869
-1.30849 2.20848 -2.10769
0.179084 0.047142 -0.0115877
-1.30849 2.20848 -2.10769
0.179071 0.0471426 -0.0115731
-1.30849 2.20848 -2.10769
0.17908 0.0471345 -0.0114895
-1.30849 2.20848 -2.10769
0.179059 0.0471487 -0.0114152
-1.30849 2.20848 -2.10769
0.179048 0.0471549 -0.0113363
-1.30849 2.20848 -2.10922
0.179073 0.0471434 -0.0111782
-1.30849 2.20848 -2.10922
0.179079 0.0471487 -0.0110241
-1.30849 2.20848 -2.10922
0.179118 0.0471454 -0.0107655
-1.30849 2.20848 -2.11383
0.179177 0.0471299 -0.0104384
-1.30849 2.20848 -2.11383
0.179338 0.0470842 -0.0100054
-1.30849 2.20848 -2.11383
0.179522 0.0470732 -0.00947627
-1.30849 2.20848 -2.12456
0.179666 0.0471021 -0.00891734
-1.30849 2.20848 -2.12456
0.179721 0.0472499 -0.00821472
-1.30849 2.20848 -2.12456
0.179797 0.0473733 -0.00754961
-1.30849 2.20848 -2.13837
0.179921 0.0474503 -0.00688918
-1.30849 2.20848 -2.13837
0.180133 0.047463 -0.00631396
-1.30849 2.20848 -2.13837
0.180304 0.0475396 -0.00559613
-1.30849 2.20848 -2.15371
0.180398 0.0476523 -0.0048746
-1.30849 2.20848 -2.15371
0.180489 0.0477346 -0.00425723
-1.30849 2.20848 -2.15371
0.180564 0.0478044 -0.00368922
-1.30849 2.20848 -2.16598
0.180672 0.0477993 -0.00324391
-1.30849 2.20848 -2.16598
0.180743 0.0477958 -0.00288115
-1.30849 2.20848 -2.16598
0.18077 0.0478049 -0.00254929
-1.30849 2.20848 -2.17518
0.180763 0.047826 -0.00228844
-1.30849 2.20848 -2.17518
0.180762 0.0478429 -0.00201233
-1.30849 2.20848 -2.17518
0.18076 0.0478459 -0.00179955
-1.30849 2.20848 -2.17979
0.180777 0.0478272 -0.001629
-1.30849 2.20848 -2.17979
0.180811 0.0477955 -0.00145016
-1.30849 2.20848 -2.17979
0.18084 0.047775 -0.00132404
-1.30849 2.20848 -2.18132
0.180837 0.0477761 -0.00125961
-1.30849 2.20848 -2.18132
0.180863 0.047759 -0.00115811
-1.30849 2.20848 -2.18132
0.180877 0.0477441 -0.00111885
-1.30849 2.20848 -2.18439
0.180896 0.0477274 -0.00105841
-1.30849 2.20848 -2.18439
0.180904 0.0477209 -0.00100929
-1.30849 2.20848 -2.18439
0.180922 0.0477159 -0.000939133
-1.30849 2.20848 -2.18439
0.18091 0.0477225 -0.000913177
-1.30849 2.20848 -2.18439
0.180913 0.0477122 -0.000900543
-1.30849 2.20848 -2.18439
0.180931 0.0477008 -0.000877075
-1.30849 2.20848 -2.18439
0.18092 0.0477009 -0.000876602
-1.30849 2.20848 -2.18439
0.180922 0.0476851 -0.000863403
-1.30849 2.20848 -2.18439
0.180932 0.0476716 -0.000851517
-1.30849 2.20848 -2.18592
0.180931 0.04767 -0.00083725
-1.30849 2.20848 -2.18592
0.180916 0.0476846 -0.000838654
-1.30849 2.20848 -2.18592
0.180927 0.0476865 -0.000844833
-1.30849 2.20848 -2.18592
0.180946 0.047683 -0.000844467
-1.30849 2.20848 -2.18592
0.180937 0.047692 -0.000837418
-1.30849 2.20848 -2.18592
0.180927 0.0476897 -0.000848068
-1.30849 2.20848 -2.18592
0.180921 0.0476819 -0.000839935
-1.30849 2.20848 -2.18592
0.180915 0.0476734 -0.00083783
-1.30849 2.20848 -2.18592
0.180915 0.0476621 -0.000836868
-1.30849 2.20848 -2.18592
0.18092 0.0476608 -0.000839874
-1.30849 2.20848 -2.18592
0.180918 0.0476658 -0.000845032
-1.30849 2.20848 -2.18592
0.180927 0.0476715 -0.000830872
-1.30849 2.20848 -2.18592
0.180913 0.0476874 -0.000826553
-1.30849 2.20848 -2.18592
0.180933 0.0476987 -0.000825211
-1.30849 2.20848 -2.18592
0.180947 0.047709 -0.000830338
-1.30849 2.20848 -2.18592
0.180961 0.0477131 -0.000824738
-1.30849 2.20848 -2.18592
0.180969 0.0477198 -0.000820084
-1.30849 2.20848 -2.18592
0.180962 0.0477272 -0.000814728
-1.30849 2.20848 -2.18592
0.180951 0.0477248 -0.000819336
-1.30849 2.20848 -2.18592
0.180935 0.04771 -0.00083136
-1.30849 2.20848 -2.18592
0.180943 0.0476906 -0.000805115
-1.30849 2.21001 -2.18592
0.180932 0.0476893 -0.000788101
-1.30849 2.21001 -2.18592
0.180922 0.0476943 -0.000737747
-1.30849 2.21001 -2.18592
0.180949 0.0476793 -0.00066362
-1.30849 2.20848 -2.18746
0.180977 0.0476658 -0.000587143
-1.30849 2.20848 -2.18746
0.181023 0.0476586 -0.000435959
-1.30849 2.20848 -2.18746
0.181034 0.0476717 -0.000248734
-1.30849 2.20848 -2.19206
0.181079 0.0476852 3.46527e-05
-1.30849 2.20848 -2.19206
0.181131 0.0477308 0.000530258
-1.30849 2.20848 -2.19206
0.181128 0.0478286 0.00108829
-1.30849 2.20848 -2.2028
0.181196 0.047884 0.00165736
-1.30849 2.20848 -2.2028
0.181348 0.0478674 0.00222252
-1.30849 2.20848 -2.2028
0.181441 0.0478531 0.00271121
-1.30849 2.20848 -2.2166
0.181476 0.0478432 0.00341048
-1.30849 2.20848 -2.2166
0.181432 0.0478474 0.00417358
-1.30849 2.20848 -2.2166
0.181468 0.0478163 0.00493582
-1.30849 2.20848 -2.23194
0.181567 0.0477959 0.00566661
-1.30849 2.20848 -2.23194
0.181632 0.0478104 0.00625211
-1.30849 2.20848 -2.23194
0.181636 0.0478199 0.00684201
-1.30849 2.21001 -2.24421
0.181583 0.0478158 0.00732892
-1.30849 2.21001 -2.24421
0.181595 0.04777 0.00767015
-1.30849 2.21001 -2.24421
0.181607 0.0477383 0.0080488
-1.30849 2.20848 -2.25342
0.181647 0.0477454 0.00833228
-1.30849 2.20848 -2.25342
0.18173 0.0477624 0.00856183
-1.30849 2.20848 -2.25342
0.181801 0.0478251 0.00874699
-1.30849 2.20848 -2.25802
0.181862 0.0478696 0.00891806
-1.30849 2.20848 -2.25802
0.181882 0.047909 0.00905733
-1.30849 2.20848 -2.25802
0.181873 0.0479308 0.00912971
-1.30849 2.20848 -2.26109
0.181872 0.047938 0.00921954
-1.30849 2.20848 -2.26109
0.181859 0.0479413 0.00929001
-1.30849 2.20848 -2.26109
0.181853 0.0479296 0.00937997
-1.30849 2.20848 -2.26109
0.181826 0.0479213 0.00943593
-1.30849 2.20848 -2.26109
0.181799 0.047905 0.00948706
-1.30849 2.20848 -2.26109
0.181792 0.0479141 0.00953908
-1.30849 2.20848 -2.26262
0.181812 0.0479313 0.00957144
-1.30849 2.20848 -2.26262
0.181826 0.0479496 0.00954993
-1.30849 2.20848 -2.26262
0.181867 0.04795 0.00956332
-1.30849 2.20848 -2.26416
0.181862 0.0479655 0.00955627
-1.30849 2.20848 -2.26416
0.181866 0.047978 0.00955653
-1.30849 2.20848 -2.26416
0.181886 0.0479834 0.00955717
-1.30849 2.20848 -2.26416
0.18187 0.0479934 0.00955663
-1.30849 2.20848 -2.26416
0.181873 0.047978 0.00957977
-1.30849 2.20848 -2.26416
0.181849 0.0479554 0.00955836
-1.30849 2.20848 -2.26262
0.181834 0.0479462 0.00956328
-1.30849 2.20848 -2.26262
0.181837 0.0479374 0.00956775
-1.30849 2.20848 -2.26262
0.181839 0.0479307 0.00956296
-1.30849 2.20848 -2.26416
0.181825 0.047933 0.00956049
-1.30849 2.20848 -2.26416
0.181839 0.0479374 0.00956609
-1.30849 2.20848 -2.26416
0.181837 0.0479442 0.00954837
-1.30849 2.20848 -2.26416
0.181867 0.0479319 0.00956383
-1.30849 2.20848 -2.26416
0.181848 0.0479427 0.00956015
-1.30849 2.20848 -2.26416
0.181833 0.0479464 0.00957031
-1.30849 2.20848 -2.26416
0.18182 0.0479357 0.00954115
-1.30849 2.20848 -2.26416
0.181853 0.0479191 0.00957397
-1.30849 2.20848 -2.26416
0.181823 0.0479409 0.00956723
-1.30849 2.20848 -2.26416
0.181815 0.0479434 0.00955585
-1.30849 2.20848 -2.26416
0.181825 0.0479495 0.00955702
-1.30849 2.20848 -2.26416
0.181836 0.0479537 0.00955986
-1.30849 2.20848 -2.26416
0.181857 0.0479427 0.00955583
-1.30849 2.20848 -2.26416
0.181835 0.047946 0.00956319
-1.30849 2.20848 -2.26416
0.181844 0.0479376 0.00957718
-1.30849 2.20848 -2.26262
0.181825 0.0479371 0.00962352
-1.30849 2.20848 -2.26262
0.181831 0.0479296 0.00969487
-1.30849 2.20848 -2.26262
0.181834 0.04793 0.00977837
-1.30849 2.20848 -2.26416
0.181845 0.0479366 0.00991904
-1.30849 2.20848 -2.26416
0.181841 0.0479412 0.0100876
-1.30849 2.20848 -2.26416
0.181843 0.0479279 0.0103232
-1.30849 2.20848 -2.26416
0.181846 0.0478801 0.0106245
-1.30849 2.20848 -2.26416
0.181842 0.0478073 0.0110056
-1.30849 2.20848 -2.26416
0.181853 0.047735 0.0114875
-1.30849 2.20848 -2.26416
0.181879 0.0477444 0.0120122
-1.30849 2.20848 -2.26416
0.181864 0.0478408 0.0126979
-1.30849 2.20848 -2.26416
0.181876 0.0479344 0.0133418
-1.30849 2.20848 -2.26416
0.18196 0.0479436 0.0139858
-1.30849 2.20848 -2.26416
0.181974 0.0478848 0.0148082
-1.30849 2.20848 -2.26416
0.181829 0.0478242 0.0155721
-1.30849 2.20848 -2.26416
0.181788 0.047795 0.0163075
-1.30849 2.20848 -2.26416
0.18182 0.0478025 0.0168698
-1.30849 2.20848 -2.26416
0.181914 0.0478311 0.0173501
-1.30849 2.20848 -2.26416
0.181932 0.0478683 0.0177482
-1.30849 2.20848 -2.26416
0.181865 0.0479039 0.0181958
-1.30849 2.20848 -2.26416
0.181796 0.0478817 0.0185571
-1.30849 2.20848 -2.26416
0.181753 0.0478078 0.0188873
-1.30849 2.20848 -2.26416
0.18173 0.0477256 0.0191655
-1.30849 2.20848 -2.26416
0.181737 0.0476856 0.0193237
-1.30849 2.20848 -2.27183
0.181775 0.0476987 0.0195102
-1.30849 2.20848 -2.27183
0.18177 0.0477057 0.019637
-1.30849 2.20848 -2.27183
0.18178 0.0477125 0.0197488
-1.30849 2.20848 -2.28103
0.181804 0.0477177 0.0198839
-1.30849 2.20848 -2.28103
0.18181 0.0477283 0.0199735
-1.30849 2.20848 -2.28103
0.181814 0.0477333 0.0200225
-1.30849 2.20848 -2.29484
0.181821 0.0477343 0.0200753
-1.30849 2.20848 -2.29484
0.181818 0.0477447 0.0201307
-1.30849 2.20848 -2.29484
0.181809 0.0477289 0.0201857
-1.30849 2.20848 -2.31018
0.181773 0.0477372 0.0202265
-1.30849 2.20848 -2.31018
0.18177 0.0477401 0.0202422
-1.30849 2.20848 -2.31018
0.181775 0.0477291 0.0202611
-1.30849 2.20848 -2.32245
0.181776 0.0477234 0.020253
-1.30849 2.20848 -2.32245
0.181787 0.0477282 0.020252
-1.30849 2.20848 -2.32245
0.181794 0.047728 0.0202646
-1.30849 2.20848 -2.33012
0.181797 0.0477328 0.0202719
-1.30849 2.20848 -2.33012
0.181788 0.0477389 0.0202893
-1.30849 2.20848 -2.33012
0.181781 0.0477506 0.0202751
-1.30849 2.20848 -2.33625
0.181799 0.0477368 0.0202673
-1.30849 2.20848 -2.33625
0.181797 0.0477427 0.0202683
-1.30849 2.20848 -2.33625
0.181785 0.0477366 0.0202638
-1.30849 2.20848 -2.33932
0.181778 0.0477297 0.0202572
-1.30849 2.20848 -2.33932
0.181793 0.0477325 0.0202784
-1.30849 2.20848 -2.33932
0.181771 0.047738 0.0202611
-1.30849 2.20848 -2.34085
0.181786 0.0477335 0.0202779
-1.30849 2.20848 -2.34085
0.181793 0.0477391 0.0202841
-1.30849 2.20848 -2.34085
0.181789 0.0477437 0.0202636
-1.30849 2.20848 -2.34085
0.181789 0.047721 0.0202746
-1.30849 2.20848 -2.34085
0.181781 0.0477267 0.0202732
-1.30849 2.20848 -2.34085
0.181791 0.0477314 0.0202692
-1.30849 2.20848 -2.34085
0.181802 0.0477444 0.0202765
-1.30849 2.20848 -2.34085
0.181792 0.0477347 0.0202689
-1.30849 2.20848 -2.34085
0.18179 0.0477195 0.0202591
-1.30849 2.20848 -2.34085
0.181784 0.047721 0.0202692
-1.30849 2.20848 -2.34085
0.181784 0.0477339 0.0202911
-1.30849 2.20848 -2.34085
0.181775 0.0477431 0.0202796
-1.30849 2.20848 -2.34239
0.181783 0.0477423 0.0202994
-1.30849 2.20848 -2.34239
0.181775 0.0477389 0.020349
-1.30849 2.20848 -2.34239
0.181775 0.0477482 0.0204583
-1.30849 2.20848 -2.34239
0.181771 0.047769 0.0205988
-1.30849 2.20848 -2.34239
0.181741 0.0477654 0.0207797
-1.30849 2.20848 -2.34239
0.18173 0.0477764 0.0209984
-1.30849 2.20848 -2.34239
0.181751 0.0478047 0.0212659
-1.30849 2.20848 -2.34239
0.181748 0.0478159 0.0216031
-1.30849 2.20848 -2.34239
0.181769 0.0477888 0.0219148
-1.30849 2.20848 -2.34239
0.181777 0.0477345 0.0223984
-1.30849 2.20848 -2.34239
0.181719 0.047698 0.0230141
-1.30849 2.20848 -2.34239
0.181607 0.0476681 0.0236523
-1.30849 2.20848 -2.34239
0.181549 0.0476716 0.0245128
-1.30849 2.20848 -2.34239
0.181521 0.047676 0.0252211
-1.30849 2.20848 -2.34239
0.181453 0.0476603 0.0259874
-1.30849 2.20848 -2.34239
0.181371 0.0476546 0.0267465
-1.30849 2.20848 -2.34239
0.1813 0.0476255 0.0272695
-1.30849 2.20848 -2.34239
0.181213 0.0475806 0.0278656
-1.30849 2.20848 -2.34392
0.181149 0.0475692 0.0284059
-1.30849 2.20848 -2.34392
0.181119 0.0475973 0.028908
-1.30849 2.20848 -2.34392
0.18107 0.0475912 0.0293914
-1.30849 2.20694 -2.34546
0.181061 0.0475269 0.0297404
-1.30849 2.20694 -2.34546
0.181042 0.0474825 0.0300077
-1.30849 2.20694 -2.34546
0.180997 0.0474706 0.0302455
-1.30849 2.20848 -2.35006
