1320 3 3
0.187845 0.118769 0.0303416
-1.00322 0.96688 -2.10922
0.187812 0.118734 0.0304172
-1.00322 0.96688 -2.10922
0.187765 0.118701 0.0304555
-1.00322 0.968415 -2.10922
0.187721 0.118669 0.0305261
-1.00322 0.968415 -2.10922
0.187698 0.118671 0.0305473
-1.00322 0.968415 -2.10922
0.187682 0.11865 0.0305762
-1.00322 0.968415 -2.10922
0.187666 0.118635 0.0306228
-1.00322 0.968415 -2.10922
0.187631 0.118655 0.0306476
-1.00322 0.968415 -2.10922
0.187614 0.118665 0.0306901
-1.00322 0.968415 -2.10922
0.187595 0.118664 0.0306999
-1.00322 0.968415 -2.10922
0.187585 0.118659 0.0307091
-1.00322 0.968415 -2.10922
0.187593 0.118647 0.0307144
-1.00322 0.968415 -2.10922
0.187583 0.118658 0.0307046
-1.00322 0.968415 -2.10922
0.187579 0.118641 0.0307199
-1.00322 0.968415 -2.10922
0.187575 0.118661 0.0307215
-1.00322 0.968415 -2.10922
0.187576 0.118655 0.0307252
-1.00322 0.968415 -2.10922
0.187568 0.118644 0.0307277
-1.00322 0.968415 -2.10922
0.18756 0.118631 0.0307478
-1.00322 0.96688 -2.10922
0.187545 0.118639 0.0307461
-1.00322 0.96688 -2.10922
0.18754 0.118643 0.0307439
-1.00322 0.96688 -2.10922
0.187563 0.118655 0.0307448
-1.00476 0.968415 -2.10922
0.187592 0.118646 0.030739
-1.00476 0.968415 -2.10922
0.187595 0.118631 0.0307404
-1.00476 0.968415 -2.10922
0.187585 0.118646 0.0307463
-1.00322 0.968415 -2.10922
0.187565 0.118641 0.030755
-1.00322 0.968415 -2.10922
0.187549 0.118648 0.0307592
-1.00322 0.968415 -2.10922
0.187553 0.118666 0.0307584
-1.00322 0.968415 -2.10922
0.187551 0.118637 0.0307651
-1.00322 0.968415 -2.10922
0.18754 0.118645 0.030757
-1.00322 0.968415 -2.10922
0.187535 0.118646 0.0307594
-1.00322 0.96688 -2.10462
0.187535 0.118638 0.0307544
-1.00322 0.96688 -2.10462
0.187526 0.118633 0.0307671
-1.00322 0.96688 -2.10462
0.187534 0.118647 0.0307603
-1.00322 0.96688 -2.09388
0.18755 0.118641 0.0307316
-1.00322 0.96688 -2.09388
0.187555 0.118621 0.0307451
-1.00322 0.96688 -2.09388
0.18754 0.118644 0.0307594
-1.00322 0.968415 -2.07854
0.187537 0.118651 0.0307666
-1.00322 0.968415 -2.07854
0.187537 0.11865 0.0307662
-1.00322 0.968415 -2.07854
0.187532 0.118645 0.0307617
-1.00322 0.968415 -2.0632
0.187537 0.118637 0.0307614
-1.00322 0.968415 -2.0632
0.187542 0.118654 0.0307464
-1.00322 0.968415 -2.0632
0.187548 0.118634 0.0307531
-1.00322 0.968415 -2.05093
0.187526 0.118634 0.0307557
-1.00322 0.968415 -2.05093
0.18753 0.118644 0.0307685
-1.00322 0.968415 -2.05093
0.187541 0.118657 0.0307573
-1.00322 0.96688 -2.04173
0.187539 0.11865 0.0307541
-1.00322 0.96688 -2.04173
0.187531 0.118641 0.0307728
-1.00322 0.96688 -2.04173
0.187529 0.118672 0.0307669
-1.00322 0.96688 -2.03713
0.187528 0.118649 0.0307797
-1.00322 0.96688 -2.03713
0.18751 0.11863 0.0307768
-1.00322 0.96688 -2.03713
0.187506 0.118634 0.0307759
-1.00322 0.968415 -2.03406
0.187515 0.118637 0.030769
-1.00322 0.968415 -2.03406
0.187524 0.118633 0.0307664
-1.00322 0.968415 -2.03406
0.187554 0.118657 0.0307776
-1.00322 0.968415 -2.03099
0.187548 0.118649 0.0307521
-1.00322 0.968415 -2.03099
0.187547 0.118637 0.0307413
-1.00322 0.968415 -2.03099
0.187543 0.11864 0.0307527
-1.00322 0.968415 -2.03099
0.187544 0.118658 0.0307476
-1.00322 0.968415 -2.03099
0.187548 0.118646 0.0307735
-1.00322 0.968415 -2.03099
0.187533 0.118635 0.0308156
-1.00322 0.968415 -2.03099
0.187472 0.118582 0.0309584
-1.00322 0.968415 -2.03099
0.187389 0.11851 0.0311588
-1.00322 0.968415 -2.03099
0.187249 0.118387 0.0316093
-1.00322 0.96688 -2.03099
0.187107 0.118232 0.0320488
-1.00322 0.96688 -2.03099
0.186836 0.118109 0.0326603
-1.00322 0.96688 -2.03099
0.186393 0.118039 0.0334517
-1.00322 0.968415 -2.03099
0.186162 0.117962 0.0339871
-1.00322 0.968415 -2.03099
0.18594 0.117706 0.0348589
-1.00322 0.968415 -2.03099
0.185954 0.117752 0.037105
-1.00322 0.96688 -1.95276
0.186172 0.11788 0.0365812
-1.00322 0.96688 -1.95276
0.186269 0.118009 0.0362946
-1.00322 0.96688 -1.95276
0.186452 0.118194 0.0358667
-1.00322 0.96688 -1.95122
0.186633 0.118244 0.0356054
-1.00322 0.96688 -1.95122
0.186913 0.118344 0.0352233
-1.00322 0.96688 -1.95122
0.187107 0.118398 0.0350339
-1.00322 0.96688 -1.95276
0.18724 0.118458 0.0348073
-1.00322 0.96688 -1.95276
0.187347 0.118576 0.034627
-1.00322 0.96688 -1.95276
0.187386 0.118623 0.0345515
-1.00322 0.96688 -1.95276
0.187414 0.118673 0.0344633
-1.00322 0.96688 -1.95276
0.187434 0.118704 0.0344239
-1.00322 0.96688 -1.95276
0.187443 0.118723 0.0343648
-1.00322 0.968415 -1.95122
0.187457 0.118742 0.0343438
-1.00322 0.968415 -1.95122
0.187485 0.118788 0.0342886
-1.00322 0.968415 -1.95122
0.187499 0.118773 0.0342784
-1.00322 0.96688 -1.95276
0.187499 0.118769 0.0342916
-1.00322 0.96688 -1.95276
0.187483 0.118765 0.0343037
-1.00322 0.96688 -1.95276
0.187497 0.118765 0.034324
-1.00322 0.96688 -1.95276
0.187498 0.118759 0.0343184
-1.00322 0.96688 -1.95276
0.187498 0.118761 0.0343038
-1.00322 0.96688 -1.95276
0.187506 0.118757 0.0342945
-1.00322 0.96688 -1.95276
0.187512 0.118764 0.0342728
-1.00322 0.96688 -1.95276
0.187527 0.118755 0.0342628
-1.00322 0.96688 -1.95276
0.187505 0.118761 0.0342829
-1.00322 0.96688 -1.95122
0.187488 0.118773 0.0342936
-1.00322 0.96688 -1.95122
0.187478 0.118785 0.0342996
-1.00322 0.96688 -1.95122
0.18749 0.118788 0.0343173
-1.00322 0.968415 -1.95122
0.187487 0.118783 0.0343026
-1.00322 0.968415 -1.95122
0.187499 0.118773 0.0342976
-1.00322 0.968415 -1.95122
0.187521 0.118767 0.0343004
-1.00322 0.968415 -1.95276
0.187512 0.118756 0.0342973
-1.00322 0.968415 -1.95276
0.187489 0.118745 0.0343031
-1.00322 0.968415 -1.95276
0.187485 0.118766 0.0343128
-1.00322 0.968415 -1.95122
0.187479 0.118771 0.034302
-1.00322 0.968415 -1.95122
0.187504 0.118782 0.0342926
-1.00322 0.968415 -1.95122
0.187521 0.118777 0.0342814
-1.00322 0.96688 -1.94969
0.187512 0.11877 0.034282
-1.00322 0.96688 -1.94969
0.187497 0.118769 0.0342979
-1.00322 0.96688 -1.94969
0.18748 0.118777 0.0343138
-1.00476 0.968415 -1.93895
0.187479 0.118778 0.0343057
-1.00476 0.968415 -1.93895
0.187498 0.118764 0.0343031
-1.00476 0.968415 -1.93895
0.187512 0.118754 0.0342941
-1.00322 0.968415 -1.92515
0.187516 0.118755 0.0342941
-1.00322 0.968415 -1.92515
0.187519 0.118757 0.0342984
-1.00322 0.968415 -1.92515
0.187492 0.118755 0.034299
-1.00322 0.96688 -1.90827
0.187473 0.118776 0.0342906
-1.00322 0.96688 -1.90827
0.187484 0.11877 0.0342966
-1.00322 0.96688 -1.90827
0.187482 0.118772 0.0342976
-1.00322 0.968415 -1.89447
0.187489 0.118798 0.0343008
-1.00322 0.968415 -1.89447
0.187487 0.118772 0.034306
-1.00322 0.968415 -1.89447
0.187485 0.118783 0.0342983
-1.00322 0.96688 -1.8868
0.187493 0.118766 0.0342825
-1.00322 0.96688 -1.8868
0.187517 0.118761 0.0342914
-1.00322 0.96688 -1.8868
0.187508 0.118745 0.0342885
-1.00322 0.96688 -1.88066
0.187504 0.118776 0.0342867
-1.00322 0.96688 -1.88066
0.187524 0.118786 0.0342734
-1.00322 0.96688 -1.88066
0.187535 0.118752 0.0342694
-1.00476 0.96688 -1.87759
0.187506 0.118766 0.0342738
-1.00476 0.96688 -1.87759
0.187511 0.118785 0.0342789
-1.00476 0.96688 -1.87759
0.187516 0.118776 0.0342776
-1.00322 0.96688 -1.87606
0.187513 0.118774 0.0342929
-1.00322 0.96688 -1.87606
0.187504 0.118775 0.0343009
-1.00322 0.96688 -1.87606
0.187496 0.118768 0.0342918
-1.00322 0.96688 -1.87452
0.187498 0.118784 0.0342753
-1.00322 0.96688 -1.87452
0.187524 0.118839 0.0342316
-1.00322 0.96688 -1.87452
0.187571 0.118876 0.0341325
-1.00322 0.96688 -1.87606
0.187663 0.119003 0.0339155
-1.00322 0.96688 -1.87606
0.187779 0.119082 0.0336657
-1.00322 0.96688 -1.87606
0.188049 0.119186 0.033208
-1.00322 0.968415 -1.87452
0.188284 0.119339 0.0328109
-1.00322 0.968415 -1.87452
0.18864 0.119528 0.0322009
-1.00322 0.968415 -1.87452
0.188836 0.119633 0.0317973
-1.00322 0.96688 -1.87452
0.189135 0.119765 0.0311343
-1.00322 0.96688 -1.87452
0.189442 0.119968 0.0305122
-1.00322 0.96688 -1.87452
0.190816 0.120796 0.0305674
-1.00322 1.08352 -2.27183
0.19058 0.120445 0.0312857
-1.00322 1.08352 -2.26876
0.190265 0.120328 0.0317956
-1.00322 1.08352 -2.26876
0.189794 0.120226 0.0325137
-1.00322 1.08352 -2.26876
0.189583 0.120142 0.0329111
-1.00322 1.08352 -2.26722
0.189367 0.119966 0.0333624
-1.00322 1.08352 -2.26722
0.189314 0.119824 0.0336058
-1.00322 1.08352 -2.26722
0.189208 0.119701 0.0339426
-1.00322 1.08352 -2.26722
0.189054 0.119649 0.0342265
-1.00322 1.08352 -2.26722
0.188893 0.119627 0.0344339
-1.00322 1.08352 -2.26722
0.188668 0.119598 0.0346982
-1.00322 1.08352 -2.26722
0.188578 0.119595 0.0348017
-1.00322 1.08352 -2.26722
0.188563 0.119523 0.0349451
-1.00322 1.08352 -2.26722
0.188586 0.119512 0.0349757
-1.00322 1.08352 -2.26722
0.188641 0.119462 0.0349974
-1.00322 1.08352 -2.26722
0.188646 0.119417 0.0350098
-1.00322 1.08352 -2.26722
0.188639 0.119383 0.0350665
-1.00322 1.08352 -2.26722
0.18859 0.119384 0.03512
-1.00322 1.08352 -2.26722
0.188573 0.119357 0.0351648
-1.00322 1.08352 -2.26722
0.188559 0.119341 0.0352175
-1.00322 1.08505 -2.26569
0.188556 0.119341 0.0352274
-1.00322 1.08505 -2.26569
0.188548 0.119336 0.0352196
-1.00322 1.08505 -2.26569
0.188558 0.119312 0.0352304
-1.00322 1.08352 -2.26569
0.188545 0.119319 0.0352709
-1.00322 1.08352 -2.26569
0.188515 0.119301 0.0352915
-1.00322 1.08352 -2.26569
0.188496 0.119295 0.035313
-1.00322 1.08352 -2.26569
0.188466 0.119318 0.0353394
-1.00322 1.08352 -2.26569
0.188471 0.11931 0.035345
-1.00322 1.08352 -2.26569
0.188474 0.119307 0.0353185
-1.00322 1.08352 -2.26722
0.188491 0.119298 0.035327
-1.00322 1.08352 -2.26722
0.188493 0.119297 0.0353328
-1.00322 1.08352 -2.26722
0.188501 0.119325 0.0353346
-1.00322 1.08352 -2.26569
0.188505 0.119292 0.0353136
-1.00322 1.08352 -2.26569
0.188519 0.119331 0.0353281
-1.00322 1.08352 -2.26569
0.188515 0.119315 0.0353059
-1.00322 1.08352 -2.26569
0.188512 0.119296 0.0352947
-1.00322 1.08352 -2.26569
0.188513 0.119304 0.0353002
-1.00322 1.08352 -2.26569
0.188521 0.119297 0.0352924
-1.00322 1.08352 -2.26569
0.188521 0.119292 0.0353073
-1.00322 1.08352 -2.26569
0.188498 0.119319 0.0353155
-1.00322 1.08352 -2.26569
0.188504 0.119317 0.0353127
-1.00322 1.08352 -2.26569
0.1885 0.119315 0.0353023
-1.00322 1.08352 -2.26569
0.188512 0.119297 0.0353214
-1.00322 1.08352 -2.26569
0.188506 0.119304 0.0353293
-1.00322 1.08352 -2.26569
0.188501 0.119312 0.0353444
-1.00322 1.08352 -2.26569
0.188499 0.119331 0.0353205
-1.00322 1.08352 -2.26569
0.188513 0.119289 0.0352962
-1.00322 1.08352 -2.26569
0.188523 0.119292 0.0353101
-1.00322 1.08352 -2.26569
0.188511 0.119281 0.0353348
-1.00322 1.08352 -2.26569
0.188498 0.119269 0.0353832
-1.00322 1.08505 -2.26569
0.188487 0.119241 0.0354397
-1.00322 1.08505 -2.26569
0.188449 0.119191 0.035548
-1.00322 1.08505 -2.26569
0.188403 0.11914 0.035699
-1.00322 1.08352 -2.26569
0.188289 0.11906 0.035973
-1.00322 1.08352 -2.26569
0.188158 0.118981 0.0362534
-1.00322 1.08352 -2.26569
0.187833 0.118806 0.0367977
-1.00322 1.08352 -2.26569
0.187571 0.118692 0.0372186
-1.00322 1.08352 -2.26569
0.187205 0.118543 0.0378601
-1.00322 1.08352 -2.26569
0.186925 0.118361 0.0383257
-1.00322 1.08352 -2.26416
0.186675 0.11814 0.0387875
-1.00322 1.08352 -2.26416
0.186241 0.117883 0.0395124
-1.00322 1.08352 -2.26416
0.186005 0.11774 0.0399695
-1.00322 1.08505 -2.26109
0.186042 0.118004 0.0419888
-1.00322 1.08352 -1.79783
0.186303 0.118126 0.0415292
-1.00322 1.08352 -1.79783
0.186665 0.118282 0.0408614
-1.00322 1.08352 -1.79783
0.186884 0.118425 0.0404155
-1.00322 1.08352 -1.79629
0.187232 0.11863 0.0398137
-1.00322 1.08352 -1.79629
0.187489 0.118816 0.0392582
-1.00322 1.08352 -1.79629
0.187731 0.118893 0.0389301
-1.00322 1.08352 -1.79629
0.188013 0.118953 0.038528
-1.00322 1.08352 -1.79629
0.188115 0.118994 0.0383897
-1.00322 1.08352 -1.79629
0.188151 0.119078 0.0382403
-1.00322 1.08352 -1.79783
0.188148 0.119166 0.0381545
-1.00322 1.08352 -1.79783
0.18818 0.119258 0.0380445
-1.00322 1.08352 -1.79783
0.188205 0.119306 0.0379453
-1.00322 1.08352 -1.79629
0.188278 0.119372 0.0378334
-1.00322 1.08352 -1.79629
0.188329 0.119392 0.0377145
-1.00322 1.08352 -1.79629
0.188367 0.119409 0.0376519
-1.00322 1.08352 -1.79783
0.188418 0.119455 0.0375831
-1.00322 1.08352 -1.79783
0.188445 0.119477 0.0375333
-1.00322 1.08352 -1.79783
0.188467 0.119463 0.0374964
-1.00322 1.08352 -1.79783
0.188467 0.119472 0.0374824
-1.00322 1.08352 -1.79783
0.188481 0.119463 0.0375017
-1.00322 1.08352 -1.79783
0.188457 0.11948 0.0375273
-1.00322 1.08352 -1.79783
0.188428 0.1195 0.0375432
-1.00322 1.08352 -1.79783
0.188435 0.119497 0.0375276
-1.00322 1.08352 -1.79783
0.188443 0.119473 0.037526
-1.00322 1.08352 -1.79629
0.188441 0.119477 0.0375262
-1.00322 1.08352 -1.79629
0.188448 0.119471 0.0375396
-1.00322 1.08352 -1.79629
0.18844 0.119476 0.0375557
-1.00322 1.08352 -1.79783
0.188413 0.11949 0.0375385
-1.00322 1.08352 -1.79783
0.188427 0.119484 0.0375318
-1.00322 1.08352 -1.79783
0.188442 0.119504 0.0375028
-1.00322 1.08352 -1.79629
0.18846 0.119464 0.0374993
-1.00322 1.08352 -1.79629
0.188479 0.119488 0.0375264
-1.00322 1.08352 -1.79629
0.188467 0.119475 0.0375381
-1.00322 1.08352 -1.79783
0.188429 0.119466 0.0375531
-1.00322 1.08352 -1.79783
0.188404 0.119469 0.0375601
-1.00322 1.08352 -1.79783
0.18839 0.119495 0.0375424
-1.00322 1.08352 -1.79629
0.188425 0.119484 0.0375302
-1.00322 1.08352 -1.79629
0.188479 0.119484 0.0375126
-1.00322 1.08352 -1.79629
0.188481 0.119468 0.0375042
-1.00322 1.08352 -1.79629
0.188467 0.119466 0.0375066
-1.00322 1.08352 -1.79629
0.188461 0.119487 0.0375407
-1.00322 1.08352 -1.79629
0.188436 0.119496 0.0375649
-1.00322 1.08505 -1.79322
0.18842 0.11951 0.0375535
-1.00322 1.08505 -1.79322
0.188427 0.119504 0.0375412
-1.00322 1.08505 -1.79322
0.188435 0.11949 0.0375115
-1.00322 1.08352 -1.78555
0.188453 0.119481 0.037508
-1.00322 1.08352 -1.78555
0.188464 0.119464 0.037523
-1.00322 1.08352 -1.78555
0.188452 0.119494 0.0375248
-1.00476 1.08505 -1.77021
0.188445 0.119506 0.0374698
-1.00476 1.08505 -1.77021
0.188475 0.119558 0.0373074
-1.00476 1.08505 -1.77021
0.188582 0.119606 0.0371533
-1.00322 1.08352 -1.75487
0.188807 0.119679 0.0368166
-1.00322 1.08352 -1.75487
0.18898 0.119729 0.0365441
-1.00322 1.08352 -1.75487
0.189189 0.119815 0.0361221
-1.00322 1.08505 -1.74107
0.189309 0.119912 0.0357437
-1.00322 1.08505 -1.74107
0.189398 0.120033 0.0354164
-1.00322 1.08505 -1.74107
0.189618 0.120291 0.0348501
-1.00322 1.08352 -1.73186
0.189956 0.120455 0.034292
-1.00322 1.08352 -1.73186
0.190503 0.1206 0.0335295
-1.00322 1.08352 -1.73186
0.190725 0.120727 0.0330836
-1.00322 1.08352 -1.72726
0.190976 0.120969 0.0324196
-1.00322 1.08352 -1.72726
0.19126 0.121125 0.0318436
-1.00322 1.08352 -1.72726
0.191695 0.121294 0.0310457
-1.00322 1.08352 -1.72266
0.191899 0.121411 0.0304827
-1.00322 1.08352 -1.72266
0.192444 0.121851 0.030569
-1.00322 1.20169 -2.42369
0.19239 0.12181 0.0308102
-1.00322 1.20169 -2.42369
0.192339 0.121668 0.0312071
-1.00322 1.20169 -2.42369
0.192257 0.121516 0.031522
-1.00322 1.20169 -2.42369
0.192012 0.121345 0.0321524
-1.00322 1.20169 -2.42369
0.19172 0.121207 0.0327405
-1.00322 1.20323 -2.42369
0.191193 0.121084 0.0335632
-1.00322 1.20323 -2.42369
0.190888 0.120918 0.0340827
-1.00322 1.20323 -2.42369
0.190763 0.120727 0.0344994
-1.00322 1.20169 -2.42369
0.190455 0.120455 0.0352473
-1.00322 1.20169 -2.42369
0.190164 0.120339 0.0357984
-1.00322 1.20169 -2.42369
0.189747 0.120246 0.0364822
-1.00322 1.20169 -2.42369
0.189594 0.120208 0.0368461
-1.00322 1.20169 -2.42369
0.189456 0.12005 0.0372459
-1.00322 1.20169 -2.42369
0.189393 0.11997 0.0374487
-1.00476 1.20169 -2.42369
0.189268 0.119848 0.0377173
-1.00476 1.20169 -2.42369
0.189168 0.1198 0.037905
-1.00476 1.20169 -2.42369
0.189117 0.119751 0.0380753
-1.00322 1.20169 -2.42369
0.189046 0.119707 0.0382743
-1.00322 1.20169 -2.42369
0.189 0.119671 0.0383799
-1.00322 1.20169 -2.42369
0.188936 0.119642 0.0385029
-1.00322 1.20169 -2.42369
0.188904 0.119615 0.0385679
-1.00322 1.20169 -2.42369
0.18886 0.119587 0.0386309
-1.00322 1.20169 -2.42369
0.188875 0.119587 0.0386585
-1.00322 1.20169 -2.42369
0.188883 0.119547 0.0386797
-1.00322 1.20169 -2.42369
0.188866 0.119511 0.0387472
-1.00322 1.20169 -2.42369
0.188837 0.119524 0.0387731
-1.00322 1.20169 -2.42369
0.188822 0.119531 0.0387941
-1.00322 1.20169 -2.42369
0.18882 0.119523 0.0387807
-1.00322 1.20169 -2.42369
0.188818 0.119502 0.0387753
-1.00322 1.20169 -2.42369
0.188807 0.119504 0.0387714
-1.00322 1.20169 -2.42369
0.188832 0.11952 0.0387859
-1.00322 1.20169 -2.42369
0.188839 0.119515 0.0387922
-1.00322 1.20169 -2.42369
0.188836 0.119514 0.0388006
-1.00322 1.20169 -2.42369
0.188821 0.119512 0.0388018
-1.00322 1.20169 -2.42369
0.188815 0.11953 0.0388139
-1.00322 1.20169 -2.42369
0.18881 0.11952 0.0387881
-1.00322 1.20169 -2.42369
0.188833 0.119499 0.0388
-1.00322 1.20169 -2.42369
0.18884 0.119506 0.0387916
-1.00322 1.20169 -2.42369
0.188831 0.119506 0.0387936
-1.00322 1.20169 -2.42369
0.188823 0.119518 0.0388017
-1.00322 1.20169 -2.42369
0.188829 0.119526 0.0387952
-1.00476 1.20169 -2.42369
0.188834 0.119517 0.038796
-1.00476 1.20169 -2.42369
0.188824 0.119513 0.038801
-1.00476 1.20169 -2.42369
0.188831 0.119519 0.0388046
-1.00322 1.20169 -2.42216
0.188837 0.119526 0.0387837
-1.00322 1.20169 -2.42216
0.188853 0.119505 0.0387932
-1.00322 1.20169 -2.42216
0.188845 0.119498 0.0387945
-1.00322 1.20323 -2.41602
0.188833 0.11951 0.0387996
-1.00322 1.20323 -2.41602
0.188812 0.119512 0.038794
-1.00322 1.20323 -2.41602
0.188838 0.119528 0.0388134
-1.00322 1.20169 -2.40682
0.188825 0.119501 0.03879
-1.00322 1.20169 -2.40682
0.188835 0.11952 0.0387961
-1.00322 1.20169 -2.40682
0.188833 0.119519 0.0388085
-1.00322 1.20169 -2.39148
0.188818 0.119528 0.0388116
-1.00322 1.20169 -2.39148
0.188807 0.119517 0.0388194
-1.00322 1.20169 -2.39148
0.188791 0.119498 0.0388621
-1.00322 1.20169 -2.37614
0.188776 0.119471 0.0389105
-1.00322 1.20169 -2.37614
0.188776 0.119456 0.0390039
-1.00322 1.20169 -2.37614
0.18874 0.119425 0.0391902
-1.00476 1.20169 -2.36386
0.188646 0.119379 0.0393567
-1.00476 1.20169 -2.36386
0.188495 0.119303 0.0397156
-1.00476 1.20169 -2.36386
0.188347 0.119186 0.0400222
-1.00322 1.20169 -2.35466
0.188086 0.118957 0.0406147
-1.00322 1.20169 -2.35466
0.187855 0.118831 0.0410731
-1.00322 1.20169 -2.35466
0.187422 0.118719 0.041816
-1.00322 1.20169 -2.35006
0.187067 0.118578 0.0423612
-1.00322 1.20169 -2.35006
0.186862 0.118359 0.0427989
-1.00322 1.20169 -2.35006
0.186526 0.118023 0.0434764
-1.00322 1.20169 -2.34699
0.186219 0.11791 0.0439653
-1.00322 1.20169 -2.34699
0.186043 0.118001 0.0455468
-1.00322 1.20169 -1.64136
0.186286 0.118103 0.0450666
-1.00322 1.20169 -1.64136
0.186584 0.118253 0.044414
-1.00322 1.20169 -1.64136
0.186827 0.118439 0.0438885
-1.00322 1.20169 -1.64136
0.187075 0.118576 0.043441
-1.00322 1.20323 -1.63983
0.187437 0.118729 0.0427977
-1.00322 1.20323 -1.63983
0.187634 0.118821 0.0425345
-1.00322 1.20323 -1.63983
0.187776 0.118958 0.0422689
-1.00476 1.20169 -1.64136
0.187783 0.119032 0.042164
-1.00476 1.20169 -1.64136
0.18777 0.119135 0.0420188
-1.00476 1.20169 -1.64136
0.1878 0.119185 0.0419062
-1.00322 1.20169 -1.64136
0.187901 0.119204 0.0417339
-1.00322 1.20169 -1.64136
0.188045 0.119195 0.0415421
-1.00322 1.20169 -1.64136
0.188111 0.119209 0.0414222
-1.00322 1.20169 -1.64136
0.188226 0.119264 0.0412713
-1.00322 1.20169 -1.64136
0.188289 0.119272 0.0411928
-1.00322 1.20169 -1.64136
0.188345 0.119288 0.0411062
-1.00322 1.20323 -1.64136
0.188352 0.119317 0.0410626
-1.00322 1.20323 -1.64136
0.188363 0.119315 0.041013
-1.00322 1.20323 -1.64136
0.188371 0.119289 0.0410251
-1.00322 1.20169 -1.63676
0.188357 0.119297 0.0410437
-1.00322 1.20169 -1.63676
0.188322 0.119316 0.0410692
-1.00322 1.20169 -1.63676
0.188313 0.119318 0.0410755
-1.00322 1.20169 -1.62449
0.188343 0.11936 0.0410533
-1.00322 1.20169 -1.62449
0.188383 0.11932 0.0410441
-1.00322 1.20169 -1.62449
0.188382 0.119287 0.0410361
-1.00322 1.20323 -1.61221
0.188374 0.119309 0.0410267
-1.00322 1.20323 -1.61221
0.188363 0.119301 0.0410328
-1.00322 1.20323 -1.61221
0.188352 0.11931 0.0410636
-1.00322 1.20169 -1.59534
0.188338 0.119335 0.041066
-1.00322 1.20169 -1.59534
0.188344 0.119327 0.0410385
-1.00322 1.20169 -1.59534
0.188355 0.119312 0.0410413
-1.00322 1.20323 -1.58307
0.18836 0.119316 0.0410298
-1.00322 1.20323 -1.58307
0.188354 0.119304 0.041041
-1.00322 1.20323 -1.58307
0.188328 0.119301 0.0410436
-1.00476 1.20169 -1.57386
0.188324 0.119301 0.0410745
-1.00476 1.20169 -1.57386
0.18831 0.119322 0.0410638
-1.00476 1.20169 -1.57386
0.188331 0.119312 0.0410668
-1.00322 1.20169 -1.56926
0.188336 0.119306 0.041043
-1.00322 1.20169 -1.56926
0.188373 0.119313 0.0410431
-1.00322 1.20169 -1.56926
0.188368 0.119303 0.0410325
-1.00322 1.20323 -1.56619
0.188349 0.119319 0.0410345
-1.00322 1.20323 -1.56619
0.188343 0.119314 0.0410305
-1.00322 1.20323 -1.56619
0.188346 0.11931 0.0410385
-1.00476 1.20169 -1.56466
0.188338 0.119316 0.04105
-1.00476 1.20169 -1.56466
0.18835 0.119323 0.0410426
-1.00476 1.20169 -1.56466
0.188376 0.119311 0.041017
-1.00322 1.20169 -1.56466
0.18838 0.119305 0.0410156
-1.00322 1.20169 -1.56466
0.188357 0.119331 0.0410163
-1.00322 1.20169 -1.56466
0.188348 0.119387 0.0409546
-1.00322 1.20169 -1.56466
0.188421 0.119462 0.040799
-1.00322 1.20169 -1.56466
0.188513 0.119523 0.0406248
-1.00322 1.20169 -1.56466
0.188658 0.119596 0.040287
-1.00322 1.20169 -1.56466
0.188788 0.119706 0.0399557
-1.00322 1.20169 -1.56466
0.188916 0.119767 0.0396684
-1.00322 1.20169 -1.56466
0.189093 0.119887 0.0391779
-1.00322 1.20323 -1.56466
0.189221 0.119979 0.0387808
-1.00322 1.20323 -1.56466
0.189459 0.120208 0.0381437
-1.00322 1.20323 -1.56466
0.189705 0.120359 0.0376042
-1.00322 1.20169 -1.56313
0.190121 0.120444 0.0367641
-1.00322 1.20169 -1.56313
0.190363 0.120541 0.0362688
-1.00322 1.20169 -1.56313
0.19058 0.120758 0.0356693
-1.00322 1.20169 -1.56313
0.190909 0.120981 0.0348609
-1.00322 1.20169 -1.56313
0.191208 0.121031 0.0343293
-1.00322 1.20169 -1.56313
0.191562 0.121147 0.0336884
-1.00322 1.20169 -1.56313
0.191658 0.121241 0.0334346
-1.00322 1.20169 -1.56313
0.191696 0.121449 0.0330878
-1.00322 1.20169 -1.56313
0.191776 0.12155 0.0328746
-1.00322 1.20169 -1.56466
0.191965 0.121629 0.0324843
-1.00322 1.20169 -1.56466
0.192168 0.121657 0.0321545
-1.00322 1.20169 -1.56466
0.192306 0.121654 0.0319579
-1.00322 1.20169 -1.56313
0.192414 0.121698 0.031742
-1.00322 1.20169 -1.56313
0.192418 0.121733 0.0316264
-1.00322 1.20169 -1.56313
0.19244 0.121762 0.0315234
-1.00322 1.20169 -1.56313
0.192419 0.121797 0.031466
-1.00322 1.20169 -1.56313
0.192429 0.121819 0.0314266
-1.00322 1.20169 -1.56313
0.192421 0.121853 0.031402
-1.00322 1.20169 -1.56313
0.192421 0.121864 0.0313656
-1.00322 1.20169 -1.56313
0.192418 0.121854 0.0313454
-1.00322 1.20169 -1.56313
0.192429 0.121853 0.0313497
-1.00322 1.20169 -1.56313
0.19242 0.121847 0.0313516
-1.00322 1.20169 -1.56313
0.19241 0.121849 0.0313666
-1.00322 1.20169 -1.56313
0.192397 0.121854 0.0313715
-1.00322 1.20169 -1.56313
0.192403 0.121859 0.0313779
-1.00322 1.20169 -1.56313
0.192403 0.121871 0.0313582
-1.00322 1.20169 -1.56313
0.192412 0.121852 0.0313554
-1.00322 1.20323 -1.56313
0.192395 0.121843 0.0313655
-1.00322 1.20323 -1.56313
0.192391 0.121856 0.0313806
-1.00322 1.20323 -1.56313
0.192391 0.121855 0.0313883
-1.00322 1.20169 -1.56313
0.192397 0.121863 0.0313703
-1.00322 1.20169 -1.56313
0.192424 0.121862 0.0313747
-1.00322 1.20169 -1.56313
0.192427 0.121858 0.0313471
-1.00322 1.20169 -1.56313
0.192438 0.121839 0.0313524
-1.00322 1.20169 -1.56313
0.192429 0.121858 0.0313446
-1.00322 1.20169 -1.56313
0.192431 0.121827 0.0313405
-1.00322 1.20169 -1.56466
0.192412 0.121834 0.0313457
-1.00322 1.20169 -1.56466
0.192406 0.121859 0.031358
-1.00322 1.20169 -1.56466
0.192403 0.121853 0.0313637
-1.00322 1.20169 -1.56313
0.192397 0.121863 0.0313598
-1.00322 1.20169 -1.56313
0.192404 0.12185 0.0313571
-1.00322 1.20169 -1.56313
0.192428 0.12186 0.031367
-1.00322 1.20169 -1.55852
0.192431 0.121863 0.0313681
-1.00322 1.20169 -1.55852
0.192406 0.12185 0.0313583
-1.00322 1.20169 -1.55852
0.192395 0.121851 0.0313657
-1.00322 1.20169 -1.54779
0.192405 0.121856 0.0313744
-1.00322 1.20169 -1.54779
0.192401 0.121854 0.031354
-1.00322 1.20169 -1.54779
0.192419 0.121857 0.0313506
-1.00322 1.20169 -1.53245
0.192435 0.121851 0.0313538
-1.00322 1.20169 -1.53245
0.192421 0.121846 0.0313356
-1.00322 1.20169 -1.53245
0.192393 0.121889 0.0312939
-1.00322 1.20169 -1.53245
0.192383 0.121943 0.031231
-1.00322 1.20169 -1.51711
0.192367 0.121985 0.031078
-1.00322 1.20169 -1.51711
0.192403 0.122106 0.0308395
-1.00322 1.20169 -1.51711
0.192486 0.122164 0.0306184
-1.00322 1.20169 -1.50484
0.192455 0.122023 0.0306944
-1.00322 1.3214 -2.62618
0.192317 0.122 0.0309916
-1.00322 1.3214 -2.62618
0.192248 0.121923 0.0312771
-1.00322 1.3214 -2.62618
0.192323 0.121819 0.0314194
-1.00322 1.3214 -2.62618
0.192374 0.121744 0.0315385
-1.00476 1.31987 -2.61084
0.192401 0.12167 0.031725
-1.00476 1.31987 -2.61084
0.19234 0.121648 0.0318099
-1.00476 1.31987 -2.61084
0.192261 0.121619 0.031963
-1.00322 1.3214 -2.59856
0.192215 0.121591 0.0320697
-1.00322 1.3214 -2.59856
0.192143 0.121606 0.0321897
-1.00322 1.3214 -2.59856
0.192128 0.1216 0.0322327
-1.00322 1.3214 -2.58936
0.192129 0.121588 0.0322919
-1.00322 1.3214 -2.58936
0.192095 0.121556 0.0323709
-1.00322 1.3214 -2.58936
0.192062 0.121557 0.0324299
-1.00322 1.3214 -2.58476
0.192005 0.121545 0.0324885
-1.00322 1.3214 -2.58476
0.191965 0.121542 0.0325227
-1.00322 1.3214 -2.58476
0.191939 0.121562 0.0325837
-1.00322 1.3214 -2.58169
0.19193 0.121559 0.0325996
-1.00322 1.3214 -2.58169
0.191912 0.121547 0.0326108
-1.00322 1.3214 -2.58169
0.191904 0.121543 0.0325876
-1.00322 1.3214 -2.58016
0.191904 0.121532 0.0325894
-1.00322 1.3214 -2.58016
0.191922 0.121548 0.0325929
-1.00322 1.3214 -2.58016
0.191951 0.121557 0.0325904
-1.00476 1.3214 -2.58016
0.191955 0.121531 0.0325676
-1.00476 1.3214 -2.58016
0.191955 0.121532 0.0325895
-1.00476 1.3214 -2.58016
0.19193 0.121565 0.0325871
-1.00322 1.3214 -2.58016
0.19194 0.121554 0.032588
-1.00322 1.3214 -2.58016
0.191935 0.121549 0.0325917
-1.00322 1.3214 -2.58016
0.19193 0.121556 0.0325908
-1.00322 1.3214 -2.58016
0.191941 0.121556 0.0325825
-1.00322 1.3214 -2.58016
0.191966 0.121572 0.0325616
-1.00322 1.3214 -2.58016
0.191968 0.12155 0.0325673
-1.00322 1.3214 -2.58016
0.191962 0.121568 0.0325816
-1.00322 1.3214 -2.58016
0.191931 0.121562 0.0325828
-1.00322 1.3214 -2.58016
0.191917 0.121556 0.0325962
-1.00322 1.3214 -2.58016
0.191906 0.121539 0.0326156
-1.00322 1.3214 -2.58016
0.191892 0.121562 0.0326052
-1.00322 1.3214 -2.58016
0.191931 0.121548 0.0325882
-1.00322 1.3214 -2.58016
0.191949 0.121532 0.0325915
-1.00322 1.3214 -2.58016
0.191951 0.121553 0.0325735
-1.00322 1.3214 -2.58016
0.191957 0.121546 0.032579
-1.00322 1.3214 -2.58016
0.191934 0.121528 0.0325766
-1.00322 1.3214 -2.58016
0.191938 0.121552 0.0326057
-1.00322 1.3214 -2.58016
0.191935 0.121536 0.0326749
-1.00322 1.3214 -2.58016
0.191876 0.121504 0.032767
-1.00322 1.3214 -2.58016
0.191816 0.12149 0.0328597
-1.00322 1.3214 -2.58016
0.191728 0.121446 0.0330395
-1.00322 1.3214 -2.58016
0.191635 0.121388 0.0331958
-1.00322 1.3214 -2.58016
0.191516 0.121319 0.0334814
-1.00322 1.3214 -2.58016
0.191456 0.121229 0.0336803
-1.00322 1.3214 -2.58016
0.191357 0.121084 0.0339959
-1.00322 1.3214 -2.58016
0.191342 0.12096 0.0343197
-1.00322 1.3214 -2.58016
0.191138 0.120802 0.0350165
-1.00322 1.31987 -2.58016
0.190754 0.120671 0.035762
-1.00322 1.31987 -2.58016
0.190444 0.12055 0.0363593
-1.00322 1.31987 -2.58016
0.190069 0.120446 0.0372544
-1.00322 1.3214 -2.58016
0.189881 0.12037 0.0377349
-1.00322 1.3214 -2.58016
0.189606 0.120074 0.0384504
-1.00322 1.3214 -2.58016
0.189424 0.119977 0.0389158
-1.00322 1.3214 -2.58016
0.189159 0.119893 0.0395572
-1.00322 1.3214 -2.58016
0.189058 0.119799 0.0399299
-1.00322 1.3214 -2.58016
0.188933 0.119701 0.0403043
-1.00322 1.3214 -2.58016
0.188806 0.119559 0.0406768
-1.00322 1.3214 -2.58016
0.188709 0.119478 0.0409227
-1.00322 1.3214 -2.58016
0.188546 0.119361 0.0412447
-1.00322 1.3214 -2.58016
0.188449 0.119337 0.0414528
-1.00322 1.3214 -2.58016
0.188293 0.11929 0.0417178
-1.00322 1.3214 -2.58016
0.188178 0.119278 0.0418445
-1.00322 1.3214 -2.58016
0.188041 0.119256 0.0420309
-1.00322 1.3214 -2.58016
0.187974 0.119261 0.0421243
-1.00322 1.3214 -2.58016
0.18796 0.119241 0.0421766
-1.00322 1.3214 -2.57862
0.187964 0.119195 0.0422329
-1.00322 1.3214 -2.57862
0.187961 0.119186 0.0422524
-1.00322 1.3214 -2.57862
0.18797 0.11917 0.0422687
-1.00322 1.31987 -2.57249
0.187956 0.119161 0.0422892
-1.00322 1.31987 -2.57249
0.187935 0.119157 0.0423065
-1.00322 1.31987 -2.57249
0.187924 0.119143 0.0423262
-1.00322 1.3214 -2.56328
0.187898 0.119134 0.0423396
-1.00322 1.3214 -2.56328
0.187895 0.119165 0.0423915
-1.00322 1.3214 -2.56328
0.187875 0.119163 0.0423948
-1.00322 1.3214 -2.54948
0.187882 0.119182 0.0423707
-1.00322 1.3214 -2.54948
0.187894 0.119147 0.042339
-1.00322 1.3214 -2.54948
0.187927 0.119124 0.0423448
-1.00322 1.3214 -2.53414
0.187923 0.119132 0.042339
-1.00322 1.3214 -2.53414
0.187934 0.119146 0.0423435
-1.00322 1.3214 -2.53414
0.187927 0.119143 0.0423482
-1.00322 1.31987 -2.52186
0.18791 0.11915 0.0423589
-1.00322 1.31987 -2.52186
0.187896 0.119175 0.0423636
-1.00322 1.31987 -2.52186
0.187896 0.119151 0.0423541
-1.00322 1.3214 -2.51419
0.187906 0.119148 0.042348
-1.00322 1.3214 -2.51419
0.187908 0.119129 0.0423493
-1.00322 1.3214 -2.51419
0.187917 0.119155 0.0423607
-1.00322 1.3214 -2.50806
0.187901 0.119158 0.0423678
-1.00322 1.3214 -2.50806
0.187893 0.119159 0.0423658
-1.00322 1.3214 -2.50806
0.187894 0.119147 0.0423652
-1.00322 1.31987 -2.50499
0.187905 0.119145 0.0423558
-1.00322 1.31987 -2.50499
0.187921 0.119147 0.0423515
-1.00322 1.31987 -2.50499
0.187926 0.119136 0.0423582
-1.00322 1.3214 -2.50192
0.187915 0.119152 0.0423586
-1.00322 1.3214 -2.50192
0.187918 0.119159 0.0423671
-1.00322 1.3214 -2.50192
0.187902 0.119135 0.0423566
-1.00322 1.31987 -2.50499
0.187903 0.119149 0.0423683
-1.00322 1.31987 -2.50499
0.187905 0.119168 0.0423384
-1.00322 1.31987 -2.50499
0.187928 0.119148 0.0423291
-1.00322 1.3214 -2.50192
0.18793 0.119136 0.0423486
-1.00322 1.3214 -2.50192
0.187894 0.119142 0.0423481
-1.00322 1.3214 -2.50192
0.187908 0.119153 0.0423568
-1.00322 1.31987 -2.50192
0.187912 0.119122 0.0423407
-1.00322 1.31987 -2.50192
0.187922 0.11913 0.0423452
-1.00322 1.31987 -2.50192
0.187903 0.11914 0.0423569
-1.00322 1.3214 -2.50192
0.187893 0.119145 0.0423656
-1.00322 1.3214 -2.50192
0.187874 0.119153 0.0423655
-1.00322 1.3214 -2.50192
0.187885 0.11915 0.0423694
-1.00322 1.3214 -2.50192
0.187891 0.119145 0.0423617
-1.00322 1.3214 -2.50192
0.18789 0.119133 0.0423751
-1.00322 1.3214 -2.50192
0.187889 0.119161 0.0423731
-1.00322 1.3214 -2.50192
0.187897 0.119146 0.0423497
-1.00322 1.3214 -2.50192
0.187907 0.119134 0.0423583
-1.00322 1.3214 -2.50192
0.18792 0.119147 0.0423348
-1.00322 1.3214 -2.50192
0.187926 0.119112 0.0423361
-1.00322 1.3214 -2.50192
0.18792 0.119112 0.0423495
-1.00322 1.3214 -2.50192
0.187897 0.119121 0.0423852
-1.00322 1.3214 -2.50192
0.187885 0.11912 0.0424055
-1.00322 1.3214 -2.50192
0.187879 0.119095 0.042469
-1.00322 1.3214 -2.50192
0.187888 0.119074 0.0425257
-1.00322 1.31987 -2.50192
0.187872 0.118973 0.042634
-1.00322 1.31987 -2.50192
0.187842 0.118902 0.0427819
-1.00322 1.31987 -2.50192
0.187774 0.118743 0.0431069
-1.00322 1.3214 -2.50192
0.187605 0.118558 0.0435252
-1.00322 1.3214 -2.50192
0.187327 0.118492 0.0439669
-1.00322 1.3214 -2.50192
0.186887 0.118425 0.0447134
-1.00322 1.3214 -2.50192
0.186619 0.118312 0.0451905
-1.00322 1.3214 -2.50192
0.186331 0.118112 0.0458542
-1.00322 1.3214 -2.50192
0.186178 0.117901 0.0463107
-1.00322 1.3214 -2.50192
0.18602 0.117948 0.0466426
-1.00322 1.31987 -1.56159
0.186159 0.118057 0.0462818
-1.00322 1.3214 -1.56313
0.186404 0.118157 0.0457983
-1.00322 1.3214 -1.56313
0.186524 0.118202 0.0455542
-1.00322 1.3214 -1.56313
0.186619 0.118284 0.0453042
-1.00322 1.3214 -1.56313
0.186616 0.11836 0.0451423
-1.00322 1.3214 -1.56313
0.186656 0.118443 0.0449797
-1.00322 1.3214 -1.56313
0.186724 0.118492 0.0448329
-1.00322 1.3214 -1.56313
0.186763 0.118523 0.0447267
-1.00322 1.3214 -1.56313
0.186804 0.118534 0.0445885
-1.00322 1.3214 -1.56313
0.18684 0.118556 0.0445313
-1.00322 1.3214 -1.56313
0.186892 0.118572 0.0444422
-1.00322 1.3214 -1.56313
0.186905 0.118571 0.0443753
-1.00322 1.3214 -1.56313
0.186938 0.118578 0.0443501
-1.00322 1.31987 -1.56006
0.186941 0.118584 0.0443409
-1.00322 1.31987 -1.56006
0.186938 0.118572 0.0443464
-1.00322 1.31987 -1.56006
0.186892 0.118573 0.0443514
-1.00322 1.3214 -1.54932
0.186884 0.118587 0.0443803
-1.00322 1.3214 -1.54932
0.186865 0.118602 0.0444116
-1.00322 1.3214 -1.54932
0.186846 0.118602 0.044399
-1.00322 1.31987 -1.53398
0.186864 0.1186 0.0443844
-1.00322 1.31987 -1.53398
0.186885 0.118582 0.044374
-1.00322 1.31987 -1.53398
0.186904 0.118585 0.0443733
-1.00322 1.3214 -1.51711
0.186896 0.118583 0.0443712
-1.00322 1.3214 -1.51711
0.186891 0.118593 0.0443735
-1.00322 1.3214 -1.51711
0.186879 0.118594 0.0443897
-1.00322 1.3214 -1.50484
0.186865 0.118602 0.0443861
-1.00322 1.3214 -1.50484
0.18688 0.118615 0.0443878
-1.00322 1.3214 -1.50484
0.186876 0.118593 0.0443738
-1.00322 1.31987 -1.49563
0.18689 0.118594 0.0443731
-1.00322 1.31987 -1.49563
0.186895 0.118589 0.0443494
-1.00322 1.31987 -1.49563
0.186909 0.118578 0.0443365
-1.00322 1.3214 -1.49103
0.186907 0.118561 0.044362
-1.00322 1.3214 -1.49103
0.186885 0.118576 0.0443722
-1.00322 1.3214 -1.49103
0.186856 0.118582 0.0443932
-1.00322 1.31987 -1.48796
0.186868 0.118614 0.0443968
-1.00322 1.31987 -1.48796
0.186892 0.118601 0.044386
-1.00322 1.31987 -1.48796
0.186897 0.118599 0.0443759
-1.00322 1.3214 -1.48643
0.186905 0.118594 0.0443708
-1.00322 1.3214 -1.48643
0.186912 0.118585 0.0443667
-1.00322 1.3214 -1.48643
0.186906 0.118585 0.0443675
-1.00322 1.31987 -1.48489
0.186904 0.118605 0.0443846
-1.00322 1.31987 -1.48489
0.186898 0.118596 0.0443887
-1.00322 1.31987 -1.48489
0.186885 0.118588 0.0443891
-1.00322 1.3214 -1.48489
0.186885 0.118583 0.0443764
-1.00322 1.3214 -1.48489
0.18688 0.118586 0.0443608
-1.00322 1.3214 -1.48489
0.1869 0.118598 0.0443563
-1.00322 1.31987 -1.48489
0.186918 0.118584 0.0443468
-1.00322 1.31987 -1.48489
0.186896 0.118582 0.0443403
-1.00322 1.31987 -1.48489
0.18689 0.118591 0.0443664
-1.00476 1.3214 -1.48489
0.186881 0.118605 0.0443853
-1.00476 1.3214 -1.48489
0.186892 0.118604 0.044392
-1.00476 1.3214 -1.48489
0.186888 0.118594 0.0443808
-1.00322 1.31987 -1.48489
0.186892 0.118583 0.0444078
-1.00322 1.31987 -1.48489
0.186873 0.118607 0.0443811
-1.00322 1.31987 -1.48489
0.186893 0.118581 0.0443697
-1.00322 1.3214 -1.48489
0.186897 0.118581 0.0443616
-1.00322 1.3214 -1.48489
0.186903 0.118584 0.0443396
-1.00322 1.3214 -1.48489
0.186919 0.11857 0.0443456
-1.00322 1.3214 -1.48489
0.186914 0.118592 0.0443758
-1.00322 1.3214 -1.48489
0.186909 0.118593 0.0443699
-1.00322 1.3214 -1.48489
0.186908 0.118597 0.0443545
-1.00322 1.31987 -1.48489
0.186919 0.11859 0.0443474
-1.00322 1.31987 -1.48489
0.186919 0.118582 0.0443195
-1.00322 1.31987 -1.48489
0.186942 0.118673 0.0441895
-1.00322 1.31987 -1.48489
0.187043 0.118662 0.0440102
-1.00322 1.31987 -1.48489
0.187244 0.118707 0.0436824
-1.00322 1.31987 -1.48489
0.187395 0.11879 0.0433896
-1.00322 1.3214 -1.48489
0.187626 0.118918 0.0429181
-1.00322 1.3214 -1.48489
0.187726 0.119012 0.0426271
-1.00322 1.3214 -1.48489
0.187853 0.119202 0.0422412
-1.00322 1.3214 -1.48489
0.187978 0.119354 0.0419015
-1.00322 1.3214 -1.48489
0.188281 0.119617 0.0411191
-1.00322 1.3214 -1.48489
0.188679 0.119723 0.0403181
-1.00322 1.31987 -1.48489
0.188979 0.119778 0.0397229
-1.00322 1.31987 -1.48489
0.189301 0.119828 0.0389282
-1.00322 1.31987 -1.48489
0.189421 0.119918 0.0385131
-1.00322 1.3214 -1.48489
0.189558 0.120154 0.0379076
-1.00322 1.3214 -1.48489
0.189712 0.120264 0.0375058
-1.00322 1.3214 -1.48489
0.189941 0.120331 0.0368975
-1.00322 1.3214 -1.48489
0.19006 0.120371 0.0365754
-1.00322 1.3214 -1.48489
0.190168 0.120443 0.0362672
-1.00322 1.3214 -1.48489
0.190202 0.120591 0.0359669
-1.00322 1.3214 -1.48489
0.190228 0.120674 0.035805
-1.00322 1.3214 -1.48489
0.190291 0.120748 0.0355361
-1.00322 1.3214 -1.48489
0.190386 0.120789 0.035341
-1.00322 1.3214 -1.48489
0.190565 0.120821 0.0350298
-1.00322 1.3214 -1.48489
0.190698 0.12081 0.0348623
-1.00322 1.3214 -1.48489
0.190839 0.120785 0.0346666
-1.00322 1.3214 -1.48489
0.190886 0.120811 0.0345674
-1.00322 1.3214 -1.48489
0.190897 0.120822 0.0345102
-1.00322 1.3214 -1.48489
0.190917 0.120853 0.034439
-1.00322 1.31987 -1.48489
0.190915 0.120835 0.0344122
-1.00322 1.31987 -1.48489
0.190906 0.120866 0.0344184
-1.00322 1.31987 -1.48489
0.190885 0.120854 0.0344165
-1.00322 1.3214 -1.47876
0.190897 0.120852 0.0344278
-1.00322 1.3214 -1.47876
0.190907 0.120852 0.0344409
-1.00322 1.3214 -1.47876
0.190905 0.12083 0.0344484
-1.00322 1.31987 -1.46955
0.190881 0.12084 0.034443
-1.00322 1.31987 -1.46955
0.190877 0.120832 0.0344471
-1.00322 1.31987 -1.46955
0.190894 0.120868 0.0344321
-1.00322 1.3214 -1.45421
0.190908 0.120846 0.0344206
-1.00322 1.3214 -1.45421
0.190911 0.120854 0.0344077
-1.00322 1.3214 -1.45421
0.190901 0.120864 0.0344277
-1.00322 1.3214 -1.43887
0.190878 0.120863 0.0344321
-1.00322 1.3214 -1.43887
0.190888 0.120875 0.0344389
-1.00322 1.3214 -1.43887
0.190897 0.120855 0.0344177
-1.00322 1.3214 -1.4266
0.190928 0.120841 0.0344351
-1.00322 1.3214 -1.4266
0.190923 0.120857 0.0344258
-1.00322 1.3214 -1.4266
0.190909 0.120851 0.0344247
-1.00322 1.31987 -1.41893
0.190907 0.120836 0.0344038
-1.00322 1.31987 -1.41893
0.19092 0.120842 0.0343924
-1.00322 1.31987 -1.41893
0.19093 0.120842 0.0344169
-1.00322 1.3214 -1.4128
0.190905 0.120871 0.0344097
-1.00322 1.3214 -1.4128
0.190913 0.120862 0.0343953
-1.00322 1.3214 -1.4128
0.190916 0.120869 0.0344057
-1.00322 1.3214 -1.40973
0.190905 0.120868 0.0344079
-1.00322 1.3214 -1.40973
0.190917 0.120861 0.0344131
-1.00322 1.3214 -1.40973
0.190901 0.12084 0.0344129
-1.00322 1.3214 -1.40819
0.190902 0.120847 0.0344214
-1.00322 1.3214 -1.40819
0.190913 0.12086 0.0344301
-1.00322 1.3214 -1.40819
0.190917 0.120845 0.0344361
-1.00322 1.3214 -1.40819
0.190889 0.120845 0.034435
-1.00322 1.3214 -1.40819
0.190889 0.120856 0.0344435
-1.00322 1.3214 -1.40819
0.190893 0.120872 0.0344292
-1.00322 1.3214 -1.40819
0.190901 0.12085 0.0344112
-1.00322 1.31987 -1.40819
0.190905 0.120861 0.0344143
-1.00322 1.31987 -1.40819
0.190903 0.12086 0.0344181
-1.00322 1.31987 -1.40819
0.190913 0.120871 0.0344137
-1.00322 1.3214 -1.40819
0.190917 0.120867 0.0344021
-1.00322 1.3214 -1.40819
0.190919 0.120842 0.0344102
-1.00322 1.3214 -1.40819
0.190909 0.120842 0.0344232
-1.00476 1.31987 -1.40819
0.190895 0.120856 0.0344042
-1.00476 1.31987 -1.40819
0.190922 0.120851 0.0344012
-1.00476 1.31987 -1.40819
0.190927 0.120833 0.0344076
-1.00322 1.31987 -1.40819
0.190937 0.120847 0.0343973
-1.00322 1.31987 -1.40819
0.190939 0.120845 0.0343938
-1.00322 1.31987 -1.40819
0.190924 0.120845 0.0343889
-1.00476 1.31987 -1.40819
0.190911 0.120861 0.0343913
-1.00476 1.31987 -1.40819
0.190906 0.120854 0.0343854
-1.00476 1.31987 -1.40819
0.190906 0.120846 0.0343867
-1.00322 1.3214 -1.40819
0.190909 0.120827 0.0343882
-1.00322 1.3214 -1.40819
0.190915 0.120834 0.0344029
-1.00322 1.3214 -1.40819
0.190913 0.120845 0.034425
-1.00322 1.31987 -1.40819
0.190915 0.120854 0.0344017
-1.00322 1.31987 -1.40819
0.190934 0.120897 0.0342761
-1.00322 1.31987 -1.40819
0.190987 0.120921 0.0341546
-1.00322 1.31987 -1.40819
0.191038 0.120998 0.0339307
-1.00322 1.31987 -1.40819
0.191084 0.121063 0.0337539
-1.00322 1.31987 -1.40819
0.191088 0.12116 0.0335986
-1.00322 1.31987 -1.40819
0.191118 0.121378 0.0332868
-1.00322 1.31987 -1.40819
0.191217 0.121453 0.0328928
-1.00322 1.31987 -1.40819
0.1916 0.121597 0.0321212
-1.00322 1.31987 -1.40819
0.191898 0.121636 0.0315159
-1.00322 1.31987 -1.40819
0.192186 0.121751 0.030642
-1.00322 1.31987 -1.40819
0.191273 0.121347 0.0306734
-1.00322 1.43958 -2.81332
0.191263 0.121146 0.0313271
-1.00322 1.43958 -2.81332
0.191239 0.120955 0.0319147
-1.00322 1.43958 -2.81332
0.190986 0.120904 0.0324115
-1.00322 1.43958 -2.81332
0.190547 0.120934 0.0330899
-1.00322 1.43958 -2.81332
0.190374 0.120952 0.0334131
-1.00322 1.43804 -2.81332
0.190319 0.12087 0.033688
-1.00322 1.43804 -2.81332
0.190417 0.12076 0.0337538
-1.00322 1.43804 -2.81332
0.190554 0.120621 0.0338038
-1.00322 1.43804 -2.81332
0.190592 0.120551 0.0338784
-1.00322 1.43958 -2.81332
0.190558 0.120501 0.0340134
-1.00322 1.43958 -2.81332
0.190446 0.120497 0.0341833
-1.00322 1.43958 -2.81332
0.190376 0.120498 0.0342903
-1.00322 1.43958 -2.81332
0.190279 0.120474 0.0344288
-1.00322 1.43958 -2.81332
0.190226 0.120458 0.0345083
-1.00322 1.43958 -2.81332
0.190182 0.12046 0.0345966
-1.00322 1.43958 -2.81179
0.190147 0.120438 0.0346355
-1.00322 1.43958 -2.81179
0.190115 0.120443 0.03467
-1.00322 1.43958 -2.81179
0.190103 0.120419 0.0346999
-1.00322 1.43958 -2.80718
0.190086 0.120422 0.0347452
-1.00322 1.43958 -2.80718
0.190046 0.120444 0.0347973
-1.00322 1.43958 -2.80718
0.190043 0.120459 0.0348013
-1.00322 1.43958 -2.79645
0.190075 0.120436 0.0348178
-1.00322 1.43958 -2.79645
0.19007 0.120434 0.0348089
-1.00322 1.43958 -2.79645
0.190063 0.120428 0.0348114
-1.00322 1.43804 -2.78111
0.190057 0.120427 0.0348153
-1.00322 1.43804 -2.78111
0.190072 0.120419 0.0348327
-1.00322 1.43804 -2.78111
0.190086 0.120442 0.0348311
-1.00322 1.43958 -2.7673
0.190079 0.120419 0.0348185
-1.00322 1.43958 -2.7673
0.190085 0.12044 0.0348302
-1.00322 1.43958 -2.7673
0.190066 0.120434 0.0348088
-1.00322 1.43958 -2.75503
0.190065 0.120435 0.0348156
-1.00322 1.43958 -2.75503
0.190076 0.120458 0.0348205
-1.00322 1.43958 -2.75503
0.190074 0.120424 0.0348202
-1.00322 1.43958 -2.74583
0.190072 0.120426 0.0348367
-1.00322 1.43958 -2.74583
0.190071 0.120447 0.0348404
-1.00322 1.43958 -2.74583
0.190073 0.120438 0.0348388
-1.00322 1.43958 -2.74276
0.190065 0.120446 0.034818
-1.00322 1.43958 -2.74276
0.19009 0.12044 0.0348238
-1.00322 1.43958 -2.74276
0.190093 0.120428 0.0348227
-1.00322 1.43958 -2.73816
0.190073 0.12043 0.0348191
-1.00322 1.43958 -2.73816
0.190071 0.120432 0.0348267
-1.00322 1.43958 -2.73816
0.190075 0.120438 0.0348141
-1.00322 1.43958 -2.73816
0.190073 0.120438 0.0348085
-1.00322 1.43958 -2.73816
0.190074 0.120426 0.0348107
-1.00322 1.43958 -2.73816
0.190062 0.120444 0.0348253
-1.00322 1.43958 -2.73816
0.190068 0.120433 0.034826
-1.00322 1.43958 -2.73816
0.190076 0.120403 0.0348829
-1.00322 1.43958 -2.73816
0.190057 0.120409 0.0349348
-1.00322 1.43958 -2.73662
0.18999 0.120337 0.0350432
-1.00322 1.43958 -2.73662
0.189937 0.120311 0.0351921
-1.00322 1.43958 -2.73662
0.189797 0.120248 0.0354457
-1.00322 1.43958 -2.73662
0.189707 0.120201 0.0357581
-1.00322 1.43958 -2.73662
0.189641 0.120158 0.0360369
-1.00322 1.43958 -2.73662
0.189548 0.12004 0.0364758
-1.00322 1.43958 -2.73662
0.189474 0.119968 0.0368387
-1.00322 1.43958 -2.73662
0.189306 0.119803 0.0375035
-1.00322 1.43958 -2.73662
0.189095 0.119678 0.0380185
-1.00322 1.43958 -2.73662
0.18879 0.119565 0.0388093
-1.00322 1.43958 -2.73662
0.188631 0.11953 0.0393445
-1.00322 1.43958 -2.73662
0.18846 0.119406 0.0400391
-1.00322 1.43958 -2.73662
0.188174 0.11914 0.0408251
-1.00322 1.43958 -2.73662
0.187937 0.119033 0.0413847
-1.00322 1.43958 -2.73662
0.1875 0.118971 0.0421316
-1.00322 1.43958 -2.73662
0.187284 0.118957 0.0424758
-1.00322 1.43958 -2.73662
0.18718 0.118806 0.0428825
-1.00322 1.43958 -2.73662
0.187166 0.118657 0.0430871
-1.00322 1.43958 -2.73662
0.187124 0.118459 0.0433961
-1.00322 1.43958 -2.73662
0.187006 0.118395 0.0436318
-1.00322 1.43958 -2.73662
0.186885 0.118356 0.043873
-1.00322 1.43958 -2.73662
0.186671 0.118349 0.0441895
-1.00322 1.43958 -2.73662
0.186545 0.118361 0.0443587
-1.00322 1.43958 -2.73662
0.186436 0.118373 0.0445336
-1.00322 1.43958 -2.73662
0.186437 0.118345 0.0445635
-1.00322 1.43958 -2.73662
0.186494 0.118281 0.044608
-1.00322 1.43958 -2.73662
0.186516 0.118231 0.0446516
-1.00322 1.43958 -2.73509
0.186476 0.118211 0.0447357
-1.00322 1.43958 -2.73509
0.186418 0.118224 0.0448065
-1.00322 1.43958 -2.73509
0.186403 0.118254 0.044827
-1.00322 1.43958 -2.73049
0.186422 0.118221 0.0448515
-1.00322 1.43958 -2.73049
0.186428 0.118216 0.0448509
-1.00322 1.43958 -2.73049
0.186445 0.118202 0.0448562
-1.00322 1.43958 -2.71975
0.186454 0.118207 0.0448591
-1.00322 1.43958 -2.71975
0.186441 0.11818 0.0448612
-1.00322 1.43958 -2.71975
0.186433 0.118185 0.0448776
-1.00322 1.43958 -2.70441
0.186426 0.118222 0.0448769
-1.00322 1.43958 -2.70441
0.186456 0.118196 0.0448476
-1.00322 1.43958 -2.70441
0.186457 0.118181 0.0448519
-1.00322 1.43958 -2.6906
0.186431 0.118172 0.0448821
-1.00322 1.43958 -2.6906
0.186408 0.118193 0.0448954
-1.00322 1.43958 -2.6906
0.186414 0.118201 0.0448983
-1.00322 1.43958 -2.67833
0.186412 0.1182 0.0448785
-1.00322 1.43958 -2.67833
0.186425 0.118195 0.0448896
-1.00322 1.43958 -2.67833
0.18641 0.118193 0.0449002
-1.00322 1.43958 -2.66759
0.186405 0.118202 0.0448916
-1.00322 1.43958 -2.66759
0.186419 0.118193 0.0449019
-1.00322 1.43958 -2.66759
0.186401 0.118192 0.0448776
-1.00322 1.43958 -2.66299
0.18641 0.118188 0.0448705
-1.00322 1.43958 -2.66299
0.18642 0.118192 0.0448728
-1.00322 1.43958 -2.66299
0.186429 0.118198 0.0448891
-1.00322 1.43958 -2.65992
0.186424 0.118204 0.0448834
-1.00322 1.43958 -2.65992
0.186412 0.118214 0.044888
-1.00322 1.43958 -2.65992
0.186394 0.118196 0.0448697
-1.00322 1.43958 -2.65839
0.18641 0.118205 0.0448818
-1.00322 1.43958 -2.65839
0.18642 0.118205 0.0448693
-1.00322 1.43958 -2.65839
0.186423 0.1182 0.0448696
-1.00322 1.43958 -2.65839
0.186409 0.118172 0.0448686
-1.00322 1.43958 -2.65839
0.186388 0.118179 0.0448671
-1.00322 1.43958 -2.65839
0.186389 0.118196 0.0449072
-1.00322 1.43958 -2.65839
0.186374 0.118195 0.0448965
-1.00322 1.43958 -2.65839
0.186364 0.118183 0.0449029
-1.00322 1.43958 -2.65839
0.186368 0.118209 0.0448934
-1.00322 1.43958 -2.65839
0.186413 0.118196 0.044907
-1.00322 1.43958 -2.65839
0.186396 0.118174 0.0448765
-1.00322 1.43958 -2.65839
0.186395 0.118194 0.0448886
-1.00322 1.43958 -2.65839
0.1864 0.118194 0.0449104
-1.00322 1.43958 -2.65839
0.186388 0.118197 0.0448996
-1.00322 1.43958 -2.65839
0.186393 0.118206 0.0448924
-1.00322 1.43958 -2.65839
0.186387 0.118179 0.0448803
-1.00322 1.43958 -2.65839
0.186384 0.118177 0.044901
-1.00322 1.43958 -2.65839
0.186372 0.118215 0.0449108
-1.00322 1.43958 -2.65839
0.186388 0.11821 0.0449041
-1.00322 1.43958 -2.65839
0.186408 0.118193 0.044891
-1.00322 1.43958 -2.65839
0.186407 0.118186 0.0448869
-1.00322 1.43958 -2.65839
0.186385 0.118165 0.044911
-1.00322 1.43958 -2.65839
0.186377 0.118161 0.0449881
-1.00322 1.43958 -2.65839
0.186348 0.118147 0.0450878
-1.00322 1.43958 -2.65839
0.186301 0.118129 0.0451649
-1.00322 1.43958 -2.65839
0.186325 0.118112 0.0452705
-1.00322 1.43958 -2.65839
0.186339 0.118009 0.045437
-1.00322 1.43958 -2.65839
0.186319 0.117914 0.045636
-1.00322 1.43958 -2.65839
0.186199 0.117776 0.0460213
-1.00322 1.43958 -2.65839
0.186001 0.117702 0.0463736
-1.00322 1.43958 -2.65839
0.186059 0.118099 0.0439108
-1.00322 1.43958 -1.25173
0.186206 0.11818 0.0434272
-1.00322 1.43958 -1.25019
0.186514 0.118426 0.0426745
-1.00322 1.43958 -1.25019
0.18682 0.118536 0.0419947
-1.00322 1.43958 -1.25019
0.187022 0.11859 0.0414394
-1.00322 1.43958 -1.24406
0.187287 0.118702 0.0406742
-1.00322 1.43958 -1.24406
0.187418 0.11884 0.0401826
-1.00322 1.43958 -1.24406
0.187643 0.119068 0.0394437
-1.00322 1.43958 -1.23332
0.187845 0.119083 0.0390139
-1.00322 1.43958 -1.23332
0.18811 0.119094 0.038461
-1.00322 1.43958 -1.23332
0.188215 0.119129 0.0382538
-1.00322 1.43958 -1.21951
0.188235 0.119236 0.0380364
-1.00322 1.43958 -1.21951
0.188171 0.119373 0.0378645
-1.00322 1.43958 -1.21951
0.188168 0.119429 0.0377288
-1.00322 1.43958 -1.20417
0.188224 0.119536 0.0374879
-1.00322 1.43958 -1.20417
0.188343 0.119548 0.037311
-1.00322 1.43958 -1.20417
0.188514 0.119546 0.037037
-1.00322 1.43958 -1.1919
0.188584 0.119541 0.0368907
-1.00322 1.43958 -1.1919
0.188669 0.119551 0.0367343
-1.00322 1.43958 -1.1919
0.188674 0.119559 0.0366481
-1.00322 1.43958 -1.18423
0.188692 0.119575 0.0365997
-1.00322 1.43958 -1.18423
0.188705 0.119623 0.0365301
-1.00322 1.43958 -1.18423
0.188711 0.119617 0.0364819
-1.00322 1.43958 -1.1781
0.188744 0.119622 0.0364371
-1.00322 1.43958 -1.1781
0.188771 0.119621 0.0364469
-1.00322 1.43958 -1.1781
0.188757 0.119609 0.0364207
-1.00322 1.43958 -1.17503
0.188768 0.119606 0.0364312
-1.00322 1.43958 -1.17503
0.188755 0.119605 0.0364427
-1.00322 1.43958 -1.17503
0.18875 0.119598 0.036489
-1.00322 1.43958 -1.1735
0.18871 0.119624 0.0364549
-1.00322 1.43958 -1.1735
0.188721 0.119624 0.0364349
-1.00322 1.43958 -1.1735
0.188735 0.119616 0.0364146
-1.00322 1.43958 -1.1735
0.188762 0.119614 0.0364127
-1.00322 1.43958 -1.1735
0.188772 0.119608 0.0364101
-1.00322 1.43958 -1.1735
0.188763 0.119598 0.0364145
-1.00322 1.43804 -1.1735
0.188757 0.119623 0.0364195
-1.00322 1.43804 -1.1735
0.18876 0.119606 0.0364148
-1.00322 1.43804 -1.1735
0.188756 0.119607 0.0364075
-1.00322 1.43958 -1.1735
0.188746 0.119606 0.0364168
-1.00322 1.43958 -1.1735
0.18874 0.119607 0.0364154
-1.00322 1.43958 -1.1735
0.188763 0.119625 0.0364136
-1.00322 1.43958 -1.1735
0.18879 0.119611 0.0363763
-1.00322 1.43958 -1.1735
0.188791 0.119615 0.0363747
-1.00322 1.43958 -1.1735
0.188779 0.119597 0.0363753
-1.00322 1.43958 -1.1735
0.188776 0.119622 0.0363977
-1.00322 1.43958 -1.1735
0.188757 0.119609 0.0364099
-1.00322 1.43958 -1.1735
0.188734 0.119616 0.036433
-1.00322 1.43958 -1.1735
0.188728 0.119627 0.0364316
-1.00322 1.43958 -1.1735
0.188734 0.119616 0.0364386
-1.00322 1.43958 -1.1735
0.188737 0.11962 0.0364224
-1.00322 1.43958 -1.1735
0.188755 0.119625 0.0364249
-1.00322 1.43958 -1.1735
0.188767 0.119623 0.0364155
-1.00322 1.43958 -1.1735
0.188756 0.119612 0.0363928
-1.00322 1.43958 -1.1735
0.188773 0.119629 0.0363934
-1.00322 1.43958 -1.1735
0.188756 0.119628 0.0363809
-1.00322 1.43958 -1.1735
0.188709 0.119712 0.036231
-1.00322 1.43958 -1.1735
0.188755 0.119781 0.0360166
-1.00322 1.43958 -1.1735
0.188848 0.11983 0.0355926
-1.00322 1.43958 -1.1735
0.188914 0.119899 0.0352306
-1.00322 1.43958 -1.1735
0.189053 0.119989 0.0346345
-1.00322 1.43958 -1.1735
0.189217 0.120063 0.0341463
-1.00322 1.43958 -1.1735
0.189463 0.120154 0.0333365
-1.00322 1.43958 -1.1735
0.189663 0.120251 0.0327235
-1.00322 1.43958 -1.1735
0.189757 0.120349 0.0322104
-1.00322 1.43958 -1.1735
0.190007 0.120516 0.0313433
-1.00322 1.43958 -1.1735
0.190236 0.120659 0.0306994
-1.00322 1.43958 -1.1735
0.188966 0.119666 0.0308338
-1.00322 1.55622 -2.89462
0.18875 0.119637 0.031689
-1.00322 1.55622 -2.89462
0.188585 0.1196 0.0322254
-1.00322 1.55622 -2.89155
0.188444 0.119442 0.0328509
-1.00322 1.55622 -2.89155
0.188279 0.119229 0.0336304
-1.00322 1.55622 -2.89155
0.188055 0.11921 0.0341134
-1.00322 1.55622 -2.89155
0.187753 0.119194 0.0346122
-1.00322 1.55622 -2.89155
0.187716 0.119146 0.0348807
-1.00322 1.55622 -2.89155
0.187734 0.119038 0.035208
-1.00322 1.55775 -2.89309
0.187761 0.118961 0.0353592
-1.00322 1.55775 -2.89309
0.187767 0.118873 0.0356088
-1.00322 1.55775 -2.89309
0.18771 0.118855 0.0358276
-1.00322 1.55622 -2.89155
0.187629 0.118843 0.0360413
-1.00322 1.55622 -2.89155
0.187466 0.118829 0.0363043
-1.00322 1.55622 -2.89155
0.187397 0.118832 0.0364182
-1.00322 1.55622 -2.89309
0.187357 0.118818 0.0365831
-1.00322 1.55622 -2.89309
0.18735 0.118812 0.0366189
-1.00322 1.55622 -2.89309
0.187375 0.118761 0.0366996
-1.00322 1.55775 -2.89155
0.18736 0.118745 0.0367326
-1.00322 1.55775 -2.89155
0.187346 0.118742 0.03682
-1.00322 1.55775 -2.89155
0.187321 0.118759 0.0368795
-1.00476 1.55775 -2.89309
0.187307 0.118746 0.0368963
-1.00476 1.55775 -2.89309
0.187336 0.118767 0.0368952
-1.00476 1.55775 -2.89309
0.18735 0.118738 0.0368648
-1.00322 1.55622 -2.89155
0.187357 0.118735 0.0368601
-1.00322 1.55622 -2.89155
0.187349 0.118732 0.0368655
-1.00322 1.55622 -2.89155
0.187339 0.118756 0.0368801
-1.00322 1.55622 -2.89155
0.187343 0.118749 0.0368783
-1.00322 1.55622 -2.89155
0.18734 0.118741 0.0368825
-1.00322 1.55622 -2.89155
0.187323 0.118742 0.0368684
-1.00476 1.55622 -2.89155
0.187328 0.118733 0.0368707
-1.00476 1.55622 -2.89155
0.187316 0.118732 0.0368866
-1.00476 1.55622 -2.89155
0.187313 0.118753 0.0368927
-1.00322 1.55622 -2.89155
0.187343 0.11875 0.036885
-1.00322 1.55622 -2.89155
0.187334 0.118734 0.0368765
-1.00322 1.55622 -2.89155
0.187332 0.118751 0.0368832
-1.00322 1.55622 -2.89002
0.187319 0.118736 0.036871
-1.00322 1.55622 -2.89002
0.187328 0.11873 0.0368848
-1.00322 1.55622 -2.89002
0.187318 0.11873 0.0368844
-1.00322 1.55775 -2.88542
0.187312 0.118722 0.0368873
-1.00322 1.55775 -2.88542
0.187316 0.118742 0.0368904
-1.00322 1.55775 -2.88542
0.18732 0.118741 0.0368877
-1.00322 1.55622 -2.87468
0.187322 0.118734 0.0368737
-1.00322 1.55622 -2.87468
0.18732 0.118734 0.0368756
-1.00322 1.55622 -2.87468
0.187319 0.118735 0.0368861
-1.00322 1.55622 -2.86087
0.187316 0.118743 0.036909
-1.00322 1.55622 -2.86087
0.187299 0.118751 0.0369123
-1.00322 1.55622 -2.86087
0.187303 0.118726 0.0369098
-1.00322 1.55622 -2.84707
0.187309 0.11873 0.0369326
-1.00322 1.55622 -2.84707
0.187346 0.118736 0.0369664
-1.00322 1.55622 -2.84707
0.187367 0.118708 0.0370255
-1.00322 1.55775 -2.83326
0.187329 0.118663 0.0371634
-1.00322 1.55775 -2.83326
0.187283 0.118644 0.0373065
-1.00322 1.55775 -2.83326
0.187245 0.118637 0.0375262
-1.00322 1.55622 -2.82559
0.187197 0.11859 0.0378393
-1.00322 1.55622 -2.82559
0.187142 0.118532 0.0380817
-1.00322 1.55622 -2.82559
0.186994 0.118399 0.0385204
-1.00322 1.55622 -2.81946
0.186808 0.118272 0.0389661
-1.00322 1.55622 -2.81946
0.186475 0.118093 0.0397171
-1.00322 1.55622 -2.81946
0.186274 0.118037 0.0402606
-1.00322 1.55775 -2.81639
0.186015 0.117963 0.0410532
-1.00322 1.55775 -2.81639
0.185898 0.118098 0.0360578
-1.00322 1.55622 -1.02317
0.186096 0.118219 0.0352672
-1.00322 1.55775 -1.0201
0.186327 0.118336 0.0346453
-1.00322 1.55775 -1.0201
0.186669 0.118363 0.0337504
-1.00322 1.55775 -1.0201
0.186848 0.118392 0.0330441
-1.00322 1.55622 -1.01703
0.186941 0.1185 0.0324733
-1.00322 1.55622 -1.01703
0.187119 0.11872 0.0316507
-1.00322 1.55622 -1.01703
0.187284 0.118799 0.0310742
-1.00322 1.55622 -1.01703
0.187621 0.118799 0.03036
-1.00322 1.55622 -1.01703
0.1868 0.126104 0.0304761
-0.975612 1.38279 -2.89309
0.186723 0.125989 0.0309775
-0.975612 1.38126 -2.89155
0.186515 0.12581 0.0317504
-0.975612 1.38126 -2.89155
0.186321 0.125712 0.0322159
-0.975612 1.38126 -2.89155
0.186099 0.125632 0.0328642
-0.975612 1.38126 -2.89309
0.186062 0.12557 0.0332473
-0.975612 1.38126 -2.89309
0.186028 0.125508 0.0337657
-0.975612 1.38126 -2.89309
0.185987 0.125451 0.0340621
-0.975612 1.38126 -2.89155
0.185899 0.125393 0.0343967
-0.975612 1.38126 -2.89155
0.185915 0.125299 0.0371613
-0.975612 1.38279 -1.27014
0.186063 0.125362 0.0367173
-0.975612 1.38279 -1.27014
0.18608 0.125414 0.0365516
-0.975612 1.38279 -1.27014
0.186057 0.125527 0.036389
-0.975612 1.38279 -1.26093
0.186038 0.125608 0.0363096
-0.975612 1.38279 -1.26093
0.186044 0.125645 0.0361578
-0.975612 1.38279 -1.26093
0.186092 0.125687 0.036028
-0.975612 1.38126 -1.25633
0.186194 0.125699 0.0358801
-0.975612 1.38126 -1.25633
0.1863 0.125705 0.0356871
-0.975612 1.38126 -1.25633
0.18637 0.125697 0.0356037
-0.975612 1.38126 -1.25326
0.18643 0.125727 0.0355282
-0.975612 1.38126 -1.25326
0.186447 0.125758 0.035508
-0.975612 1.38126 -1.25326
0.186445 0.125782 0.0354592
-0.975612 1.38279 -1.25173
0.186447 0.125763 0.0354851
-0.975612 1.38279 -1.25173
0.186418 0.125771 0.0354991
-0.975612 1.38279 -1.25173
0.18642 0.12578 0.0355024
-0.975612 1.38126 -1.25173
0.18642 0.125773 0.0355089
-0.975612 1.38126 -1.25173
0.186415 0.125773 0.0355014
-0.975612 1.38126 -1.25173
0.186425 0.125774 0.0354938
-0.975612 1.38126 -1.25173
0.18645 0.125782 0.03547
-0.975612 1.38126 -1.25173
0.186461 0.125763 0.0354615
-0.975612 1.38126 -1.25173
0.186447 0.125746 0.0354712
-0.975612 1.38126 -1.25173
0.186423 0.125764 0.0354691
-0.975612 1.38126 -1.25173
0.186411 0.125769 0.0354807
-0.975612 1.38126 -1.25173
0.186404 0.125787 0.0354843
-0.975612 1.38126 -1.25173
0.186409 0.125788 0.0354874
-0.975612 1.38126 -1.25173
0.186432 0.125788 0.035489
-0.975612 1.38126 -1.25173
0.186426 0.125767 0.0354916
-0.975612 1.38126 -1.25173
0.186399 0.125773 0.0355007
-0.975612 1.38126 -1.25173
0.186389 0.125784 0.0355036
-0.975612 1.38126 -1.25173
0.186408 0.125781 0.0355004
-0.975612 1.38126 -1.25173
0.186415 0.125779 0.0354731
-0.975612 1.38126 -1.25173
0.186426 0.125756 0.0354826
-0.975612 1.38126 -1.25173
0.186405 0.125783 0.0354948
-0.975612 1.38126 -1.25173
0.186413 0.125785 0.0354823
-0.975612 1.38126 -1.25173
0.186431 0.125777 0.0354624
-0.975612 1.38126 -1.25173
0.186427 0.125767 0.0354507
-0.975612 1.38126 -1.25173
0.186426 0.125782 0.0354679
-0.975612 1.38126 -1.25173
0.186428 0.125781 0.0354621
-0.975612 1.38126 -1.25173
0.186437 0.125759 0.0354852
-0.975612 1.38126 -1.25173
0.18642 0.125754 0.0354885
-0.975612 1.38126 -1.25173
0.186415 0.125759 0.0354964
-0.975612 1.38126 -1.25173
0.186397 0.125773 0.0354728
-0.975612 1.38126 -1.25173
0.186406 0.1258 0.0354289
-0.975612 1.38126 -1.25173
0.18643 0.125827 0.0352921
-0.975612 1.38126 -1.25173
0.18647 0.125863 0.0351691
-0.975612 1.38126 -1.25173
0.186549 0.12594 0.0349335
-0.975612 1.38126 -1.25019
0.186628 0.125982 0.0347317
-0.975612 1.38126 -1.25019
0.186741 0.12608 0.0343362
-0.975612 1.38126 -1.25019
0.186857 0.126122 0.0339465
-0.975612 1.38126 -1.24406
0.186913 0.126178 0.0335856
-0.975612 1.38126 -1.24406
0.187012 0.126316 0.032982
-0.975612 1.38126 -1.23332
0.18713 0.126454 0.0325113
-0.975612 1.38126 -1.23332
0.1874 0.126593 0.0316741
-0.975612 1.38126 -1.23332
0.187618 0.126648 0.031102
-0.975612 1.38126 -1.23332
0.188509 0.12714 0.0307616
-0.975612 1.26308 -2.73662
0.188276 0.127044 0.0314648
-0.975612 1.26308 -2.73662
0.188137 0.127013 0.031865
-0.975612 1.26308 -2.73662
0.188072 0.126921 0.0321022
-0.975612 1.26308 -2.73662
0.187978 0.126783 0.0324553
-0.975612 1.26462 -2.73662
0.187872 0.126723 0.0326886
-0.975612 1.26462 -2.73662
0.187684 0.12664 0.0330451
-0.975612 1.26462 -2.73662
0.187546 0.126602 0.0332454
-0.975612 1.26308 -2.73662
0.187417 0.126569 0.0334837
-0.975612 1.26308 -2.73662
0.187399 0.126535 0.0336074
-0.975612 1.26308 -2.73662
0.187377 0.126513 0.0337367
-0.975612 1.26308 -2.73662
0.187389 0.126463 0.0338057
-0.975612 1.26308 -2.73662
0.187395 0.126468 0.0338567
-0.975612 1.26308 -2.73662
0.187395 0.126415 0.0339188
-0.975612 1.26308 -2.73662
0.187368 0.126386 0.033971
-0.975612 1.26308 -2.73662
0.187344 0.126399 0.0340469
-0.975612 1.26308 -2.73662
0.187336 0.126401 0.0340751
-0.975612 1.26462 -2.73662
0.187332 0.126405 0.0341109
-0.975612 1.26462 -2.73662
0.187325 0.126386 0.0341255
-0.975612 1.26462 -2.73662
0.18731 0.126385 0.0341326
-0.975612 1.26308 -2.73662
0.187316 0.126382 0.0341669
-0.975612 1.26308 -2.73662
0.187304 0.126382 0.0341605
-0.975612 1.26308 -2.73662
0.187305 0.126391 0.0341563
-0.975612 1.26308 -2.73662
0.187324 0.126395 0.0341614
-0.975612 1.26308 -2.73662
0.18731 0.126389 0.0341346
-0.975612 1.26308 -2.73662
0.187327 0.126384 0.0341512
-0.975612 1.26308 -2.73662
0.187326 0.126376 0.0341655
-0.975612 1.26308 -2.73662
0.1873 0.126389 0.0341557
-0.975612 1.26308 -2.73662
0.187303 0.126384 0.0341602
-0.975612 1.26462 -2.73662
0.187303 0.126406 0.0341484
-0.975612 1.26462 -2.73662
0.187327 0.126394 0.0341421
-0.975612 1.26462 -2.73662
0.187361 0.126396 0.0341505
-0.975612 1.26462 -2.73662
0.187348 0.126379 0.0341612
-0.975612 1.26462 -2.73662
0.187306 0.126365 0.034168
-0.975612 1.26462 -2.73662
0.18729 0.126381 0.0341875
-0.975612 1.26462 -2.73662
0.187291 0.126392 0.0341773
-0.975612 1.26462 -2.73662
0.187298 0.1264 0.0341585
-0.975612 1.26462 -2.73662
0.187314 0.126391 0.0341451
-0.975612 1.26308 -2.73662
0.187314 0.126361 0.0341466
-0.975612 1.26308 -2.73662
0.187302 0.126384 0.0341625
-0.975612 1.26308 -2.73662
0.187291 0.12639 0.0341673
-0.975612 1.26308 -2.73662
0.1873 0.1264 0.0341686
-0.975612 1.26308 -2.73662
0.187301 0.126382 0.0341633
-0.975612 1.26308 -2.73662
0.187312 0.126374 0.0341548
-0.975612 1.26462 -2.73662
0.187324 0.126354 0.0341661
-0.975612 1.26462 -2.73662
0.18733 0.12631 0.034239
-0.975612 1.26462 -2.73662
0.187305 0.126307 0.0342941
-0.975612 1.26462 -2.73509
0.187303 0.126279 0.0344081
-0.975612 1.26462 -2.73509
0.187303 0.126239 0.0345315
-0.975612 1.26462 -2.73509
0.187245 0.126184 0.0347342
-0.975612 1.26308 -2.73049
0.187202 0.126134 0.0349715
-0.975612 1.26308 -2.73049
0.18707 0.126057 0.0353462
-0.975612 1.26308 -2.73049
0.186927 0.125937 0.03575
-0.975612 1.26462 -2.72128
0.186749 0.125832 0.0361556
-0.975612 1.26462 -2.72128
0.186536 0.125739 0.0368562
-0.975612 1.26462 -2.72128
0.186429 0.125661 0.0373051
-0.975612 1.26308 -2.70441
0.186265 0.125421 0.0380591
-0.975612 1.26308 -2.70441
0.185969 0.125299 0.0386643
-0.975612 1.26308 -2.70441
0.185999 0.125607 0.0386194
-0.975612 1.26308 -1.48643
0.186471 0.125758 0.0377388
-0.975612 1.26308 -1.48643
0.186703 0.125853 0.0372139
-0.975612 1.26462 -1.48643
0.186912 0.125977 0.0365583
-0.975612 1.26462 -1.48643
0.186949 0.126087 0.0361747
-0.975612 1.26462 -1.48643
0.187098 0.12629 0.0356457
-0.975612 1.26308 -1.48489
0.187294 0.126366 0.0352356
-0.975612 1.26308 -1.48489
0.187412 0.126398 0.03492
-0.975612 1.26308 -1.48489
0.187572 0.126464 0.0345449
-0.975612 1.26308 -1.48643
0.187594 0.12653 0.0343766
-0.975612 1.26308 -1.48643
0.18763 0.126627 0.0341495
-0.975612 1.26308 -1.48643
0.187678 0.126672 0.0340076
-0.975612 1.26308 -1.48643
0.187736 0.126682 0.0338188
-0.975612 1.26308 -1.48643
0.187755 0.126723 0.0336881
-0.975612 1.26308 -1.48643
0.187834 0.126751 0.0335302
-0.975612 1.26308 -1.48643
0.187894 0.126774 0.0334538
-0.975612 1.26308 -1.48643
0.187903 0.126791 0.0333672
-0.975612 1.26308 -1.48643
0.187931 0.126796 0.0332749
-0.975612 1.26308 -1.48643
0.187954 0.126804 0.0332608
-0.975612 1.26308 -1.48643
0.187953 0.126795 0.0332772
-0.975612 1.26308 -1.48643
0.187908 0.126816 0.0332905
-0.975612 1.26308 -1.48643
0.187888 0.126829 0.0333162
-0.975612 1.26308 -1.48643
0.187876 0.126827 0.0333064
-0.975612 1.26308 -1.48643
0.187881 0.126806 0.033298
-0.975612 1.26462 -1.48489
0.187897 0.126815 0.0332888
-0.975612 1.26462 -1.48489
0.187909 0.126817 0.0332847
-0.975612 1.26462 -1.48489
0.187916 0.126807 0.0332861
-0.975612 1.26462 -1.48489
0.187916 0.126822 0.0332939
-0.975612 1.26462 -1.48489
0.187894 0.126813 0.033293
-0.975612 1.26462 -1.48489
0.187884 0.126828 0.0333028
-0.975612 1.26308 -1.48489
0.18789 0.126829 0.0333006
-0.975612 1.26308 -1.48489
0.187874 0.126832 0.0333014
-0.975612 1.26308 -1.48489
0.187873 0.126827 0.0333057
-0.975612 1.26308 -1.48489
0.187883 0.126827 0.033306
-0.975612 1.26308 -1.48489
0.187889 0.126822 0.0333088
-0.975612 1.26308 -1.48489
0.187882 0.126808 0.0332984
-0.975612 1.26308 -1.48489
0.187893 0.126813 0.0332989
-0.975612 1.26308 -1.48489
0.187892 0.12683 0.0332926
-0.975612 1.26308 -1.48489
0.187902 0.126829 0.0332961
-0.975612 1.26462 -1.48489
0.187865 0.126815 0.0332838
-0.975612 1.26462 -1.48489
0.187883 0.126821 0.0333013
-0.975612 1.26462 -1.48489
0.187882 0.126822 0.0333029
-0.975612 1.26308 -1.48643
0.187889 0.126835 0.0332921
-0.975612 1.26308 -1.48643
0.187912 0.126835 0.0332892
-0.975612 1.26308 -1.48643
0.187911 0.126802 0.0332956
-0.975612 1.26308 -1.48489
0.18788 0.126817 0.03331
-0.975612 1.26308 -1.48489
0.187869 0.126836 0.0333157
-0.975612 1.26308 -1.48489
0.187894 0.12683 0.0333193
-0.975612 1.26462 -1.48489
0.1879 0.12682 0.0332889
-0.975612 1.26462 -1.48489
0.187918 0.126842 0.0332709
-0.975612 1.26462 -1.48489
0.187919 0.12687 0.0332156
-0.975612 1.26308 -1.48489
0.187962 0.126939 0.033056
-0.975612 1.26308 -1.48489
0.188029 0.126996 0.0328602
-0.975612 1.26308 -1.48489
0.188213 0.127103 0.0325235
-0.975612 1.26308 -1.48029
0.188339 0.127138 0.0322647
-0.975612 1.26308 -1.48029
0.188516 0.127207 0.0318547
-0.975612 1.26308 -1.48029
0.188708 0.127282 0.0314863
-0.975612 1.26308 -1.46955
0.18879 0.127399 0.0310984
-0.975612 1.26308 -1.46955
0.188945 0.127687 0.0303793
-0.975612 1.26308 -1.46955
0.189167 0.127629 0.0304089
-0.975612 1.14644 -2.58016
0.189131 0.127593 0.0305422
-0.975612 1.14644 -2.58016
0.189066 0.12752 0.0306912
-0.975612 1.14644 -2.58016
0.18902 0.127485 0.0307709
-0.975612 1.14798 -2.58016
0.189023 0.12746 0.0308654
-0.975612 1.14798 -2.58016
0.188985 0.12744 0.0309212
-0.975612 1.14798 -2.58016
0.188992 0.127443 0.0309672
-0.975612 1.14644 -2.58016
0.18897 0.127408 0.0309815
-0.975612 1.14644 -2.58016
0.188985 0.127416 0.0310043
-0.975612 1.14644 -2.58016
0.189 0.127407 0.0310317
-0.975612 1.14644 -2.58016
0.188992 0.127396 0.0310417
-0.975612 1.14644 -2.58016
0.189002 0.127391 0.0310566
-0.975612 1.14644 -2.58016
0.189006 0.127387 0.0310703
-0.975612 1.14644 -2.58016
0.188987 0.127365 0.031055
-0.975612 1.14644 -2.58016
0.189001 0.127409 0.0310736
-0.975612 1.14644 -2.58016
0.188978 0.127387 0.0310416
-0.975612 1.14798 -2.58016
0.188983 0.12737 0.031045
-0.975612 1.14798 -2.58016
0.18899 0.127373 0.0310614
-0.975612 1.14798 -2.58016
0.188976 0.12738 0.0310817
-0.975612 1.14644 -2.57862
0.188942 0.12739 0.0310741
-0.975612 1.14644 -2.57862
0.188936 0.127395 0.0310701
-0.975612 1.14644 -2.57862
0.188957 0.12739 0.0310689
-0.975612 1.14644 -2.57249
0.188969 0.127385 0.0310621
-0.975612 1.14644 -2.57249
0.18899 0.127386 0.0310572
-0.975612 1.14644 -2.57249
0.188996 0.127397 0.0310522
-0.975612 1.14644 -2.56328
0.189009 0.127362 0.0310508
-0.975612 1.14644 -2.56328
0.188975 0.12736 0.0310788
-0.975612 1.14644 -2.56328
0.188916 0.127387 0.0310887
-0.975612 1.14644 -2.54948
0.188922 0.127383 0.0310955
-0.975612 1.14644 -2.54948
0.188936 0.12739 0.0310894
-0.975612 1.14644 -2.54948
0.188986 0.127402 0.0310654
-0.975612 1.14798 -2.53414
0.189008 0.127382 0.0310389
-0.975612 1.14798 -2.53414
0.189012 0.12737 0.031049
-0.975612 1.14798 -2.53414
0.188977 0.127373 0.0310562
-0.975612 1.14644 -2.52186
0.188958 0.127393 0.0310605
-0.975612 1.14644 -2.52186
0.188967 0.127357 0.0310933
-0.975612 1.14644 -2.52186
0.188961 0.127347 0.0311199
-0.975612 1.14644 -2.51419
0.188954 0.127315 0.0311706
-0.975612 1.14644 -2.51419
0.188949 0.127305 0.0312475
-0.975612 1.14644 -2.51419
0.188947 0.127279 0.0313583
-0.975612 1.14644 -2.50806
0.188903 0.127221 0.0314676
-0.975612 1.14644 -2.50806
0.188799 0.127179 0.0317001
-0.975612 1.14644 -2.50806
0.188674 0.12711 0.0319163
-0.975612 1.14644 -2.50499
0.188473 0.126994 0.0323539
-0.975612 1.14644 -2.50499
0.1883 0.126844 0.0328333
-0.975612 1.14644 -2.50499
0.188116 0.126692 0.0332979
-0.975612 1.14798 -2.50192
0.18777 0.12653 0.034112
-0.975612 1.14798 -2.50192
0.187545 0.126409 0.0346423
-0.975612 1.14798 -2.50192
0.187199 0.126224 0.0354047
-0.975612 1.14798 -2.50192
0.186996 0.126101 0.0358878
-0.975612 1.14798 -2.50192
0.186678 0.125905 0.0366169
-0.975612 1.14798 -2.50192
0.186542 0.125827 0.0370702
-0.975612 1.14644 -2.50039
0.186387 0.12564 0.0376856
-0.975612 1.14644 -2.50039
0.186258 0.125488 0.0381066
-0.975612 1.14644 -2.50039
0.186103 0.125381 0.0384782
-0.975612 1.14644 -2.50039
0.186098 0.125496 0.0370067
-0.975612 1.14644 -1.64136
0.186311 0.125686 0.0363911
-0.975612 1.14644 -1.64136
0.18648 0.125867 0.035957
-0.975612 1.14644 -1.64136
0.186811 0.126119 0.0352539
-0.975612 1.14644 -1.64136
0.187067 0.126206 0.0347393
-0.975612 1.14644 -1.63983
0.187314 0.126325 0.0341563
-0.975612 1.14644 -1.63983
0.187533 0.126507 0.0335041
-0.975612 1.14644 -1.63983
0.187691 0.126672 0.0330908
-0.975612 1.14644 -1.64136
0.187983 0.126871 0.0324721
-0.975612 1.14644 -1.64136
0.188205 0.126944 0.032128
-0.975612 1.14644 -1.64136
0.188475 0.127039 0.0317254
-0.974078 1.14644 -1.63983
0.18857 0.127069 0.0315621
-0.974078 1.14644 -1.63983
0.18863 0.127123 0.0313795
-0.974078 1.14644 -1.63983
0.188645 0.127204 0.0312051
-0.975612 1.14644 -1.63983
0.188672 0.127237 0.0310692
-0.975612 1.14644 -1.63983
0.188738 0.127295 0.030891
-0.975612 1.14644 -1.63983
0.188783 0.127316 0.0308199
-0.975612 1.14644 -1.63983
0.188798 0.127351 0.0307077
-0.975612 1.14644 -1.63983
0.1888 0.127386 0.0306434
-0.975612 1.14644 -1.63983
0.188818 0.127439 0.0305491
-0.975612 1.14798 -1.64136
0.188866 0.127437 0.0305018
-0.975612 1.14798 -1.64136
0.188906 0.127426 0.0304506
-0.975612 1.14798 -1.64136
0.18892 0.127414 0.0304645
-0.975612 1.14644 -1.63983
0.188884 0.127424 0.0304586
-0.975612 1.14644 -1.63983
0.188873 0.12743 0.0305119
-0.975612 1.14644 -1.63983
0.188842 0.127439 0.0305098
-0.975612 1.14644 -1.63983
0.188816 0.127434 0.0304879
-0.975612 1.14644 -1.63983
0.188829 0.127425 0.0305118
-0.975612 1.14644 -1.63983
0.188833 0.127428 0.0305315
-0.975612 1.14798 -1.64136
0.188828 0.127417 0.0305337
-0.975612 1.14798 -1.64136
0.188825 0.127433 0.0305215
-0.975612 1.14798 -1.64136
0.188853 0.127457 0.0305009
-0.975612 1.14644 -1.63983
0.188873 0.127441 0.0304683
-0.975612 1.14644 -1.63983
0.188881 0.12743 0.0304799
-0.975612 1.14644 -1.63983
0.18887 0.12743 0.0304705
-0.975612 1.14644 -1.64136
0.188876 0.127435 0.0305053
-0.975612 1.14644 -1.64136
0.18886 0.127429 0.0305133
-0.975612 1.14644 -1.64136
0.188825 0.127447 0.0305194
-0.975612 1.14644 -1.63829
0.188838 0.127453 0.0305299
-0.975612 1.14644 -1.63829
0.188842 0.127441 0.0305173
-0.975612 1.14644 -1.63829
0.188871 0.127439 0.0305054
-0.975612 1.14798 -1.62755
0.188875 0.127429 0.0304999
-0.975612 1.14798 -1.62755
0.188839 0.12743 0.0304993
-0.975612 1.14798 -1.62755
0.188829 0.127432 0.0305
-0.975612 1.14644 -1.61375
0.188826 0.12744 0.0305016
-0.975612 1.14644 -1.61375
0.188829 0.127435 0.0304896
-0.975612 1.14644 -1.61375
0.188846 0.127444 0.0304899
-0.975612 1.14644 -1.59841
0.188869 0.127443 0.0304973
-0.975612 1.14644 -1.59841
0.188863 0.127417 0.0305046
-0.975612 1.14644 -1.59841
0.188831 0.127436 0.0304915
-0.975612 1.14798 -1.5846
0.188837 0.127441 0.0304889
-0.975612 1.14798 -1.5846
0.188854 0.127432 0.0304995
-0.975612 1.14798 -1.5846
0.18884 0.127478 0.0304744
-0.975612 1.14644 -1.5754
0.188862 0.127557 0.0303569
-0.975612 1.14644 -1.5754
0.188425 0.126946 0.0303346
-0.975612 1.0298 -2.42369
0.188064 0.126765 0.031126
-0.975612 1.0298 -2.42369
0.187871 0.126654 0.0315983
-0.975612 1.02827 -2.42369
0.187565 0.126391 0.0323274
-0.975612 1.02827 -2.42369
0.187298 0.126205 0.0327883
-0.975612 1.02827 -2.42369
0.187028 0.126049 0.0334079
-0.975612 1.02827 -2.42369
0.186778 0.125933 0.0340445
-0.975612 1.02827 -2.42369
0.186623 0.125806 0.0343967
-0.975612 1.02827 -2.42369
0.186394 0.125639 0.0349072
-0.975612 1.02827 -2.42369
0.186243 0.125502 0.0352179
-0.975612 1.02827 -2.42369
0.185965 0.125394 0.0356665
-0.975612 1.02827 -2.42369
0.185993 0.125472 0.0333088
-0.975612 1.02827 -1.78402
0.186272 0.125554 0.0327712
-0.975612 1.02827 -1.78402
0.186575 0.125736 0.0320966
-0.975612 1.02827 -1.78402
0.186735 0.125966 0.0316456
-0.975612 1.02827 -1.76868
0.187094 0.126169 0.0309521
-0.975612 1.02827 -1.76868
0.187291 0.126292 0.0304916
-0.975612 1.02827 -1.76868
0.186122 0.125362 0.0306965
-0.975612 0.910095 -2.26722
