1	0.311654	0.294589
2	0.295742	0.279092
3	0.280169	0.264226
4	0.265234	0.250269
5	0.251203	0.237463
6	0.238337	0.225858
7	0.226675	0.215392
8	0.216162	0.206001
9	0.206734	0.197574
10	0.198273	0.189985
11	0.190655	0.183145
12	0.183788	0.176922
13	0.177544	0.171234
14	0.171843	0.166012
15	0.166604	0.161184
16	0.161763	0.156704
17	0.157265	0.152518
18	0.15307	0.148602
19	0.149145	0.144917
20	0.145455	0.141443
21	0.14197	0.138158
22	0.138681	0.135043
23	0.135562	0.132083
24	0.132596	0.12926
25	0.129768	0.126563
26	0.127067	0.123984
27	0.124485	0.121517
28	0.122015	0.119151
29	0.119643	0.116877
30	0.117367	0.114692
31	0.115179	0.112589
32	0.113074	0.110561
33	0.111045	0.108608
34	0.10909	0.106724
35	0.107204	0.104906
36	0.105381	0.103148
37	0.103621	0.101449
38	0.101923	0.0998071
39	0.100277	0.0982201
40	0.0986893	0.0966841
41	0.0971492	0.0951983
42	0.0956622	0.0937584
43	0.0942231	0.0923679
44	0.0928293	0.0910197
45	0.0914801	0.0897142
46	0.090173	0.0884494
47	0.0889068	0.0872262
48	0.0876814	0.0860385
49	0.0864938	0.0848879
50	0.0853407	0.0837743
51	0.0842266	0.0826921
52	0.0831437	0.0816454
53	0.0820953	0.0806298
54	0.0810801	0.0796461
55	0.080093	0.0786914
56	0.0791382	0.0777657
57	0.078211	0.076869
58	0.0773124	0.075998
59	0.0764414	0.0751545
60	0.0755963	0.0743367
61	0.0747779	0.0735425
62	0.0739836	0.0727742
63	0.0732139	0.0720275
64	0.0724661	0.0713038
65	0.0717414	0.0706021
66	0.0710387	0.0699209
67	0.0703578	0.069259
68	0.0696956	0.068617
69	0.0690534	0.0679943
70	0.0684289	0.0673895
71	0.0678226	0.0668023
72	0.0672368	0.0662327
73	0.0666637	0.0656787
74	0.0661122	0.0651411
75	0.0655714	0.0646183
76	0.0650489	0.0641109
77	0.0645412	0.0636175
78	0.0640467	0.0631379
79	0.0635681	0.0626728
80	0.0631022	0.0622207
81	0.0626485	0.0617803
82	0.0622068	0.0613522
83	0.0617786	0.0609362
84	0.0613613	0.0605303
85	0.0609564	0.060137
86	0.0605624	0.0597535
87	0.0601788	0.0593809
88	0.0598048	0.0590178
89	0.0594416	0.0586645
90	0.0590878	0.058321
91	0.0587436	0.0579864
92	0.0584084	0.0576605
93	0.0580818	0.0573431
94	0.0577634	0.0570328
95	0.0574542	0.0567318
96	0.0571525	0.0564382
97	0.0568583	0.0561522
98	0.0565714	0.0558733
99	0.0562925	0.0556007
100	0.0560196	0.0553358
101	0.0557538	0.0550775
102	0.0554954	0.0548252
103	0.0552427	0.0545792
104	0.0549963	0.0543396
105	0.054756	0.0541051
106	0.054521	0.0538763
107	0.0542914	0.0536533
108	0.0540686	0.0534353
109	0.0538493	0.0532224
110	0.0536368	0.0530144
111	0.0534284	0.0528117
112	0.0532247	0.0526131
113	0.0530266	0.0524198
114	0.0528322	0.0522305
115	0.0526428	0.0520459
116	0.0524571	0.0518656
117	0.0522758	0.0516887
118	0.0520991	0.0515157
119	0.0519255	0.0513472
120	0.0517561	0.0511814
121	0.0515902	0.0510209
122	0.0514284	0.0508624
123	0.0512699	0.0507076
124	0.0511155	0.0505564
125	0.050964	0.0504091
126	0.0508151	0.0502638
127	0.0506701	0.0501218
128	0.0505276	0.0499836
129	0.0503894	0.049847
130	0.0502528	0.0497136
131	0.0501191	0.0495834
132	0.049988	0.0494556
133	0.0498602	0.0493301
134	0.0497351	0.0492074
135	0.0496118	0.049088
136	0.0494911	0.0489703
137	0.0493731	0.0488552
138	0.0492576	0.048742
139	0.0491446	0.0486315
140	0.0490334	0.0485233
141	0.0489244	0.0484166
142	0.0488175	0.0483122
143	0.0487134	0.0482099
144	0.04861	0.0481093
145	0.0485099	0.0480108
146	0.0484115	0.0479147
147	0.0483142	0.0478198
148	0.0482184	0.0477267
149	0.0481255	0.0476354
150	0.0480342	0.0475454
151	0.047944	0.0474576
152	0.0478554	0.0473714
153	0.0477691	0.0472866
154	0.047684	0.0472032
155	0.0476004	0.0471213
156	0.0475183	0.0470413
157	0.0474382	0.0469624
158	0.0473593	0.0468851
159	0.0472812	0.0468091
160	0.0472047	0.0467341
161	0.0471298	0.046661
162	0.0470559	0.0465889
163	0.0469835	0.0465178
164	0.0469125	0.0464479
165	0.0468428	0.0463793
166	0.046774	0.0463121
167	0.0467057	0.0462462
168	0.0466393	0.0461812
169	0.0465744	0.0461174
170	0.0465103	0.0460543
171	0.0464466	0.0459925
172	0.0463844	0.0459318
173	0.0463241	0.0458719
174	0.0462636	0.0458129
175	0.0462039	0.0457554
176	0.0461456	0.0456981
177	0.0460891	0.0456424
178	0.0460326	0.0455871
179	0.0459774	0.0455329
180	0.0459236	0.0454794
181	0.0458694	0.0454267
182	0.0458172	0.0453747
183	0.0457648	0.0453241
184	0.045714	0.045274
185	0.0456638	0.0452246
186	0.0456147	0.0451757
187	0.0455651	0.0451277
188	0.0455173	0.0450803
189	0.0454703	0.045034
190	0.0454235	0.0449885
191	0.0453773	0.0449436
192	0.0453322	0.044899
193	0.0452876	0.0448551
194	0.0452444	0.0448119
195	0.0452	0.0447695
196	0.0451575	0.0447282
197	0.0451156	0.0446865
198	0.0450738	0.0446459
199	0.0450329	0.0446057
200	0.0449932	0.0445661
201	0.0449531	0.0445272
202	0.0449139	0.0444886
203	0.0448757	0.044451
204	0.0448367	0.0444136
205	0.0448001	0.0443771
206	0.0447628	0.0443407
207	0.0447267	0.044305
208	0.0446901	0.0442693
209	0.0446547	0.0442345
210	0.0446205	0.0442
211	0.0445852	0.0441663
212	0.044551	0.0441334
213	0.0445181	0.0441002
214	0.0444849	0.0440679
215	0.0444523	0.0440353
216	0.04442	0.0440037
217	0.0443885	0.0439729
218	0.0443566	0.0439417
219	0.044326	0.0439111
220	0.0442954	0.0438815
221	0.044265	0.0438515
222	0.0442354	0.0438221
223	0.0442061	0.0437933
224	0.044177	0.0437648
225	0.0441481	0.0437367
226	0.0441196	0.0437087
227	0.0440914	0.0436815
228	0.0440641	0.0436544
229	0.0440366	0.0436274
230	0.0440104	0.0436009
231	0.0439832	0.0435747
232	0.0439572	0.0435488
233	0.0439311	0.043523
234	0.0439052	0.0434978
235	0.04388	0.0434731
236	0.0438552	0.0434484
237	0.0438305	0.0434243
238	0.043806	0.0434
239	0.0437825	0.0433763
240	0.0437581	0.043353
241	0.0437347	0.0433299
242	0.043712	0.0433069
243	0.0436887	0.0432841
244	0.0436659	0.0432619
245	0.0436438	0.0432396
246	0.0436214	0.043218
247	0.0435989	0.0431965
248	0.0435768	0.0431752
249	0.0435558	0.0431536
250	0.0435348	0.0431326
251	0.0435135	0.0431119
252	0.0434925	0.0430913
253	0.043472	0.0430709
254	0.0434518	0.0430511
255	0.0434315	0.0430312
256	0.0434128	0.0430116
257	0.0433921	0.0429924
258	0.0433732	0.0429733
259	0.0433538	0.0429544
260	0.0433349	0.0429358
261	0.0433157	0.0429171
262	0.0432973	0.0428989
263	0.0432788	0.0428807
264	0.0432609	0.0428631
265	0.0432429	0.0428456
266	0.043225	0.0428274
267	0.0432076	0.0428102
268	0.0431901	0.0427929
269	0.043173	0.0427759
270	0.0431556	0.0427589
271	0.0431376	0.0427422
272	0.0431211	0.0427257
273	0.0431055	0.0427094
274	0.0430885	0.0426931
275	0.0430722	0.0426771
276	0.0430557	0.0426615
277	0.0430398	0.0426456
278	0.0430244	0.04263
279	0.0430085	0.0426149
280	0.0429936	0.0425992
281	0.0429782	0.042584
282	0.0429629	0.0425688
283	0.0429478	0.0425541
284	0.0429333	0.0425391
285	0.0429179	0.0425247
286	0.0429041	0.0425104
287	0.0428892	0.0424964
288	0.0428745	0.0424824
289	0.0428606	0.0424683
290	0.0428465	0.0424545
291	0.0428331	0.0424408
292	0.0428187	0.0424273
293	0.0428048	0.0424136
294	0.0427914	0.0424
295	0.0427782	0.0423869
296	0.0427645	0.0423737
297	0.0427509	0.0423608
298	0.0427387	0.0423481
299	0.042725	0.042335
300	0.0427125	0.0423225
301	0.0427001	0.0423098
302	0.0426873	0.0422976
303	0.0426751	0.042285
304	0.0426626	0.0422728
305	0.0426507	0.0422609
306	0.0426381	0.0422489
307	0.0426264	0.042237
308	0.0426139	0.0422252
309	0.042602	0.0422135
310	0.0425908	0.0422017
311	0.0425791	0.04219
312	0.0425672	0.0421785
313	0.042556	0.0421673
314	0.0425446	0.042156
315	0.0425336	0.0421451
316	0.0425218	0.0421342
317	0.0425104	0.0421231
318	0.0424993	0.0421124
319	0.0424885	0.0421015
320	0.0424771	0.0420909
321	0.0424671	0.0420802
322	0.0424563	0.0420696
323	0.0424457	0.0420592
324	0.0424359	0.0420485
325	0.0424255	0.042038
326	0.0424147	0.0420281
327	0.0424046	0.0420179
328	0.0423942	0.042008
329	0.0423841	0.0419979
330	0.0423739	0.0419881
331	0.0423643	0.0419782
332	0.0423544	0.0419685
333	0.0423448	0.0419589
334	0.0423351	0.0419493
335	0.0423257	0.0419398
336	0.0423156	0.0419303
337	0.0423065	0.041921
338	0.0422971	0.0419115
339	0.0422873	0.0419022
340	0.0422787	0.041893
341	0.0422693	0.0418837
342	0.0422598	0.0418747
343	0.0422512	0.0418657
344	0.0422421	0.0418566
345	0.0422329	0.041848
346	0.042224	0.0418393
347	0.0422153	0.0418305
348	0.0422065	0.0418219
349	0.0421977	0.0418132
350	0.0421888	0.0418047
351	0.0421807	0.0417962
352	0.0421721	0.0417879
353	0.0421636	0.0417797
354	0.0421553	0.0417712
355	0.0421473	0.041763
356	0.0421386	0.0417548
357	0.0421308	0.0417467
358	0.0421224	0.0417384
359	0.0421139	0.0417304
360	0.0421059	0.0417222
361	0.0420982	0.041714
362	0.0420902	0.0417062
363	0.0420821	0.0416984
364	0.0420741	0.0416907
365	0.042066	0.041683
366	0.0420591	0.0416752
367	0.0420514	0.0416675
368	0.042043	0.0416601
369	0.0420358	0.0416526
370	0.0420286	0.0416453
371	0.0420208	0.0416381
372	0.0420133	0.0416307
373	0.0420064	0.0416232
374	0.0419991	0.041616
375	0.0419918	0.0416087
376	0.0419838	0.0416015
377	0.0419775	0.0415943
378	0.0419703	0.0415873
379	0.0419625	0.0415801
380	0.0419555	0.0415729
381	0.0419486	0.041566
382	0.0419418	0.041559
383	0.0419345	0.0415521
384	0.0419281	0.0415452
385	0.0419204	0.0415384
386	0.0419138	0.0415318
387	0.0419076	0.0415252
388	0.0419006	0.0415184
389	0.0418939	0.0415118
390	0.0418873	0.0415051
391	0.041881	0.0414984
392	0.0418742	0.0414917
393	0.0418681	0.0414853
394	0.0418614	0.0414788
395	0.0418545	0.0414723
396	0.041848	0.0414658
397	0.0418418	0.0414595
398	0.0418352	0.0414532
399	0.0418289	0.0414468
400	0.041823	0.0414404
401	0.0418159	0.0414344
402	0.0418101	0.0414282
403	0.0418044	0.0414222
404	0.0417981	0.0414162
405	0.0417917	0.0414099
406	0.0417859	0.0414038
407	0.0417798	0.0413978
408	0.0417731	0.041392
409	0.0417677	0.0413862
410	0.0417616	0.0413801
411	0.0417554	0.0413742
412	0.0417494	0.0413681
413	0.0417437	0.0413622
414	0.0417382	0.0413564
415	0.0417324	0.0413504
416	0.0417262	0.0413445
417	0.0417207	0.0413388
418	0.0417145	0.0413332
419	0.0417091	0.0413277
420	0.0417038	0.041322
421	0.0416981	0.0413164
422	0.0416926	0.041311
423	0.0416863	0.0413054
424	0.0416811	0.0413
425	0.0416756	0.0412947
426	0.0416704	0.0412891
427	0.0416646	0.0412837
428	0.0416588	0.0412784
429	0.041654	0.0412732
430	0.0416484	0.0412677
431	0.041643	0.0412622
432	0.041638	0.0412571
433	0.0416322	0.0412517
434	0.0416274	0.0412464
435	0.0416219	0.0412414
436	0.0416161	0.0412361
437	0.0416113	0.041231
438	0.0416066	0.0412258
439	0.0416008	0.0412206
440	0.0415956	0.0412154
441	0.0415905	0.0412102
442	0.0415851	0.0412052
443	0.0415804	0.0412001
444	0.0415759	0.041195
445	0.0415703	0.04119
446	0.041566	0.041185
447	0.0415604	0.0411801
448	0.0415564	0.0411752
449	0.0415512	0.0411704
450	0.0415457	0.0411657
451	0.0415414	0.0411608
452	0.0415368	0.041156
453	0.041531	0.0411513
454	0.0415266	0.0411464
455	0.0415214	0.0411417
456	0.0415172	0.041137
457	0.0415119	0.0411323
458	0.0415078	0.0411277
459	0.041503	0.0411231
460	0.0414985	0.0411184
461	0.041494	0.0411138
462	0.0414891	0.041109
463	0.0414848	0.0411045
464	0.0414796	0.0410999
465	0.0414754	0.0410953
466	0.0414711	0.0410909
467	0.041466	0.0410864
468	0.0414624	0.0410819
469	0.0414577	0.0410774
470	0.0414534	0.041073
471	0.0414485	0.0410686
472	0.0414444	0.0410642
473	0.0414393	0.0410597
474	0.0414353	0.0410553
475	0.0414309	0.0410509
476	0.0414263	0.0410465
477	0.0414227	0.0410421
478	0.0414184	0.0410378
479	0.0414132	0.0410334
480	0.0414101	0.0410294
481	0.0414053	0.0410251
482	0.0414011	0.0410209
483	0.0413971	0.0410168
484	0.041393	0.0410127
485	0.0413888	0.0410084
486	0.0413838	0.0410042
487	0.0413797	0.0410001
488	0.0413758	0.0409959
489	0.0413717	0.0409919
490	0.0413673	0.0409879
491	0.0413636	0.0409838
492	0.0413597	0.0409798
493	0.041355	0.0409757
494	0.0413518	0.0409717
495	0.0413474	0.0409676
496	0.0413431	0.0409636
497	0.0413392	0.0409595
498	0.041336	0.0409554
499	0.0413315	0.0409514
500	0.0413274	0.0409473
501	0.0413234	0.0409432
502	0.0413196	0.0409392
503	0.0413159	0.0409354
504	0.0413116	0.0409317
505	0.0413081	0.0409276
506	0.0413039	0.0409237
507	0.0413003	0.0409201
508	0.0412961	0.0409161
509	0.0412927	0.0409123
510	0.0412887	0.0409085
511	0.0412846	0.0409047
512	0.0412809	0.040901
513	0.0412781	0.0408973
514	0.0412739	0.0408938
515	0.0412696	0.04089
516	0.0412665	0.0408862
517	0.0412628	0.0408825
518	0.0412591	0.040879
519	0.0412552	0.0408753
520	0.0412514	0.0408718
521	0.0412474	0.0408679
522	0.041244	0.0408644
523	0.0412402	0.0408608
524	0.0412369	0.0408571
525	0.0412342	0.0408535
526	0.0412297	0.0408499
527	0.0412264	0.0408463
528	0.0412227	0.0408427
529	0.04122	0.0408392
530	0.0412151	0.0408359
531	0.041212	0.0408324
532	0.0412085	0.0408288
533	0.0412049	0.0408253
534	0.0412017	0.040822
535	0.041198	0.0408183
536	0.0411946	0.0408149
537	0.0411916	0.0408112
538	0.041188	0.0408077
539	0.0411846	0.0408044
540	0.0411813	0.040801
541	0.0411782	0.0407975
542	0.0411744	0.0407941
543	0.0411709	0.0407907
544	0.041168	0.0407874
545	0.0411644	0.0407842
546	0.0411614	0.0407807
547	0.0411576	0.0407773
548	0.0411544	0.0407741
549	0.0411508	0.0407707
550	0.0411481	0.0407674
551	0.0411443	0.0407642
552	0.041141	0.0407609
553	0.0411376	0.0407576
554	0.0411344	0.0407544
555	0.0411312	0.040751
556	0.0411282	0.0407478
557	0.0411249	0.0407446
558	0.0411216	0.0407413
559	0.041118	0.0407381
560	0.0411154	0.040735
561	0.0411123	0.0407318
562	0.0411086	0.0407286
563	0.0411056	0.0407254
564	0.0411025	0.0407222
565	0.0410988	0.040719
566	0.0410964	0.040716
567	0.0410935	0.0407129
568	0.0410899	0.04071
569	0.041087	0.0407068
570	0.0410843	0.0407038
571	0.0410808	0.0407007
572	0.0410774	0.0406976
573	0.0410749	0.0406945
574	0.0410718	0.0406915
575	0.0410688	0.0406886
576	0.0410651	0.0406856
577	0.0410623	0.0406827
578	0.0410597	0.0406797
579	0.0410568	0.0406767
580	0.0410533	0.0406737
581	0.0410503	0.0406707
582	0.0410478	0.0406677
583	0.0410445	0.0406645
584	0.0410419	0.0406617
585	0.041039	0.0406588
586	0.0410356	0.0406557
587	0.041033	0.0406527
588	0.0410303	0.0406499
589	0.0410277	0.040647
590	0.0410243	0.040644
591	0.0410216	0.040641
592	0.0410187	0.0406381
593	0.0410155	0.0406352
594	0.0410124	0.0406325
595	0.0410096	0.0406297
596	0.0410068	0.0406268
597	0.0410044	0.040624
598	0.0410016	0.0406211
599	0.0409983	0.0406184
600	0.0409953	0.0406155
601	0.040993	0.0406126
602	0.0409903	0.0406099
603	0.0409873	0.040607
604	0.0409849	0.0406043
605	0.0409825	0.0406017
606	0.0409792	0.0405989
607	0.0409762	0.0405962
608	0.0409737	0.0405935
609	0.0409715	0.0405908
610	0.0409683	0.040588
611	0.0409659	0.0405853
612	0.0409626	0.0405826
613	0.04096	0.0405801
614	0.0409577	0.0405774
615	0.0409549	0.0405746
616	0.0409526	0.0405722
617	0.0409498	0.0405695
618	0.0409468	0.0405669
619	0.0409442	0.0405641
620	0.0409415	0.0405614
621	0.040939	0.0405587
622	0.0409359	0.0405561
623	0.0409342	0.0405535
624	0.0409313	0.0405508
625	0.0409285	0.0405483
626	0.0409265	0.0405456
627	0.0409235	0.0405431
628	0.0409214	0.0405405
629	0.0409183	0.0405381
630	0.0409156	0.0405355
631	0.040913	0.040533
632	0.0409113	0.0405303
633	0.0409076	0.0405278
634	0.0409058	0.0405252
635	0.0409029	0.0405226
636	0.0409	0.0405202
637	0.0408982	0.0405177
638	0.0408957	0.0405151
639	0.0408926	0.0405126
640	0.0408904	0.0405101
641	0.0408874	0.0405075
642	0.0408854	0.0405051
643	0.0408829	0.0405028
644	0.0408798	0.0405001
645	0.0408781	0.0404976
646	0.0408753	0.040495
647	0.0408726	0.0404925
648	0.0408711	0.0404902
649	0.0408682	0.0404879
650	0.0408658	0.0404855
651	0.0408632	0.0404832
652	0.0408609	0.0404808
653	0.0408591	0.0404784
654	0.0408562	0.0404758
655	0.0408537	0.0404735
656	0.0408517	0.0404712
657	0.040849	0.0404687
658	0.0408465	0.0404663
659	0.0408443	0.0404638
660	0.0408416	0.0404615
661	0.0408393	0.040459
662	0.040837	0.0404566
663	0.0408345	0.0404543
664	0.0408322	0.0404518
665	0.0408304	0.0404493
666	0.0408278	0.0404471
667	0.0408257	0.0404448
668	0.0408232	0.0404426
669	0.0408212	0.0404405
670	0.0408191	0.040438
671	0.0408164	0.0404357
672	0.0408138	0.0404335
673	0.0408123	0.0404312
674	0.0408096	0.0404288
675	0.0408078	0.0404267
676	0.0408051	0.0404244
677	0.0408022	0.0404222
678	0.0408009	0.0404199
679	0.0407985	0.0404177
680	0.0407957	0.0404154
681	0.0407942	0.0404131
682	0.0407918	0.0404108
683	0.0407893	0.0404087
684	0.0407872	0.0404064
685	0.0407853	0.0404044
686	0.0407827	0.0404021
687	0.0407805	0.0403999
688	0.0407782	0.0403979
689	0.0407761	0.0403955
690	0.0407735	0.0403934
691	0.0407719	0.0403913
692	0.0407695	0.040389
693	0.0407677	0.0403869
694	0.040765	0.0403848
695	0.040763	0.0403825
696	0.040761	0.0403804
697	0.0407589	0.0403783
698	0.0407568	0.040376
699	0.0407545	0.0403739
700	0.0407526	0.0403718
701	0.0407495	0.0403696
702	0.0407485	0.0403675
703	0.0407462	0.0403653
704	0.0407442	0.0403631
705	0.0407419	0.0403609
706	0.0407396	0.0403588
707	0.0407385	0.0403568
708	0.040736	0.0403548
709	0.0407338	0.0403528
710	0.0407318	0.0403508
711	0.0407295	0.0403488
712	0.0407277	0.0403466
713	0.0407254	0.0403444
714	0.0407232	0.0403424
715	0.0407208	0.0403402
716	0.0407189	0.0403381
717	0.0407174	0.0403364
718	0.0407153	0.0403344
719	0.0407129	0.0403324
720	0.0407114	0.0403303
721	0.0407094	0.0403282
722	0.0407076	0.0403263
723	0.0407058	0.0403243
724	0.040703	0.0403222
725	0.0407014	0.0403202
726	0.0406993	0.0403182
727	0.0406973	0.0403162
728	0.0406953	0.0403143
729	0.0406932	0.0403124
730	0.0406911	0.0403105
731	0.0406894	0.0403084
732	0.0406875	0.0403066
733	0.0406856	0.0403045
734	0.0406835	0.0403026
735	0.0406811	0.0403005
736	0.0406795	0.0402986
737	0.0406772	0.0402967
738	0.0406759	0.0402948
739	0.0406743	0.0402929
740	0.040672	0.040291
741	0.04067	0.040289
742	0.0406681	0.0402871
743	0.0406665	0.0402852
744	0.0406646	0.0402832
745	0.0406621	0.0402812
746	0.04066	0.0402792
747	0.0406579	0.0402773
748	0.0406563	0.0402754
749	0.0406542	0.0402735
750	0.040653	0.0402715
751	0.0406508	0.0402696
752	0.0406488	0.0402677
753	0.0406473	0.0402658
754	0.0406456	0.040264
755	0.0406437	0.040262
756	0.0406413	0.0402601
757	0.0406397	0.0402582
758	0.0406386	0.0402563
759	0.0406364	0.0402544
760	0.0406344	0.0402525
761	0.0406322	0.0402508
762	0.0406307	0.040249
763	0.0406289	0.0402473
764	0.0406271	0.0402455
765	0.0406247	0.0402436
766	0.040623	0.0402419
767	0.0406212	0.0402401
768	0.0406196	0.0402383
769	0.0406183	0.0402365
770	0.0406162	0.0402349
771	0.0406143	0.040233
772	0.0406129	0.0402312
773	0.0406107	0.0402294
774	0.0406087	0.0402275
775	0.0406072	0.0402258
776	0.0406049	0.040224
777	0.0406035	0.0402223
778	0.0406021	0.0402205
779	0.0406	0.0402187
780	0.0405978	0.040217
781	0.0405962	0.0402153
782	0.0405944	0.0402135
783	0.0405926	0.0402117
784	0.0405911	0.04021
785	0.0405892	0.0402082
786	0.0405878	0.0402066
787	0.0405861	0.0402047
788	0.0405845	0.040203
789	0.0405829	0.0402012
790	0.0405807	0.0401996
791	0.0405791	0.0401978
792	0.0405771	0.0401961
793	0.0405752	0.0401943
794	0.0405742	0.0401927
795	0.0405722	0.0401909
796	0.0405707	0.0401893
797	0.0405682	0.0401875
798	0.0405669	0.0401858
799	0.040566	0.0401841
800	0.0405635	0.0401825
801	0.0405622	0.0401808
802	0.0405603	0.0401793
803	0.0405588	0.0401776
804	0.0405573	0.0401759
805	0.0405557	0.0401742
806	0.040554	0.0401725
807	0.0405533	0.0401708
808	0.040551	0.0401691
809	0.0405486	0.0401673
810	0.0405478	0.0401656
811	0.0405457	0.040164
812	0.0405442	0.0401625
813	0.0405418	0.0401608
814	0.0405406	0.040159
815	0.0405384	0.0401574
816	0.0405373	0.0401558
817	0.040536	0.0401542
818	0.0405347	0.0401526
819	0.0405324	0.040151
820	0.0405312	0.0401493
821	0.0405292	0.0401477
822	0.0405282	0.0401462
823	0.0405262	0.0401447
824	0.0405249	0.0401431
825	0.040523	0.0401414
826	0.040522	0.0401399
827	0.0405197	0.0401383
828	0.0405184	0.0401367
829	0.0405165	0.040135
830	0.0405153	0.0401335
831	0.0405135	0.0401319
832	0.0405119	0.0401302
833	0.0405106	0.0401287
834	0.0405091	0.0401272
835	0.0405072	0.0401255
836	0.0405056	0.040124
837	0.0405037	0.0401225
838	0.0405027	0.040121
839	0.0405016	0.0401194
840	0.0404994	0.0401177
841	0.0404982	0.0401164
842	0.0404965	0.0401148
843	0.0404948	0.0401132
844	0.0404937	0.0401117
845	0.0404918	0.04011
846	0.0404907	0.0401085
847	0.0404888	0.0401071
848	0.0404876	0.0401055
849	0.0404855	0.0401038
850	0.0404843	0.0401023
851	0.0404829	0.0401007
852	0.0404814	0.0400992
853	0.0404796	0.0400976
854	0.0404785	0.040096
855	0.0404759	0.0400944
856	0.0404758	0.0400929
857	0.040474	0.0400914
858	0.0404723	0.0400898
859	0.0404713	0.0400885
860	0.0404695	0.0400869
861	0.0404675	0.0400854
862	0.0404666	0.0400839
863	0.0404651	0.0400825
864	0.0404635	0.0400811
865	0.0404621	0.0400797
866	0.0404607	0.0400782
867	0.0404588	0.0400767
868	0.0404573	0.0400753
869	0.0404561	0.0400737
870	0.0404548	0.0400723
871	0.0404536	0.0400707
872	0.0404515	0.0400693
873	0.0404504	0.0400679
874	0.0404497	0.0400664
875	0.0404472	0.0400649
876	0.0404455	0.0400633
877	0.0404448	0.040062
878	0.0404429	0.0400606
879	0.0404424	0.0400592
880	0.0404404	0.0400578
881	0.0404385	0.0400563
882	0.0404371	0.0400549
883	0.0404358	0.0400536
884	0.0404346	0.0400521
885	0.0404326	0.0400507
886	0.0404313	0.0400493
887	0.0404299	0.0400479
888	0.0404289	0.0400465
889	0.0404269	0.040045
890	0.0404257	0.0400436
891	0.0404246	0.0400422
892	0.0404226	0.0400409
893	0.0404212	0.0400395
894	0.0404203	0.040038
895	0.0404191	0.0400367
896	0.0404169	0.0400352
897	0.0404157	0.0400338
898	0.0404143	0.0400325
899	0.0404126	0.0400312
900	0.0404111	0.0400297
901	0.04041	0.0400283
902	0.0404093	0.0400268
903	0.040408	0.0400254
904	0.040406	0.040024
905	0.0404046	0.0400227
906	0.0404035	0.0400213
907	0.040402	0.04002
908	0.0404005	0.0400186
909	0.0403987	0.0400171
910	0.0403976	0.0400157
911	0.0403957	0.0400144
912	0.0403952	0.0400131
913	0.0403937	0.0400118
914	0.040392	0.0400103
915	0.0403905	0.0400091
916	0.0403899	0.0400077
917	0.0403879	0.0400064
918	0.0403864	0.040005
919	0.0403852	0.0400036
920	0.040384	0.0400024
921	0.0403831	0.040001
922	0.0403818	0.0399996
923	0.0403801	0.0399982
924	0.0403786	0.0399968
925	0.0403776	0.0399954
926	0.0403763	0.039994
927	0.040375	0.0399927
928	0.0403729	0.0399913
929	0.0403723	0.03999
930	0.0403705	0.0399888
931	0.0403695	0.0399874
932	0.0403677	0.039986
933	0.0403663	0.0399846
934	0.0403656	0.0399832
935	0.040364	0.0399819
936	0.040363	0.0399806
937	0.0403616	0.0399793
938	0.0403608	0.039978
939	0.0403591	0.0399766
940	0.0403582	0.0399753
941	0.0403567	0.039974
942	0.0403553	0.0399727
943	0.0403536	0.0399714
944	0.0403523	0.0399702
945	0.0403508	0.0399688
946	0.0403498	0.0399676
947	0.0403485	0.0399663
948	0.0403474	0.039965
949	0.0403458	0.0399636
950	0.0403444	0.0399624
951	0.0403438	0.0399612
952	0.0403418	0.03996
953	0.0403407	0.0399587
954	0.0403394	0.0399575
955	0.0403383	0.0399563
956	0.040337	0.039955
957	0.0403357	0.0399538
958	0.0403346	0.0399524
959	0.0403331	0.0399512
960	0.0403321	0.0399499
961	0.0403307	0.0399487
962	0.0403299	0.0399475
963	0.0403284	0.0399462
964	0.0403264	0.039945
965	0.040325	0.0399435
966	0.0403249	0.0399422
967	0.0403236	0.0399409
968	0.0403218	0.0399397
969	0.0403207	0.0399385
970	0.0403196	0.0399373
971	0.0403181	0.039936
972	0.0403165	0.0399347
973	0.0403159	0.0399334
974	0.0403149	0.0399322
975	0.0403135	0.0399308
976	0.0403123	0.0399296
977	0.0403111	0.0399283
978	0.0403096	0.039927
979	0.0403091	0.0399257
980	0.0403069	0.0399246
981	0.040306	0.0399234
982	0.0403041	0.0399222
983	0.0403033	0.039921
984	0.0403021	0.0399198
985	0.0403001	0.0399186
986	0.0403	0.0399174
987	0.040298	0.0399162
988	0.0402971	0.039915
989	0.0402961	0.0399138
990	0.0402945	0.0399126
991	0.0402934	0.0399115
992	0.0402922	0.0399102
993	0.0402904	0.0399091
994	0.0402897	0.0399078
995	0.0402886	0.0399066
996	0.0402879	0.0399054
997	0.0402857	0.0399042
998	0.0402846	0.0399031
999	0.0402838	0.0399018
1000	0.0402826	0.0399007
1001	0.0402814	0.0398995
1002	0.0402802	0.0398982
1003	0.0402788	0.039897
1004	0.0402782	0.0398959
1005	0.0402767	0.0398946
1006	0.0402759	0.0398934
1007	0.040274	0.0398922
1008	0.0402729	0.0398911
1009	0.0402721	0.0398899
1010	0.0402705	0.0398885
1011	0.0402701	0.0398874
1012	0.0402682	0.0398862
1013	0.040267	0.0398851
1014	0.0402663	0.0398839
1015	0.0402648	0.0398827
1016	0.0402635	0.0398817
1017	0.0402625	0.0398804
1018	0.0402613	0.0398793
1019	0.04026	0.0398781
1020	0.0402583	0.0398769
1021	0.0402576	0.0398759
1022	0.0402566	0.0398747
1023	0.0402549	0.0398735
1024	0.0402546	0.0398725
1025	0.040253	0.0398712
1026	0.0402516	0.0398702
1027	0.0402505	0.0398691
1028	0.0402496	0.0398679
1029	0.0402487	0.0398668
1030	0.0402475	0.0398657
1031	0.0402462	0.0398645
1032	0.0402443	0.0398634
1033	0.0402436	0.0398623
1034	0.0402425	0.0398611
1035	0.0402418	0.0398599
1036	0.040241	0.0398587
1037	0.0402396	0.0398576
1038	0.0402384	0.0398565
1039	0.0402374	0.0398554
1040	0.0402358	0.0398542
1041	0.0402344	0.0398531
1042	0.0402339	0.0398519
1043	0.0402326	0.0398508
1044	0.0402311	0.0398496
1045	0.04023	0.0398484
1046	0.0402293	0.0398472
1047	0.0402278	0.0398461
1048	0.0402266	0.039845
1049	0.0402259	0.039844
1050	0.040225	0.0398428
1051	0.0402235	0.0398418
1052	0.0402224	0.0398406
1053	0.0402212	0.0398394
1054	0.0402204	0.0398383
1055	0.0402188	0.0398372
1056	0.0402183	0.0398361
1057	0.0402166	0.039835
1058	0.0402155	0.0398339
1059	0.0402151	0.0398328
1060	0.0402135	0.0398317
1061	0.0402129	0.0398305
1062	0.0402115	0.0398294
1063	0.0402104	0.0398283
1064	0.0402092	0.0398271
1065	0.0402077	0.0398259
1066	0.0402073	0.0398248
1067	0.0402056	0.0398238
1068	0.0402047	0.0398227
1069	0.0402038	0.0398216
1070	0.040202	0.0398207
1071	0.0402019	0.0398195
1072	0.0402004	0.0398186
1073	0.0401988	0.0398176
1074	0.0401978	0.0398164
1075	0.0401973	0.0398154
1076	0.0401958	0.0398143
1077	0.0401944	0.0398131
1078	0.0401934	0.039812
1079	0.0401927	0.039811
1080	0.0401915	0.03981
1081	0.0401904	0.0398088
1082	0.0401891	0.0398078
1083	0.0401888	0.0398067
1084	0.0401874	0.0398056
1085	0.040186	0.0398044
1086	0.0401852	0.0398034
1087	0.0401843	0.0398024
1088	0.0401831	0.0398013
1089	0.0401819	0.0398003
1090	0.0401809	0.0397992
1091	0.0401795	0.039798
1092	0.0401782	0.039797
1093	0.0401778	0.0397959
1094	0.0401765	0.0397948
1095	0.0401756	0.0397937
1096	0.0401744	0.0397925
1097	0.0401739	0.0397914
1098	0.040172	0.0397903
1099	0.040171	0.0397892
1100	0.0401709	0.0397881
1101	0.040169	0.039787
1102	0.0401685	0.0397859
1103	0.0401671	0.0397849
1104	0.0401661	0.0397839
1105	0.040165	0.0397828
1106	0.040164	0.0397817
1107	0.0401635	0.0397806
1108	0.040162	0.0397795
1109	0.0401609	0.0397785
1110	0.0401599	0.0397774
1111	0.0401587	0.0397764
1112	0.0401577	0.0397754
1113	0.0401563	0.0397744
1114	0.0401555	0.0397734
1115	0.0401545	0.0397723
1116	0.0401539	0.0397714
1117	0.0401528	0.0397703
1118	0.0401512	0.0397692
1119	0.0401497	0.0397682
1120	0.0401495	0.0397671
1121	0.0401483	0.039766
1122	0.0401473	0.039765
1123	0.0401465	0.039764
1124	0.0401452	0.0397629
1125	0.0401447	0.0397619
1126	0.040143	0.0397608
1127	0.0401423	0.0397598
1128	0.040141	0.0397588
1129	0.0401405	0.0397577
1130	0.0401395	0.0397567
1131	0.040138	0.0397557
1132	0.0401368	0.0397548
1133	0.0401361	0.0397538
1134	0.040135	0.0397529
1135	0.0401341	0.0397518
1136	0.0401332	0.0397507
1137	0.0401316	0.0397496
1138	0.0401311	0.0397486
1139	0.0401303	0.0397475
1140	0.0401295	0.0397465
1141	0.0401284	0.0397455
1142	0.0401267	0.0397445
1143	0.0401264	0.0397434
1144	0.0401249	0.0397423
1145	0.0401239	0.0397413
1146	0.0401227	0.0397403
1147	0.0401216	0.0397393
1148	0.0401207	0.0397382
1149	0.04012	0.0397372
1150	0.0401187	0.0397362
1151	0.0401176	0.0397353
1152	0.040117	0.0397343
1153	0.0401155	0.0397332
1154	0.0401154	0.0397322
1155	0.0401136	0.0397312
1156	0.0401129	0.0397302
1157	0.0401113	0.0397293
1158	0.0401106	0.0397283
1159	0.0401095	0.0397273
1160	0.0401088	0.0397264
1161	0.040108	0.0397255
1162	0.0401067	0.0397245
1163	0.0401058	0.0397235
1164	0.0401044	0.0397225
1165	0.0401038	0.0397216
1166	0.040103	0.0397206
1167	0.0401018	0.0397195
1168	0.0401003	0.0397186
1169	0.0400996	0.0397175
1170	0.0400985	0.0397165
1171	0.0400977	0.0397155
1172	0.0400963	0.0397145
1173	0.0400951	0.0397135
1174	0.0400949	0.0397125
1175	0.0400938	0.0397114
1176	0.040093	0.0397104
1177	0.0400921	0.0397094
1178	0.0400907	0.0397084
1179	0.0400899	0.0397074
1180	0.0400888	0.0397064
1181	0.040088	0.0397054
1182	0.0400866	0.0397044
1183	0.0400856	0.0397034
1184	0.0400851	0.0397025
1185	0.040084	0.0397015
1186	0.0400833	0.0397005
1187	0.0400818	0.0396996
1188	0.0400817	0.0396986
1189	0.0400802	0.0396976
1190	0.0400792	0.0396966
1191	0.0400779	0.0396956
1192	0.0400771	0.0396947
1193	0.040076	0.0396938
1194	0.0400748	0.0396928
1195	0.0400746	0.0396918
1196	0.0400734	0.0396909
1197	0.0400731	0.03969
1198	0.040071	0.039689
1199	0.0400703	0.0396881
1200	0.0400691	0.0396871
1201	0.0400684	0.0396861
1202	0.0400671	0.0396852
1203	0.0400667	0.0396842
1204	0.040066	0.0396833
1205	0.0400648	0.0396823
1206	0.0400638	0.0396814
1207	0.0400625	0.0396803
1208	0.0400617	0.0396794
1209	0.0400604	0.0396784
1210	0.0400599	0.0396774
1211	0.0400585	0.0396764
1212	0.0400573	0.0396755
1213	0.0400569	0.0396745
1214	0.040056	0.0396736
1215	0.0400549	0.0396726
1216	0.0400543	0.0396717
1217	0.0400529	0.0396707
1218	0.0400521	0.0396698
1219	0.040051	0.0396689
1220	0.04005	0.039668
1221	0.0400487	0.039667
1222	0.040048	0.039666
1223	0.0400473	0.0396651
1224	0.0400466	0.0396641
1225	0.0400456	0.0396632
1226	0.0400446	0.0396623
1227	0.0400436	0.0396613
1228	0.0400431	0.0396603
1229	0.0400415	0.0396594
1230	0.0400404	0.0396585
1231	0.0400398	0.0396575
1232	0.040039	0.0396566
1233	0.0400377	0.0396556
1234	0.040037	0.0396548
1235	0.0400361	0.0396538
1236	0.0400351	0.0396528
1237	0.0400343	0.0396518
1238	0.0400338	0.0396509
1239	0.0400327	0.03965
1240	0.040031	0.039649
1241	0.0400303	0.0396481
1242	0.0400295	0.0396472
1243	0.0400287	0.0396463
1244	0.0400273	0.0396455
1245	0.0400269	0.0396445
1246	0.0400251	0.0396437
1247	0.0400252	0.0396426
1248	0.0400241	0.0396417
1249	0.0400228	0.0396408
1250	0.0400223	0.0396398
1251	0.0400216	0.0396388
1252	0.0400199	0.0396379
1253	0.0400193	0.0396369
1254	0.040018	0.0396359
1255	0.040017	0.039635
1256	0.0400159	0.0396341
1257	0.0400155	0.0396332
1258	0.0400145	0.0396322
1259	0.0400143	0.0396314
1260	0.0400127	0.0396305
1261	0.0400119	0.0396296
1262	0.0400108	0.0396287
1263	0.0400099	0.0396278
1264	0.0400092	0.0396269
1265	0.0400085	0.039626
1266	0.0400068	0.0396251
1267	0.0400058	0.0396241
1268	0.0400054	0.0396233
1269	0.0400049	0.0396224
1270	0.0400042	0.0396214
1271	0.0400028	0.0396205
1272	0.0400022	0.0396196
1273	0.0400006	0.0396187
1274	0.0399999	0.0396178
