1	0.30016	0.287579
2	0.288526	0.276378
3	0.277301	0.26608
4	0.266985	0.256935
5	0.257816	0.248685
6	0.24954	0.2411
7	0.241931	0.233975
8	0.234779	0.227198
9	0.22798	0.220706
10	0.221462	0.214449
11	0.215181	0.208403
12	0.209113	0.20256
13	0.20325	0.196906
14	0.197578	0.191444
15	0.192098	0.186164
16	0.186801	0.181066
17	0.181691	0.176138
18	0.176753	0.171385
19	0.171985	0.166796
20	0.167386	0.162374
21	0.162959	0.158117
22	0.158693	0.154013
23	0.154588	0.150069
24	0.150636	0.146281
25	0.146844	0.142641
26	0.143198	0.139146
27	0.139701	0.135791
28	0.136344	0.132574
29	0.133123	0.129489
30	0.130033	0.126526
31	0.12707	0.123687
32	0.12423	0.120966
33	0.121504	0.118354
34	0.118891	0.115848
35	0.116385	0.113448
36	0.113985	0.111145
37	0.111678	0.108935
38	0.109468	0.106815
39	0.107345	0.104779
40	0.105309	0.102825
41	0.103352	0.100947
42	0.101472	0.0991454
43	0.0996673	0.0974122
44	0.0979337	0.0957476
45	0.0962697	0.094149
46	0.0946675	0.0926112
47	0.0931249	0.0911331
48	0.0916452	0.0897119
49	0.0902231	0.0883446
50	0.0888532	0.0870293
51	0.087537	0.0857638
52	0.0862708	0.0845449
53	0.0850504	0.0833713
54	0.0838738	0.0822394
55	0.0827416	0.0811493
56	0.081647	0.0800992
57	0.0805957	0.0790856
58	0.0795805	0.0781091
59	0.0786017	0.077165
60	0.077656	0.0762541
61	0.076745	0.0753768
62	0.075865	0.0745284
63	0.075015	0.0737084
64	0.0741955	0.0729166
65	0.0733997	0.0721517
66	0.0726339	0.0714123
67	0.071893	0.0706959
68	0.0711748	0.0700031
69	0.0704813	0.0693329
70	0.0698116	0.0686845
71	0.0691598	0.0680558
72	0.0685317	0.0674481
73	0.0679213	0.0668591
74	0.0673308	0.0662881
75	0.066758	0.0657342
76	0.0662025	0.0651974
77	0.0656651	0.0646772
78	0.0651441	0.0641718
79	0.0646368	0.063682
80	0.0641454	0.0632058
81	0.0636679	0.062744
82	0.063206	0.0622952
83	0.0627564	0.061859
84	0.0623199	0.0614366
85	0.061895	0.0610251
86	0.0614825	0.0606253
87	0.0610813	0.060236
88	0.0606911	0.0598582
89	0.0603133	0.0594903
90	0.0599449	0.0591326
91	0.0595856	0.0587852
92	0.0592368	0.0584462
93	0.058897	0.0581167
94	0.0585667	0.0577958
95	0.0582457	0.0574835
96	0.0579324	0.0571797
97	0.0576274	0.0568834
98	0.0573297	0.0565944
99	0.0570403	0.0563132
100	0.056758	0.0560388
101	0.0564836	0.0557718
102	0.0562152	0.0555111
103	0.0559537	0.0552569
104	0.0556987	0.0550087
105	0.0554498	0.0547664
106	0.0552069	0.0545305
107	0.0549711	0.0542999
108	0.0547401	0.0540752
109	0.0545138	0.0538558
110	0.0542935	0.0536414
111	0.0540786	0.0534314
112	0.0538689	0.0532272
113	0.0536628	0.0530279
114	0.0534629	0.0528323
115	0.0532662	0.0526411
116	0.0530755	0.0524545
117	0.0528876	0.0522723
118	0.0527054	0.0520938
119	0.0525263	0.0519197
120	0.0523506	0.0517493
121	0.0521799	0.0515822
122	0.052012	0.051419
123	0.0518486	0.0512594
124	0.0516874	0.0511029
125	0.0515309	0.0509503
126	0.0513783	0.0508003
127	0.0512276	0.0506539
128	0.0510802	0.0505106
129	0.0509358	0.0503701
130	0.0507948	0.0502326
131	0.0506566	0.0500971
132	0.0505225	0.0499649
133	0.0503891	0.049836
134	0.0502588	0.0497089
135	0.0501321	0.0495847
136	0.0500062	0.0494627
137	0.0498843	0.0493434
138	0.0497642	0.0492261
139	0.0496463	0.0491108
140	0.0495306	0.0489981
141	0.0494176	0.0488877
142	0.0493065	0.0487798
143	0.049198	0.0486732
144	0.0490911	0.0485687
145	0.048986	0.0484668
146	0.048884	0.0483663
147	0.0487825	0.0482685
148	0.048684	0.0481709
149	0.0485866	0.0480755
150	0.0484913	0.0479827
151	0.0483982	0.0478912
152	0.0483064	0.0478012
153	0.048215	0.0477126
154	0.0481266	0.0476259
155	0.0480398	0.0475409
156	0.0479541	0.0474569
157	0.0478707	0.0473746
158	0.0477878	0.047294
159	0.0477064	0.0472139
160	0.0476257	0.0471363
161	0.0475482	0.0470596
162	0.047471	0.0469842
163	0.047395	0.0469099
164	0.047321	0.0468373
165	0.0472474	0.0467652
166	0.0471756	0.0466946
167	0.0471038	0.0466257
168	0.0470346	0.0465574
169	0.0469657	0.0464904
170	0.0468997	0.0464241
171	0.0468324	0.0463591
172	0.0467668	0.0462953
173	0.0467028	0.0462322
174	0.0466395	0.04617
175	0.0465779	0.0461093
176	0.0465161	0.0460491
177	0.0464558	0.0459897
178	0.046396	0.0459318
179	0.0463379	0.045874
180	0.0462805	0.0458176
181	0.0462239	0.0457627
182	0.0461679	0.0457076
183	0.046113	0.0456538
184	0.046059	0.0456005
185	0.0460053	0.0455481
186	0.0459535	0.0454965
187	0.0459018	0.0454459
188	0.04585	0.0453957
189	0.0457995	0.0453465
190	0.0457505	0.0452978
191	0.045702	0.0452499
192	0.0456538	0.0452025
193	0.0456062	0.0451565
194	0.0455596	0.0451101
195	0.0455136	0.045065
196	0.0454686	0.0450207
197	0.0454231	0.0449763
198	0.0453785	0.0449331
199	0.0453352	0.0448903
200	0.045293	0.0448485
201	0.0452503	0.0448066
202	0.045208	0.0447657
203	0.0451665	0.044725
204	0.0451267	0.0446854
205	0.0450862	0.0446456
206	0.0450464	0.0446069
207	0.0450084	0.0445689
208	0.04497	0.044531
209	0.0449314	0.0444934
210	0.0448936	0.0444561
211	0.044857	0.0444197
212	0.04482	0.0443842
213	0.044784	0.0443487
214	0.0447485	0.044314
215	0.0447129	0.0442796
216	0.0446775	0.0442454
217	0.0446438	0.0442115
218	0.0446103	0.0441787
219	0.0445765	0.0441457
220	0.044544	0.0441131
221	0.0445114	0.0440815
222	0.0444796	0.0440495
223	0.0444475	0.0440182
224	0.0444158	0.0439874
225	0.0443856	0.0439572
226	0.0443556	0.0439274
227	0.0443254	0.0438975
228	0.0442948	0.0438681
229	0.0442655	0.0438391
230	0.0442366	0.0438103
231	0.0442074	0.0437822
232	0.0441792	0.0437544
233	0.0441514	0.0437267
234	0.0441236	0.0436992
235	0.0440955	0.0436721
236	0.0440685	0.0436451
237	0.0440421	0.0436189
238	0.0440156	0.0435928
239	0.0439894	0.0435672
240	0.0439633	0.0435418
241	0.0439375	0.0435166
242	0.0439124	0.0434918
243	0.0438872	0.0434672
244	0.043863	0.0434426
245	0.0438383	0.043419
246	0.0438142	0.0433952
247	0.0437903	0.0433715
248	0.0437667	0.0433478
249	0.0437432	0.0433247
250	0.0437202	0.0433016
251	0.0436971	0.0432792
252	0.0436746	0.043257
253	0.0436518	0.0432351
254	0.0436297	0.0432132
255	0.0436078	0.0431914
256	0.0435862	0.04317
257	0.043565	0.0431491
258	0.0435435	0.0431285
259	0.0435228	0.0431082
260	0.0435024	0.0430876
261	0.043481	0.0430672
262	0.0434612	0.0430472
263	0.0434409	0.0430274
264	0.0434209	0.0430078
265	0.0434013	0.0429882
266	0.0433821	0.0429692
267	0.043363	0.0429502
268	0.0433433	0.0429314
269	0.0433243	0.0429127
270	0.0433055	0.0428944
271	0.0432876	0.0428761
272	0.0432687	0.0428577
273	0.0432511	0.0428397
274	0.0432326	0.0428221
275	0.0432151	0.0428045
276	0.0431972	0.0427871
277	0.0431793	0.0427695
278	0.0431621	0.0427524
279	0.0431454	0.0427356
280	0.0431281	0.0427188
281	0.0431112	0.0427025
282	0.0430948	0.0426859
283	0.0430791	0.0426696
284	0.043062	0.0426536
285	0.0430463	0.0426375
286	0.04303	0.0426219
287	0.0430138	0.0426063
288	0.0429978	0.0425907
289	0.0429825	0.0425755
290	0.042967	0.0425604
291	0.0429518	0.0425452
292	0.0429365	0.0425301
293	0.0429215	0.0425152
294	0.0429067	0.0425006
295	0.0428918	0.0424862
296	0.0428775	0.0424716
297	0.0428626	0.0424573
298	0.0428479	0.0424433
299	0.0428339	0.042429
300	0.0428202	0.0424151
301	0.0428058	0.0424013
302	0.0427927	0.0423876
303	0.0427782	0.0423741
304	0.0427648	0.0423607
305	0.0427511	0.0423476
306	0.0427374	0.0423342
307	0.0427246	0.042321
308	0.0427118	0.0423081
309	0.0426985	0.0422952
310	0.0426852	0.0422825
311	0.0426726	0.04227
312	0.0426598	0.0422573
313	0.0426473	0.0422447
314	0.0426346	0.0422321
315	0.0426221	0.0422199
316	0.0426105	0.0422075
317	0.0425974	0.0421957
318	0.0425857	0.0421835
319	0.042573	0.0421715
320	0.0425621	0.0421599
321	0.0425497	0.0421482
322	0.0425383	0.0421369
323	0.0425271	0.0421254
324	0.042515	0.0421139
325	0.0425033	0.042103
326	0.0424924	0.0420917
327	0.042481	0.0420804
328	0.0424702	0.0420694
329	0.0424593	0.0420585
330	0.0424476	0.0420479
331	0.042437	0.0420372
332	0.042426	0.0420262
333	0.0424159	0.0420156
334	0.0424051	0.0420051
335	0.0423948	0.0419949
336	0.0423845	0.0419842
337	0.0423733	0.0419739
338	0.0423628	0.0419634
339	0.0423529	0.0419534
340	0.0423424	0.0419433
341	0.0423329	0.0419331
342	0.0423222	0.0419232
343	0.0423127	0.0419133
344	0.0423025	0.0419037
345	0.0422925	0.041894
346	0.042283	0.0418844
347	0.0422732	0.0418748
348	0.0422635	0.0418655
349	0.0422541	0.0418561
350	0.0422447	0.0418466
351	0.042236	0.0418373
352	0.042226	0.0418282
353	0.0422171	0.041819
354	0.042208	0.0418101
355	0.0421987	0.0418011
356	0.0421891	0.041792
357	0.0421809	0.0417831
358	0.0421716	0.0417743
359	0.0421627	0.0417657
360	0.0421539	0.0417571
361	0.0421453	0.0417481
362	0.0421366	0.0417396
363	0.042128	0.0417311
364	0.0421197	0.0417227
365	0.0421111	0.0417141
366	0.0421023	0.0417058
367	0.042094	0.0416974
368	0.0420851	0.0416893
369	0.0420766	0.041681
370	0.0420689	0.041673
371	0.0420606	0.041665
372	0.0420528	0.041657
373	0.0420448	0.0416489
374	0.0420366	0.041641
375	0.0420286	0.0416331
376	0.042021	0.0416255
377	0.0420131	0.0416178
378	0.0420053	0.0416101
379	0.0419976	0.0416024
380	0.0419902	0.0415948
381	0.0419826	0.0415872
382	0.0419755	0.0415794
383	0.0419679	0.0415719
384	0.0419597	0.0415645
385	0.0419522	0.041557
386	0.0419452	0.0415495
387	0.0419372	0.0415423
388	0.0419305	0.0415352
389	0.0419233	0.0415281
390	0.0419152	0.041521
391	0.0419086	0.041514
392	0.0419013	0.0415071
393	0.0418942	0.0415001
394	0.0418873	0.0414932
395	0.0418805	0.0414862
396	0.0418734	0.0414792
397	0.0418662	0.0414722
398	0.0418595	0.0414655
399	0.0418521	0.0414589
400	0.0418456	0.0414524
401	0.0418387	0.0414459
402	0.041832	0.0414391
403	0.0418256	0.0414324
404	0.0418188	0.0414258
405	0.041812	0.0414193
406	0.0418052	0.0414128
407	0.041799	0.0414062
408	0.0417926	0.0413997
409	0.041786	0.0413933
410	0.0417798	0.0413868
411	0.0417736	0.0413805
412	0.0417668	0.0413742
413	0.0417608	0.0413678
414	0.0417546	0.0413615
415	0.0417483	0.0413554
416	0.0417421	0.0413492
417	0.0417357	0.0413432
418	0.0417301	0.0413373
419	0.0417242	0.0413312
420	0.0417178	0.0413253
421	0.0417116	0.0413193
422	0.0417052	0.0413132
423	0.0416995	0.0413073
424	0.0416939	0.0413014
425	0.0416879	0.0412957
426	0.0416822	0.0412897
427	0.0416764	0.0412839
428	0.0416705	0.0412784
429	0.0416647	0.0412728
430	0.0416589	0.0412671
431	0.0416533	0.0412615
432	0.0416474	0.0412559
433	0.0416419	0.0412504
434	0.0416363	0.0412448
435	0.0416306	0.041239
436	0.0416254	0.0412337
437	0.0416194	0.0412283
438	0.0416136	0.0412228
439	0.0416087	0.0412174
440	0.0416033	0.0412123
441	0.0415979	0.0412069
442	0.0415928	0.0412013
443	0.0415869	0.0411963
444	0.0415817	0.041191
445	0.0415763	0.0411856
446	0.0415716	0.0411803
447	0.0415662	0.0411752
448	0.0415611	0.0411699
449	0.0415552	0.0411647
450	0.0415502	0.0411595
451	0.0415452	0.0411543
452	0.04154	0.0411493
453	0.0415344	0.0411442
454	0.0415296	0.0411391
455	0.0415247	0.0411341
456	0.0415197	0.0411292
457	0.0415142	0.0411244
458	0.0415088	0.0411196
459	0.0415049	0.0411147
460	0.0414996	0.0411097
461	0.0414951	0.0411049
462	0.0414901	0.0411
463	0.0414852	0.0410952
464	0.04148	0.0410904
465	0.0414751	0.0410856
466	0.0414707	0.0410806
467	0.041466	0.0410757
468	0.0414616	0.041071
469	0.0414568	0.0410664
470	0.041452	0.0410618
471	0.0414477	0.0410573
472	0.041443	0.0410527
473	0.0414376	0.0410483
474	0.0414331	0.0410438
475	0.0414285	0.0410391
476	0.0414241	0.0410347
477	0.0414197	0.0410301
478	0.0414157	0.0410257
479	0.0414104	0.0410212
480	0.0414064	0.0410167
481	0.0414013	0.0410122
482	0.0413971	0.0410078
483	0.0413926	0.0410032
484	0.0413881	0.0409987
485	0.0413838	0.0409944
486	0.0413797	0.0409899
487	0.0413753	0.0409856
488	0.0413709	0.0409813
489	0.0413667	0.0409768
490	0.0413622	0.0409726
491	0.0413574	0.0409683
492	0.0413529	0.0409641
493	0.0413494	0.0409598
494	0.0413451	0.0409557
495	0.0413409	0.0409515
496	0.0413363	0.0409474
497	0.0413323	0.0409432
498	0.0413279	0.040939
499	0.0413241	0.0409347
500	0.0413197	0.0409307
501	0.0413159	0.0409267
502	0.0413118	0.0409227
503	0.0413079	0.0409187
504	0.0413041	0.0409144
505	0.0412993	0.0409105
506	0.0412952	0.0409066
507	0.0412912	0.0409025
508	0.0412876	0.0408988
509	0.0412834	0.0408949
510	0.0412797	0.0408911
511	0.0412758	0.0408873
512	0.0412715	0.0408835
513	0.0412673	0.0408796
514	0.0412636	0.0408757
515	0.0412603	0.0408718
516	0.041256	0.0408679
517	0.0412524	0.040864
518	0.0412485	0.04086
519	0.0412449	0.0408561
520	0.0412416	0.0408523
521	0.0412372	0.0408486
522	0.0412334	0.0408447
523	0.0412299	0.0408411
524	0.0412256	0.0408373
525	0.0412221	0.0408337
526	0.0412178	0.0408298
527	0.041214	0.040826
528	0.0412108	0.0408224
529	0.0412076	0.0408189
530	0.0412034	0.0408152
531	0.0411999	0.0408116
532	0.0411963	0.040808
533	0.041192	0.0408044
534	0.041189	0.0408009
535	0.041185	0.0407972
536	0.0411816	0.0407936
537	0.0411779	0.0407899
538	0.0411746	0.0407863
539	0.0411706	0.0407829
540	0.0411671	0.0407794
541	0.0411638	0.0407759
542	0.0411605	0.0407725
543	0.0411574	0.040769
544	0.0411531	0.0407654
545	0.0411501	0.0407621
546	0.0411467	0.0407587
547	0.0411428	0.0407553
548	0.0411392	0.0407519
549	0.0411362	0.0407485
550	0.0411328	0.0407451
551	0.0411294	0.0407417
552	0.0411259	0.0407385
553	0.0411221	0.0407351
554	0.0411188	0.0407319
555	0.0411156	0.0407285
556	0.0411125	0.0407253
557	0.0411086	0.0407221
558	0.0411059	0.0407186
559	0.0411024	0.0407153
560	0.0410992	0.0407121
561	0.0410962	0.0407088
562	0.0410926	0.0407055
563	0.0410894	0.0407021
564	0.0410866	0.0406989
565	0.041083	0.0406957
566	0.0410795	0.0406925
567	0.0410765	0.0406894
568	0.0410737	0.0406864
569	0.0410701	0.0406833
570	0.041067	0.0406802
571	0.0410644	0.0406771
572	0.0410612	0.0406739
573	0.0410572	0.0406707
574	0.0410547	0.0406675
575	0.0410516	0.0406644
576	0.0410483	0.0406613
577	0.0410451	0.0406582
578	0.041042	0.0406551
579	0.0410392	0.040652
580	0.0410356	0.040649
581	0.0410326	0.0406459
582	0.0410295	0.0406429
583	0.0410264	0.0406398
584	0.0410233	0.0406369
585	0.0410204	0.0406339
586	0.0410178	0.0406308
587	0.0410147	0.0406278
588	0.0410116	0.0406248
589	0.0410086	0.0406218
590	0.0410053	0.0406189
591	0.0410022	0.0406159
592	0.0409993	0.040613
593	0.0409962	0.0406099
594	0.0409934	0.0406069
595	0.0409905	0.0406039
596	0.0409878	0.0406008
597	0.0409847	0.040598
598	0.0409816	0.040595
599	0.0409786	0.0405922
600	0.0409763	0.0405894
601	0.0409731	0.0405866
602	0.0409701	0.0405837
603	0.0409673	0.0405808
604	0.0409643	0.0405781
605	0.040962	0.0405752
606	0.040959	0.0405723
607	0.0409559	0.0405694
608	0.0409535	0.0405666
609	0.0409501	0.0405636
610	0.0409473	0.0405609
611	0.0409439	0.0405583
612	0.0409414	0.0405555
613	0.0409397	0.0405525
614	0.0409363	0.0405497
615	0.0409336	0.0405467
616	0.0409304	0.040544
617	0.0409282	0.0405413
618	0.0409251	0.0405387
619	0.0409225	0.0405358
620	0.0409195	0.0405331
621	0.0409178	0.0405305
622	0.0409143	0.0405277
623	0.0409121	0.040525
624	0.0409089	0.0405223
625	0.0409062	0.0405197
626	0.0409034	0.040517
627	0.0409008	0.0405144
628	0.040898	0.0405117
629	0.0408953	0.0405092
630	0.0408928	0.0405065
631	0.04089	0.040504
632	0.0408874	0.0405014
633	0.040885	0.0404988
634	0.0408818	0.0404963
635	0.0408794	0.0404935
636	0.0408776	0.040491
637	0.0408741	0.0404883
638	0.0408712	0.0404856
639	0.0408687	0.0404829
640	0.0408663	0.0404803
641	0.0408638	0.0404776
642	0.0408613	0.0404751
643	0.0408589	0.0404724
644	0.0408558	0.04047
645	0.0408532	0.0404674
646	0.0408505	0.0404649
647	0.040848	0.0404623
648	0.0408453	0.0404598
649	0.040843	0.0404572
650	0.0408405	0.0404547
651	0.040838	0.0404523
652	0.0408358	0.04045
653	0.0408331	0.0404474
654	0.0408309	0.0404448
655	0.0408276	0.0404423
656	0.0408257	0.0404398
657	0.0408233	0.0404373
658	0.0408203	0.0404347
659	0.0408177	0.0404322
660	0.0408151	0.0404297
661	0.0408132	0.0404274
662	0.0408105	0.0404251
663	0.0408083	0.0404226
664	0.0408065	0.0404202
665	0.0408027	0.0404178
666	0.0408008	0.0404154
667	0.0407987	0.0404131
668	0.0407961	0.0404107
669	0.0407934	0.0404081
670	0.0407909	0.0404058
671	0.040789	0.0404035
672	0.0407864	0.0404012
673	0.0407844	0.0403989
674	0.0407814	0.0403965
675	0.0407797	0.0403941
676	0.0407769	0.0403917
677	0.040775	0.0403894
678	0.0407723	0.0403869
679	0.0407695	0.0403847
680	0.0407678	0.0403823
681	0.0407649	0.04038
682	0.0407626	0.0403777
683	0.0407604	0.0403753
684	0.040758	0.0403728
685	0.0407556	0.0403704
686	0.0407532	0.0403682
687	0.0407516	0.0403658
688	0.0407494	0.0403635
689	0.0407469	0.0403612
690	0.0407441	0.0403588
691	0.0407415	0.0403565
692	0.04074	0.0403542
693	0.0407372	0.0403519
694	0.0407353	0.0403497
695	0.0407324	0.0403475
696	0.0407307	0.0403453
697	0.0407279	0.0403429
698	0.0407262	0.0403407
699	0.040724	0.0403385
700	0.0407208	0.0403362
701	0.0407194	0.0403341
702	0.0407169	0.0403319
703	0.0407144	0.0403298
704	0.0407126	0.0403276
705	0.0407103	0.0403253
706	0.0407079	0.0403231
707	0.040706	0.0403209
708	0.0407033	0.0403187
709	0.0407014	0.0403164
710	0.0406991	0.0403143
711	0.0406966	0.0403122
712	0.0406944	0.04031
713	0.0406929	0.0403077
714	0.0406904	0.0403055
715	0.0406882	0.0403033
716	0.0406858	0.0403012
717	0.0406838	0.0402991
718	0.0406816	0.0402968
719	0.04068	0.0402946
720	0.0406772	0.0402925
721	0.0406746	0.0402902
722	0.040673	0.0402881
723	0.0406714	0.040286
724	0.0406689	0.0402839
725	0.0406664	0.0402817
726	0.0406647	0.0402796
727	0.0406623	0.0402776
728	0.0406603	0.0402755
729	0.0406585	0.0402734
730	0.0406564	0.0402712
731	0.0406532	0.040269
732	0.0406518	0.0402669
733	0.0406504	0.0402648
734	0.0406479	0.0402627
735	0.0406455	0.0402606
736	0.0406435	0.0402587
737	0.0406416	0.0402565
738	0.0406392	0.0402544
739	0.040637	0.0402522
740	0.0406361	0.04025
741	0.0406335	0.040248
742	0.0406314	0.040246
743	0.0406288	0.040244
744	0.0406271	0.0402418
745	0.0406253	0.0402397
746	0.0406231	0.0402376
747	0.0406215	0.0402355
748	0.0406194	0.0402334
749	0.0406168	0.0402315
750	0.040615	0.0402296
751	0.0406128	0.0402278
752	0.0406107	0.0402257
753	0.0406086	0.0402238
754	0.0406062	0.0402217
755	0.0406047	0.0402197
756	0.0406026	0.0402178
757	0.0406011	0.0402158
758	0.0405986	0.0402139
759	0.0405969	0.0402119
760	0.0405942	0.0402099
761	0.0405929	0.0402079
762	0.0405906	0.0402059
763	0.0405889	0.0402039
764	0.040587	0.0402018
765	0.0405847	0.0401999
766	0.0405823	0.0401981
767	0.0405804	0.0401962
768	0.0405788	0.0401944
769	0.0405763	0.0401926
770	0.0405749	0.0401904
771	0.0405729	0.0401884
772	0.040571	0.0401863
773	0.0405689	0.0401843
774	0.0405669	0.0401824
775	0.0405648	0.0401804
776	0.0405627	0.0401785
777	0.0405612	0.0401766
778	0.0405591	0.0401747
779	0.0405574	0.0401728
780	0.0405554	0.0401709
781	0.0405537	0.0401689
782	0.0405515	0.0401669
783	0.0405494	0.040165
784	0.0405475	0.0401631
785	0.0405452	0.0401612
786	0.0405432	0.0401593
787	0.0405418	0.0401572
788	0.04054	0.0401553
789	0.0405378	0.0401535
790	0.0405358	0.0401516
791	0.0405345	0.0401497
792	0.0405322	0.0401479
793	0.0405304	0.040146
794	0.0405286	0.0401442
795	0.0405263	0.0401422
796	0.0405244	0.0401403
797	0.040523	0.0401385
798	0.0405212	0.0401367
799	0.040519	0.040135
800	0.0405171	0.0401331
801	0.0405161	0.0401313
802	0.0405135	0.0401295
803	0.0405116	0.0401277
804	0.0405097	0.0401259
805	0.0405087	0.0401241
806	0.0405067	0.0401223
807	0.0405039	0.0401204
808	0.0405023	0.0401186
809	0.0405004	0.0401168
810	0.040499	0.040115
811	0.0404964	0.0401132
812	0.0404952	0.0401113
813	0.0404936	0.0401094
814	0.0404916	0.0401077
815	0.0404898	0.0401058
816	0.0404875	0.040104
817	0.0404858	0.0401022
818	0.0404846	0.0401003
819	0.0404826	0.0400985
820	0.0404809	0.0400967
821	0.0404796	0.0400949
822	0.0404773	0.0400933
823	0.0404755	0.0400916
824	0.0404735	0.0400898
825	0.0404714	0.0400881
826	0.0404694	0.0400864
827	0.0404684	0.0400845
828	0.0404665	0.0400827
829	0.0404645	0.0400809
830	0.0404632	0.0400791
831	0.0404612	0.0400773
832	0.0404594	0.0400756
833	0.0404574	0.0400739
834	0.0404552	0.0400721
835	0.0404539	0.0400702
836	0.0404522	0.0400685
837	0.0404506	0.0400668
838	0.0404489	0.040065
839	0.0404473	0.0400634
840	0.040445	0.0400615
841	0.0404433	0.0400598
842	0.040442	0.0400582
843	0.0404403	0.0400565
844	0.0404381	0.0400545
845	0.0404363	0.0400529
846	0.0404344	0.0400511
847	0.040433	0.0400495
848	0.0404313	0.0400478
849	0.0404298	0.0400462
850	0.0404279	0.0400444
851	0.040426	0.0400427
852	0.0404246	0.040041
853	0.0404225	0.0400392
854	0.0404204	0.0400376
855	0.0404193	0.0400359
856	0.0404182	0.0400342
857	0.0404161	0.0400325
858	0.0404145	0.0400309
859	0.0404125	0.0400292
860	0.0404109	0.0400275
861	0.0404093	0.0400257
862	0.0404072	0.0400242
863	0.0404058	0.0400224
864	0.0404037	0.0400207
865	0.0404025	0.0400191
866	0.0404006	0.0400173
867	0.040399	0.0400156
868	0.0403975	0.0400139
869	0.040396	0.0400122
870	0.0403939	0.0400106
871	0.0403925	0.0400089
872	0.040391	0.0400072
873	0.0403887	0.0400055
874	0.0403873	0.0400037
875	0.0403855	0.0400021
876	0.0403841	0.0400005
877	0.0403822	0.0399989
878	0.0403812	0.0399972
879	0.0403788	0.0399955
880	0.0403771	0.0399939
881	0.0403759	0.0399923
882	0.0403743	0.0399907
883	0.0403724	0.039989
884	0.0403711	0.0399873
885	0.040369	0.0399858
886	0.0403674	0.039984
887	0.0403661	0.0399824
888	0.0403647	0.0399807
889	0.0403625	0.0399791
890	0.0403611	0.0399775
891	0.04036	0.0399759
892	0.0403578	0.0399744
893	0.0403563	0.0399727
894	0.0403543	0.0399712
895	0.0403533	0.0399695
896	0.0403513	0.0399679
897	0.0403496	0.0399663
898	0.0403478	0.0399648
899	0.0403465	0.0399633
900	0.0403452	0.0399617
901	0.040344	0.0399601
902	0.0403413	0.0399584
903	0.0403408	0.0399568
904	0.0403387	0.0399552
905	0.0403372	0.0399536
906	0.040335	0.039952
907	0.0403341	0.0399505
908	0.0403324	0.0399489
909	0.0403304	0.0399474
910	0.0403294	0.0399457
911	0.040327	0.0399441
912	0.0403257	0.0399426
913	0.0403242	0.039941
914	0.0403227	0.0399394
915	0.0403209	0.0399378
916	0.0403196	0.0399362
917	0.0403183	0.0399347
918	0.0403168	0.0399331
919	0.040315	0.0399316
920	0.0403129	0.03993
921	0.0403114	0.0399284
922	0.0403099	0.0399268
923	0.0403088	0.0399252
924	0.0403073	0.0399236
925	0.0403057	0.0399221
926	0.0403035	0.0399205
927	0.0403022	0.0399191
928	0.0403011	0.0399174
929	0.040299	0.0399159
930	0.0402977	0.0399143
931	0.0402965	0.0399127
932	0.0402944	0.0399112
933	0.0402935	0.0399096
934	0.0402914	0.0399082
935	0.04029	0.0399068
936	0.0402884	0.0399052
937	0.0402874	0.0399037
938	0.0402852	0.0399021
939	0.0402837	0.0399006
940	0.0402823	0.0398991
941	0.0402808	0.0398977
942	0.040279	0.0398962
943	0.0402775	0.0398949
944	0.0402755	0.0398933
945	0.0402738	0.0398918
946	0.0402727	0.0398902
947	0.0402711	0.0398888
948	0.0402703	0.0398873
949	0.0402686	0.0398857
950	0.0402673	0.0398842
951	0.040265	0.0398827
952	0.0402642	0.0398811
953	0.0402621	0.0398795
954	0.0402604	0.0398779
955	0.0402592	0.0398764
956	0.0402584	0.0398749
957	0.0402562	0.0398734
958	0.0402545	0.0398719
959	0.0402534	0.0398704
960	0.0402516	0.0398689
961	0.0402502	0.0398675
962	0.0402489	0.0398659
963	0.0402473	0.0398645
964	0.040246	0.039863
965	0.0402443	0.0398614
966	0.0402426	0.03986
967	0.040242	0.0398585
968	0.04024	0.0398571
969	0.0402388	0.0398556
970	0.0402372	0.0398541
971	0.040236	0.0398527
972	0.0402346	0.0398512
973	0.0402329	0.0398498
974	0.0402314	0.0398484
975	0.0402295	0.0398468
976	0.0402287	0.0398454
977	0.0402266	0.0398439
978	0.0402252	0.0398424
979	0.0402238	0.0398409
980	0.0402216	0.0398395
981	0.0402205	0.0398381
982	0.0402194	0.0398367
983	0.0402182	0.0398352
984	0.0402164	0.0398338
985	0.0402153	0.0398323
986	0.040214	0.039831
987	0.040212	0.0398296
988	0.0402111	0.0398283
989	0.0402089	0.0398268
990	0.040208	0.0398253
991	0.0402064	0.0398239
992	0.0402053	0.0398223
993	0.0402032	0.0398208
994	0.040202	0.0398193
995	0.0402006	0.0398178
996	0.0401993	0.0398163
997	0.040198	0.0398148
998	0.0401958	0.0398134
999	0.0401948	0.039812
1000	0.0401934	0.0398106
1001	0.0401924	0.0398093
1002	0.0401905	0.0398079
1003	0.0401893	0.0398064
1004	0.0401877	0.0398049
1005	0.0401862	0.0398035
1006	0.0401852	0.0398021
1007	0.040184	0.0398007
1008	0.0401823	0.0397994
1009	0.0401809	0.0397981
1010	0.0401793	0.0397967
1011	0.0401783	0.0397954
1012	0.0401759	0.039794
1013	0.0401753	0.0397928
1014	0.0401738	0.0397914
1015	0.0401723	0.0397899
1016	0.0401706	0.0397885
1017	0.0401697	0.0397871
1018	0.0401682	0.0397857
1019	0.0401663	0.0397843
1020	0.0401653	0.0397829
1021	0.040164	0.0397815
1022	0.0401623	0.0397801
1023	0.0401612	0.0397787
1024	0.0401599	0.0397773
1025	0.0401582	0.0397759
1026	0.0401574	0.0397745
1027	0.0401557	0.039773
1028	0.0401536	0.0397717
1029	0.0401526	0.0397703
1030	0.0401516	0.039769
1031	0.0401497	0.0397676
1032	0.0401486	0.0397663
1033	0.0401464	0.039765
1034	0.0401458	0.0397636
1035	0.0401447	0.0397621
1036	0.0401426	0.0397608
1037	0.0401415	0.0397593
1038	0.0401403	0.039758
1039	0.0401391	0.0397566
1040	0.0401373	0.0397552
1041	0.0401357	0.0397539
1042	0.0401347	0.0397525
1043	0.0401332	0.0397512
1044	0.040132	0.0397499
1045	0.0401308	0.0397484
1046	0.040129	0.0397471
1047	0.0401276	0.0397459
1048	0.0401264	0.0397446
1049	0.0401251	0.0397432
1050	0.0401244	0.0397419
1051	0.0401221	0.0397406
1052	0.0401213	0.0397394
1053	0.0401195	0.0397381
1054	0.0401177	0.0397367
1055	0.0401164	0.0397354
1056	0.0401159	0.039734
1057	0.0401145	0.0397327
1058	0.0401128	0.0397314
1059	0.0401121	0.0397302
1060	0.0401107	0.0397288
1061	0.0401084	0.0397275
1062	0.0401074	0.0397261
1063	0.0401067	0.0397248
1064	0.0401053	0.0397234
1065	0.0401036	0.039722
1066	0.0401021	0.0397207
1067	0.040101	0.0397195
1068	0.0400998	0.0397181
1069	0.0400978	0.0397168
1070	0.0400972	0.0397155
1071	0.040096	0.0397142
1072	0.0400941	0.0397129
1073	0.040093	0.0397116
1074	0.0400918	0.0397102
1075	0.0400901	0.0397089
1076	0.0400887	0.0397075
1077	0.0400875	0.0397062
1078	0.0400865	0.0397049
1079	0.0400851	0.0397036
1080	0.0400837	0.0397022
1081	0.0400821	0.0397009
1082	0.0400806	0.0396996
1083	0.0400795	0.0396983
1084	0.0400783	0.0396969
1085	0.0400774	0.0396957
1086	0.0400759	0.0396944
1087	0.0400745	0.039693
1088	0.0400733	0.0396917
1089	0.0400717	0.0396904
1090	0.0400703	0.0396892
1091	0.0400691	0.0396879
1092	0.0400677	0.0396866
1093	0.0400664	0.0396853
1094	0.0400655	0.039684
1095	0.0400644	0.0396827
1096	0.0400629	0.0396814
1097	0.040062	0.0396801
1098	0.0400602	0.0396787
1099	0.040059	0.0396776
1100	0.0400578	0.0396762
1101	0.0400568	0.0396749
1102	0.0400559	0.0396736
1103	0.0400542	0.0396723
1104	0.0400529	0.039671
1105	0.0400505	0.0396697
1106	0.0400503	0.0396684
1107	0.0400488	0.0396671
1108	0.0400474	0.0396658
1109	0.0400463	0.0396645
1110	0.0400451	0.0396632
1111	0.0400434	0.0396619
1112	0.0400419	0.0396605
1113	0.0400409	0.0396592
1114	0.040039	0.039658
1115	0.0400381	0.0396567
1116	0.0400372	0.0396554
1117	0.0400361	0.0396541
1118	0.0400344	0.0396529
1119	0.0400329	0.0396516
1120	0.0400318	0.0396503
1121	0.0400305	0.0396492
1122	0.0400288	0.039648
1123	0.0400275	0.0396467
1124	0.0400269	0.0396454
1125	0.0400254	0.0396441
1126	0.0400241	0.0396428
1127	0.0400228	0.0396415
1128	0.0400214	0.0396403
1129	0.0400204	0.039639
1130	0.0400192	0.0396378
1131	0.0400177	0.0396365
1132	0.0400165	0.0396352
1133	0.0400155	0.0396339
1134	0.0400142	0.0396327
1135	0.040013	0.0396314
1136	0.0400118	0.0396302
1137	0.0400102	0.039629
1138	0.0400091	0.0396277
1139	0.0400079	0.0396265
1140	0.0400062	0.0396253
1141	0.0400045	0.0396241
1142	0.0400036	0.0396228
1143	0.0400026	0.0396216
1144	0.0400013	0.0396204
1145	0.0399999	0.0396192
