1	0.247257	0.239
2	0.239745	0.232033
3	0.232788	0.225546
4	0.226303	0.2195
5	0.22026	0.213874
6	0.214633	0.208579
7	0.209336	0.203602
8	0.204359	0.198928
9	0.199682	0.194522
10	0.195273	0.190394
11	0.19114	0.186509
12	0.187254	0.182841
13	0.183582	0.179373
14	0.180112	0.176056
15	0.176791	0.172895
16	0.173627	0.169864
17	0.17059	0.166978
18	0.1677	0.164216
19	0.164934	0.161559
20	0.162272	0.158995
21	0.159702	0.156517
22	0.157218	0.154119
23	0.15481	0.151785
24	0.152469	0.149516
25	0.150192	0.147316
26	0.14798	0.145172
27	0.145828	0.143089
28	0.143732	0.141052
29	0.141684	0.139062
30	0.139682	0.137113
31	0.137721	0.135203
32	0.135798	0.133329
33	0.133911	0.131488
34	0.132056	0.12968
35	0.130235	0.1279
36	0.128443	0.12615
37	0.126678	0.124425
38	0.124939	0.122724
39	0.123226	0.121048
40	0.121535	0.119396
41	0.11987	0.117767
42	0.118227	0.116163
43	0.116607	0.11458
44	0.115011	0.113017
45	0.113434	0.111476
46	0.111879	0.109953
47	0.110343	0.108451
48	0.108826	0.106969
49	0.107331	0.105507
50	0.105855	0.104065
51	0.104399	0.102643
52	0.102964	0.101242
53	0.10155	0.099861
54	0.100156	0.0984994
55	0.098781	0.0971571
56	0.0974257	0.0958331
57	0.0960891	0.0945283
58	0.0947722	0.0932427
59	0.093474	0.0919757
60	0.0921951	0.0907274
61	0.0909355	0.0894982
62	0.0896949	0.0882883
63	0.0884731	0.0870974
64	0.0872714	0.085926
65	0.0860893	0.0847739
66	0.0849265	0.0836411
67	0.0837834	0.0825277
68	0.0826588	0.0814331
69	0.0815546	0.0803609
70	0.0804718	0.0793074
71	0.0794089	0.0782745
72	0.0783661	0.0772602
73	0.0773422	0.0762648
74	0.0763374	0.0752875
75	0.0753513	0.0743281
76	0.074383	0.0733873
77	0.0734342	0.072464
78	0.0725022	0.0715586
79	0.0715886	0.0706707
80	0.0706927	0.0698015
81	0.0698158	0.0689494
82	0.0689565	0.0681144
83	0.0681134	0.0672967
84	0.0672893	0.0664964
85	0.066482	0.0657125
86	0.0656914	0.0649445
87	0.0649171	0.0641923
88	0.0641583	0.0634556
89	0.0634152	0.0627341
90	0.0626878	0.0620274
91	0.0619757	0.0613353
92	0.0612782	0.0606579
93	0.0605954	0.0599946
94	0.059927	0.0593454
95	0.0592725	0.0587097
96	0.0586323	0.0580874
97	0.0580054	0.0574784
98	0.0573918	0.056882
99	0.0567915	0.0562988
100	0.0562038	0.0557272
101	0.0556287	0.0551686
102	0.0550657	0.0546212
103	0.054515	0.0540859
104	0.053976	0.0535628
105	0.0534493	0.0530507
106	0.052934	0.0525501
107	0.0524302	0.0520599
108	0.0519367	0.0515801
109	0.0514541	0.0511106
110	0.0509819	0.0506514
111	0.0505197	0.0502018
112	0.0500675	0.0497619
113	0.0496251	0.0493311
114	0.049192	0.0489099
115	0.0487684	0.0484973
116	0.0483538	0.0480936
117	0.0479478	0.0476984
118	0.0475508	0.0473119
119	0.0471619	0.0469333
120	0.0467816	0.0465625
121	0.0464093	0.0462
122	0.0460446	0.0458448
123	0.045688	0.045497
124	0.0453388	0.045157
125	0.044997	0.0448236
126	0.0446622	0.0444972
127	0.0443345	0.0441775
128	0.0440138	0.0438647
129	0.0436997	0.0435582
130	0.043392	0.0432582
131	0.0430909	0.0429644
132	0.042796	0.0426763
133	0.0425071	0.0423943
134	0.0422242	0.0421184
135	0.041947	0.0418476
136	0.0416756	0.0415825
137	0.0414098	0.0413229
138	0.0411492	0.0410684
139	0.0408938	0.040819
140	0.0406438	0.0405746
141	0.040399	0.0403352
142	0.0401589	0.0401005
143	0.0399236	0.0398704
144	0.0396929	0.0396448
145	0.0394669	0.039424
146	0.0392456	0.0392072
147	0.0390282	0.0389948
148	0.0388154	0.0387864
149	0.0386069	0.0385824
150	0.0384021	0.038382
151	0.0382017	0.0381855
152	0.0380047	0.037993
153	0.0378118	0.0378042
154	0.0376227	0.0376188
155	0.0374371	0.037437
156	0.037255	0.0372586
157	0.0370765	0.0370837
158	0.0369012	0.0369119
159	0.0367292	0.0367434
160	0.0365607	0.0365783
161	0.0363951	0.0364159
162	0.0362328	0.0362566
163	0.0360734	0.0361004
164	0.035917	0.0359471
165	0.0357633	0.0357963
166	0.0356127	0.0356485
167	0.0354647	0.0355033
168	0.0353195	0.0353607
169	0.0351768	0.0352208
170	0.0350367	0.0350831
171	0.0348991	0.0349482
172	0.0347641	0.0348156
173	0.0346314	0.0346853
174	0.0345012	0.0345573
175	0.0343732	0.0344317
176	0.0342475	0.034308
177	0.0341238	0.0341866
178	0.0340023	0.0340674
179	0.0338832	0.0339502
180	0.0337659	0.033835
181	0.0336507	0.0337217
182	0.0335374	0.0336105
183	0.0334263	0.0335009
184	0.0333168	0.0333933
185	0.0332092	0.0332876
186	0.0331035	0.0331838
187	0.0329996	0.0330815
188	0.0328974	0.0329809
189	0.0327969	0.0328821
190	0.0326981	0.0327849
191	0.0326009	0.0326892
192	0.0325051	0.032595
193	0.0324112	0.0325026
194	0.0323186	0.0324114
195	0.0322275	0.0323218
196	0.0321382	0.0322336
197	0.03205	0.0321468
198	0.0319632	0.0320615
199	0.0318779	0.0319774
200	0.0317939	0.0318946
201	0.0317114	0.0318133
202	0.03163	0.0317333
203	0.0315501	0.0316544
204	0.0314711	0.0315766
205	0.0313934	0.0315002
206	0.031317	0.0314249
207	0.0312418	0.0313507
208	0.0311677	0.0312778
209	0.0310948	0.031206
210	0.031023	0.0311351
211	0.0309522	0.0310653
212	0.0308827	0.0309967
213	0.030814	0.0309291
214	0.0307464	0.0308624
215	0.0306797	0.0307966
216	0.0306141	0.0307319
217	0.0305493	0.0306681
218	0.0304857	0.0306054
219	0.0304229	0.0305435
220	0.0303609	0.0304822
221	0.0303	0.0304222
222	0.03024	0.0303629
223	0.0301806	0.0303042
224	0.0301223	0.0302468
225	0.0300647	0.0301899
226	0.030008	0.030134
227	0.0299519	0.0300787
