1	0.232984	0.216689
2	0.22201	0.206605
3	0.211639	0.197161
4	0.201931	0.188418
5	0.192947	0.180371
6	0.18468	0.173012
7	0.177124	0.16635
8	0.170287	0.160281
9	0.16406	0.154781
10	0.158422	0.149732
11	0.153246	0.145083
12	0.148483	0.140769
13	0.144065	0.136766
14	0.139966	0.133019
15	0.136131	0.129505
16	0.132535	0.126206
17	0.129159	0.123102
18	0.125984	0.120171
19	0.122988	0.117403
20	0.120158	0.114772
21	0.117469	0.112278
22	0.114921	0.109908
23	0.112499	0.107643
24	0.110187	0.105475
25	0.107973	0.103394
26	0.105848	0.101397
27	0.10381	0.0994765
28	0.101849	0.0976336
29	0.099968	0.0958614
30	0.0981588	0.0941547
31	0.096418	0.0925154
32	0.094745	0.0909353
33	0.0931332	0.0894103
34	0.0915772	0.0879371
35	0.0900751	0.0865141
36	0.0886232	0.0851384
37	0.0872205	0.0838081
38	0.0858636	0.0825194
39	0.0845491	0.0812724
40	0.0832777	0.0800635
41	0.0820446	0.0788915
42	0.0808498	0.077754
43	0.0796903	0.0766499
44	0.0785643	0.0755771
45	0.0774703	0.0745349
46	0.0764075	0.0735212
47	0.0753744	0.0725378
48	0.0743712	0.0715809
49	0.0733955	0.0706496
50	0.0724461	0.0697436
51	0.0715226	0.0688615
52	0.0706229	0.0680023
53	0.069747	0.0671657
54	0.0688938	0.0663507
55	0.0680632	0.0655566
56	0.0672535	0.0647823
57	0.0664641	0.0640275
58	0.0656945	0.0632914
59	0.0649439	0.0625736
60	0.0642121	0.0618733
61	0.0634981	0.0611899
62	0.0628012	0.060523
63	0.0621214	0.0598728
64	0.0614587	0.0592384
65	0.0608117	0.0586184
66	0.0601801	0.058013
67	0.0595629	0.0574219
68	0.0589605	0.0568445
69	0.0583721	0.0562801
70	0.0577966	0.0557285
71	0.0572348	0.0551897
72	0.0566852	0.0546625
73	0.0561481	0.0541475
74	0.0556231	0.0536435
75	0.0551097	0.0531509
76	0.0546077	0.0526692
77	0.0541166	0.0521978
78	0.0536362	0.0517366
79	0.0531664	0.0512855
80	0.0527064	0.0508438
81	0.0522563	0.0504116
82	0.051816	0.0499886
83	0.051385	0.0495745
84	0.0509633	0.0491694
85	0.05055	0.048772
86	0.0501456	0.0483833
87	0.0497497	0.0480028
88	0.0493618	0.0476298
89	0.0489819	0.0472645
90	0.0486098	0.0469068
91	0.0482452	0.0465561
92	0.0478881	0.0462125
93	0.0475382	0.045876
94	0.0471952	0.0455458
95	0.0468592	0.0452227
96	0.0465298	0.0449058
97	0.0462072	0.0445948
98	0.0458907	0.0442904
99	0.0455801	0.0439916
100	0.0452762	0.0436987
101	0.0449779	0.0434116
102	0.0446853	0.0431299
103	0.0443982	0.0428535
104	0.0441169	0.0425826
105	0.0438407	0.0423168
106	0.0435702	0.0420559
107	0.0433044	0.0417998
108	0.0430438	0.0415487
109	0.0427881	0.0413023
110	0.0425369	0.0410605
111	0.0422907	0.0408232
112	0.0420492	0.0405901
113	0.0418118	0.0403613
114	0.0415788	0.0401369
115	0.0413503	0.0399164
116	0.0411257	0.0397001
117	0.0409054	0.0394873
118	0.0406888	0.0392786
119	0.0404763	0.0390737
120	0.0402677	0.0388724
121	0.0400626	0.0386746
122	0.0398612	0.0384804
123	0.0396632	0.0382896
124	0.0394689	0.0381018
125	0.039278	0.0379178
126	0.0390904	0.0377365
127	0.0389059	0.0375589
128	0.038725	0.0373841
129	0.0385469	0.0372123
130	0.038372	0.0370432
131	0.0381998	0.0368773
132	0.0380307	0.0367142
133	0.0378645	0.0365537
134	0.0377012	0.0363961
135	0.0375405	0.0362409
136	0.0373826	0.0360886
137	0.0372272	0.0359384
138	0.0370743	0.0357909
139	0.0369242	0.0356459
140	0.0367764	0.0355032
141	0.036631	0.0353629
142	0.036488	0.0352248
143	0.0363476	0.0350889
144	0.0362091	0.0349554
145	0.0360731	0.0348239
146	0.0359389	0.0346946
147	0.035807	0.0345671
148	0.0356775	0.0344419
149	0.0355497	0.0343185
150	0.0354239	0.0341973
151	0.0353004	0.0340777
152	0.0351787	0.03396
153	0.0350587	0.0338442
154	0.0349406	0.0337303
155	0.0348246	0.0336181
156	0.0347101	0.0335075
157	0.0345975	0.0333988
158	0.0344864	0.0332914
159	0.0343773	0.0331861
160	0.0342697	0.0330822
161	0.0341637	0.0329797
162	0.0340594	0.032879
163	0.0339564	0.0327796
164	0.0338551	0.0326818
165	0.0337553	0.0325854
166	0.0336571	0.0324904
167	0.0335602	0.0323968
168	0.0334645	0.0323045
169	0.0333707	0.0322136
170	0.0332778	0.0321241
171	0.0331864	0.0320358
172	0.0330964	0.0319487
173	0.0330077	0.0318631
174	0.0329201	0.0317784
175	0.032834	0.031695
176	0.0327487	0.0316129
177	0.032665	0.0315319
178	0.0325823	0.0314519
179	0.0325008	0.0313733
180	0.0324205	0.0312957
181	0.0323412	0.0312192
182	0.0322629	0.0311436
183	0.0321857	0.0310691
184	0.0321096	0.0309957
185	0.0320345	0.030923
186	0.0319606	0.0308517
187	0.0318876	0.0307812
188	0.0318156	0.0307117
189	0.0317446	0.0306431
190	0.0316746	0.0305754
191	0.0316053	0.0305085
192	0.0315371	0.0304427
193	0.0314696	0.0303775
194	0.0314032	0.0303132
195	0.0313376	0.0302498
196	0.0312728	0.0301874
197	0.0312088	0.0301256
198	0.0311457	0.0300647
199	0.0310835	0.0300046
200	0.0310219	0.0299453
201	0.0309612	0.0298867
202	0.0309013	0.0298287
203	0.0308421	0.0297716
204	0.0307838	0.0297151
205	0.0307259	0.0296596
206	0.030669	0.0296046
207	0.0306128	0.02955
208	0.0305572	0.0294966
209	0.0305023	0.0294436
210	0.0304481	0.0293914
211	0.0303944	0.0293396
212	0.0303416	0.0292886
213	0.0302894	0.029238
214	0.0302377	0.0291884
215	0.0301866	0.0291393
216	0.0301364	0.0290905
217	0.0300866	0.0290424
218	0.0300374	0.028995
219	0.0299888	0.0289479
