1	0.195689	0.297708
2	0.18866	0.288592
3	0.181385	0.280097
4	0.174931	0.271439
5	0.168482	0.26305
6	0.162431	0.254521
7	0.156412	0.24628
8	0.150743	0.238044
9	0.145209	0.229817
10	0.139813	0.221655
11	0.134591	0.214617
12	0.130245	0.207797
13	0.126124	0.201203
14	0.122221	0.194861
15	0.11854	0.188794
16	0.115087	0.184083
17	0.112358	0.180331
18	0.110181	0.1768
19	0.108143	0.173449
20	0.106217	0.170257
21	0.10439	0.167212
22	0.102652	0.164301
23	0.100995	0.161515
24	0.0994105	0.158847
25	0.0978936	0.156289
26	0.0964383	0.153833
27	0.0950398	0.151473
28	0.0936935	0.149203
29	0.0923953	0.147018
30	0.0911416	0.144912
31	0.0899291	0.143377
32	0.0889043	0.1419
33	0.0879089	0.140467
34	0.0869383	0.139072
35	0.0859906	0.137712
36	0.0850642	0.136383
37	0.084158	0.135084
38	0.083271	0.133812
39	0.0824027	0.132567
40	0.0815523	0.131347
41	0.0807192	0.130151
42	0.0799029	0.128979
43	0.079103	0.127829
44	0.0783189	0.1267
45	0.0775504	0.125593
46	0.076797	0.124507
47	0.0760582	0.12344
48	0.0753339	0.122393
49	0.0746237	0.121364
50	0.0739272	0.120355
51	0.0732441	0.119363
52	0.0725742	0.118389
53	0.0719171	0.117433
54	0.0712726	0.116494
55	0.0706405	0.115571
56	0.0700204	0.114665
57	0.069412	0.113775
58	0.0688153	0.112901
59	0.0682298	0.112042
60	0.0676554	0.111198
61	0.0670919	0.110369
62	0.066539	0.109555
63	0.0659965	0.108755
64	0.0654642	0.10797
65	0.0649418	0.107198
66	0.0644292	0.10644
67	0.0639262	0.105695
68	0.0634326	0.104963
69	0.0629481	0.104244
70	0.0624726	0.103538
71	0.0620059	0.102844
72	0.0615478	0.102163
73	0.0610982	0.101493
74	0.0606569	0.100835
75	0.0602236	0.100189
76	0.0597982	0.0995534
77	0.0593806	0.0989294
78	0.0589707	0.0983162
79	0.0585681	0.0977138
80	0.0581729	0.0971218
81	0.0577848	0.0965401
82	0.0574036	0.0959685
83	0.0570294	0.0954068
84	0.0566618	0.0948548
85	0.0563008	0.0943123
86	0.0559463	0.0937791
87	0.055598	0.0932551
88	0.055256	0.09274
89	0.0549199	0.0922338
90	0.0545898	0.0917362
91	0.0542655	0.091247
92	0.0539469	0.0907661
93	0.0536339	0.0902934
94	0.0533263	0.0898286
95	0.053024	0.0893716
96	0.052727	0.0889223
97	0.0524351	0.0884806
98	0.0521482	0.0880461
99	0.0518663	0.0876189
100	0.0515891	0.0871988
101	0.0513167	0.0867856
102	0.0510489	0.0863792
103	0.0507857	0.0859795
104	0.0505269	0.0855863
105	0.0502725	0.0851994
106	0.0500223	0.0848189
107	0.0497764	0.0844446
108	0.0495345	0.0840762
109	0.0492967	0.0837138
110	0.0490627	0.0833572
111	0.0488327	0.0830062
112	0.0486064	0.0826608
113	0.0483839	0.0823209
114	0.048165	0.0819863
115	0.0479497	0.081657
116	0.0477378	0.0813329
117	0.0475294	0.0810137
118	0.0473244	0.0806995
119	0.0471226	0.0803902
120	0.0469241	0.0800856
121	0.0467287	0.0797857
122	0.0465365	0.0794904
123	0.0463473	0.0791996
124	0.0461611	0.0789131
125	0.0459779	0.078631
126	0.0457975	0.078353
127	0.0456199	0.0780793
128	0.0454451	0.0778096
129	0.0452731	0.0775439
130	0.0451037	0.0772821
131	0.0449369	0.0770242
132	0.0447727	0.07677
133	0.044611	0.0765195
134	0.0444517	0.0762727
135	0.0442949	0.0760294
136	0.0441405	0.0757896
137	0.0439884	0.0755533
138	0.0438386	0.0753203
139	0.0436911	0.0750906
140	0.0435457	0.0748642
141	0.0434026	0.0746409
142	0.0432615	0.0744207
143	0.0431226	0.0742036
144	0.0429857	0.0739895
145	0.0428508	0.0737784
146	0.0427179	0.0735702
147	0.0425869	0.0733648
148	0.0424578	0.0731622
149	0.0423306	0.0729624
150	0.0422053	0.0727653
151	0.0420817	0.0725708
152	0.04196	0.0723789
153	0.0418399	0.0721896
154	0.0417216	0.0720028
155	0.0416049	0.0718184
156	0.04149	0.0716365
157	0.0413766	0.0714569
158	0.0412648	0.0712797
159	0.0411546	0.0711048
160	0.0410459	0.0709321
161	0.0409388	0.0707616
162	0.0408331	0.0705933
163	0.0407289	0.0704272
164	0.0406261	0.0702632
165	0.0405247	0.0701012
166	0.0404247	0.0699413
167	0.0403261	0.0697834
168	0.0402288	0.0696274
169	0.0401328	0.0694734
170	0.0400381	0.0693212
171	0.0399447	0.069171
172	0.0398526	0.0690226
173	0.0397616	0.0688759
174	0.0396719	0.0687311
175	0.0395834	0.068588
176	0.039496	0.0684466
177	0.0394098	0.0683069
178	0.0393247	0.0681689
179	0.0392407	0.0680325
180	0.0391578	0.0678977
181	0.039076	0.0677645
182	0.0389952	0.0676329
183	0.0389155	0.0675028
184	0.0388368	0.0673742
185	0.0387591	0.0672471
186	0.0386824	0.0671214
187	0.0386067	0.0669972
188	0.0385319	0.0668744
189	0.0384581	0.066753
190	0.0383852	0.066633
191	0.0383132	0.0665142
192	0.0382421	0.0663969
193	0.0381719	0.0662808
194	0.0381025	0.0661661
195	0.0380341	0.0660526
196	0.0379664	0.0659403
197	0.0378996	0.0658293
198	0.0378336	0.0657195
199	0.0377684	0.0656109
200	0.037704	0.0655034
201	0.0376404	0.0653972
202	0.0375775	0.065292
203	0.0375154	0.065188
204	0.0374541	0.0650851
205	0.0373935	0.0649833
206	0.0373335	0.0648825
207	0.0372743	0.0647828
208	0.0372158	0.0646842
209	0.037158	0.0645865
210	0.0371009	0.06449
211	0.0370444	0.0643944
212	0.0369886	0.0642997
213	0.0369335	0.0642061
214	0.0368789	0.0641134
215	0.036825	0.0640216
216	0.0367717	0.0639308
217	0.0367191	0.0638408
218	0.036667	0.0637518
219	0.0366155	0.0636637
220	0.0365646	0.0635764
221	0.0365143	0.0634901
222	0.0364646	0.0634046
223	0.0364154	0.0633199
224	0.0363667	0.063236
225	0.0363186	0.0631529
226	0.036271	0.0630707
227	0.036224	0.0629893
228	0.0361775	0.0629086
229	0.0361315	0.0628287
230	0.0360859	0.0627496
231	0.0360409	0.0626713
232	0.0359964	0.0625936
233	0.0359524	0.0625167
234	0.0359088	0.0624406
235	0.0358657	0.0623651
236	0.0358231	0.0622904
237	0.0357809	0.0622164
238	0.0357392	0.062143
239	0.0356979	0.0620703
240	0.035657	0.0619983
241	0.0356166	0.0619269
242	0.0355766	0.0618562
243	0.035537	0.0617862
244	0.0354979	0.0617168
245	0.0354591	0.061648
246	0.0354208	0.0615798
247	0.0353828	0.0615122
248	0.0353453	0.0614452
249	0.0353081	0.0613788
250	0.0352713	0.0613131
251	0.0352349	0.0612478
252	0.0351988	0.0611832
253	0.0351631	0.0611192
254	0.0351278	0.0610556
255	0.0350929	0.0609927
256	0.0350582	0.0609303
257	0.035024	0.0608684
258	0.0349901	0.0608071
259	0.0349565	0.0607462
260	0.0349232	0.0606859
261	0.0348903	0.0606262
262	0.0348577	0.0605669
263	0.0348254	0.0605081
264	0.0347934	0.0604498
265	0.0347618	0.060392
266	0.0347304	0.0603347
267	0.0346994	0.0602779
268	0.0346687	0.0602215
269	0.0346382	0.0601656
270	0.0346081	0.0601101
271	0.0345782	0.0600552
272	0.0345486	0.0600006
273	0.0345193	0.0599465
274	0.0344903	0.0598929
275	0.0344616	0.0598396
276	0.0344331	0.0597869
277	0.0344049	0.0597345
278	0.034377	0.0596826
279	0.0343493	0.059631
280	0.0343219	0.0595799
281	0.0342947	0.0595292
282	0.0342678	0.0594788
283	0.0342411	0.0594289
284	0.0342147	0.0593794
285	0.0341885	0.0593302
286	0.0341625	0.0592815
287	0.0341369	0.0592331
288	0.0341114	0.0591851
289	0.0340861	0.0591374
290	0.0340611	0.0590901
291	0.0340363	0.0590432
292	0.0340117	0.0589966
293	0.0339874	0.0589504
294	0.0339633	0.0589046
295	0.0339394	0.0588591
296	0.0339156	0.0588139
297	0.0338921	0.0587691
298	0.0338689	0.0587246
299	0.0338458	0.0586804
300	0.0338229	0.0586366
301	0.0338002	0.0585931
302	0.0337777	0.0585499
303	0.0337554	0.058507
304	0.0337333	0.0584644
305	0.0337114	0.0584222
306	0.0336897	0.0583803
307	0.0336681	0.0583386
308	0.0336468	0.0582973
309	0.0336256	0.0582563
310	0.0336046	0.0582156
311	0.0335838	0.0581751
312	0.0335632	0.0581349
313	0.0335427	0.0580951
314	0.0335224	0.0580554
315	0.0335023	0.0580161
316	0.0334824	0.0579771
317	0.0334626	0.0579384
318	0.0334429	0.0578998
319	0.0334235	0.0578616
320	0.0334042	0.0578237
321	0.033385	0.057786
322	0.033366	0.0577485
323	0.0333472	0.0577114
324	0.0333285	0.0576745
325	0.03331	0.0576378
326	0.0332916	0.0576014
327	0.0332733	0.0575652
328	0.0332553	0.0575293
329	0.0332373	0.0574936
330	0.0332195	0.0574582
331	0.0332019	0.057423
332	0.0331843	0.0573881
333	0.0331669	0.0573533
334	0.0331497	0.0573188
335	0.0331326	0.0572845
336	0.0331156	0.0572505
337	0.0330988	0.0572167
338	0.0330821	0.0571831
339	0.0330655	0.0571497
340	0.0330491	0.0571166
341	0.0330327	0.0570836
342	0.0330165	0.0570509
343	0.0330005	0.0570184
344	0.0329845	0.0569861
345	0.0329687	0.056954
346	0.032953	0.0569221
347	0.0329374	0.0568904
348	0.0329219	0.0568589
349	0.0329065	0.0568277
350	0.0328913	0.0567966
351	0.0328762	0.0567657
352	0.0328612	0.056735
353	0.0328463	0.0567045
354	0.0328315	0.0566742
355	0.0328168	0.0566441
356	0.0328022	0.0566141
357	0.0327877	0.0565844
358	0.0327734	0.0565549
359	0.0327591	0.0565255
360	0.032745	0.0564963
361	0.0327309	0.0564673
362	0.032717	0.0564384
363	0.0327031	0.0564098
364	0.0326894	0.0563813
365	0.0326757	0.056353
366	0.0326622	0.0563249
367	0.0326487	0.0562969
368	0.0326354	0.0562691
369	0.0326221	0.0562414
370	0.032609	0.056214
371	0.0325959	0.0561867
372	0.0325829	0.0561596
373	0.03257	0.0561326
374	0.0325572	0.0561058
375	0.0325445	0.0560791
376	0.0325319	0.0560526
377	0.0325193	0.0560262
378	0.0325069	0.056
379	0.0324945	0.055974
380	0.0324822	0.0559481
381	0.03247	0.0559224
382	0.0324579	0.0558968
383	0.0324459	0.0558714
384	0.0324339	0.055846
385	0.0324221	0.0558209
386	0.0324103	0.0557959
387	0.0323986	0.055771
388	0.0323869	0.0557463
389	0.0323754	0.0557217
390	0.0323639	0.0556973
391	0.0323525	0.055673
392	0.0323412	0.0556488
393	0.03233	0.0556248
394	0.0323188	0.0556009
395	0.0323077	0.0555771
396	0.0322967	0.0555535
397	0.0322857	0.05553
398	0.0322748	0.0555067
399	0.032264	0.0554834
400	0.0322533	0.0554603
401	0.0322426	0.0554373
402	0.032232	0.0554145
403	0.0322214	0.0553917
404	0.032211	0.0553691
405	0.0322005	0.0553466
406	0.0321902	0.0553243
407	0.0321799	0.055302
408	0.0321697	0.0552799
409	0.0321596	0.0552579
410	0.0321495	0.055236
411	0.0321395	0.0552143
412	0.0321295	0.0551926
413	0.0321197	0.0551711
414	0.0321098	0.0551497
415	0.0321001	0.0551284
416	0.0320904	0.0551072
417	0.0320807	0.0550861
418	0.0320711	0.0550651
419	0.0320616	0.0550443
420	0.0320521	0.0550235
421	0.0320427	0.0550029
422	0.0320333	0.0549823
423	0.032024	0.0549619
424	0.0320148	0.0549416
425	0.0320056	0.0549214
426	0.0319965	0.0549013
427	0.0319874	0.0548813
428	0.0319784	0.0548613
429	0.0319694	0.0548415
430	0.0319605	0.0548218
431	0.0319516	0.0548022
432	0.0319428	0.0547827
433	0.031934	0.0547633
434	0.0319253	0.054744
435	0.0319167	0.0547248
436	0.0319081	0.0547057
437	0.0318995	0.0546867
438	0.031891	0.0546678
439	0.0318825	0.0546489
440	0.0318741	0.0546302
441	0.0318657	0.0546115
442	0.0318574	0.054593
443	0.0318492	0.0545745
444	0.031841	0.0545562
445	0.0318328	0.0545379
446	0.0318246	0.0545197
447	0.0318166	0.0545016
448	0.0318085	0.0544836
449	0.0318005	0.0544657
450	0.0317926	0.0544478
451	0.0317847	0.0544301
452	0.0317768	0.0544124
453	0.031769	0.0543948
454	0.0317612	0.0543774
455	0.0317535	0.05436
456	0.0317458	0.0543426
457	0.0317382	0.0543254
458	0.0317306	0.0543082
459	0.031723	0.0542911
460	0.0317155	0.0542741
461	0.031708	0.0542572
462	0.0317006	0.0542404
463	0.0316931	0.0542236
464	0.0316858	0.0542069
465	0.0316785	0.0541903
466	0.0316712	0.0541738
467	0.0316639	0.0541574
468	0.0316567	0.054141
469	0.0316496	0.0541247
470	0.0316424	0.0541085
471	0.0316353	0.0540923
472	0.0316283	0.0540763
473	0.0316213	0.0540603
474	0.0316143	0.0540443
475	0.0316073	0.0540285
476	0.0316004	0.0540127
477	0.0315935	0.053997
478	0.0315867	0.0539814
479	0.0315799	0.0539658
480	0.0315731	0.0539503
481	0.0315664	0.0539349
482	0.0315597	0.0539195
483	0.031553	0.0539042
484	0.0315464	0.053889
485	0.0315398	0.0538739
486	0.0315332	0.0538588
487	0.0315267	0.0538437
488	0.0315202	0.0538288
489	0.0315137	0.0538139
490	0.0315073	0.0537991
491	0.0315009	0.0537843
492	0.0314945	0.0537696
493	0.0314882	0.053755
494	0.0314818	0.0537405
495	0.0314756	0.0537259
496	0.0314693	0.0537115
497	0.0314631	0.0536971
498	0.0314569	0.0536828
499	0.0314507	0.0536686
500	0.0314446	0.0536544
501	0.0314385	0.0536402
502	0.0314324	0.0536262
503	0.0314264	0.0536122
504	0.0314204	0.0535983
505	0.0314144	0.0535844
506	0.0314084	0.0535705
507	0.0314025	0.0535567
508	0.0313966	0.053543
509	0.0313907	0.0535294
510	0.0313849	0.0535158
511	0.031379	0.0535023
512	0.0313733	0.0534888
513	0.0313675	0.0534754
514	0.0313617	0.053462
515	0.031356	0.0534487
516	0.0313504	0.0534354
517	0.0313447	0.0534222
518	0.031339	0.0534091
519	0.0313334	0.0533959
520	0.0313279	0.0533829
521	0.0313223	0.0533699
522	0.0313168	0.053357
523	0.0313113	0.0533441
524	0.0313058	0.0533313
525	0.0313003	0.0533185
526	0.0312949	0.0533057
527	0.0312895	0.0532931
528	0.0312841	0.0532804
529	0.0312787	0.0532679
530	0.0312734	0.0532554
531	0.031268	0.0532429
532	0.0312627	0.0532305
533	0.0312575	0.0532181
534	0.0312522	0.0532058
535	0.031247	0.0531935
536	0.0312418	0.0531813
537	0.0312366	0.0531691
538	0.0312315	0.053157
539	0.0312263	0.0531449
540	0.0312212	0.0531329
541	0.0312161	0.0531209
542	0.031211	0.0531089
543	0.031206	0.053097
544	0.0312009	0.0530852
545	0.0311959	0.0530734
546	0.031191	0.0530616
547	0.031186	0.0530499
548	0.0311811	0.0530382
549	0.0311761	0.0530266
550	0.0311712	0.053015
551	0.0311663	0.0530035
552	0.0311615	0.052992
553	0.0311566	0.0529806
554	0.0311518	0.0529692
555	0.031147	0.0529578
556	0.0311422	0.0529465
557	0.0311374	0.0529353
558	0.0311327	0.052924
559	0.031128	0.0529128
560	0.0311233	0.0529017
561	0.0311186	0.0528906
562	0.0311139	0.0528795
563	0.0311092	0.0528685
564	0.0311046	0.0528575
565	0.0311	0.0528466
566	0.0310954	0.0528357
567	0.0310908	0.0528248
568	0.0310862	0.052814
569	0.0310817	0.0528032
570	0.0310772	0.0527925
571	0.0310726	0.0527818
572	0.0310682	0.0527711
573	0.0310637	0.0527605
574	0.0310592	0.0527499
575	0.0310548	0.0527394
576	0.0310504	0.0527289
577	0.031046	0.0527184
578	0.0310416	0.052708
579	0.0310372	0.0526976
580	0.0310328	0.0526872
581	0.0310285	0.0526769
582	0.0310242	0.0526667
583	0.0310199	0.0526564
584	0.0310156	0.0526462
585	0.0310113	0.052636
586	0.031007	0.0526259
587	0.0310028	0.0526158
588	0.0309986	0.0526057
589	0.0309943	0.0525957
590	0.0309901	0.0525857
591	0.030986	0.0525758
592	0.0309818	0.0525658
593	0.0309776	0.052556
594	0.0309735	0.0525461
595	0.0309694	0.0525363
596	0.0309653	0.0525265
597	0.0309612	0.0525168
598	0.0309571	0.052507
599	0.030953	0.0524973
600	0.030949	0.0524877
601	0.030945	0.0524781
602	0.0309409	0.0524685
603	0.0309369	0.052459
604	0.0309329	0.0524494
605	0.030929	0.05244
606	0.030925	0.0524305
607	0.0309211	0.0524211
608	0.0309171	0.0524117
609	0.0309132	0.0524023
610	0.0309093	0.052393
611	0.0309054	0.0523837
612	0.0309015	0.0523745
613	0.0308976	0.0523652
614	0.0308938	0.052356
615	0.0308899	0.0523469
616	0.0308861	0.0523377
617	0.0308823	0.0523286
618	0.0308785	0.0523195
619	0.0308747	0.0523105
620	0.0308709	0.0523015
621	0.0308671	0.0522925
622	0.0308634	0.0522835
623	0.0308596	0.0522746
624	0.0308559	0.0522657
625	0.0308522	0.0522568
626	0.0308485	0.052248
627	0.0308448	0.0522392
628	0.0308411	0.0522304
629	0.0308374	0.0522216
630	0.0308338	0.0522129
631	0.0308301	0.0522042
632	0.0308265	0.0521955
633	0.0308229	0.0521869
634	0.0308193	0.0521782
635	0.0308157	0.0521697
636	0.0308121	0.0521611
637	0.0308085	0.0521526
638	0.0308049	0.0521441
639	0.0308014	0.0521356
640	0.0307978	0.0521271
641	0.0307943	0.0521187
642	0.0307908	0.0521103
643	0.0307873	0.0521019
644	0.0307838	0.0520936
645	0.0307803	0.0520853
646	0.0307768	0.052077
647	0.0307734	0.0520687
648	0.0307699	0.0520605
649	0.0307664	0.0520523
650	0.030763	0.0520441
651	0.0307596	0.0520359
652	0.0307562	0.0520277
653	0.0307528	0.0520196
654	0.0307494	0.0520115
655	0.030746	0.0520035
656	0.0307427	0.0519954
657	0.0307393	0.0519874
658	0.0307359	0.0519794
659	0.0307326	0.0519715
660	0.0307293	0.0519635
661	0.0307259	0.0519556
662	0.0307226	0.0519477
663	0.0307193	0.0519398
664	0.030716	0.051932
665	0.0307127	0.0519242
666	0.0307095	0.0519164
667	0.0307062	0.0519086
668	0.0307029	0.0519008
669	0.0306997	0.0518931
670	0.0306965	0.0518854
671	0.0306932	0.0518777
672	0.03069	0.05187
673	0.0306868	0.0518624
674	0.0306836	0.0518548
675	0.0306804	0.0518472
676	0.0306772	0.0518396
677	0.0306741	0.0518321
678	0.0306709	0.0518246
679	0.0306677	0.051817
680	0.0306646	0.0518096
681	0.0306615	0.0518021
682	0.0306583	0.0517946
683	0.0306552	0.0517872
684	0.0306521	0.0517798
685	0.030649	0.0517725
686	0.0306459	0.0517651
687	0.0306428	0.0517578
688	0.0306398	0.0517504
689	0.0306367	0.0517432
690	0.0306336	0.0517359
691	0.0306306	0.0517286
692	0.0306275	0.0517214
693	0.0306245	0.0517142
694	0.0306215	0.051707
695	0.0306184	0.0516999
696	0.0306154	0.0516927
697	0.0306124	0.0516856
698	0.0306094	0.0516785
699	0.0306064	0.0516714
700	0.0306035	0.0516643
701	0.0306005	0.0516573
702	0.0305975	0.0516503
703	0.0305946	0.0516432
704	0.0305916	0.0516363
705	0.0305887	0.0516293
706	0.0305858	0.0516223
707	0.0305828	0.0516154
708	0.0305799	0.0516085
709	0.030577	0.0516016
710	0.0305741	0.0515947
711	0.0305712	0.0515879
712	0.0305683	0.051581
713	0.0305654	0.0515742
714	0.0305626	0.0515674
715	0.0305597	0.0515607
716	0.0305568	0.0515539
717	0.030554	0.0515471
718	0.0305512	0.0515404
719	0.0305483	0.0515337
720	0.0305455	0.051527
721	0.0305427	0.0515203
722	0.0305399	0.0515137
723	0.030537	0.0515071
724	0.0305342	0.0515004
725	0.0305314	0.0514938
726	0.0305287	0.0514873
727	0.0305259	0.0514807
728	0.0305231	0.0514742
729	0.0305203	0.0514676
730	0.0305176	0.0514611
731	0.0305148	0.0514546
732	0.0305121	0.0514481
733	0.0305093	0.0514417
734	0.0305066	0.0514352
735	0.0305039	0.0514288
736	0.0305012	0.0514224
737	0.0304984	0.051416
738	0.0304957	0.0514096
739	0.030493	0.0514033
740	0.0304903	0.0513969
741	0.0304876	0.0513906
742	0.030485	0.0513843
743	0.0304823	0.051378
744	0.0304796	0.0513717
745	0.030477	0.0513655
746	0.0304743	0.0513592
747	0.0304716	0.051353
748	0.030469	0.0513468
749	0.0304663	0.0513406
750	0.0304637	0.0513344
751	0.0304611	0.0513282
752	0.0304585	0.0513221
753	0.0304559	0.0513159
754	0.0304533	0.0513098
755	0.0304507	0.0513037
756	0.030448	0.0512976
757	0.0304455	0.0512916
758	0.0304429	0.0512855
759	0.0304403	0.0512794
760	0.0304377	0.0512734
761	0.0304352	0.0512674
762	0.0304326	0.0512614
763	0.03043	0.0512554
764	0.0304275	0.0512495
765	0.0304249	0.0512435
766	0.0304224	0.0512376
767	0.0304199	0.0512316
768	0.0304173	0.0512257
769	0.0304148	0.0512199
770	0.0304123	0.051214
771	0.0304098	0.0512081
772	0.0304073	0.0512022
773	0.0304048	0.0511964
774	0.0304023	0.0511906
775	0.0303998	0.0511848
776	0.0303973	0.051179
777	0.0303948	0.0511732
778	0.0303923	0.0511674
779	0.0303899	0.0511617
780	0.0303874	0.051156
781	0.030385	0.0511502
782	0.0303825	0.0511445
783	0.03038	0.0511388
784	0.0303776	0.0511331
785	0.0303752	0.0511274
786	0.0303727	0.0511218
787	0.0303703	0.0511162
788	0.0303679	0.0511105
789	0.0303655	0.0511049
790	0.0303631	0.0510993
791	0.0303607	0.0510937
792	0.0303582	0.0510881
793	0.0303558	0.0510826
794	0.0303535	0.051077
795	0.0303511	0.0510715
796	0.0303487	0.051066
797	0.0303463	0.0510605
798	0.0303439	0.051055
799	0.0303416	0.0510495
800	0.0303392	0.051044
801	0.0303368	0.0510386
802	0.0303345	0.0510331
803	0.0303321	0.0510277
804	0.0303298	0.0510223
805	0.0303275	0.0510169
806	0.0303251	0.0510115
807	0.0303228	0.0510061
808	0.0303205	0.0510007
809	0.0303181	0.0509954
810	0.0303158	0.05099
811	0.0303135	0.0509846
812	0.0303112	0.0509793
813	0.0303089	0.050974
814	0.0303066	0.0509687
815	0.0303043	0.0509635
816	0.030302	0.0509582
817	0.0302997	0.0509529
818	0.0302974	0.0509477
819	0.0302951	0.0509425
820	0.0302929	0.0509372
821	0.0302906	0.050932
822	0.0302883	0.0509268
823	0.0302861	0.0509216
824	0.0302838	0.0509165
825	0.0302816	0.0509113
826	0.0302793	0.0509061
827	0.0302771	0.050901
828	0.0302748	0.0508958
829	0.0302726	0.0508907
830	0.0302704	0.0508856
831	0.0302681	0.0508805
832	0.0302659	0.0508754
833	0.0302637	0.0508704
834	0.0302615	0.0508653
835	0.0302593	0.0508603
836	0.0302571	0.0508552
837	0.0302549	0.0508502
838	0.0302527	0.0508452
839	0.0302505	0.0508401
840	0.0302483	0.0508352
841	0.0302461	0.0508302
842	0.0302439	0.0508252
843	0.0302417	0.0508202
844	0.0302395	0.0508153
845	0.0302374	0.0508103
846	0.0302352	0.0508054
847	0.030233	0.0508005
848	0.0302309	0.0507956
849	0.0302287	0.0507907
850	0.0302266	0.0507858
851	0.0302244	0.0507809
852	0.0302223	0.050776
853	0.0302201	0.0507712
854	0.030218	0.0507663
855	0.0302159	0.0507615
856	0.0302138	0.0507567
857	0.0302116	0.0507518
858	0.0302095	0.050747
859	0.0302074	0.0507422
860	0.0302053	0.0507374
861	0.0302032	0.0507327
862	0.0302011	0.0507279
863	0.0301989	0.0507232
864	0.0301968	0.0507184
865	0.0301947	0.0507137
866	0.0301927	0.0507089
867	0.0301906	0.0507042
868	0.0301885	0.0506995
869	0.0301864	0.0506948
870	0.0301843	0.0506901
871	0.0301823	0.0506854
872	0.0301802	0.0506808
873	0.0301781	0.0506761
874	0.030176	0.0506715
875	0.030174	0.0506668
876	0.0301719	0.0506622
877	0.0301699	0.0506576
878	0.0301678	0.050653
879	0.0301658	0.0506484
880	0.0301637	0.0506438
881	0.0301617	0.0506392
882	0.0301596	0.0506346
883	0.0301576	0.0506301
884	0.0301556	0.0506255
885	0.0301535	0.050621
886	0.0301515	0.0506164
887	0.0301495	0.0506119
888	0.0301475	0.0506074
889	0.0301455	0.0506029
890	0.0301435	0.0505984
891	0.0301415	0.0505939
892	0.0301394	0.0505894
893	0.0301374	0.0505849
894	0.0301354	0.0505805
895	0.0301334	0.050576
896	0.0301315	0.0505716
897	0.0301295	0.0505671
898	0.0301275	0.0505627
899	0.0301255	0.0505583
900	0.0301235	0.0505539
901	0.0301215	0.0505495
902	0.0301196	0.0505451
903	0.0301176	0.0505407
904	0.0301156	0.0505363
905	0.0301137	0.0505319
906	0.0301117	0.0505276
907	0.0301097	0.0505232
908	0.0301078	0.0505189
909	0.0301058	0.0505145
910	0.0301039	0.0505102
911	0.0301019	0.0505059
912	0.0301	0.0505016
913	0.0300981	0.0504973
914	0.0300961	0.050493
915	0.0300942	0.0504887
916	0.0300922	0.0504844
917	0.0300903	0.0504802
918	0.0300884	0.0504759
919	0.0300865	0.0504717
920	0.0300846	0.0504674
921	0.0300826	0.0504632
922	0.0300807	0.0504589
923	0.0300788	0.0504547
924	0.0300769	0.0504505
925	0.030075	0.0504463
926	0.0300731	0.0504421
927	0.0300712	0.0504379
928	0.0300693	0.0504337
929	0.0300674	0.0504296
930	0.0300655	0.0504254
931	0.0300636	0.0504212
932	0.0300617	0.0504171
933	0.0300599	0.0504129
934	0.030058	0.0504088
935	0.0300561	0.0504047
936	0.0300543	0.0504006
937	0.0300524	0.0503964
938	0.0300505	0.0503923
939	0.0300486	0.0503882
940	0.0300468	0.0503842
941	0.0300449	0.0503801
942	0.0300431	0.050376
943	0.0300412	0.0503719
944	0.0300393	0.0503679
945	0.0300375	0.0503638
946	0.0300356	0.0503598
947	0.0300338	0.0503557
948	0.030032	0.0503517
949	0.0300301	0.0503477
950	0.0300283	0.0503437
951	0.0300265	0.0503397
952	0.0300246	0.0503357
953	0.0300228	0.0503317
954	0.030021	0.0503277
955	0.0300191	0.0503237
956	0.0300173	0.0503197
957	0.0300155	0.0503158
958	0.0300137	0.0503118
959	0.0300119	0.0503078
960	0.0300101	0.0503039
961	0.0300082	0.0502999
962	0.0300064	0.050296
963	0.0300046	0.0502921
964	0.0300028	0.0502882
965	0.030001	0.0502843
966	0.0299993	0.0502804
