1	0.213709	0.235754
2	0.209746	0.231761
3	0.205933	0.227963
4	0.202299	0.224242
5	0.198756	0.220906
6	0.195552	0.21777
7	0.192532	0.21474
8	0.189622	0.211941
9	0.186968	0.209281
10	0.184495	0.206697
11	0.182107	0.204183
12	0.179793	0.201736
13	0.177551	0.19935
14	0.175375	0.197053
15	0.173321	0.194902
16	0.171388	0.193019
17	0.169676	0.191226
18	0.168083	0.189483
19	0.166539	0.187787
20	0.165039	0.186204
21	0.163624	0.184663
22	0.16225	0.183158
23	0.16091	0.181685
24	0.159602	0.180242
25	0.158323	0.178828
26	0.157072	0.17744
27	0.155848	0.176077
28	0.154649	0.174738
29	0.153474	0.173422
30	0.15232	0.172127
31	0.151189	0.170853
32	0.150077	0.169597
33	0.148984	0.16836
34	0.14791	0.16714
35	0.146852	0.165935
36	0.145811	0.164746
37	0.144785	0.163572
38	0.143773	0.16241
39	0.142775	0.161262
40	0.14179	0.160125
41	0.140817	0.158999
42	0.139854	0.157883
43	0.138903	0.156777
44	0.137961	0.15568
45	0.137029	0.154591
46	0.136105	0.15351
47	0.135189	0.152437
48	0.13428	0.15137
49	0.133379	0.150308
50	0.132483	0.149253
51	0.131594	0.148203
52	0.13071	0.147157
53	0.129831	0.146116
54	0.128957	0.145079
55	0.128087	0.144045
56	0.127221	0.143015
57	0.126358	0.141987
58	0.125499	0.140962
59	0.124642	0.13994
60	0.123788	0.13892
61	0.122937	0.137903
62	0.122088	0.136887
63	0.121241	0.135873
64	0.120396	0.13486
65	0.119553	0.133849
66	0.118711	0.13284
67	0.117871	0.131832
68	0.117032	0.130825
69	0.116194	0.12982
70	0.115358	0.128817
71	0.114524	0.127814
72	0.11369	0.126814
73	0.112858	0.125815
74	0.112027	0.124817
75	0.111197	0.123822
76	0.110369	0.122828
77	0.109542	0.121837
78	0.108717	0.120847
79	0.107893	0.11986
80	0.107071	0.118876
81	0.106251	0.117894
82	0.105433	0.116915
83	0.104617	0.115939
84	0.103804	0.114967
85	0.102992	0.113998
86	0.102184	0.113033
87	0.101378	0.112071
88	0.100575	0.111114
89	0.0997747	0.110162
90	0.098978	0.109214
91	0.0981847	0.108271
92	0.097395	0.107333
93	0.0966092	0.1064
94	0.0958273	0.105473
95	0.0950497	0.104552
96	0.0942764	0.103637
97	0.0935077	0.102728
98	0.0927436	0.101826
99	0.0919845	0.10093
100	0.0912305	0.100041
101	0.0904818	0.0991593
102	0.0897384	0.0982849
103	0.0890007	0.097418
104	0.0882688	0.0965586
105	0.0875426	0.0957072
106	0.0868227	0.0948638
107	0.0861089	0.0940285
108	0.0854016	0.0932015
109	0.0847007	0.092383
110	0.0840064	0.0915731
111	0.0833188	0.0907719
112	0.0826381	0.0899796
113	0.0819644	0.0891961
114	0.0812978	0.0884217
115	0.0806383	0.0876564
116	0.0799861	0.0869004
117	0.0793411	0.0861536
118	0.0787036	0.0854161
119	0.0780735	0.0846879
120	0.077451	0.0839692
121	0.076836	0.08326
122	0.0762286	0.0825603
123	0.0756288	0.08187
124	0.0750367	0.0811893
125	0.0744524	0.0805181
126	0.0738757	0.0798564
127	0.0733067	0.0792042
128	0.0727456	0.0785615
129	0.0721921	0.0779283
130	0.0716463	0.0773044
131	0.0711083	0.0766899
132	0.0705779	0.0760848
133	0.0700552	0.075489
134	0.0695401	0.0749024
135	0.0690327	0.0743251
136	0.0685328	0.0737569
137	0.0680404	0.0731976
138	0.0675556	0.0726473
139	0.067078	0.072106
140	0.066608	0.0715733
141	0.0661452	0.0710495
142	0.0656896	0.0705344
143	0.0652414	0.0700277
144	0.0648001	0.0695296
145	0.064366	0.0690397
146	0.0639388	0.0685581
147	0.0635186	0.0680847
148	0.0631052	0.0676194
149	0.0626986	0.067162
150	0.0622986	0.0667124
151	0.0619053	0.0662706
152	0.0615185	0.0658364
153	0.061138	0.0654098
154	0.060764	0.0649905
155	0.0603962	0.0645787
156	0.0600346	0.0641739
157	0.0596792	0.0637762
158	0.0593297	0.0633855
159	0.0589861	0.0630018
160	0.0586483	0.0626247
161	0.0583164	0.0622543
162	0.0579901	0.0618904
163	0.0576693	0.0615329
164	0.0573541	0.0611818
165	0.0570441	0.0608368
166	0.0567396	0.060498
167	0.0564403	0.0601651
168	0.056146	0.0598381
169	0.0558569	0.059517
170	0.0555727	0.0592014
171	0.0552934	0.0588915
172	0.0550188	0.0585871
173	0.0547491	0.0582879
174	0.0544838	0.0579941
175	0.0542233	0.0577054
176	0.0539671	0.0574218
177	0.0537153	0.0571433
178	0.0534679	0.0568695
179	0.0532247	0.0566006
180	0.0529856	0.0563364
181	0.0527506	0.0560768
182	0.0525196	0.0558216
183	0.0522925	0.055571
184	0.0520694	0.0553247
185	0.05185	0.0550826
186	0.0516343	0.0548447
187	0.0514222	0.054611
188	0.0512137	0.0543812
189	0.0510088	0.0541554
190	0.0508073	0.0539334
191	0.0506091	0.0537153
192	0.0504143	0.0535008
193	0.0502227	0.05329
194	0.0500343	0.0530827
195	0.0498491	0.0528789
196	0.0496669	0.0526786
197	0.0494877	0.0524816
198	0.0493115	0.0522878
199	0.0491382	0.0520974
200	0.0489676	0.05191
201	0.0487999	0.0517258
202	0.0486349	0.0515446
203	0.0484726	0.0513664
204	0.048313	0.051191
205	0.0481558	0.0510186
206	0.0480013	0.0508489
207	0.0478492	0.050682
208	0.0476995	0.0505177
209	0.0475522	0.0503562
210	0.0474073	0.0501972
211	0.0472646	0.0500407
212	0.0471241	0.0498867
213	0.0469859	0.0497351
214	0.0468499	0.0495859
215	0.046716	0.0494391
216	0.0465841	0.0492945
217	0.0464543	0.0491522
218	0.0463265	0.0490122
219	0.0462006	0.0488742
220	0.0460767	0.0487384
221	0.0459547	0.0486046
222	0.0458344	0.0484729
223	0.0457161	0.0483432
224	0.0455995	0.0482155
225	0.0454847	0.0480896
226	0.0453715	0.0479657
227	0.0452601	0.0478435
228	0.0451503	0.0477233
229	0.0450421	0.0476048
230	0.0449356	0.047488
231	0.0448305	0.0473729
232	0.044727	0.0472595
233	0.044625	0.0471478
234	0.0445245	0.0470377
235	0.0444254	0.0469291
236	0.0443278	0.0468221
237	0.0442315	0.0467166
238	0.0441367	0.0466127
239	0.0440431	0.0465102
240	0.0439509	0.0464091
241	0.0438599	0.0463094
242	0.0437703	0.0462112
243	0.0436819	0.0461143
244	0.0435947	0.0460187
245	0.0435087	0.0459245
246	0.0434239	0.0458316
247	0.0433402	0.0457399
248	0.0432577	0.0456494
249	0.0431763	0.0455602
250	0.043096	0.0454722
251	0.0430168	0.0453853
252	0.0429386	0.0452996
253	0.0428615	0.0452151
254	0.0427854	0.0451316
255	0.0427103	0.0450492
256	0.0426361	0.044968
257	0.042563	0.0448877
258	0.0424908	0.0448086
259	0.0424195	0.0447304
260	0.0423492	0.0446533
261	0.0422797	0.0445771
262	0.0422112	0.0445019
263	0.0421435	0.0444276
264	0.0420767	0.0443543
265	0.0420107	0.0442819
266	0.0419455	0.0442103
267	0.0418812	0.0441398
268	0.0418176	0.04407
269	0.0417548	0.0440011
270	0.0416929	0.0439331
271	0.0416316	0.0438659
272	0.0415711	0.0437995
273	0.0415114	0.0437339
274	0.0414523	0.0436691
275	0.041394	0.043605
276	0.0413364	0.0435417
277	0.0412794	0.0434792
278	0.0412231	0.0434174
279	0.0411675	0.0433563
280	0.0411126	0.043296
281	0.0410582	0.0432363
282	0.0410045	0.0431774
283	0.0409515	0.0431191
284	0.040899	0.0430615
285	0.0408472	0.0430045
286	0.0407959	0.0429483
287	0.0407452	0.0428926
288	0.0406951	0.0428375
289	0.0406456	0.0427831
290	0.0405966	0.0427292
291	0.0405481	0.042676
292	0.0405002	0.0426234
293	0.0404528	0.0425713
294	0.0404059	0.0425198
295	0.0403596	0.0424689
296	0.0403137	0.0424185
297	0.0402684	0.0423687
298	0.0402234	0.0423194
299	0.040179	0.0422705
300	0.0401351	0.0422223
301	0.0400917	0.0421746
302	0.0400487	0.0421273
303	0.0400061	0.0420806
304	0.039964	0.0420343
305	0.0399223	0.0419885
306	0.0398811	0.0419432
307	0.0398403	0.0418984
308	0.0397999	0.041854
309	0.0397599	0.04181
310	0.0397203	0.0417666
311	0.0396811	0.0417235
312	0.0396423	0.0416809
313	0.0396039	0.0416387
314	0.0395659	0.041597
315	0.0395282	0.0415556
316	0.0394909	0.0415147
317	0.039454	0.0414741
318	0.0394175	0.041434
319	0.0393812	0.0413942
320	0.0393453	0.0413548
321	0.0393098	0.0413159
322	0.0392746	0.0412773
323	0.0392398	0.041239
324	0.0392053	0.0412011
325	0.0391711	0.0411636
326	0.0391372	0.0411264
327	0.0391036	0.0410895
328	0.0390704	0.0410531
329	0.0390374	0.0410169
330	0.0390047	0.0409811
331	0.0389724	0.0409457
332	0.0389403	0.0409105
333	0.0389085	0.0408757
334	0.038877	0.0408411
335	0.0388458	0.0408069
336	0.0388149	0.040773
337	0.0387842	0.0407394
338	0.0387538	0.0407061
339	0.0387237	0.0406731
340	0.0386938	0.0406404
341	0.0386642	0.040608
342	0.0386348	0.0405758
343	0.0386057	0.040544
344	0.0385768	0.0405124
345	0.0385482	0.0404811
346	0.0385198	0.04045
347	0.0384917	0.0404193
348	0.0384638	0.0403887
349	0.038436	0.0403585
350	0.0384086	0.0403285
351	0.0383813	0.0402987
352	0.0383543	0.0402692
353	0.0383275	0.0402399
354	0.0383009	0.0402109
355	0.0382746	0.0401821
356	0.0382484	0.0401535
357	0.0382224	0.0401252
358	0.0381967	0.0400971
359	0.0381711	0.0400693
360	0.0381458	0.0400416
361	0.0381206	0.0400142
362	0.0380956	0.039987
363	0.0380708	0.03996
364	0.0380462	0.0399332
365	0.0380219	0.0399067
366	0.0379976	0.0398803
367	0.0379736	0.0398542
368	0.0379497	0.0398282
369	0.037926	0.0398024
370	0.0379025	0.0397769
371	0.0378792	0.0397515
372	0.0378559	0.0397264
373	0.0378329	0.0397014
374	0.0378101	0.0396765
375	0.0377874	0.039652
376	0.0377649	0.0396275
377	0.0377425	0.0396032
378	0.0377203	0.0395792
379	0.0376982	0.0395553
380	0.0376763	0.0395316
381	0.0376546	0.039508
382	0.037633	0.0394846
383	0.0376115	0.0394614
384	0.0375902	0.0394384
385	0.037569	0.0394155
386	0.037548	0.0393928
387	0.0375271	0.0393702
388	0.0375063	0.0393478
389	0.0374857	0.0393255
390	0.0374652	0.0393035
391	0.0374448	0.0392815
392	0.0374246	0.0392597
393	0.0374045	0.0392381
394	0.0373845	0.0392166
395	0.0373647	0.0391952
396	0.037345	0.039174
397	0.0373254	0.0391529
398	0.0373059	0.039132
399	0.0372865	0.0391112
400	0.0372673	0.0390906
401	0.0372481	0.0390701
402	0.0372292	0.0390497
403	0.0372102	0.0390294
404	0.0371915	0.0390093
405	0.0371727	0.0389893
406	0.0371542	0.0389694
407	0.0371358	0.0389497
408	0.0371174	0.0389301
409	0.0370991	0.0389106
410	0.037081	0.0388912
411	0.037063	0.0388719
412	0.0370451	0.0388529
413	0.0370272	0.0388338
414	0.0370095	0.0388149
415	0.0369918	0.0387961
416	0.0369743	0.0387775
417	0.0369569	0.0387589
418	0.0369395	0.0387405
419	0.0369223	0.0387221
420	0.0369051	0.0387039
421	0.036888	0.0386858
422	0.036871	0.0386678
423	0.0368541	0.0386499
424	0.0368373	0.0386321
425	0.0368206	0.0386144
426	0.036804	0.0385968
427	0.0367874	0.0385793
428	0.0367709	0.0385619
429	0.0367545	0.0385446
430	0.0367383	0.0385274
431	0.036722	0.0385103
432	0.0367059	0.0384933
433	0.0366899	0.0384764
434	0.0366739	0.0384595
435	0.036658	0.0384428
436	0.0366421	0.0384262
437	0.0366264	0.0384096
438	0.0366107	0.0383931
439	0.0365951	0.0383768
440	0.0365796	0.0383605
441	0.0365641	0.0383443
442	0.0365487	0.0383282
443	0.0365334	0.0383121
444	0.0365181	0.0382962
445	0.036503	0.0382803
446	0.0364879	0.0382646
447	0.0364728	0.0382488
448	0.0364578	0.0382332
449	0.0364429	0.0382177
450	0.0364281	0.0382022
451	0.0364133	0.0381868
452	0.0363985	0.0381715
453	0.0363839	0.0381563
454	0.0363693	0.0381411
455	0.0363547	0.038126
456	0.0363403	0.038111
457	0.0363258	0.0380961
458	0.0363115	0.0380812
459	0.0362972	0.0380664
460	0.0362829	0.0380517
461	0.0362688	0.0380371
462	0.0362546	0.0380225
463	0.0362405	0.038008
464	0.0362265	0.0379935
465	0.0362126	0.0379791
466	0.0361986	0.0379648
467	0.0361848	0.0379505
468	0.036171	0.0379364
469	0.0361572	0.0379222
470	0.0361435	0.0379082
471	0.0361299	0.0378942
472	0.0361162	0.0378803
473	0.0361027	0.0378664
474	0.0360892	0.0378526
475	0.0360757	0.0378388
476	0.0360623	0.0378251
477	0.036049	0.0378115
478	0.0360356	0.0377979
479	0.0360224	0.0377844
480	0.0360091	0.0377709
481	0.035996	0.0377575
482	0.0359829	0.0377442
483	0.0359697	0.0377309
484	0.0359567	0.0377176
485	0.0359437	0.0377045
486	0.0359308	0.0376914
487	0.0359178	0.0376783
488	0.0359049	0.0376653
489	0.0358921	0.0376523
490	0.0358793	0.0376394
491	0.0358666	0.0376265
492	0.0358539	0.0376137
493	0.0358412	0.0376009
494	0.0358286	0.0375882
495	0.0358159	0.0375755
496	0.0358034	0.0375629
497	0.0357909	0.0375503
498	0.0357784	0.0375378
499	0.0357659	0.0375253
500	0.0357535	0.0375129
501	0.0357411	0.0375006
502	0.0357288	0.0374882
503	0.0357165	0.0374759
504	0.0357043	0.0374636
505	0.035692	0.0374514
506	0.0356798	0.0374393
507	0.0356676	0.0374272
508	0.0356555	0.0374151
509	0.0356434	0.0374031
510	0.0356313	0.0373911
511	0.0356193	0.0373792
512	0.0356073	0.0373673
513	0.0355953	0.0373554
514	0.0355833	0.0373436
515	0.0355715	0.0373318
516	0.0355596	0.0373201
517	0.0355477	0.0373084
518	0.0355359	0.0372967
519	0.0355241	0.0372851
520	0.0355123	0.0372735
521	0.0355006	0.037262
522	0.0354889	0.0372505
523	0.0354772	0.037239
524	0.0354655	0.0372276
525	0.0354539	0.0372161
526	0.0354423	0.0372048
527	0.0354307	0.0371934
528	0.0354192	0.0371822
529	0.0354077	0.0371709
530	0.0353962	0.0371597
531	0.0353847	0.0371485
532	0.0353733	0.0371374
533	0.0353619	0.0371262
534	0.0353505	0.0371152
535	0.0353391	0.0371041
536	0.0353278	0.0370931
537	0.0353165	0.0370821
538	0.0353051	0.0370712
539	0.0352939	0.0370602
540	0.0352826	0.0370493
541	0.0352714	0.0370385
542	0.0352602	0.0370277
543	0.035249	0.0370169
544	0.0352378	0.0370061
545	0.0352267	0.0369954
546	0.0352156	0.0369847
547	0.0352045	0.036974
548	0.0351934	0.0369633
549	0.0351823	0.0369527
550	0.0351713	0.0369421
551	0.0351603	0.0369316
552	0.0351493	0.036921
553	0.0351383	0.0369105
554	0.0351274	0.0369
555	0.0351164	0.0368896
556	0.0351055	0.0368792
557	0.0350946	0.0368688
558	0.0350838	0.0368584
559	0.0350729	0.036848
560	0.0350621	0.0368377
561	0.0350513	0.0368275
562	0.0350404	0.0368172
563	0.0350296	0.0368069
564	0.0350189	0.0367967
565	0.0350081	0.0367865
566	0.0349974	0.0367764
567	0.0349867	0.0367662
568	0.034976	0.0367561
569	0.0349653	0.036746
570	0.0349546	0.0367359
571	0.0349439	0.0367259
572	0.0349333	0.0367159
573	0.0349227	0.0367058
574	0.0349121	0.0366959
575	0.0349015	0.0366859
576	0.0348909	0.036676
577	0.0348804	0.0366661
578	0.0348698	0.0366562
579	0.0348593	0.0366463
580	0.0348488	0.0366365
581	0.0348382	0.0366266
582	0.0348278	0.0366169
583	0.0348173	0.0366071
584	0.0348068	0.0365973
585	0.0347964	0.0365876
586	0.034786	0.0365779
587	0.0347755	0.0365682
588	0.0347652	0.0365585
589	0.0347547	0.0365488
590	0.0347443	0.0365392
591	0.034734	0.0365296
592	0.0347236	0.03652
593	0.0347133	0.0365104
594	0.034703	0.0365008
595	0.0346926	0.0364913
596	0.0346823	0.0364817
597	0.0346721	0.0364722
598	0.0346618	0.0364627
599	0.0346515	0.0364533
600	0.0346412	0.0364438
601	0.034631	0.0364344
602	0.0346208	0.036425
603	0.0346105	0.0364155
604	0.0346003	0.0364062
605	0.0345901	0.0363968
606	0.0345799	0.0363875
607	0.0345697	0.0363781
608	0.0345596	0.0363688
609	0.0345494	0.0363595
610	0.0345393	0.0363502
611	0.0345291	0.0363409
612	0.034519	0.0363317
613	0.0345088	0.0363225
614	0.0344987	0.0363132
615	0.0344887	0.0363041
616	0.0344786	0.0362949
617	0.0344685	0.0362857
618	0.0344584	0.0362765
619	0.0344484	0.0362674
620	0.0344383	0.0362583
621	0.0344283	0.0362491
622	0.0344182	0.0362401
623	0.0344082	0.0362309
624	0.0343982	0.0362219
625	0.0343882	0.0362128
626	0.0343782	0.0362038
627	0.0343682	0.0361948
628	0.0343582	0.0361857
629	0.0343482	0.0361767
630	0.0343383	0.0361678
631	0.0343283	0.0361588
632	0.0343183	0.0361498
633	0.0343084	0.0361409
634	0.0342985	0.036132
635	0.0342885	0.036123
636	0.0342786	0.0361141
637	0.0342687	0.0361052
638	0.0342588	0.0360964
639	0.0342489	0.0360875
640	0.034239	0.0360786
641	0.0342291	0.0360698
642	0.0342193	0.036061
643	0.0342094	0.0360522
644	0.0341995	0.0360433
645	0.0341897	0.0360345
646	0.0341798	0.0360258
647	0.03417	0.036017
648	0.0341601	0.0360082
649	0.0341503	0.0359995
650	0.0341405	0.0359907
651	0.0341307	0.035982
652	0.0341209	0.0359733
653	0.0341111	0.0359646
654	0.0341013	0.0359559
655	0.0340915	0.0359472
656	0.0340817	0.0359385
657	0.0340719	0.0359298
658	0.0340621	0.0359212
659	0.0340524	0.0359126
660	0.0340426	0.0359039
661	0.0340329	0.0358953
662	0.0340231	0.0358867
663	0.0340134	0.0358781
664	0.0340037	0.0358695
665	0.0339939	0.035861
666	0.0339842	0.0358524
667	0.0339745	0.0358438
668	0.0339648	0.0358353
669	0.033955	0.0358267
670	0.0339454	0.0358182
671	0.0339356	0.0358097
672	0.0339259	0.0358012
673	0.0339163	0.0357927
674	0.0339066	0.0357842
675	0.0338969	0.0357757
676	0.0338872	0.0357672
677	0.0338776	0.0357588
678	0.0338679	0.0357503
679	0.0338582	0.0357418
680	0.0338486	0.0357334
681	0.0338389	0.035725
682	0.0338293	0.0357166
683	0.0338196	0.0357081
684	0.03381	0.0356997
685	0.0338004	0.0356913
686	0.0337908	0.0356829
687	0.0337811	0.0356745
688	0.0337715	0.0356662
689	0.0337619	0.0356578
690	0.0337523	0.0356495
691	0.0337427	0.0356411
692	0.0337331	0.0356328
693	0.0337235	0.0356244
694	0.0337139	0.0356161
695	0.0337044	0.0356078
696	0.0336947	0.0355995
697	0.0336852	0.0355912
698	0.0336756	0.0355829
699	0.033666	0.0355746
700	0.0336565	0.0355663
701	0.0336469	0.0355581
702	0.0336373	0.0355498
703	0.0336278	0.0355415
704	0.0336182	0.0355333
705	0.0336087	0.035525
706	0.0335991	0.0355168
707	0.0335896	0.0355085
708	0.0335801	0.0355003
709	0.0335705	0.0354921
710	0.033561	0.0354839
711	0.0335515	0.0354757
712	0.033542	0.0354675
713	0.0335325	0.0354593
714	0.033523	0.0354511
715	0.0335134	0.0354429
716	0.0335039	0.0354348
717	0.0334944	0.0354266
718	0.0334849	0.0354185
719	0.0334754	0.0354103
720	0.0334659	0.0354022
721	0.0334565	0.035394
722	0.033447	0.0353859
723	0.0334375	0.0353778
724	0.033428	0.0353697
725	0.0334186	0.0353615
726	0.0334091	0.0353535
727	0.0333996	0.0353453
728	0.0333901	0.0353372
729	0.0333807	0.0353291
730	0.0333712	0.0353211
731	0.0333618	0.035313
732	0.0333523	0.0353049
733	0.0333428	0.0352968
734	0.0333334	0.0352888
735	0.033324	0.0352807
736	0.0333145	0.0352727
737	0.0333051	0.0352646
738	0.0332957	0.0352566
739	0.0332863	0.0352486
740	0.0332768	0.0352405
741	0.0332674	0.0352325
742	0.033258	0.0352245
743	0.0332486	0.0352165
744	0.0332392	0.0352085
745	0.0332297	0.0352005
746	0.0332203	0.0351925
747	0.033211	0.0351845
748	0.0332015	0.0351765
749	0.0331921	0.0351685
750	0.0331828	0.0351605
751	0.0331733	0.0351525
752	0.033164	0.0351446
753	0.0331546	0.0351366
754	0.0331452	0.0351287
755	0.0331358	0.0351207
756	0.0331264	0.0351127
757	0.0331171	0.0351048
758	0.0331077	0.0350969
759	0.0330983	0.0350889
760	0.033089	0.035081
761	0.0330796	0.0350731
762	0.0330702	0.0350651
763	0.0330609	0.0350573
764	0.0330515	0.0350493
765	0.0330422	0.0350414
766	0.0330329	0.0350335
767	0.0330235	0.0350256
768	0.0330142	0.0350177
769	0.0330048	0.0350098
770	0.0329955	0.0350019
771	0.0329861	0.0349941
772	0.0329768	0.0349862
773	0.0329675	0.0349783
774	0.0329582	0.0349704
775	0.0329489	0.0349626
776	0.0329396	0.0349547
777	0.0329302	0.0349469
778	0.0329209	0.034939
779	0.0329116	0.0349312
780	0.0329023	0.0349233
781	0.032893	0.0349155
782	0.0328837	0.0349076
783	0.0328744	0.0348998
784	0.0328651	0.034892
785	0.0328558	0.0348842
786	0.0328466	0.0348763
787	0.0328372	0.0348685
788	0.032828	0.0348607
789	0.0328187	0.0348529
790	0.0328094	0.0348451
791	0.0328002	0.0348373
792	0.0327909	0.0348295
793	0.0327816	0.0348217
794	0.0327724	0.0348139
795	0.0327631	0.0348061
796	0.0327538	0.0347983
797	0.0327446	0.0347906
798	0.0327353	0.0347828
799	0.0327261	0.034775
800	0.0327168	0.0347672
801	0.0327076	0.0347595
802	0.0326984	0.0347517
803	0.0326891	0.034744
804	0.0326799	0.0347362
805	0.0326707	0.0347285
806	0.0326614	0.0347207
807	0.0326522	0.034713
808	0.032643	0.0347053
809	0.0326337	0.0346975
810	0.0326245	0.0346898
811	0.0326153	0.034682
812	0.0326061	0.0346743
813	0.0325969	0.0346666
814	0.0325877	0.0346589
815	0.0325785	0.0346512
816	0.0325693	0.0346435
817	0.0325601	0.0346357
818	0.0325509	0.034628
819	0.0325418	0.0346203
820	0.0325325	0.0346126
821	0.0325234	0.0346049
822	0.0325142	0.0345972
823	0.032505	0.0345896
824	0.0324958	0.0345819
825	0.0324867	0.0345742
826	0.0324775	0.0345665
827	0.0324684	0.0345588
828	0.0324592	0.0345512
829	0.0324501	0.0345435
830	0.0324409	0.0345358
831	0.0324318	0.0345282
832	0.0324226	0.0345205
833	0.0324135	0.0345128
834	0.0324043	0.0345052
835	0.0323952	0.0344975
836	0.032386	0.0344899
837	0.0323769	0.0344823
838	0.0323678	0.0344746
839	0.0323587	0.0344669
840	0.0323496	0.0344593
841	0.0323404	0.0344517
842	0.0323313	0.0344441
843	0.0323222	0.0344364
844	0.0323131	0.0344288
845	0.032304	0.0344212
846	0.0322949	0.0344136
847	0.0322858	0.0344059
848	0.0322767	0.0343983
849	0.0322676	0.0343907
850	0.0322585	0.0343831
851	0.0322494	0.0343755
852	0.0322404	0.0343679
853	0.0322313	0.0343603
854	0.0322222	0.0343527
855	0.0322132	0.0343451
856	0.0322041	0.0343375
857	0.032195	0.03433
858	0.0321859	0.0343224
859	0.0321769	0.0343148
860	0.0321679	0.0343072
861	0.0321588	0.0342996
862	0.0321498	0.0342921
863	0.0321407	0.0342845
864	0.0321317	0.0342769
865	0.0321227	0.0342694
866	0.0321136	0.0342618
867	0.0321046	0.0342543
868	0.0320956	0.0342467
869	0.0320866	0.0342392
870	0.0320775	0.0342316
871	0.0320686	0.034224
872	0.0320595	0.0342165
873	0.0320506	0.0342089
874	0.0320415	0.0342014
875	0.0320325	0.0341939
876	0.0320236	0.0341863
877	0.0320146	0.0341788
878	0.0320056	0.0341713
879	0.0319966	0.0341638
880	0.0319876	0.0341562
881	0.0319786	0.0341487
882	0.0319697	0.0341412
883	0.0319607	0.0341337
884	0.0319518	0.0341262
885	0.0319428	0.0341187
886	0.0319339	0.0341112
887	0.0319249	0.0341037
888	0.031916	0.0340962
889	0.031907	0.0340887
890	0.0318981	0.0340812
891	0.0318892	0.0340737
892	0.0318803	0.0340662
893	0.0318713	0.0340587
894	0.0318624	0.0340512
895	0.0318535	0.0340437
896	0.0318446	0.0340363
897	0.0318357	0.0340288
898	0.0318268	0.0340213
899	0.0318179	0.0340138
900	0.031809	0.0340064
901	0.0318001	0.0339989
902	0.0317912	0.0339914
903	0.0317823	0.033984
904	0.0317734	0.0339765
905	0.0317646	0.0339691
906	0.0317557	0.0339616
907	0.0317468	0.0339541
908	0.031738	0.0339467
909	0.0317291	0.0339393
910	0.0317203	0.0339318
911	0.0317114	0.0339244
912	0.0317026	0.0339169
913	0.0316937	0.0339095
914	0.0316849	0.0339021
915	0.0316761	0.0338947
916	0.0316673	0.0338872
917	0.0316585	0.0338798
918	0.0316496	0.0338724
919	0.0316408	0.033865
920	0.031632	0.0338576
921	0.0316232	0.0338501
922	0.0316144	0.0338427
923	0.0316057	0.0338353
924	0.0315968	0.0338279
925	0.031588	0.0338205
926	0.0315793	0.0338131
927	0.0315705	0.0338057
928	0.0315617	0.0337983
929	0.031553	0.0337909
930	0.0315442	0.0337835
931	0.0315355	0.0337762
932	0.0315267	0.0337688
933	0.0315179	0.0337614
934	0.0315092	0.033754
935	0.0315005	0.0337466
936	0.0314917	0.0337392
937	0.031483	0.0337319
938	0.0314743	0.0337245
939	0.0314656	0.0337172
940	0.0314568	0.0337098
941	0.0314482	0.0337024
942	0.0314395	0.0336951
943	0.0314307	0.0336877
944	0.0314221	0.0336804
945	0.0314134	0.033673
946	0.0314047	0.0336656
947	0.031396	0.0336583
948	0.0313873	0.033651
949	0.0313787	0.0336436
950	0.03137	0.0336363
951	0.0313614	0.033629
952	0.0313527	0.0336217
953	0.031344	0.0336143
954	0.0313354	0.033607
955	0.0313268	0.0335997
956	0.0313182	0.0335924
957	0.0313095	0.033585
958	0.0313009	0.0335777
959	0.0312923	0.0335704
960	0.0312837	0.0335631
961	0.0312751	0.0335558
962	0.0312664	0.0335485
963	0.0312579	0.0335412
964	0.0312493	0.0335339
965	0.0312407	0.0335266
966	0.0312321	0.0335193
967	0.0312235	0.033512
968	0.031215	0.0335047
969	0.0312064	0.0334975
970	0.0311978	0.0334902
971	0.0311892	0.0334829
972	0.0311807	0.0334756
973	0.0311722	0.0334683
974	0.0311636	0.0334611
975	0.0311551	0.0334538
976	0.0311466	0.0334465
977	0.0311381	0.0334393
978	0.0311296	0.033432
979	0.031121	0.0334248
980	0.0311125	0.0334175
981	0.031104	0.0334102
982	0.0310955	0.033403
983	0.031087	0.0333958
984	0.0310785	0.0333885
985	0.0310701	0.0333813
986	0.0310616	0.033374
987	0.0310531	0.0333668
988	0.0310446	0.0333595
989	0.0310362	0.0333523
990	0.0310277	0.0333451
991	0.0310193	0.0333379
992	0.0310109	0.0333307
993	0.0310024	0.0333234
994	0.030994	0.0333162
995	0.0309856	0.033309
996	0.0309772	0.0333018
997	0.0309687	0.0332946
998	0.0309604	0.0332874
999	0.0309519	0.0332802
1000	0.0309436	0.033273
1001	0.0309352	0.0332658
1002	0.0309268	0.0332586
1003	0.0309184	0.0332514
1004	0.03091	0.0332442
1005	0.0309016	0.033237
1006	0.0308933	0.0332299
1007	0.0308849	0.0332227
1008	0.0308766	0.0332155
1009	0.0308682	0.0332083
1010	0.0308599	0.0332012
1011	0.0308516	0.033194
1012	0.0308432	0.0331868
1013	0.0308349	0.0331797
1014	0.0308266	0.0331725
1015	0.0308183	0.0331653
1016	0.03081	0.0331582
1017	0.0308017	0.033151
1018	0.0307934	0.0331439
1019	0.0307851	0.0331368
1020	0.0307768	0.0331296
1021	0.0307686	0.0331225
1022	0.0307603	0.0331154
1023	0.030752	0.0331082
1024	0.0307438	0.0331011
1025	0.0307355	0.033094
1026	0.0307273	0.0330868
1027	0.0307191	0.0330797
1028	0.0307108	0.0330726
1029	0.0307026	0.0330655
1030	0.0306944	0.0330584
1031	0.0306862	0.0330513
1032	0.030678	0.0330442
1033	0.0306698	0.0330371
1034	0.0306616	0.03303
1035	0.0306534	0.0330229
1036	0.0306452	0.0330158
1037	0.030637	0.0330087
1038	0.0306288	0.0330016
1039	0.0306207	0.0329945
1040	0.0306126	0.0329875
1041	0.0306044	0.0329804
1042	0.0305962	0.0329733
1043	0.0305881	0.0329662
1044	0.0305799	0.0329592
1045	0.0305718	0.0329521
1046	0.0305637	0.032945
1047	0.0305556	0.032938
1048	0.0305475	0.0329309
1049	0.0305394	0.0329239
1050	0.0305313	0.0329168
1051	0.0305232	0.0329098
1052	0.0305151	0.0329027
1053	0.030507	0.0328957
1054	0.030499	0.0328887
1055	0.0304909	0.0328816
1056	0.0304829	0.0328746
1057	0.0304748	0.0328676
1058	0.0304667	0.0328606
1059	0.0304587	0.0328535
1060	0.0304507	0.0328465
1061	0.0304426	0.0328395
1062	0.0304346	0.0328325
1063	0.0304266	0.0328255
1064	0.0304186	0.0328185
1065	0.0304106	0.0328115
1066	0.0304026	0.0328045
1067	0.0303946	0.0327975
1068	0.0303866	0.0327905
1069	0.0303786	0.0327835
1070	0.0303707	0.0327765
1071	0.0303627	0.0327695
1072	0.0303548	0.0327625
1073	0.0303468	0.0327556
1074	0.0303389	0.0327486
1075	0.0303309	0.0327416
1076	0.030323	0.0327346
1077	0.0303151	0.0327277
1078	0.0303071	0.0327207
1079	0.0302993	0.0327138
1080	0.0302913	0.0327068
1081	0.0302835	0.0326999
1082	0.0302756	0.0326929
1083	0.0302677	0.032686
1084	0.0302598	0.032679
1085	0.0302519	0.0326721
1086	0.0302441	0.0326652
1087	0.0302362	0.0326582
1088	0.0302283	0.0326513
1089	0.0302205	0.0326444
1090	0.0302127	0.0326375
1091	0.0302049	0.0326305
1092	0.030197	0.0326236
1093	0.0301892	0.0326167
1094	0.0301814	0.0326098
1095	0.0301736	0.0326029
1096	0.0301658	0.032596
1097	0.030158	0.0325891
1098	0.0301502	0.0325822
1099	0.0301424	0.0325754
1100	0.0301346	0.0325684
1101	0.0301269	0.0325616
1102	0.0301191	0.0325547
1103	0.0301114	0.0325478
1104	0.0301036	0.0325409
1105	0.0300959	0.0325341
1106	0.0300881	0.0325272
1107	0.0300804	0.0325204
1108	0.0300727	0.0325135
1109	0.030065	0.0325066
1110	0.0300573	0.0324998
1111	0.0300496	0.0324929
1112	0.0300419	0.0324861
1113	0.0300342	0.0324793
1114	0.0300266	0.0324724
1115	0.0300189	0.0324656
1116	0.0300112	0.0324588
1117	0.0300036	0.0324519
1118	0.0299959	0.0324451
