1	0.217429	0.214403
2	0.212693	0.20997
3	0.208188	0.205741
4	0.203892	0.201743
5	0.199829	0.197985
6	0.196011	0.194432
7	0.192402	0.191071
8	0.188987	0.187905
9	0.185771	0.184899
10	0.182718	0.182069
11	0.179845	0.179385
12	0.177121	0.176847
13	0.174545	0.174436
14	0.1721	0.172146
15	0.169781	0.169963
16	0.167568	0.167875
17	0.165454	0.165873
18	0.163428	0.163944
19	0.161477	0.162092
20	0.159604	0.16031
21	0.157805	0.158591
22	0.15607	0.156933
23	0.154398	0.155328
24	0.15278	0.153773
25	0.151213	0.152264
26	0.149695	0.1508
27	0.148222	0.149378
28	0.146794	0.14799
29	0.145401	0.146636
30	0.144043	0.145315
31	0.142719	0.144024
32	0.141427	0.14276
33	0.140161	0.14152
34	0.138922	0.140305
35	0.137708	0.13911
36	0.136516	0.137937
37	0.135345	0.136783
38	0.134196	0.135647
39	0.133065	0.134532
40	0.131954	0.133436
41	0.130865	0.132355
42	0.12979	0.13129
43	0.128732	0.130239
44	0.127689	0.129202
45	0.126661	0.128179
46	0.125646	0.127165
47	0.124642	0.126164
48	0.123651	0.125176
49	0.122671	0.124196
50	0.121701	0.123226
51	0.120742	0.122265
52	0.11979	0.121311
53	0.118848	0.120367
54	0.117914	0.119433
55	0.11699	0.118507
56	0.116075	0.117588
57	0.115168	0.116677
58	0.114267	0.115773
59	0.113374	0.114873
60	0.112487	0.11398
61	0.111604	0.113091
62	0.110727	0.112206
63	0.109853	0.111325
64	0.108985	0.110449
65	0.10812	0.109577
66	0.107259	0.108708
67	0.106402	0.107841
68	0.105548	0.106979
69	0.104699	0.10612
70	0.103851	0.105263
71	0.103007	0.104411
72	0.102166	0.10356
73	0.101328	0.102712
74	0.100493	0.101867
75	0.099659	0.101025
76	0.0988291	0.100186
77	0.0980019	0.0993491
78	0.0971781	0.0985155
79	0.0963561	0.0976853
80	0.0955377	0.0968573
81	0.0947215	0.0960316
82	0.0939083	0.0952098
83	0.0930977	0.0943937
84	0.0922932	0.093581
85	0.0914919	0.0927709
86	0.0906934	0.0919651
87	0.0898994	0.0911636
88	0.0891086	0.0903655
89	0.0883215	0.0895709
90	0.0875387	0.0887813
91	0.0867603	0.0879957
92	0.0859854	0.0872152
93	0.0852154	0.0864384
94	0.0844497	0.0856686
95	0.0836903	0.0849039
96	0.0829359	0.0841445
97	0.0821872	0.0833913
98	0.0814437	0.0826434
99	0.0807068	0.0819011
100	0.0799744	0.0811645
101	0.079248	0.0804343
102	0.0785276	0.079711
103	0.0778137	0.0789941
104	0.0771058	0.0782833
105	0.0764049	0.0775791
106	0.0757101	0.0768819
107	0.075022	0.0761915
108	0.0743413	0.0755084
109	0.0736674	0.0748326
110	0.0730004	0.0741642
111	0.0723408	0.073503
112	0.0716886	0.07285
113	0.071044	0.0722045
114	0.0704068	0.0715667
115	0.0697773	0.0709368
116	0.0691558	0.0703152
117	0.0685421	0.0697014
118	0.0679361	0.0690954
119	0.0673382	0.0684977
120	0.0667484	0.0679083
121	0.0661666	0.0673271
122	0.065593	0.0667538
123	0.0650263	0.0661888
124	0.0644687	0.0656318
125	0.063919	0.0650828
126	0.0633774	0.0645428
127	0.0628439	0.0640098
128	0.0623179	0.0634857
129	0.0618004	0.0629692
130	0.0612905	0.0624609
131	0.060789	0.0619611
132	0.0602954	0.0614687
133	0.0598097	0.0609848
134	0.0593315	0.0605082
135	0.0588615	0.0600394
136	0.058399	0.0595789
137	0.0579444	0.0591258
138	0.0574971	0.0586801
139	0.0570576	0.0582421
140	0.0566252	0.0578116
141	0.0562	0.0573883
142	0.0557829	0.0569728
143	0.0553725	0.0565643
144	0.0549697	0.0561633
145	0.0545738	0.0557693
146	0.054185	0.0553818
147	0.053803	0.0550015
148	0.0534281	0.0546283
149	0.0530597	0.0542615
150	0.0526978	0.0539014
151	0.0523427	0.0535482
152	0.051994	0.0532011
153	0.0516521	0.0528605
154	0.0513163	0.0525264
155	0.0509868	0.0521982
156	0.0506633	0.0518763
157	0.0503462	0.0515604
158	0.0500346	0.0512506
159	0.049729	0.0509464
160	0.049429	0.0506478
161	0.0491349	0.0503549
162	0.0488461	0.0500675
163	0.0485629	0.0497855
164	0.0482851	0.0495092
165	0.0480129	0.049238
166	0.0477454	0.0489715
167	0.0474831	0.0487103
168	0.0472259	0.0484544
169	0.0469736	0.0482032
170	0.0467264	0.0479571
171	0.0464839	0.0477155
172	0.0462459	0.0474783
173	0.0460125	0.0472461
174	0.045784	0.0470185
175	0.0455594	0.0467948
176	0.0453395	0.0465759
177	0.0451235	0.0463605
178	0.0449118	0.0461496
179	0.044704	0.0459427
180	0.0445004	0.0457395
181	0.0443006	0.0455402
182	0.0441045	0.0453449
183	0.0439123	0.0451532
184	0.0437236	0.0449649
185	0.043539	0.0447804
186	0.0433573	0.0445996
187	0.043179	0.0444215
188	0.0430047	0.0442475
189	0.042833	0.0440764
190	0.042665	0.0439085
191	0.0424999	0.0437441
192	0.0423382	0.0435826
193	0.0421796	0.0434238
194	0.0420235	0.0432683
195	0.0418707	0.0431156
196	0.0417207	0.0429657
197	0.0415735	0.0428187
198	0.0414291	0.0426743
199	0.041287	0.0425325
200	0.0411482	0.0423933
201	0.0410113	0.042257
202	0.0408773	0.0421227
203	0.0407455	0.041991
204	0.040616	0.0418614
205	0.0404894	0.0417347
206	0.0403647	0.04161
207	0.0402425	0.0414875
208	0.0401223	0.0413674
209	0.0400044	0.0412492
210	0.0398884	0.0411333
211	0.0397745	0.0410192
212	0.0396629	0.0409074
213	0.0395531	0.0407973
214	0.0394452	0.0406893
215	0.0393392	0.040583
216	0.0392352	0.0404785
217	0.0391329	0.0403762
218	0.0390323	0.0402753
219	0.0389337	0.0401763
220	0.0388366	0.0400791
221	0.0387413	0.0399833
222	0.0386475	0.039889
223	0.0385554	0.0397966
224	0.0384649	0.0397057
225	0.0383758	0.0396165
226	0.0382884	0.0395284
227	0.0382022	0.039442
228	0.0381175	0.0393569
229	0.0380345	0.0392733
230	0.0379526	0.0391911
231	0.0378721	0.0391102
232	0.037793	0.0390306
233	0.0377153	0.0389524
234	0.0376387	0.0388754
235	0.0375634	0.0387995
236	0.0374894	0.0387248
237	0.0374163	0.0386514
238	0.0373447	0.0385792
239	0.0372739	0.0385082
240	0.0372046	0.0384382
241	0.0371361	0.0383693
242	0.0370688	0.0383015
243	0.0370025	0.0382348
244	0.0369375	0.0381692
245	0.0368733	0.0381044
246	0.0368101	0.0380405
247	0.0367478	0.0379778
248	0.0366867	0.0379161
249	0.0366263	0.0378553
250	0.036567	0.0377953
251	0.0365084	0.0377362
252	0.0364508	0.037678
253	0.036394	0.0376207
254	0.036338	0.0375641
255	0.036283	0.0375086
256	0.0362286	0.0374538
257	0.0361752	0.0373996
258	0.0361226	0.0373464
259	0.0360707	0.0372938
260	0.0360197	0.0372421
261	0.0359691	0.0371912
262	0.0359195	0.037141
263	0.0358702	0.0370915
264	0.0358222	0.0370424
265	0.0357744	0.0369944
266	0.0357275	0.0369469
267	0.0356812	0.0369
268	0.0356356	0.0368538
269	0.0355908	0.0368082
270	0.0355464	0.0367633
271	0.0355026	0.0367188
272	0.0354593	0.0366752
273	0.0354168	0.036632
274	0.0353749	0.0365895
275	0.0353334	0.0365475
276	0.0352926	0.036506
277	0.0352523	0.0364651
278	0.0352126	0.0364249
279	0.0351734	0.0363849
280	0.0351346	0.0363457
281	0.0350964	0.0363069
282	0.0350587	0.0362686
283	0.0350217	0.0362308
284	0.0349849	0.0361935
285	0.0349486	0.0361568
286	0.0349129	0.0361205
287	0.0348776	0.0360846
288	0.0348427	0.0360491
289	0.0348083	0.0360142
290	0.0347743	0.0359797
291	0.0347408	0.0359456
292	0.0347077	0.0359119
293	0.034675	0.0358785
294	0.0346426	0.0358457
295	0.0346109	0.0358132
296	0.0345791	0.0357812
297	0.034548	0.0357494
298	0.0345174	0.0357183
299	0.0344869	0.0356873
300	0.0344568	0.0356568
301	0.0344272	0.0356266
302	0.0343979	0.0355966
303	0.0343692	0.0355671
304	0.0343404	0.0355381
305	0.0343122	0.0355094
306	0.0342842	0.0354807
307	0.0342567	0.0354527
308	0.0342293	0.0354249
309	0.0342024	0.0353974
310	0.0341759	0.0353702
311	0.0341495	0.0353434
312	0.0341235	0.0353169
313	0.0340977	0.0352904
314	0.0340724	0.0352646
315	0.0340472	0.0352387
316	0.0340223	0.0352134
317	0.0339977	0.0351884
318	0.0339734	0.0351635
319	0.0339493	0.0351389
320	0.0339256	0.0351147
321	0.033902	0.0350907
322	0.0338789	0.0350668
323	0.0338557	0.0350435
324	0.0338332	0.0350201
325	0.0338106	0.034997
326	0.0337883	0.0349743
327	0.0337663	0.0349518
328	0.0337446	0.0349297
329	0.0337231	0.0349076
330	0.0337017	0.0348857
331	0.0336805	0.0348641
332	0.0336598	0.0348426
333	0.0336391	0.0348217
334	0.0336188	0.0348008
335	0.0335986	0.0347799
336	0.0335785	0.0347596
337	0.0335587	0.0347393
338	0.0335391	0.0347192
339	0.0335197	0.0346992
340	0.0335006	0.0346798
341	0.0334816	0.0346601
342	0.0334626	0.0346409
343	0.0334442	0.0346218
344	0.0334257	0.0346028
345	0.0334075	0.0345843
346	0.0333894	0.0345656
347	0.0333716	0.0345474
348	0.033354	0.0345292
349	0.0333364	0.0345112
350	0.0333189	0.0344935
351	0.0333018	0.0344758
352	0.0332847	0.0344582
353	0.0332681	0.0344411
354	0.0332512	0.0344239
355	0.0332347	0.0344069
356	0.0332185	0.0343901
357	0.0332023	0.0343734
358	0.0331864	0.034357
359	0.0331704	0.0343405
360	0.0331547	0.0343244
361	0.033139	0.0343084
362	0.0331238	0.0342925
363	0.0331083	0.034277
364	0.0330932	0.0342612
365	0.0330782	0.0342458
366	0.0330633	0.0342305
367	0.0330487	0.0342155
368	0.033034	0.0342004
369	0.0330196	0.0341854
370	0.0330051	0.0341708
371	0.0329911	0.0341561
372	0.032977	0.0341416
373	0.0329631	0.0341273
374	0.0329492	0.0341129
375	0.0329355	0.0340989
376	0.0329219	0.034085
377	0.0329086	0.0340712
378	0.0328953	0.0340573
379	0.0328821	0.0340439
380	0.0328688	0.0340303
381	0.0328561	0.034017
382	0.0328431	0.0340036
383	0.0328304	0.0339904
384	0.0328178	0.0339775
385	0.0328052	0.0339646
386	0.032793	0.0339517
387	0.0327805	0.0339391
388	0.0327683	0.0339264
389	0.0327564	0.033914
390	0.0327443	0.0339016
391	0.0327323	0.0338892
392	0.0327206	0.0338772
393	0.032709	0.0338651
394	0.0326973	0.0338531
395	0.0326859	0.0338415
396	0.0326744	0.0338295
397	0.0326632	0.0338177
398	0.032652	0.0338062
399	0.032641	0.0337949
400	0.03263	0.0337835
401	0.032619	0.0337721
402	0.0326082	0.0337609
403	0.0325973	0.0337498
404	0.0325868	0.0337387
405	0.0325763	0.0337277
406	0.0325658	0.033717
407	0.0325553	0.0337061
408	0.032545	0.0336955
409	0.0325349	0.033685
410	0.0325247	0.0336745
411	0.0325145	0.033664
412	0.0325047	0.0336536
413	0.0324946	0.0336435
414	0.0324848	0.0336332
415	0.0324751	0.0336232
416	0.0324655	0.033613
417	0.0324559	0.0336031
418	0.0324464	0.0335933
419	0.032437	0.0335836
420	0.0324275	0.0335738
421	0.0324183	0.0335642
422	0.032409	0.0335547
423	0.0323998	0.0335451
424	0.0323908	0.0335359
425	0.0323818	0.0335262
426	0.0323728	0.033517
427	0.0323639	0.0335078
428	0.0323551	0.0334985
429	0.0323464	0.0334895
430	0.0323377	0.0334805
431	0.0323291	0.0334717
432	0.0323206	0.0334627
433	0.032312	0.033454
434	0.0323035	0.0334451
435	0.0322952	0.0334364
436	0.0322871	0.033428
437	0.0322788	0.0334194
438	0.0322707	0.0334108
439	0.0322626	0.0334024
440	0.0322544	0.033394
441	0.0322464	0.0333856
442	0.0322385	0.0333774
443	0.0322305	0.0333694
444	0.0322229	0.0333612
445	0.0322151	0.0333531
446	0.0322073	0.033345
447	0.0321997	0.0333371
448	0.032192	0.0333292
449	0.0321845	0.0333211
450	0.032177	0.0333136
451	0.0321698	0.0333058
452	0.0321623	0.0332981
453	0.032155	0.0332903
454	0.0321476	0.0332828
455	0.0321403	0.0332753
456	0.0321332	0.0332676
457	0.0321262	0.0332603
458	0.0321189	0.033253
459	0.032112	0.0332455
460	0.032105	0.0332384
461	0.032098	0.033231
462	0.0320912	0.033224
463	0.0320843	0.0332168
464	0.0320776	0.0332097
465	0.0320707	0.0332027
466	0.0320641	0.0331957
467	0.0320575	0.0331887
468	0.032051	0.0331817
469	0.0320442	0.0331749
470	0.0320376	0.0331682
471	0.0320312	0.0331614
472	0.0320248	0.0331546
473	0.0320184	0.033148
474	0.0320123	0.0331414
475	0.0320058	0.0331347
476	0.0319995	0.0331281
477	0.0319932	0.0331217
478	0.0319869	0.0331153
479	0.0319808	0.0331088
480	0.0319747	0.0331024
481	0.0319685	0.033096
482	0.0319626	0.0330897
483	0.0319566	0.0330834
484	0.0319507	0.0330772
485	0.0319448	0.033071
486	0.0319389	0.0330649
487	0.0319331	0.0330588
488	0.0319274	0.0330527
489	0.0319214	0.0330467
490	0.031916	0.0330407
491	0.0319101	0.0330348
492	0.0319043	0.0330288
493	0.0318988	0.033023
494	0.0318932	0.033017
495	0.0318877	0.0330112
496	0.0318821	0.0330054
497	0.0318766	0.0329996
498	0.0318711	0.0329941
499	0.0318657	0.0329884
500	0.0318604	0.0329826
501	0.0318551	0.032977
502	0.0318498	0.0329715
503	0.0318445	0.032966
504	0.0318392	0.0329604
505	0.0318339	0.0329549
506	0.0318287	0.0329496
507	0.0318236	0.0329442
508	0.0318185	0.0329387
509	0.0318134	0.0329333
510	0.0318083	0.0329281
511	0.0318031	0.0329227
512	0.0317981	0.0329174
513	0.0317931	0.0329122
514	0.0317883	0.032907
515	0.0317833	0.0329017
516	0.0317783	0.0328967
517	0.0317734	0.0328916
518	0.0317687	0.0328866
519	0.0317638	0.0328815
520	0.0317592	0.0328764
521	0.0317543	0.0328714
522	0.0317497	0.0328665
523	0.031745	0.0328615
524	0.0317402	0.0328566
525	0.0317356	0.0328518
526	0.0317308	0.0328468
527	0.0317262	0.0328421
528	0.0317217	0.0328374
529	0.0317174	0.0328324
530	0.0317127	0.0328276
531	0.0317082	0.0328228
532	0.0317037	0.0328183
533	0.0316993	0.0328136
534	0.031695	0.0328087
535	0.0316904	0.0328042
536	0.031686	0.0327995
537	0.0316817	0.0327951
538	0.0316773	0.0327905
539	0.0316729	0.032786
540	0.0316687	0.0327815
541	0.0316644	0.0327769
542	0.0316602	0.0327725
543	0.031656	0.032768
544	0.0316517	0.0327636
545	0.0316475	0.0327592
546	0.0316435	0.0327549
547	0.0316392	0.0327506
548	0.0316354	0.0327462
549	0.0316311	0.0327419
550	0.0316272	0.0327376
551	0.0316232	0.0327333
552	0.0316192	0.032729
553	0.0316152	0.0327247
554	0.031611	0.0327208
555	0.0316071	0.0327165
556	0.0316032	0.0327124
557	0.0315992	0.0327082
558	0.0315954	0.0327041
559	0.0315914	0.0327
560	0.0315876	0.0326959
561	0.0315837	0.0326919
562	0.0315799	0.0326879
563	0.0315762	0.0326838
564	0.0315724	0.0326799
565	0.0315684	0.0326758
566	0.0315648	0.0326719
567	0.031561	0.0326678
568	0.0315574	0.0326639
569	0.0315537	0.03266
570	0.0315501	0.0326562
571	0.0315464	0.0326524
572	0.0315427	0.0326485
573	0.0315391	0.0326448
574	0.0315356	0.0326407
575	0.031532	0.032637
576	0.0315284	0.0326334
577	0.0315247	0.0326295
578	0.0315213	0.0326258
579	0.0315177	0.0326221
580	0.0315144	0.0326183
581	0.0315107	0.0326146
582	0.0315072	0.0326111
583	0.0315039	0.0326075
584	0.0315003	0.0326037
585	0.0314968	0.0326002
586	0.0314934	0.0325965
587	0.0314901	0.032593
588	0.0314868	0.0325893
589	0.0314833	0.0325858
590	0.0314801	0.0325822
591	0.0314767	0.0325788
592	0.0314734	0.0325751
593	0.0314701	0.0325717
594	0.0314668	0.0325682
595	0.0314635	0.0325647
596	0.0314602	0.0325612
597	0.0314569	0.0325578
598	0.0314538	0.0325546
599	0.0314505	0.0325512
600	0.0314472	0.0325477
601	0.0314441	0.0325445
602	0.0314409	0.0325412
603	0.0314378	0.0325376
604	0.0314347	0.0325344
605	0.0314315	0.0325311
606	0.0314284	0.0325277
607	0.0314252	0.0325244
608	0.0314222	0.032521
609	0.0314193	0.0325176
610	0.0314162	0.0325146
611	0.031413	0.0325114
612	0.0314101	0.0325082
613	0.031407	0.0325049
614	0.0314041	0.0325017
615	0.0314009	0.0324985
616	0.031398	0.0324953
617	0.0313951	0.0324921
618	0.0313919	0.0324889
619	0.0313889	0.0324858
620	0.0313861	0.0324828
621	0.0313831	0.0324797
622	0.0313802	0.0324766
623	0.0313773	0.0324735
624	0.0313744	0.0324704
625	0.0313717	0.0324674
626	0.0313686	0.0324644
627	0.0313658	0.0324612
628	0.031363	0.0324584
629	0.0313602	0.0324553
630	0.0313574	0.0324523
631	0.0313544	0.0324494
632	0.0313517	0.0324463
633	0.0313488	0.0324434
634	0.0313462	0.0324405
635	0.0313434	0.0324375
636	0.0313407	0.0324346
637	0.0313377	0.0324317
638	0.031335	0.0324288
639	0.0313325	0.0324259
640	0.0313298	0.032423
641	0.031327	0.0324202
642	0.0313244	0.0324173
643	0.0313215	0.0324144
644	0.0313189	0.0324116
645	0.0313162	0.0324086
646	0.0313135	0.0324059
647	0.0313109	0.032403
648	0.0313083	0.0324002
649	0.0313057	0.0323975
650	0.031303	0.0323947
651	0.0313004	0.032392
652	0.0312977	0.0323892
653	0.0312953	0.0323864
654	0.0312925	0.0323837
655	0.03129	0.032381
656	0.0312875	0.0323782
657	0.0312848	0.0323755
658	0.0312825	0.0323727
659	0.0312798	0.0323699
660	0.0312773	0.0323674
661	0.0312747	0.0323647
662	0.0312722	0.0323621
663	0.0312697	0.0323594
664	0.0312673	0.0323568
665	0.0312647	0.0323541
666	0.0312622	0.0323514
667	0.0312598	0.0323488
668	0.0312572	0.0323461
669	0.031255	0.0323436
670	0.0312525	0.032341
671	0.03125	0.0323386
672	0.0312476	0.0323359
673	0.0312452	0.0323333
674	0.0312429	0.0323307
675	0.0312403	0.0323281
676	0.0312378	0.0323256
677	0.0312355	0.0323231
678	0.0312333	0.0323205
679	0.0312309	0.0323181
680	0.0312285	0.0323155
681	0.0312259	0.0323131
682	0.0312237	0.0323105
683	0.0312214	0.032308
684	0.0312191	0.0323054
685	0.0312168	0.0323029
686	0.0312144	0.0323006
687	0.0312122	0.0322981
688	0.0312099	0.0322956
689	0.0312076	0.0322931
690	0.0312051	0.0322908
691	0.0312029	0.0322884
692	0.0312008	0.032286
693	0.0311984	0.0322837
694	0.0311961	0.0322812
695	0.0311939	0.0322788
696	0.0311915	0.0322763
697	0.0311894	0.0322741
698	0.0311872	0.0322715
699	0.0311849	0.0322693
700	0.0311826	0.0322669
701	0.0311806	0.0322646
702	0.0311784	0.0322621
703	0.0311762	0.0322598
704	0.0311739	0.0322575
705	0.0311717	0.0322551
706	0.0311695	0.0322529
707	0.0311673	0.0322505
708	0.0311653	0.0322482
709	0.031163	0.0322459
710	0.0311608	0.0322436
711	0.0311587	0.0322414
712	0.0311566	0.032239
713	0.0311544	0.0322368
714	0.0311524	0.0322345
715	0.0311502	0.0322323
716	0.031148	0.0322301
717	0.0311459	0.0322278
718	0.0311436	0.0322255
719	0.0311417	0.0322234
720	0.0311395	0.0322212
721	0.0311376	0.032219
722	0.0311353	0.0322167
723	0.0311333	0.0322145
724	0.0311313	0.0322123
725	0.0311292	0.0322101
726	0.0311271	0.0322078
727	0.0311251	0.0322056
728	0.0311231	0.0322035
729	0.0311211	0.0322013
730	0.031119	0.0321992
731	0.0311169	0.0321971
732	0.0311149	0.0321948
733	0.0311129	0.0321927
734	0.0311108	0.0321906
735	0.0311088	0.0321884
736	0.0311068	0.0321862
737	0.0311048	0.032184
738	0.0311029	0.0321819
739	0.0311008	0.0321798
740	0.0310989	0.0321778
741	0.0310968	0.0321756
742	0.0310948	0.0321734
743	0.0310929	0.0321713
744	0.0310911	0.0321691
745	0.031089	0.0321672
746	0.0310872	0.0321652
747	0.0310851	0.0321631
748	0.0310831	0.032161
749	0.0310811	0.0321589
750	0.0310793	0.0321568
751	0.0310773	0.0321547
752	0.0310754	0.0321527
753	0.0310736	0.0321506
754	0.0310716	0.0321487
755	0.0310696	0.0321467
756	0.0310677	0.0321446
757	0.0310659	0.0321426
758	0.031064	0.0321407
759	0.0310622	0.0321387
760	0.0310602	0.0321366
761	0.0310583	0.0321347
762	0.0310564	0.0321325
763	0.0310546	0.0321305
764	0.0310527	0.0321285
765	0.0310508	0.0321265
766	0.0310491	0.0321245
767	0.0310472	0.0321225
768	0.0310452	0.0321205
769	0.0310434	0.0321186
770	0.0310415	0.0321166
771	0.0310397	0.0321147
772	0.031038	0.0321128
773	0.031036	0.0321108
774	0.0310341	0.0321088
775	0.0310323	0.0321069
776	0.0310306	0.032105
777	0.0310289	0.0321031
778	0.0310269	0.0321012
779	0.031025	0.0320991
780	0.0310233	0.0320972
781	0.0310215	0.0320953
782	0.0310196	0.0320934
783	0.0310179	0.0320915
784	0.031016	0.0320897
785	0.0310143	0.0320877
786	0.0310125	0.0320859
787	0.0310107	0.0320839
788	0.0310089	0.032082
789	0.0310073	0.0320801
790	0.0310055	0.0320783
791	0.0310036	0.0320764
792	0.0310019	0.0320745
793	0.031	0.0320727
794	0.0309983	0.0320708
795	0.0309966	0.032069
796	0.0309947	0.0320671
797	0.0309931	0.0320651
798	0.0309915	0.0320634
799	0.0309896	0.0320615
800	0.0309879	0.0320597
801	0.0309862	0.0320579
802	0.0309845	0.032056
803	0.0309827	0.0320542
804	0.030981	0.0320524
805	0.0309794	0.0320506
806	0.0309776	0.0320487
807	0.0309759	0.0320469
808	0.0309742	0.0320451
809	0.0309726	0.0320432
810	0.0309708	0.0320414
811	0.0309691	0.0320396
812	0.0309673	0.0320379
813	0.0309659	0.0320361
814	0.030964	0.0320343
815	0.0309624	0.0320325
816	0.0309607	0.0320308
817	0.0309591	0.0320289
818	0.0309573	0.0320271
819	0.0309557	0.0320253
820	0.0309539	0.0320237
821	0.0309523	0.0320218
822	0.0309506	0.0320201
823	0.0309491	0.0320184
824	0.0309473	0.0320165
825	0.0309457	0.0320148
826	0.0309439	0.032013
827	0.0309423	0.0320113
828	0.0309407	0.0320097
829	0.030939	0.0320078
830	0.0309374	0.0320061
831	0.030936	0.0320043
832	0.0309343	0.0320026
833	0.0309326	0.032001
834	0.030931	0.0319993
835	0.0309293	0.0319976
836	0.0309277	0.0319959
837	0.030926	0.0319941
838	0.0309244	0.0319923
839	0.0309229	0.0319905
840	0.0309213	0.0319888
841	0.0309197	0.0319872
842	0.0309179	0.0319855
843	0.0309164	0.0319839
844	0.0309149	0.0319822
845	0.0309133	0.0319805
846	0.0309117	0.0319787
847	0.0309101	0.0319771
848	0.0309085	0.0319754
849	0.0309069	0.0319738
850	0.0309053	0.0319722
851	0.0309038	0.0319704
852	0.0309021	0.0319688
853	0.0309006	0.0319671
854	0.030899	0.0319652
855	0.0308974	0.0319636
856	0.0308959	0.0319618
857	0.0308943	0.0319602
858	0.0308927	0.0319586
859	0.0308912	0.0319569
860	0.0308896	0.0319554
861	0.0308882	0.0319537
862	0.0308867	0.031952
863	0.0308851	0.0319504
864	0.0308835	0.0319488
865	0.0308819	0.0319471
866	0.0308804	0.0319455
867	0.0308789	0.0319439
868	0.0308772	0.0319422
869	0.0308759	0.0319406
870	0.0308742	0.031939
871	0.0308727	0.0319374
872	0.0308711	0.0319357
873	0.0308697	0.0319341
874	0.0308682	0.0319325
875	0.0308666	0.0319308
876	0.0308651	0.0319292
877	0.0308636	0.0319276
878	0.0308621	0.031926
879	0.0308605	0.0319244
880	0.0308589	0.0319228
881	0.0308576	0.0319212
882	0.0308561	0.0319196
883	0.0308545	0.031918
884	0.030853	0.0319165
885	0.0308515	0.0319149
886	0.0308501	0.0319132
887	0.0308486	0.0319116
888	0.0308469	0.0319099
889	0.0308456	0.0319083
890	0.030844	0.0319068
891	0.0308425	0.0319053
892	0.0308411	0.0319038
893	0.0308397	0.0319023
894	0.030838	0.0319007
895	0.0308367	0.0318991
896	0.0308351	0.0318975
897	0.0308336	0.031896
898	0.0308322	0.0318945
899	0.0308307	0.031893
900	0.0308292	0.0318913
901	0.0308279	0.0318896
902	0.0308264	0.0318881
903	0.0308248	0.0318866
904	0.0308234	0.031885
905	0.0308219	0.0318835
906	0.0308204	0.031882
907	0.030819	0.0318805
908	0.0308176	0.0318789
909	0.0308161	0.0318774
910	0.0308147	0.0318758
911	0.0308132	0.0318744
912	0.0308118	0.0318728
913	0.0308104	0.0318713
914	0.0308089	0.0318698
915	0.0308075	0.0318682
916	0.030806	0.0318667
917	0.0308046	0.0318652
918	0.0308032	0.0318636
919	0.0308018	0.0318621
920	0.0308003	0.0318606
921	0.0307989	0.0318591
922	0.0307975	0.0318577
923	0.0307959	0.0318562
924	0.0307947	0.0318546
925	0.0307932	0.0318531
926	0.0307919	0.0318516
927	0.0307904	0.03185
928	0.0307889	0.0318485
929	0.0307875	0.0318471
930	0.0307861	0.0318456
931	0.0307847	0.031844
932	0.0307832	0.0318426
933	0.0307818	0.0318411
934	0.0307806	0.0318397
935	0.0307792	0.0318382
936	0.0307777	0.0318367
937	0.0307762	0.0318352
938	0.0307748	0.0318337
939	0.0307735	0.0318322
940	0.0307721	0.0318308
941	0.0307707	0.0318294
942	0.0307693	0.0318279
943	0.0307678	0.0318264
944	0.0307666	0.031825
945	0.0307652	0.0318234
946	0.0307638	0.031822
947	0.0307625	0.0318204
948	0.0307611	0.0318189
949	0.0307598	0.0318175
950	0.0307582	0.0318161
951	0.0307569	0.0318147
952	0.0307554	0.0318132
953	0.0307541	0.0318117
954	0.0307527	0.0318102
955	0.0307513	0.0318089
956	0.03075	0.0318075
957	0.0307487	0.031806
958	0.0307474	0.0318044
959	0.030746	0.031803
960	0.0307447	0.0318016
961	0.0307432	0.0318002
962	0.0307419	0.0317987
963	0.0307406	0.0317973
964	0.0307392	0.0317958
965	0.0307378	0.0317945
966	0.0307365	0.0317929
967	0.0307351	0.0317914
968	0.0307338	0.03179
969	0.0307325	0.0317886
970	0.0307309	0.0317872
971	0.0307297	0.0317859
972	0.0307283	0.0317845
973	0.0307269	0.031783
974	0.0307255	0.0317817
975	0.0307242	0.0317802
976	0.0307229	0.0317788
977	0.0307216	0.0317773
978	0.0307203	0.0317759
979	0.030719	0.0317745
980	0.0307175	0.0317732
981	0.0307163	0.0317717
982	0.0307149	0.0317703
983	0.0307136	0.0317689
984	0.0307123	0.0317674
985	0.0307109	0.0317659
986	0.0307096	0.0317646
987	0.0307084	0.0317632
988	0.0307071	0.0317617
989	0.0307056	0.0317603
990	0.0307045	0.031759
991	0.030703	0.0317577
992	0.0307018	0.0317563
993	0.0307004	0.031755
994	0.030699	0.0317535
995	0.0306978	0.0317521
996	0.0306965	0.0317507
997	0.0306951	0.0317493
998	0.0306938	0.031748
999	0.0306925	0.0317467
1000	0.0306911	0.0317452
1001	0.03069	0.0317438
1002	0.0306886	0.0317425
1003	0.0306872	0.0317411
1004	0.030686	0.0317397
1005	0.0306847	0.0317384
1006	0.0306835	0.031737
1007	0.0306821	0.0317355
1008	0.0306808	0.0317342
1009	0.0306794	0.0317328
1010	0.0306782	0.0317315
1011	0.0306768	0.0317302
1012	0.0306756	0.0317288
1013	0.0306744	0.0317274
1014	0.0306729	0.0317261
1015	0.0306719	0.0317247
1016	0.0306705	0.0317233
1017	0.0306691	0.0317218
1018	0.0306678	0.0317206
1019	0.0306666	0.0317192
1020	0.0306652	0.0317178
1021	0.030664	0.0317165
1022	0.0306626	0.0317151
1023	0.0306613	0.0317138
1024	0.03066	0.0317124
1025	0.0306587	0.031711
1026	0.0306575	0.0317096
1027	0.0306564	0.0317083
1028	0.030655	0.0317071
1029	0.0306538	0.0317058
1030	0.0306525	0.0317044
1031	0.030651	0.031703
1032	0.0306498	0.0317017
1033	0.0306487	0.0317004
1034	0.0306473	0.0316991
1035	0.0306461	0.0316978
1036	0.0306448	0.0316964
1037	0.0306436	0.0316951
1038	0.0306423	0.0316936
1039	0.030641	0.0316923
1040	0.0306398	0.031691
1041	0.0306384	0.0316896
1042	0.0306371	0.0316883
1043	0.0306359	0.031687
1044	0.0306346	0.0316857
1045	0.0306334	0.0316844
1046	0.0306321	0.0316831
1047	0.0306309	0.0316817
1048	0.0306296	0.0316804
1049	0.0306284	0.0316791
1050	0.0306272	0.0316778
1051	0.030626	0.0316765
1052	0.0306247	0.0316752
1053	0.0306235	0.0316738
1054	0.0306222	0.0316726
1055	0.0306208	0.0316713
1056	0.0306196	0.03167
1057	0.0306185	0.0316687
1058	0.0306173	0.0316674
1059	0.0306161	0.0316661
1060	0.0306148	0.0316647
1061	0.0306135	0.0316634
1062	0.0306123	0.0316621
1063	0.030611	0.0316608
1064	0.0306097	0.0316595
1065	0.0306085	0.0316582
1066	0.0306072	0.0316568
1067	0.0306059	0.0316554
1068	0.0306048	0.0316541
1069	0.0306038	0.0316528
1070	0.0306024	0.0316515
1071	0.030601	0.0316503
1072	0.0305999	0.031649
1073	0.0305986	0.0316477
1074	0.0305974	0.0316463
1075	0.0305961	0.031645
1076	0.030595	0.0316437
1077	0.0305937	0.0316424
1078	0.0305924	0.0316411
1079	0.0305911	0.03164
1080	0.0305901	0.0316387
1081	0.0305888	0.0316373
1082	0.0305876	0.0316361
1083	0.0305863	0.0316349
1084	0.0305852	0.0316335
1085	0.0305839	0.0316322
1086	0.0305827	0.031631
1087	0.0305815	0.0316297
1088	0.0305802	0.0316284
1089	0.0305789	0.0316272
1090	0.0305779	0.0316259
1091	0.0305767	0.0316246
1092	0.0305753	0.0316234
1093	0.0305743	0.0316222
1094	0.0305729	0.0316209
1095	0.0305717	0.0316196
1096	0.0305706	0.0316183
1097	0.0305694	0.0316171
1098	0.0305682	0.0316158
1099	0.0305669	0.0316145
1100	0.0305658	0.0316131
1101	0.0305645	0.031612
1102	0.0305634	0.0316107
1103	0.0305622	0.0316093
1104	0.0305609	0.0316081
1105	0.0305596	0.0316068
1106	0.0305585	0.0316056
1107	0.0305573	0.0316043
1108	0.0305561	0.031603
1109	0.0305549	0.0316017
1110	0.0305537	0.0316004
1111	0.0305525	0.0315992
1112	0.0305512	0.031598
1113	0.0305502	0.0315968
1114	0.030549	0.0315956
1115	0.0305478	0.0315943
1116	0.0305465	0.0315931
1117	0.0305453	0.0315917
1118	0.0305441	0.0315905
1119	0.030543	0.0315893
1120	0.0305417	0.0315881
1121	0.0305406	0.0315868
1122	0.0305394	0.0315856
1123	0.0305381	0.0315842
1124	0.0305369	0.031583
1125	0.0305357	0.0315818
1126	0.0305346	0.0315805
1127	0.0305335	0.0315794
1128	0.0305322	0.0315781
1129	0.0305311	0.0315768
1130	0.0305299	0.0315757
1131	0.0305288	0.0315744
1132	0.0305276	0.031573
1133	0.0305264	0.0315718
1134	0.0305252	0.0315706
1135	0.030524	0.0315693
1136	0.0305228	0.0315681
1137	0.0305216	0.031567
1138	0.0305205	0.0315657
1139	0.0305192	0.0315644
1140	0.0305182	0.0315632
1141	0.030517	0.031562
1142	0.0305159	0.0315607
1143	0.0305146	0.0315595
1144	0.0305134	0.0315583
1145	0.0305123	0.0315571
1146	0.030511	0.0315559
1147	0.0305099	0.0315546
1148	0.0305086	0.0315533
1149	0.0305075	0.0315522
1150	0.0305063	0.031551
1151	0.0305052	0.0315498
1152	0.030504	0.0315485
1153	0.030503	0.0315473
1154	0.0305017	0.0315461
1155	0.0305005	0.0315449
1156	0.0304994	0.0315436
1157	0.0304983	0.0315424
1158	0.0304972	0.0315412
1159	0.030496	0.03154
1160	0.0304948	0.0315388
1161	0.0304936	0.0315376
1162	0.0304924	0.0315363
1163	0.0304913	0.0315352
1164	0.03049	0.0315339
1165	0.0304888	0.0315328
1166	0.0304877	0.0315316
1167	0.0304867	0.0315304
1168	0.0304855	0.0315292
1169	0.0304843	0.0315279
1170	0.0304832	0.0315268
1171	0.030482	0.0315256
1172	0.0304808	0.0315243
1173	0.0304797	0.0315231
1174	0.0304786	0.0315219
1175	0.0304773	0.0315206
1176	0.0304763	0.0315195
1177	0.0304753	0.0315182
1178	0.0304742	0.0315169
1179	0.0304729	0.0315158
1180	0.0304718	0.0315146
1181	0.0304707	0.0315134
1182	0.0304695	0.0315122
1183	0.0304683	0.031511
1184	0.0304674	0.0315098
1185	0.0304661	0.0315085
1186	0.0304648	0.0315074
1187	0.0304637	0.0315063
1188	0.0304626	0.031505
1189	0.0304614	0.0315039
1190	0.0304603	0.0315027
1191	0.0304591	0.0315015
1192	0.0304581	0.0315003
1193	0.0304569	0.0314991
1194	0.0304558	0.0314979
1195	0.0304547	0.0314968
1196	0.0304534	0.0314956
1197	0.0304524	0.0314944
1198	0.0304511	0.0314932
1199	0.0304501	0.031492
1200	0.0304488	0.0314909
1201	0.0304477	0.0314896
1202	0.0304466	0.0314884
1203	0.0304455	0.0314872
1204	0.0304443	0.0314861
1205	0.0304433	0.0314849
1206	0.0304421	0.0314836
1207	0.0304411	0.0314825
1208	0.03044	0.0314813
1209	0.0304386	0.0314801
1210	0.0304376	0.0314789
1211	0.0304365	0.0314777
1212	0.0304354	0.0314765
1213	0.0304343	0.0314754
1214	0.030433	0.0314742
1215	0.0304319	0.0314731
1216	0.0304307	0.0314719
1217	0.0304296	0.0314707
1218	0.0304286	0.0314695
1219	0.0304275	0.0314683
1220	0.0304263	0.0314671
1221	0.0304253	0.0314659
1222	0.0304242	0.0314649
1223	0.0304229	0.0314637
1224	0.0304218	0.0314625
1225	0.0304207	0.0314613
1226	0.0304196	0.0314602
1227	0.0304185	0.031459
1228	0.0304173	0.0314578
1229	0.0304162	0.0314566
1230	0.0304151	0.0314555
1231	0.030414	0.0314543
1232	0.030413	0.0314531
1233	0.0304119	0.0314519
1234	0.0304107	0.0314507
1235	0.0304095	0.0314495
1236	0.0304086	0.0314484
1237	0.0304074	0.0314472
1238	0.0304063	0.031446
1239	0.030405	0.0314449
1240	0.0304039	0.0314437
1241	0.030403	0.0314426
1242	0.0304017	0.0314414
1243	0.0304008	0.0314403
1244	0.0303997	0.0314392
1245	0.0303985	0.031438
1246	0.0303974	0.0314368
1247	0.0303961	0.0314357
1248	0.0303951	0.0314344
1249	0.030394	0.0314333
1250	0.0303929	0.0314322
1251	0.0303918	0.031431
1252	0.0303908	0.0314298
1253	0.0303896	0.0314287
1254	0.0303885	0.0314276
1255	0.0303873	0.0314265
1256	0.0303862	0.0314253
1257	0.0303852	0.0314242
1258	0.0303841	0.031423
1259	0.030383	0.0314218
1260	0.0303818	0.0314206
1261	0.0303808	0.0314194
1262	0.0303796	0.0314183
1263	0.0303786	0.0314172
1264	0.0303775	0.0314161
1265	0.0303763	0.0314149
1266	0.0303752	0.0314137
1267	0.0303743	0.0314126
1268	0.030373	0.0314115
1269	0.030372	0.0314103
1270	0.0303709	0.0314092
1271	0.0303699	0.0314081
1272	0.0303687	0.031407
1273	0.0303677	0.0314058
1274	0.0303666	0.0314046
1275	0.0303654	0.0314035
1276	0.0303644	0.0314024
1277	0.0303633	0.0314012
1278	0.0303621	0.0314001
1279	0.0303611	0.0313989
1280	0.0303599	0.0313977
1281	0.0303588	0.0313965
1282	0.0303578	0.0313954
1283	0.0303567	0.0313943
1284	0.0303556	0.0313933
1285	0.0303545	0.0313922
1286	0.0303535	0.0313911
1287	0.0303524	0.03139
1288	0.0303512	0.0313888
1289	0.0303501	0.0313877
1290	0.0303491	0.0313865
1291	0.030348	0.0313854
1292	0.0303469	0.0313842
1293	0.0303458	0.0313832
1294	0.0303447	0.031382
1295	0.0303437	0.0313809
1296	0.0303425	0.0313797
1297	0.0303415	0.0313787
1298	0.0303404	0.0313776
1299	0.0303392	0.0313764
1300	0.0303382	0.0313752
1301	0.0303371	0.0313741
1302	0.030336	0.0313729
1303	0.030335	0.0313719
1304	0.0303339	0.0313707
1305	0.0303329	0.0313695
1306	0.0303318	0.0313684
1307	0.0303306	0.0313673
1308	0.0303297	0.0313662
1309	0.0303285	0.0313652
1310	0.0303275	0.0313641
1311	0.0303263	0.0313629
1312	0.0303253	0.0313618
1313	0.0303243	0.0313607
1314	0.0303231	0.0313596
1315	0.030322	0.0313585
1316	0.0303209	0.0313573
1317	0.0303198	0.0313561
1318	0.0303189	0.031355
1319	0.0303178	0.031354
1320	0.0303167	0.0313529
1321	0.0303157	0.0313518
1322	0.0303147	0.0313507
1323	0.0303135	0.0313496
1324	0.0303124	0.0313485
1325	0.0303114	0.0313474
1326	0.0303103	0.0313463
1327	0.0303094	0.0313452
1328	0.0303081	0.031344
1329	0.0303071	0.0313429
1330	0.0303061	0.0313418
1331	0.0303049	0.0313407
1332	0.030304	0.0313395
1333	0.0303029	0.0313384
1334	0.0303018	0.0313373
1335	0.0303006	0.0313361
1336	0.0302997	0.031335
1337	0.0302985	0.0313339
1338	0.0302975	0.0313328
1339	0.0302965	0.0313316
1340	0.0302954	0.0313305
1341	0.0302943	0.0313295
1342	0.0302933	0.0313283
1343	0.0302922	0.0313272
1344	0.0302911	0.0313261
1345	0.0302901	0.0313249
1346	0.0302891	0.0313238
1347	0.0302879	0.0313227
1348	0.0302869	0.0313216
1349	0.0302858	0.0313205
1350	0.0302848	0.0313194
1351	0.0302837	0.0313183
1352	0.0302826	0.0313173
1353	0.0302815	0.0313162
1354	0.0302806	0.0313151
1355	0.0302796	0.0313141
1356	0.0302785	0.0313129
1357	0.0302775	0.0313118
1358	0.0302763	0.0313107
1359	0.0302752	0.0313095
1360	0.0302741	0.0313085
1361	0.0302731	0.0313074
1362	0.0302721	0.0313063
1363	0.0302711	0.0313052
1364	0.03027	0.0313042
1365	0.030269	0.031303
1366	0.0302678	0.0313019
1367	0.0302668	0.0313008
1368	0.0302657	0.0312997
1369	0.0302647	0.0312987
1370	0.0302638	0.0312976
1371	0.0302627	0.0312965
1372	0.0302615	0.0312954
1373	0.0302605	0.0312944
1374	0.0302595	0.0312931
1375	0.0302584	0.031292
1376	0.0302574	0.0312909
1377	0.0302564	0.0312898
1378	0.0302552	0.0312887
1379	0.0302543	0.0312877
1380	0.0302533	0.0312866
1381	0.0302521	0.0312855
1382	0.0302511	0.0312844
1383	0.0302501	0.0312833
1384	0.0302489	0.0312822
1385	0.0302477	0.0312812
1386	0.0302469	0.0312802
1387	0.0302457	0.031279
1388	0.0302447	0.0312779
1389	0.0302438	0.0312768
1390	0.0302426	0.0312758
1391	0.0302417	0.0312747
1392	0.0302405	0.0312737
1393	0.0302396	0.0312726
1394	0.0302386	0.0312714
1395	0.0302376	0.0312703
1396	0.0302364	0.0312692
1397	0.0302355	0.0312681
1398	0.0302344	0.031267
1399	0.0302333	0.0312658
1400	0.0302325	0.0312648
1401	0.0302314	0.0312638
1402	0.0302302	0.0312627
1403	0.0302292	0.0312616
1404	0.030228	0.0312605
1405	0.0302269	0.0312594
1406	0.0302262	0.0312583
1407	0.030225	0.0312572
1408	0.030224	0.0312562
1409	0.0302229	0.0312551
1410	0.0302219	0.031254
1411	0.0302208	0.0312529
1412	0.0302199	0.0312519
1413	0.0302188	0.0312508
1414	0.0302179	0.0312498
1415	0.0302166	0.0312487
1416	0.0302157	0.0312477
1417	0.0302148	0.0312466
1418	0.0302137	0.0312455
1419	0.0302125	0.0312444
1420	0.0302116	0.0312433
1421	0.0302106	0.0312423
1422	0.0302095	0.0312412
1423	0.0302085	0.0312401
1424	0.0302074	0.0312391
1425	0.0302065	0.031238
1426	0.0302053	0.031237
1427	0.0302043	0.0312358
1428	0.0302033	0.0312347
1429	0.0302023	0.0312337
1430	0.0302012	0.0312327
1431	0.0302002	0.0312317
1432	0.0301992	0.0312306
1433	0.0301983	0.0312295
1434	0.0301971	0.0312285
1435	0.0301961	0.0312274
1436	0.030195	0.0312264
1437	0.030194	0.0312253
1438	0.030193	0.0312242
1439	0.030192	0.0312231
1440	0.030191	0.031222
1441	0.0301901	0.031221
1442	0.0301891	0.0312199
1443	0.0301879	0.0312188
1444	0.030187	0.0312178
1445	0.0301859	0.0312167
1446	0.0301848	0.0312157
1447	0.0301839	0.0312145
1448	0.0301828	0.0312134
1449	0.0301818	0.0312125
1450	0.0301807	0.0312114
1451	0.0301798	0.0312103
1452	0.0301787	0.0312093
1453	0.0301776	0.0312082
1454	0.0301767	0.0312072
1455	0.0301756	0.0312061
1456	0.0301746	0.031205
1457	0.0301736	0.0312039
1458	0.0301724	0.0312029
1459	0.0301716	0.0312019
1460	0.0301706	0.0312007
1461	0.0301696	0.0311997
1462	0.0301687	0.0311986
1463	0.0301676	0.0311976
1464	0.0301665	0.0311965
1465	0.0301654	0.0311955
1466	0.0301644	0.0311945
1467	0.0301634	0.0311935
1468	0.0301625	0.0311924
1469	0.0301615	0.0311914
1470	0.0301604	0.0311903
1471	0.0301594	0.0311893
1472	0.0301583	0.0311882
1473	0.0301575	0.0311871
1474	0.0301563	0.0311861
1475	0.0301554	0.031185
1476	0.0301543	0.031184
1477	0.0301533	0.0311829
1478	0.0301523	0.0311819
1479	0.0301513	0.0311808
1480	0.0301501	0.0311796
1481	0.0301493	0.0311786
1482	0.0301483	0.0311776
1483	0.0301471	0.0311766
1484	0.0301462	0.0311756
1485	0.0301451	0.0311746
1486	0.0301441	0.0311735
1487	0.0301431	0.0311725
1488	0.0301421	0.0311713
1489	0.030141	0.0311702
1490	0.03014	0.0311692
1491	0.0301389	0.0311681
1492	0.030138	0.0311671
1493	0.030137	0.0311661
1494	0.030136	0.031165
1495	0.030135	0.0311639
1496	0.0301341	0.0311629
1497	0.030133	0.0311619
1498	0.030132	0.0311608
1499	0.030131	0.0311599
1500	0.0301301	0.0311589
1501	0.030129	0.0311578
1502	0.030128	0.0311567
1503	0.030127	0.0311556
1504	0.030126	0.0311546
1505	0.0301249	0.0311535
1506	0.0301239	0.0311524
1507	0.0301229	0.0311514
1508	0.030122	0.0311504
1509	0.0301208	0.0311494
1510	0.0301199	0.0311483
1511	0.0301188	0.0311473
1512	0.0301178	0.0311462
1513	0.030117	0.0311451
1514	0.0301159	0.0311442
1515	0.0301149	0.0311431
1516	0.0301139	0.031142
1517	0.0301128	0.031141
1518	0.0301118	0.03114
1519	0.0301109	0.0311389
1520	0.0301098	0.0311379
1521	0.0301087	0.0311368
1522	0.0301079	0.0311358
1523	0.0301068	0.0311348
1524	0.0301057	0.0311338
1525	0.0301048	0.0311327
1526	0.0301038	0.0311316
1527	0.0301028	0.0311306
1528	0.0301019	0.0311295
1529	0.0301009	0.0311284
1530	0.0300998	0.0311274
1531	0.0300988	0.0311264
1532	0.0300978	0.0311254
1533	0.030097	0.0311243
1534	0.0300959	0.0311233
1535	0.0300949	0.0311223
1536	0.0300938	0.0311212
1537	0.0300928	0.0311203
1538	0.0300918	0.0311193
1539	0.0300909	0.0311182
1540	0.0300899	0.0311172
1541	0.0300888	0.0311162
1542	0.030088	0.0311151
1543	0.0300868	0.031114
1544	0.0300858	0.0311129
1545	0.0300849	0.0311118
1546	0.0300839	0.0311108
1547	0.0300828	0.0311098
1548	0.030082	0.0311088
1549	0.0300809	0.0311078
1550	0.0300798	0.0311067
1551	0.0300789	0.0311056
1552	0.0300779	0.0311046
1553	0.0300769	0.0311037
1554	0.030076	0.0311027
1555	0.0300749	0.0311016
1556	0.0300739	0.0311006
1557	0.0300728	0.0310996
1558	0.0300719	0.0310986
1559	0.0300709	0.0310975
1560	0.03007	0.0310965
1561	0.030069	0.0310954
1562	0.030068	0.0310944
1563	0.0300671	0.0310934
1564	0.030066	0.0310924
1565	0.0300651	0.0310914
1566	0.030064	0.0310904
1567	0.0300629	0.0310894
1568	0.0300619	0.0310882
1569	0.0300609	0.0310872
1570	0.03006	0.0310862
1571	0.030059	0.0310853
1572	0.0300581	0.0310842
1573	0.030057	0.0310832
1574	0.030056	0.0310822
1575	0.0300551	0.0310812
1576	0.0300542	0.0310802
1577	0.0300532	0.0310791
1578	0.0300521	0.0310781
1579	0.0300511	0.0310771
1580	0.0300501	0.031076
1581	0.0300491	0.031075
1582	0.0300482	0.031074
1583	0.0300471	0.0310729
1584	0.0300461	0.0310719
1585	0.0300452	0.0310709
1586	0.0300442	0.0310699
1587	0.0300431	0.0310688
1588	0.0300422	0.0310677
1589	0.0300413	0.0310668
1590	0.0300402	0.0310658
1591	0.0300392	0.0310648
1592	0.0300383	0.0310639
1593	0.0300373	0.0310628
1594	0.0300364	0.0310619
1595	0.0300353	0.0310608
1596	0.0300343	0.0310598
1597	0.0300335	0.0310588
1598	0.0300324	0.0310578
1599	0.0300313	0.0310568
1600	0.0300304	0.0310557
1601	0.0300294	0.0310547
1602	0.0300285	0.0310537
1603	0.0300274	0.0310526
1604	0.0300264	0.0310515
1605	0.0300256	0.0310505
1606	0.0300246	0.0310495
1607	0.0300234	0.0310485
1608	0.0300227	0.0310475
1609	0.0300215	0.0310464
1610	0.0300205	0.0310454
1611	0.0300196	0.0310444
1612	0.0300186	0.0310434
1613	0.0300177	0.0310423
1614	0.0300165	0.0310413
1615	0.0300156	0.0310404
1616	0.0300146	0.0310394
1617	0.0300138	0.0310383
1618	0.0300128	0.0310373
1619	0.0300118	0.0310364
1620	0.0300108	0.0310354
1621	0.0300098	0.0310344
1622	0.0300088	0.0310333
1623	0.0300079	0.0310323
1624	0.0300068	0.0310313
1625	0.0300059	0.0310303
1626	0.0300049	0.0310293
1627	0.030004	0.0310282
1628	0.0300031	0.0310272
1629	0.0300019	0.0310261
1630	0.030001	0.0310252
1631	0.03	0.0310242
