1	0.243218	0.225044
2	0.229761	0.213756
3	0.218089	0.203942
4	0.207938	0.195382
5	0.199089	0.187706
6	0.191159	0.180829
7	0.184058	0.174714
8	0.177748	0.169199
9	0.172063	0.164238
10	0.166957	0.159699
11	0.162289	0.155484
12	0.15796	0.151539
13	0.153913	0.147827
14	0.150111	0.144285
15	0.146486	0.140897
16	0.143022	0.137625
17	0.13968	0.134461
18	0.136451	0.131385
19	0.133315	0.128385
20	0.130257	0.125462
21	0.127281	0.122606
22	0.124375	0.119816
23	0.121536	0.11709
24	0.118765	0.114427
25	0.116059	0.111831
26	0.113422	0.1093
27	0.110853	0.106831
28	0.108347	0.104426
29	0.105907	0.102082
30	0.10353	0.0997993
31	0.101215	0.0975777
32	0.0989636	0.0954152
33	0.0967727	0.0933135
34	0.0946448	0.091271
35	0.092576	0.0892875
36	0.0905674	0.0873635
37	0.0886197	0.0854964
38	0.0867304	0.0836893
39	0.0849015	0.0819377
40	0.0831296	0.0802398
41	0.0814126	0.0785955
42	0.0797492	0.0770027
43	0.0781385	0.0754605
44	0.0765802	0.0739672
45	0.0750707	0.072522
46	0.07361	0.0711235
47	0.0721966	0.0697701
48	0.0708289	0.0684603
49	0.069506	0.0671931
50	0.068226	0.065967
51	0.0669876	0.0647806
52	0.0657895	0.0636333
53	0.0646306	0.0625225
54	0.0635095	0.0614479
55	0.0624246	0.0604083
56	0.0613746	0.059402
57	0.0603594	0.0584284
58	0.0593769	0.057486
59	0.0584258	0.0565735
60	0.0575053	0.0556906
61	0.0566144	0.0548355
62	0.0557521	0.0540076
63	0.0549169	0.053206
64	0.0541085	0.0524295
65	0.0533253	0.051677
66	0.0525669	0.0509488
67	0.0518322	0.0502425
68	0.0511204	0.0495584
69	0.0504306	0.0488952
70	0.0497624	0.0482523
71	0.0491146	0.0476291
72	0.0484867	0.0470247
73	0.047878	0.046439
74	0.0472874	0.0458704
75	0.0467147	0.045319
76	0.0461593	0.0447838
77	0.0456206	0.0442648
78	0.0450976	0.0437611
79	0.0445903	0.0432717
80	0.0440977	0.0427965
81	0.0436196	0.0423355
82	0.0431555	0.0418877
83	0.0427046	0.0414524
84	0.0422667	0.0410298
85	0.0418415	0.0406192
86	0.0414282	0.0402199
87	0.0410265	0.0398322
88	0.0406363	0.0394549
89	0.040257	0.0390882
90	0.0398883	0.0387317
91	0.0395294	0.0383848
92	0.0391809	0.0380472
93	0.0388418	0.037719
94	0.0385114	0.0373996
95	0.0381901	0.0370886
96	0.0378778	0.0367861
97	0.0375734	0.0364913
98	0.0372773	0.0362044
99	0.036989	0.035925
100	0.0367083	0.0356525
101	0.0364346	0.0353873
102	0.0361684	0.035129
103	0.0359087	0.0348772
104	0.0356555	0.0346314
105	0.0354092	0.0343922
106	0.0351687	0.0341587
107	0.0349345	0.0339311
108	0.0347058	0.0337091
109	0.034483	0.0334924
110	0.0342656	0.033281
111	0.0340535	0.0330749
112	0.0338465	0.0328735
113	0.0336447	0.0326771
114	0.0334475	0.0324852
115	0.033255	0.0322979
116	0.0330672	0.0321149
117	0.0328835	0.0319363
118	0.0327042	0.0317616
119	0.032529	0.0315909
120	0.0323579	0.0314241
121	0.0321908	0.0312611
122	0.0320273	0.0311019
123	0.0318676	0.0309459
124	0.0317114	0.0307936
125	0.0315586	0.0306445
126	0.0314093	0.0304987
127	0.0312632	0.0303562
128	0.0311201	0.0302165
129	0.0309804	0.03008
130	0.0308434	0.0299462
131	0.0307094	0.0298154
132	0.0305783	0.029687
133	0.0304498	0.0295614
134	0.0303241	0.0294385
135	0.0302009	0.029318
136	0.0300803	0.0292
137	0.0299623	0.0290842
138	0.0298464	0.028971
139	0.0297328	0.0288596
140	0.0296217	0.0287508
141	0.0295127	0.028644
142	0.0294058	0.0285393
143	0.0293008	0.0284365
144	0.0291981	0.0283359
145	0.0290972	0.0282369
146	0.0289984	0.0281398
147	0.0289015	0.0280447
148	0.0288062	0.0279512
149	0.0287128	0.0278594
150	0.0286209	0.0277695
151	0.0285309	0.027681
152	0.0284424	0.0275941
153	0.0283556	0.0275088
154	0.0282703	0.0274251
155	0.0281865	0.0273427
156	0.0281043	0.0272617
157	0.0280236	0.0271824
158	0.0279442	0.0271042
159	0.027866	0.0270273
160	0.0277893	0.0269519
161	0.027714	0.0268778
162	0.0276398	0.0268047
163	0.0275668	0.0267328
164	0.0274951	0.0266623
165	0.0274247	0.0265927
166	0.0273553	0.0265245
167	0.0272871	0.0264572
168	0.0272199	0.026391
169	0.0271539	0.0263259
170	0.0270888	0.0262618
171	0.0270247	0.0261988
172	0.0269619	0.0261367
173	0.0268997	0.0260754
174	0.0268388	0.0260152
175	0.0267787	0.0259558
176	0.0267196	0.0258973
177	0.0266613	0.0258399
178	0.0266038	0.025783
179	0.0265472	0.0257272
180	0.0264915	0.0256722
181	0.0264365	0.0256179
182	0.0263824	0.0255643
183	0.0263292	0.0255117
184	0.0262767	0.0254596
185	0.0262248	0.0254083
186	0.0261737	0.0253579
187	0.0261233	0.025308
188	0.0260737	0.0252589
189	0.0260248	0.0252104
190	0.0259765	0.0251627
191	0.0259289	0.0251156
192	0.0258819	0.0250689
193	0.0258355	0.0250231
194	0.0257898	0.0249778
195	0.0257448	0.0249331
196	0.0257002	0.0248891
197	0.0256563	0.0248455
198	0.0256129	0.0248026
199	0.0255702	0.0247602
200	0.025528	0.0247183
201	0.0254862	0.0246767
202	0.0254452	0.0246361
203	0.0254045	0.0245957
204	0.0253644	0.0245559
205	0.0253247	0.0245167
206	0.0252857	0.0244778
207	0.0252472	0.0244395
208	0.0252088	0.0244015
209	0.0251713	0.0243642
210	0.0251339	0.0243273
211	0.0250972	0.0242907
212	0.025061	0.0242546
213	0.025025	0.0242189
214	0.0249895	0.0241837
215	0.0249546	0.0241488
216	0.0249198	0.0241144
217	0.0248856	0.0240804
218	0.024852	0.0240467
219	0.0248184	0.0240136
220	0.0247854	0.0239806
221	0.0247528	0.0239482
222	0.0247205	0.023916
223	0.0246885	0.0238842
224	0.024657	0.023853
225	0.0246258	0.0238218
226	0.0245949	0.023791
227	0.0245644	0.0237606
228	0.0245343	0.0237306
229	0.0245044	0.023701
230	0.0244748	0.0236715
231	0.0244456	0.0236425
232	0.0244168	0.0236138
233	0.0243883	0.0235853
234	0.0243602	0.0235573
235	0.0243321	0.0235293
236	0.0243045	0.0235018
237	0.0242771	0.0234746
238	0.0242501	0.0234477
239	0.0242234	0.0234209
240	0.0241968	0.0233946
241	0.0241706	0.0233685
242	0.0241446	0.0233425
243	0.0241191	0.023317
244	0.0240937	0.0232917
245	0.0240685	0.0232667
246	0.0240437	0.0232419
247	0.0240191	0.0232173
248	0.0239948	0.0231929
249	0.0239706	0.0231689
250	0.0239467	0.0231451
251	0.0239232	0.0231217
252	0.0238998	0.0230983
253	0.0238767	0.0230751
254	0.0238538	0.0230522
255	0.023831	0.0230298
256	0.0238087	0.0230073
257	0.0237865	0.0229851
258	0.0237644	0.022963
259	0.0237427	0.0229414
260	0.0237211	0.0229198
261	0.0236996	0.0228985
262	0.0236786	0.0228773
263	0.0236576	0.0228565
264	0.023637	0.0228358
265	0.0236163	0.0228152
266	0.023596	0.0227949
267	0.0235759	0.0227749
268	0.0235559	0.022755
269	0.0235361	0.022735
270	0.0235166	0.0227156
271	0.0234973	0.0226963
272	0.023478	0.0226771
273	0.023459	0.0226582
274	0.0234402	0.0226393
275	0.0234217	0.0226207
276	0.0234031	0.0226023
277	0.0233849	0.022584
278	0.0233666	0.0225659
279	0.0233486	0.0225481
280	0.0233311	0.0225302
281	0.0233134	0.0225126
282	0.0232958	0.0224951
283	0.0232786	0.0224779
284	0.0232615	0.0224608
285	0.0232446	0.0224438
286	0.0232277	0.022427
287	0.0232111	0.0224104
288	0.0231945	0.0223939
289	0.0231782	0.0223776
290	0.023162	0.0223612
291	0.0231459	0.0223454
292	0.0231299	0.0223295
293	0.0231142	0.0223137
294	0.0230987	0.0222981
295	0.0230832	0.0222827
296	0.0230679	0.0222673
297	0.0230527	0.0222522
298	0.0230376	0.0222371
299	0.0230228	0.0222221
300	0.0230079	0.0222074
301	0.0229934	0.0221928
302	0.0229788	0.0221783
303	0.0229645	0.0221638
304	0.0229502	0.0221497
305	0.0229361	0.0221355
306	0.022922	0.0221215
307	0.0229082	0.0221077
308	0.0228945	0.0220938
309	0.0228808	0.0220803
310	0.0228673	0.0220667
311	0.022854	0.0220535
312	0.0228407	0.0220402
313	0.0228275	0.022027
314	0.0228145	0.022014
315	0.0228015	0.0220011
316	0.0227886	0.0219884
317	0.0227761	0.0219755
318	0.0227634	0.0219631
319	0.0227509	0.0219506
320	0.0227386	0.0219382
321	0.0227263	0.0219259
322	0.0227142	0.0219138
323	0.0227022	0.0219018
324	0.0226904	0.02189
325	0.0226783	0.0218782
326	0.0226667	0.0218664
327	0.0226551	0.0218548
328	0.0226435	0.0218432
329	0.0226321	0.0218319
330	0.0226207	0.0218205
331	0.0226095	0.0218093
332	0.0225985	0.0217982
333	0.0225873	0.0217871
334	0.0225764	0.0217762
335	0.0225655	0.0217654
336	0.0225548	0.0217547
337	0.022544	0.021744
338	0.0225335	0.0217333
339	0.0225231	0.021723
340	0.0225126	0.0217126
341	0.0225022	0.0217022
342	0.0224921	0.0216921
343	0.0224819	0.0216819
344	0.0224719	0.021672
345	0.0224619	0.0216619
346	0.022452	0.0216521
347	0.0224422	0.0216423
348	0.0224326	0.0216325
349	0.0224229	0.021623
350	0.0224133	0.0216133
351	0.0224039	0.021604
352	0.0223944	0.0215946
353	0.0223852	0.0215853
354	0.0223758	0.0215761
355	0.0223668	0.021567
356	0.0223575	0.0215578
357	0.0223486	0.0215489
358	0.0223397	0.0215399
359	0.0223308	0.0215311
360	0.022322	0.0215224
361	0.0223133	0.0215136
362	0.0223046	0.0215051
363	0.0222961	0.0214966
364	0.0222876	0.021488
365	0.0222791	0.0214797
366	0.0222707	0.0214713
367	0.0222625	0.021463
368	0.0222542	0.0214547
369	0.022246	0.0214466
370	0.0222379	0.0214386
371	0.0222299	0.0214306
372	0.0222218	0.0214225
373	0.0222139	0.0214148
374	0.0222062	0.0214069
375	0.0221983	0.0213992
376	0.0221905	0.0213915
377	0.022183	0.0213838
378	0.0221754	0.0213763
379	0.0221678	0.0213687
380	0.0221604	0.0213614
381	0.0221528	0.0213538
382	0.0221455	0.0213466
383	0.0221382	0.0213393
384	0.0221309	0.0213321
385	0.0221238	0.0213249
386	0.0221167	0.0213178
387	0.0221095	0.0213107
388	0.0221027	0.0213038
389	0.0220956	0.0212969
390	0.0220886	0.02129
391	0.0220817	0.0212832
392	0.0220749	0.0212763
393	0.0220683	0.0212698
394	0.0220615	0.0212631
395	0.0220548	0.0212565
396	0.0220482	0.0212499
397	0.0220417	0.0212433
398	0.0220352	0.021237
399	0.0220287	0.0212305
400	0.0220223	0.021224
401	0.0220159	0.0212177
402	0.0220097	0.0212114
403	0.0220034	0.0212052
404	0.0219971	0.0211991
405	0.0219909	0.0211929
406	0.0219848	0.0211869
407	0.0219788	0.0211808
408	0.0219727	0.0211748
409	0.0219668	0.0211689
410	0.0219608	0.0211629
411	0.021955	0.0211571
412	0.021949	0.0211513
413	0.0219433	0.0211457
414	0.0219375	0.0211399
415	0.0219318	0.0211342
416	0.021926	0.0211286
417	0.0219205	0.021123
418	0.0219148	0.0211174
419	0.0219093	0.0211119
420	0.0219037	0.0211064
421	0.0218983	0.021101
422	0.0218928	0.0210956
423	0.0218875	0.0210902
424	0.0218821	0.0210848
425	0.0218766	0.0210795
426	0.0218715	0.0210743
427	0.0218662	0.0210692
428	0.0218609	0.021064
429	0.0218557	0.0210588
430	0.0218506	0.0210538
431	0.0218455	0.0210487
432	0.0218404	0.0210437
433	0.0218354	0.0210387
434	0.0218305	0.0210337
435	0.0218255	0.0210289
436	0.0218205	0.0210239
437	0.0218156	0.0210191
438	0.0218108	0.0210143
439	0.021806	0.0210095
440	0.0218011	0.0210048
441	0.0217963	0.0210001
442	0.0217916	0.0209953
443	0.021787	0.0209907
444	0.0217822	0.020986
445	0.0217777	0.0209815
446	0.0217731	0.0209771
447	0.0217685	0.0209725
448	0.0217641	0.0209679
449	0.0217594	0.0209636
450	0.0217549	0.0209591
451	0.0217504	0.0209546
452	0.021746	0.0209503
453	0.0217416	0.0209459
454	0.0217372	0.0209417
455	0.0217329	0.0209374
456	0.0217287	0.0209331
457	0.0217244	0.0209289
458	0.0217202	0.0209247
459	0.0217159	0.0209205
460	0.0217117	0.0209164
461	0.0217076	0.0209123
462	0.0217034	0.0209081
463	0.0216993	0.0209041
464	0.0216952	0.0209001
465	0.0216911	0.0208962
466	0.021687	0.0208922
467	0.0216831	0.0208882
468	0.021679	0.0208843
469	0.021675	0.0208803
470	0.0216711	0.0208765
471	0.0216672	0.0208725
472	0.0216632	0.0208687
473	0.0216595	0.020865
474	0.0216556	0.0208612
475	0.0216516	0.0208574
476	0.021648	0.0208536
477	0.0216442	0.0208497
478	0.0216405	0.0208462
479	0.0216368	0.0208425
480	0.021633	0.0208388
481	0.0216293	0.0208353
482	0.0216257	0.0208317
483	0.0216221	0.0208281
484	0.0216185	0.0208245
485	0.0216147	0.020821
486	0.0216112	0.0208174
487	0.0216077	0.020814
488	0.0216041	0.0208103
489	0.0216007	0.020807
490	0.0215972	0.0208035
491	0.0215936	0.0208001
492	0.0215902	0.0207968
493	0.0215868	0.0207935
494	0.0215834	0.02079
495	0.02158	0.0207867
496	0.0215766	0.0207834
497	0.0215733	0.02078
498	0.0215699	0.0207768
499	0.0215666	0.0207735
500	0.0215633	0.0207703
501	0.02156	0.020767
502	0.0215567	0.0207639
503	0.0215535	0.0207606
504	0.0215501	0.0207575
505	0.0215471	0.0207543
506	0.0215439	0.0207513
507	0.0215408	0.020748
508	0.0215375	0.020745
509	0.0215344	0.0207419
510	0.0215313	0.0207389
511	0.0215282	0.0207358
512	0.0215252	0.0207327
513	0.021522	0.0207297
514	0.021519	0.0207267
515	0.0215159	0.0207237
516	0.0215129	0.0207208
517	0.0215099	0.0207178
518	0.0215069	0.0207149
519	0.021504	0.0207119
520	0.0215009	0.020709
521	0.0214979	0.0207061
522	0.0214951	0.0207032
523	0.0214922	0.0207003
524	0.0214892	0.0206976
525	0.0214863	0.0206948
526	0.0214836	0.0206919
527	0.0214807	0.020689
528	0.0214777	0.0206863
529	0.0214749	0.0206836
530	0.0214722	0.0206808
531	0.0214693	0.020678
532	0.0214665	0.0206754
533	0.0214637	0.0206726
534	0.0214609	0.02067
535	0.0214583	0.0206672
536	0.0214555	0.0206646
537	0.0214528	0.0206619
538	0.0214501	0.0206593
539	0.0214474	0.0206566
540	0.0214447	0.020654
541	0.0214421	0.0206514
542	0.0214393	0.0206487
543	0.0214366	0.0206462
544	0.0214341	0.0206436
545	0.0214314	0.020641
546	0.0214289	0.0206385
547	0.0214263	0.0206359
548	0.0214237	0.0206334
549	0.021421	0.0206309
550	0.0214184	0.0206283
551	0.021416	0.0206259
552	0.0214135	0.0206234
553	0.0214109	0.0206208
554	0.0214084	0.0206185
555	0.021406	0.0206161
556	0.0214036	0.0206136
557	0.0214009	0.0206112
558	0.0213984	0.0206087
559	0.0213961	0.0206063
560	0.0213936	0.0206038
561	0.0213912	0.0206015
562	0.0213887	0.0205991
563	0.0213862	0.0205967
564	0.0213838	0.0205944
565	0.0213815	0.0205921
566	0.0213791	0.0205897
567	0.0213767	0.0205874
568	0.0213743	0.020585
569	0.0213719	0.0205827
570	0.0213698	0.0205805
571	0.0213673	0.0205782
572	0.0213649	0.020576
573	0.0213626	0.0205738
574	0.0213603	0.0205714
575	0.021358	0.0205692
576	0.0213558	0.0205668
577	0.0213535	0.0205647
578	0.0213511	0.0205625
579	0.0213488	0.0205602
580	0.0213466	0.020558
581	0.0213444	0.0205558
582	0.0213421	0.0205537
583	0.0213399	0.0205515
584	0.0213377	0.0205492
585	0.0213355	0.0205472
586	0.0213333	0.020545
587	0.0213311	0.0205429
588	0.0213288	0.0205407
589	0.0213268	0.0205386
590	0.0213245	0.0205365
591	0.0213224	0.0205343
592	0.0213202	0.0205323
593	0.0213181	0.0205301
594	0.0213159	0.0205281
595	0.0213138	0.0205261
596	0.0213117	0.020524
597	0.0213096	0.020522
598	0.0213074	0.0205198
599	0.0213052	0.0205179
600	0.0213034	0.0205158
601	0.0213013	0.0205137
602	0.0212991	0.0205117
603	0.021297	0.0205097
604	0.0212949	0.0205077
605	0.0212929	0.0205057
606	0.0212909	0.0205037
607	0.0212888	0.0205016
608	0.0212868	0.0204997
609	0.0212847	0.0204976
610	0.0212827	0.0204957
611	0.0212808	0.0204936
612	0.0212789	0.0204918
613	0.0212767	0.0204898
614	0.0212747	0.020488
615	0.0212727	0.0204859
616	0.0212707	0.0204841
617	0.0212688	0.0204822
618	0.0212669	0.0204803
619	0.0212649	0.0204784
620	0.0212629	0.0204764
621	0.021261	0.0204746
622	0.021259	0.0204727
623	0.0212571	0.0204709
624	0.0212551	0.0204689
625	0.0212532	0.020467
626	0.0212514	0.0204652
627	0.0212494	0.0204633
628	0.0212474	0.0204614
629	0.0212456	0.0204596
630	0.0212437	0.0204578
631	0.0212418	0.0204559
632	0.0212398	0.0204541
633	0.0212381	0.0204523
634	0.021236	0.0204504
635	0.0212343	0.0204486
636	0.0212325	0.0204467
637	0.0212306	0.0204449
638	0.0212288	0.0204432
639	0.0212269	0.0204413
640	0.021225	0.0204396
641	0.0212232	0.0204377
642	0.0212213	0.020436
643	0.0212196	0.0204342
644	0.0212178	0.0204324
645	0.021216	0.0204307
646	0.0212142	0.0204289
647	0.0212124	0.0204271
648	0.0212105	0.0204255
649	0.0212087	0.0204237
650	0.021207	0.0204219
651	0.0212052	0.0204202
652	0.0212034	0.0204184
653	0.0212016	0.0204167
654	0.0211998	0.020415
655	0.0211981	0.0204133
656	0.0211965	0.0204115
657	0.0211946	0.0204099
658	0.0211929	0.0204082
659	0.0211912	0.0204065
660	0.0211892	0.0204048
661	0.0211876	0.0204031
662	0.021186	0.0204014
663	0.0211842	0.0203998
664	0.0211824	0.0203981
665	0.0211807	0.0203964
666	0.0211789	0.0203947
667	0.0211773	0.0203931
668	0.0211756	0.0203915
669	0.0211739	0.0203897
670	0.0211722	0.0203881
671	0.0211705	0.0203864
672	0.0211688	0.0203848
673	0.0211671	0.0203831
674	0.0211655	0.0203816
675	0.0211638	0.0203799
676	0.0211621	0.0203783
677	0.0211604	0.0203766
678	0.0211588	0.020375
679	0.0211571	0.0203734
680	0.0211555	0.0203719
681	0.0211538	0.0203703
682	0.021152	0.0203686
683	0.0211505	0.0203671
684	0.0211488	0.0203655
685	0.0211472	0.0203639
686	0.0211457	0.0203623
687	0.0211439	0.0203608
688	0.0211424	0.020359
689	0.0211408	0.0203575
690	0.021139	0.0203559
691	0.0211375	0.0203544
692	0.0211358	0.0203528
693	0.0211343	0.0203513
694	0.0211327	0.0203498
695	0.0211311	0.0203481
696	0.0211295	0.0203466
697	0.0211279	0.020345
698	0.0211263	0.0203435
699	0.0211247	0.020342
700	0.0211231	0.0203405
701	0.0211215	0.0203388
702	0.0211199	0.0203372
703	0.0211184	0.0203358
704	0.0211169	0.0203343
705	0.0211152	0.0203328
706	0.0211137	0.0203313
707	0.0211122	0.0203298
708	0.0211106	0.0203282
709	0.021109	0.0203267
710	0.0211075	0.0203251
711	0.021106	0.0203236
712	0.0211044	0.0203221
713	0.0211028	0.0203207
714	0.0211014	0.0203192
715	0.0210998	0.0203177
716	0.0210983	0.0203161
717	0.0210967	0.0203147
718	0.0210952	0.0203132
719	0.0210936	0.0203116
720	0.0210921	0.0203101
721	0.0210908	0.0203087
722	0.0210891	0.0203072
723	0.0210875	0.0203058
724	0.0210861	0.0203043
725	0.0210846	0.0203029
726	0.0210832	0.0203014
727	0.0210816	0.0203
728	0.0210801	0.0202985
729	0.0210786	0.020297
730	0.021077	0.0202956
731	0.0210755	0.0202941
732	0.0210741	0.0202927
733	0.0210726	0.0202913
734	0.0210711	0.0202897
735	0.0210697	0.0202884
736	0.0210682	0.0202869
737	0.0210668	0.0202855
738	0.0210653	0.020284
739	0.0210638	0.0202826
740	0.0210624	0.0202812
741	0.0210609	0.0202798
742	0.0210594	0.0202783
743	0.021058	0.0202769
744	0.0210566	0.0202755
745	0.0210551	0.0202741
746	0.0210537	0.0202726
747	0.0210522	0.0202713
748	0.0210507	0.0202698
749	0.0210493	0.0202685
750	0.0210478	0.0202671
751	0.0210464	0.0202657
752	0.021045	0.0202643
753	0.0210435	0.0202628
754	0.0210421	0.0202615
755	0.0210406	0.0202601
756	0.0210392	0.0202588
757	0.0210377	0.0202573
758	0.0210364	0.0202559
759	0.021035	0.0202545
760	0.0210336	0.0202532
761	0.0210322	0.0202518
762	0.0210307	0.0202505
763	0.0210293	0.0202491
764	0.021028	0.0202477
765	0.0210265	0.0202464
766	0.0210252	0.0202449
767	0.0210237	0.0202436
768	0.0210224	0.0202422
769	0.0210208	0.0202409
770	0.0210195	0.0202395
771	0.0210181	0.0202382
772	0.0210168	0.0202368
773	0.0210154	0.0202356
774	0.021014	0.0202342
775	0.0210126	0.0202328
776	0.0210112	0.0202314
777	0.0210098	0.0202301
778	0.0210084	0.0202288
779	0.021007	0.0202273
780	0.0210057	0.020226
781	0.0210043	0.0202246
782	0.021003	0.0202233
783	0.0210017	0.020222
784	0.0210003	0.0202206
785	0.0209989	0.0202193
786	0.0209975	0.020218
787	0.020996	0.0202167
788	0.0209947	0.0202154
789	0.0209934	0.0202141
790	0.0209921	0.0202128
791	0.0209907	0.0202115
792	0.0209893	0.0202101
793	0.020988	0.0202088
794	0.0209866	0.0202075
795	0.0209853	0.0202062
796	0.020984	0.0202048
797	0.0209826	0.0202035
798	0.0209813	0.0202022
799	0.0209798	0.0202009
800	0.0209786	0.0201996
801	0.0209772	0.0201983
802	0.0209759	0.020197
803	0.0209746	0.0201957
804	0.0209733	0.0201943
805	0.0209719	0.020193
806	0.0209707	0.0201918
807	0.0209694	0.0201905
808	0.0209681	0.0201893
809	0.0209666	0.0201879
810	0.0209653	0.0201867
811	0.0209642	0.0201854
812	0.0209627	0.0201842
813	0.0209614	0.0201829
814	0.0209601	0.0201816
815	0.0209587	0.0201803
816	0.0209575	0.0201791
817	0.0209562	0.0201777
818	0.0209549	0.0201764
819	0.0209536	0.0201752
820	0.0209523	0.0201739
821	0.0209509	0.0201726
822	0.0209496	0.0201714
823	0.0209483	0.0201702
824	0.020947	0.0201689
825	0.0209457	0.0201676
826	0.0209445	0.0201663
827	0.0209431	0.0201651
828	0.0209419	0.0201638
829	0.0209406	0.0201626
830	0.0209393	0.0201613
831	0.0209381	0.02016
832	0.0209367	0.0201588
833	0.0209355	0.0201575
834	0.0209342	0.0201563
835	0.0209328	0.0201551
836	0.0209315	0.0201538
837	0.0209303	0.0201525
838	0.020929	0.0201513
839	0.0209277	0.02015
840	0.0209265	0.0201487
841	0.0209252	0.0201475
842	0.020924	0.0201463
843	0.0209227	0.0201451
844	0.0209214	0.0201439
845	0.0209202	0.0201426
846	0.0209189	0.0201414
847	0.0209176	0.0201401
848	0.0209163	0.0201388
849	0.0209152	0.0201376
850	0.0209139	0.0201363
851	0.0209126	0.0201351
852	0.0209112	0.0201339
853	0.0209101	0.0201327
854	0.0209087	0.0201314
855	0.0209076	0.0201303
856	0.0209063	0.0201291
857	0.020905	0.0201279
858	0.0209038	0.0201267
859	0.0209026	0.0201255
860	0.0209013	0.0201243
861	0.0209	0.020123
862	0.0208988	0.0201219
863	0.0208975	0.0201206
864	0.0208963	0.0201194
865	0.0208951	0.0201182
866	0.0208938	0.0201169
867	0.0208926	0.0201157
868	0.0208915	0.0201145
869	0.0208902	0.0201133
870	0.020889	0.0201122
871	0.0208877	0.020111
872	0.0208865	0.0201097
873	0.0208852	0.0201085
874	0.020884	0.0201073
875	0.0208828	0.0201061
876	0.0208815	0.0201049
877	0.0208803	0.0201037
878	0.0208791	0.0201025
879	0.0208779	0.0201013
880	0.0208768	0.0201001
881	0.0208755	0.0200989
882	0.0208743	0.0200978
883	0.0208731	0.0200966
884	0.0208719	0.0200954
885	0.0208707	0.0200943
886	0.0208694	0.0200931
887	0.0208683	0.0200919
888	0.0208669	0.0200907
889	0.0208658	0.0200895
890	0.0208645	0.0200883
891	0.0208634	0.0200871
892	0.0208622	0.0200859
893	0.0208608	0.0200847
894	0.0208597	0.0200835
895	0.0208585	0.0200824
896	0.0208574	0.0200812
897	0.0208561	0.02008
898	0.0208549	0.0200788
899	0.0208537	0.0200777
900	0.0208524	0.0200765
901	0.0208513	0.0200753
902	0.0208501	0.0200741
903	0.020849	0.020073
904	0.0208478	0.0200718
905	0.0208464	0.0200707
906	0.0208455	0.0200695
907	0.0208441	0.0200683
908	0.0208429	0.0200671
909	0.0208417	0.0200661
910	0.0208405	0.0200649
911	0.0208395	0.0200637
912	0.0208382	0.0200625
913	0.020837	0.0200614
914	0.0208358	0.0200603
915	0.0208346	0.0200591
916	0.0208334	0.0200579
917	0.0208324	0.0200568
918	0.0208311	0.0200556
919	0.02083	0.0200546
920	0.0208288	0.0200534
921	0.0208277	0.0200522
922	0.0208264	0.0200511
923	0.0208253	0.0200499
924	0.0208241	0.0200488
925	0.0208229	0.0200476
926	0.0208217	0.0200465
927	0.0208206	0.0200453
928	0.0208194	0.0200442
929	0.0208182	0.020043
930	0.0208171	0.020042
931	0.020816	0.0200408
932	0.0208148	0.0200396
933	0.0208136	0.0200385
934	0.0208123	0.0200374
935	0.0208112	0.0200362
936	0.02081	0.020035
937	0.0208089	0.0200339
938	0.0208077	0.0200328
939	0.0208066	0.0200316
940	0.0208054	0.0200305
941	0.0208043	0.0200294
942	0.0208032	0.0200282
943	0.0208019	0.0200271
944	0.0208009	0.020026
945	0.0207996	0.0200248
946	0.0207986	0.0200237
947	0.0207973	0.0200226
948	0.0207962	0.0200215
949	0.020795	0.0200204
950	0.0207939	0.0200192
951	0.0207928	0.0200181
952	0.0207916	0.020017
953	0.0207904	0.0200159
954	0.0207893	0.0200148
955	0.0207882	0.0200136
956	0.020787	0.0200125
957	0.0207859	0.0200114
958	0.0207849	0.0200103
959	0.0207836	0.0200091
960	0.0207825	0.020008
961	0.0207814	0.0200069
962	0.0207803	0.0200057
963	0.020779	0.0200046
964	0.020778	0.0200035
965	0.0207768	0.0200025
966	0.0207756	0.0200014
967	0.0207744	0.0200002
968	0.0207734	0.0199992
969	0.0207723	0.0199981
970	0.0207711	0.019997
971	0.02077	0.0199959
972	0.0207689	0.0199948
973	0.0207678	0.0199936
974	0.0207667	0.0199924
975	0.0207656	0.0199914
976	0.0207645	0.0199903
977	0.0207633	0.0199892
978	0.0207622	0.0199881
979	0.020761	0.019987
980	0.02076	0.0199859
981	0.0207588	0.0199849
982	0.0207577	0.0199837
983	0.0207565	0.0199826
984	0.0207553	0.0199815
985	0.0207543	0.0199805
986	0.0207531	0.0199793
987	0.0207521	0.0199782
988	0.020751	0.0199772
989	0.0207499	0.0199761
990	0.0207487	0.0199749
991	0.0207476	0.0199739
992	0.0207465	0.0199728
993	0.0207453	0.0199717
994	0.0207442	0.0199707
995	0.0207432	0.0199696
996	0.0207421	0.0199685
997	0.020741	0.0199674
998	0.0207399	0.0199663
999	0.0207387	0.0199653
1000	0.0207377	0.0199641
1001	0.0207366	0.019963
1002	0.0207354	0.0199619
1003	0.0207344	0.0199608
1004	0.0207332	0.0199598
1005	0.0207321	0.0199587
1006	0.020731	0.0199577
1007	0.0207298	0.0199566
1008	0.0207287	0.0199555
1009	0.0207277	0.0199544
1010	0.0207266	0.0199534
1011	0.0207254	0.0199523
1012	0.0207243	0.0199512
1013	0.0207233	0.0199501
1014	0.0207223	0.019949
1015	0.0207211	0.019948
1016	0.0207201	0.0199469
1017	0.020719	0.0199458
1018	0.0207179	0.0199448
1019	0.0207167	0.0199437
1020	0.0207157	0.0199426
1021	0.0207146	0.0199416
1022	0.0207136	0.0199405
1023	0.0207124	0.0199394
1024	0.0207113	0.0199384
1025	0.0207102	0.0199372
1026	0.020709	0.0199362
1027	0.0207081	0.0199351
1028	0.020707	0.019934
1029	0.0207059	0.019933
1030	0.0207049	0.0199319
1031	0.0207037	0.0199308
1032	0.0207027	0.0199298
1033	0.0207015	0.0199287
1034	0.0207005	0.0199277
1035	0.0206995	0.0199266
1036	0.0206983	0.0199255
1037	0.0206973	0.0199245
1038	0.0206962	0.0199234
1039	0.0206951	0.0199224
1040	0.0206941	0.0199214
1041	0.020693	0.0199204
1042	0.020692	0.0199193
1043	0.0206909	0.0199182
1044	0.0206898	0.0199172
1045	0.0206886	0.0199161
1046	0.0206876	0.019915
1047	0.0206864	0.019914
1048	0.0206853	0.019913
1049	0.0206843	0.019912
1050	0.0206833	0.0199109
1051	0.0206822	0.0199099
1052	0.0206811	0.0199088
1053	0.02068	0.0199077
1054	0.020679	0.0199067
1055	0.0206779	0.0199056
1056	0.0206769	0.0199046
1057	0.0206758	0.0199036
1058	0.0206746	0.0199025
1059	0.0206737	0.0199015
1060	0.0206726	0.0199004
1061	0.0206716	0.0198994
1062	0.0206706	0.0198984
1063	0.0206695	0.0198973
1064	0.0206683	0.0198963
1065	0.0206674	0.0198953
1066	0.0206663	0.0198942
1067	0.0206653	0.0198932
1068	0.0206642	0.0198921
1069	0.0206632	0.0198911
1070	0.0206621	0.01989
1071	0.0206611	0.019889
1072	0.02066	0.0198879
1073	0.020659	0.0198869
1074	0.0206578	0.0198859
1075	0.0206569	0.0198848
1076	0.0206557	0.0198838
1077	0.0206548	0.0198828
1078	0.0206538	0.0198818
1079	0.0206526	0.0198808
1080	0.0206517	0.0198797
1081	0.0206506	0.0198787
1082	0.0206494	0.0198777
1083	0.0206485	0.0198767
1084	0.0206474	0.0198756
1085	0.0206463	0.0198746
1086	0.0206452	0.0198736
1087	0.0206442	0.0198726
1088	0.0206432	0.0198716
1089	0.0206423	0.0198705
1090	0.0206411	0.0198695
1091	0.0206401	0.0198685
1092	0.020639	0.0198675
1093	0.020638	0.0198665
1094	0.020637	0.0198654
1095	0.020636	0.0198644
1096	0.0206349	0.0198634
1097	0.0206339	0.0198624
1098	0.0206327	0.0198613
1099	0.0206318	0.0198604
1100	0.0206308	0.0198593
1101	0.0206297	0.0198583
1102	0.0206287	0.0198572
1103	0.0206276	0.0198562
1104	0.0206266	0.0198552
1105	0.0206256	0.0198541
1106	0.0206246	0.0198531
1107	0.0206236	0.0198521
1108	0.0206224	0.0198511
1109	0.0206215	0.0198501
1110	0.0206205	0.0198491
1111	0.0206194	0.0198481
1112	0.0206184	0.019847
1113	0.0206174	0.0198461
1114	0.0206164	0.019845
1115	0.0206153	0.0198441
1116	0.0206143	0.0198431
1117	0.0206133	0.0198421
1118	0.0206122	0.019841
1119	0.0206112	0.01984
1120	0.0206101	0.0198391
1121	0.0206091	0.019838
1122	0.0206082	0.019837
1123	0.0206071	0.019836
1124	0.0206061	0.0198351
1125	0.0206051	0.0198341
1126	0.0206041	0.0198331
1127	0.020603	0.0198321
1128	0.020602	0.0198311
1129	0.020601	0.0198301
1130	0.0206	0.0198291
1131	0.0205989	0.0198281
1132	0.0205981	0.0198271
1133	0.020597	0.0198261
1134	0.020596	0.0198251
1135	0.020595	0.0198241
1136	0.020594	0.0198231
1137	0.0205929	0.0198221
1138	0.020592	0.0198211
1139	0.0205909	0.0198201
1140	0.0205898	0.0198191
1141	0.0205888	0.0198181
1142	0.0205878	0.0198171
1143	0.0205868	0.0198161
1144	0.0205857	0.0198151
1145	0.0205849	0.0198141
1146	0.0205838	0.0198132
1147	0.0205828	0.0198122
1148	0.0205819	0.0198113
1149	0.0205808	0.0198103
1150	0.0205798	0.0198094
1151	0.0205788	0.0198084
1152	0.0205778	0.0198074
1153	0.0205768	0.0198064
1154	0.0205757	0.0198054
1155	0.0205748	0.0198044
1156	0.0205738	0.0198033
1157	0.0205727	0.0198024
1158	0.0205717	0.0198014
1159	0.0205708	0.0198004
1160	0.0205698	0.0197994
1161	0.0205687	0.0197984
1162	0.0205679	0.0197975
1163	0.0205668	0.0197965
1164	0.0205658	0.0197955
1165	0.0205648	0.0197945
1166	0.0205638	0.0197935
1167	0.0205629	0.0197926
1168	0.0205618	0.0197915
1169	0.0205607	0.0197905
1170	0.0205598	0.0197895
1171	0.0205587	0.0197886
1172	0.0205578	0.0197877
1173	0.0205568	0.0197868
1174	0.0205559	0.0197857
1175	0.0205549	0.0197847
1176	0.020554	0.0197837
1177	0.0205529	0.0197828
1178	0.0205519	0.0197818
1179	0.0205509	0.0197808
1180	0.0205499	0.0197798
1181	0.0205489	0.0197789
1182	0.020548	0.0197779
1183	0.0205469	0.0197769
1184	0.0205459	0.0197759
1185	0.020545	0.019775
1186	0.0205439	0.019774
1187	0.020543	0.0197731
1188	0.020542	0.0197721
1189	0.020541	0.0197711
1190	0.02054	0.0197702
1191	0.0205392	0.0197692
1192	0.020538	0.0197683
1193	0.0205371	0.0197673
1194	0.0205361	0.0197664
1195	0.0205351	0.0197654
1196	0.0205342	0.0197645
1197	0.0205333	0.0197635
1198	0.0205322	0.0197625
1199	0.0205312	0.0197615
1200	0.0205302	0.0197606
1201	0.0205294	0.0197596
1202	0.0205284	0.0197586
1203	0.0205274	0.0197577
1204	0.0205264	0.0197568
1205	0.0205254	0.0197558
1206	0.0205244	0.0197548
1207	0.0205234	0.0197538
1208	0.0205224	0.0197529
1209	0.0205215	0.019752
1210	0.0205205	0.019751
1211	0.0205196	0.0197501
1212	0.0205186	0.0197491
1213	0.0205176	0.0197482
1214	0.0205167	0.0197472
1215	0.0205156	0.0197462
1216	0.0205147	0.0197452
1217	0.0205137	0.0197443
1218	0.0205127	0.0197433
1219	0.0205118	0.0197424
1220	0.0205108	0.0197414
1221	0.0205099	0.0197405
1222	0.0205089	0.0197395
1223	0.0205079	0.0197386
1224	0.020507	0.0197376
1225	0.0205061	0.0197366
1226	0.020505	0.0197356
1227	0.020504	0.0197347
1228	0.0205032	0.0197338
1229	0.0205021	0.0197329
1230	0.0205012	0.019732
1231	0.0205003	0.0197311
1232	0.0204993	0.0197301
1233	0.0204984	0.0197292
1234	0.0204974	0.0197282
1235	0.0204965	0.0197273
1236	0.0204955	0.0197263
1237	0.0204945	0.0197253
1238	0.0204936	0.0197244
1239	0.0204926	0.0197235
1240	0.0204917	0.0197226
1241	0.0204908	0.0197216
1242	0.0204897	0.0197207
1243	0.0204888	0.0197197
1244	0.0204878	0.0197188
1245	0.0204869	0.0197178
1246	0.0204859	0.0197169
1247	0.0204849	0.0197159
1248	0.0204841	0.019715
1249	0.0204831	0.0197141
1250	0.0204822	0.0197131
1251	0.0204812	0.0197122
1252	0.0204802	0.0197113
1253	0.0204792	0.0197104
1254	0.0204783	0.0197095
1255	0.0204773	0.0197085
1256	0.0204764	0.0197076
1257	0.0204754	0.0197067
1258	0.0204745	0.0197057
1259	0.0204736	0.0197049
1260	0.0204726	0.0197039
1261	0.0204718	0.019703
1262	0.0204707	0.0197021
1263	0.0204698	0.0197011
1264	0.0204689	0.0197001
1265	0.020468	0.0196992
1266	0.0204669	0.0196983
1267	0.020466	0.0196974
1268	0.0204651	0.0196964
1269	0.0204641	0.0196955
1270	0.0204631	0.0196945
1271	0.0204622	0.0196936
1272	0.0204614	0.0196926
1273	0.0204604	0.0196917
1274	0.0204594	0.0196908
1275	0.0204584	0.0196899
1276	0.0204575	0.019689
1277	0.0204566	0.0196881
1278	0.0204557	0.0196872
1279	0.0204547	0.0196862
1280	0.0204537	0.0196853
1281	0.0204528	0.0196844
1282	0.0204518	0.0196834
1283	0.020451	0.0196825
1284	0.0204501	0.0196816
1285	0.0204491	0.0196807
1286	0.0204481	0.0196798
1287	0.0204473	0.0196788
1288	0.0204463	0.0196779
1289	0.0204454	0.019677
1290	0.0204444	0.0196761
1291	0.0204435	0.0196752
1292	0.0204426	0.0196743
1293	0.0204417	0.0196734
1294	0.0204408	0.0196725
1295	0.0204398	0.0196716
1296	0.0204389	0.0196706
1297	0.0204379	0.0196698
1298	0.020437	0.0196688
1299	0.0204361	0.0196679
1300	0.0204351	0.019667
1301	0.0204341	0.019666
1302	0.0204333	0.0196651
1303	0.0204323	0.0196642
1304	0.0204314	0.0196633
1305	0.0204305	0.0196624
1306	0.0204295	0.0196615
1307	0.0204287	0.0196605
1308	0.0204277	0.0196597
1309	0.0204268	0.0196588
1310	0.020426	0.0196579
1311	0.0204249	0.0196569
1312	0.0204241	0.0196561
1313	0.0204232	0.0196552
1314	0.0204223	0.0196543
1315	0.0204213	0.0196534
1316	0.0204204	0.0196524
1317	0.0204195	0.0196515
1318	0.0204185	0.0196506
1319	0.0204176	0.0196496
1320	0.0204167	0.0196487
1321	0.0204158	0.0196478
1322	0.0204149	0.019647
1323	0.020414	0.019646
1324	0.0204131	0.0196452
1325	0.0204122	0.0196443
1326	0.0204112	0.0196434
1327	0.0204103	0.0196425
1328	0.0204095	0.0196416
1329	0.0204085	0.0196407
1330	0.0204076	0.0196398
1331	0.0204068	0.0196389
1332	0.0204057	0.019638
1333	0.0204048	0.0196371
1334	0.0204039	0.0196362
1335	0.0204031	0.0196354
1336	0.0204021	0.0196345
1337	0.0204013	0.0196336
1338	0.0204004	0.0196327
1339	0.0203994	0.0196318
1340	0.0203985	0.0196308
1341	0.0203975	0.0196299
1342	0.0203968	0.019629
1343	0.0203958	0.0196281
1344	0.0203949	0.0196272
1345	0.0203939	0.0196263
1346	0.020393	0.0196254
1347	0.0203921	0.0196246
1348	0.0203912	0.0196236
1349	0.0203903	0.0196228
1350	0.0203894	0.0196219
1351	0.0203886	0.019621
1352	0.0203877	0.0196201
1353	0.0203866	0.0196192
1354	0.0203858	0.0196184
1355	0.0203849	0.0196175
1356	0.020384	0.0196166
1357	0.0203831	0.0196157
1358	0.0203822	0.0196148
1359	0.0203813	0.0196139
1360	0.0203804	0.0196131
1361	0.0203796	0.0196122
1362	0.0203787	0.0196113
1363	0.0203777	0.0196104
1364	0.0203769	0.0196096
1365	0.0203759	0.0196087
1366	0.020375	0.0196077
1367	0.0203742	0.0196068
1368	0.0203733	0.0196059
1369	0.0203722	0.019605
1370	0.0203714	0.0196042
1371	0.0203705	0.0196034
1372	0.0203697	0.0196025
1373	0.0203687	0.0196015
1374	0.0203678	0.0196007
1375	0.020367	0.0195998
1376	0.0203661	0.0195989
1377	0.0203651	0.019598
1378	0.0203642	0.0195972
1379	0.0203633	0.0195963
1380	0.0203625	0.0195954
1381	0.0203616	0.0195945
1382	0.0203607	0.0195936
1383	0.0203598	0.0195928
1384	0.0203589	0.0195919
1385	0.0203581	0.019591
1386	0.0203572	0.0195901
1387	0.0203563	0.0195892
1388	0.0203554	0.0195884
1389	0.0203544	0.0195875
1390	0.0203536	0.0195866
1391	0.0203528	0.0195858
1392	0.0203518	0.0195849
1393	0.020351	0.019584
1394	0.0203501	0.0195832
1395	0.0203493	0.0195823
1396	0.0203484	0.0195814
1397	0.0203474	0.0195805
1398	0.0203466	0.0195797
1399	0.0203457	0.0195788
1400	0.0203449	0.0195779
1401	0.0203438	0.0195771
1402	0.020343	0.0195762
1403	0.0203421	0.0195753
1404	0.0203413	0.0195745
1405	0.0203404	0.0195736
1406	0.0203394	0.0195727
1407	0.0203386	0.0195719
1408	0.0203377	0.019571
1409	0.0203368	0.0195701
1410	0.0203359	0.0195692
1411	0.020335	0.0195683
1412	0.0203341	0.0195674
1413	0.0203333	0.0195666
1414	0.0203325	0.0195658
1415	0.0203315	0.0195649
1416	0.0203307	0.019564
1417	0.0203297	0.0195632
1418	0.0203289	0.0195623
1419	0.0203281	0.0195615
1420	0.0203272	0.0195606
1421	0.0203264	0.0195598
1422	0.0203254	0.019559
1423	0.0203246	0.0195581
1424	0.0203237	0.0195572
1425	0.0203229	0.0195564
1426	0.0203219	0.0195555
1427	0.0203212	0.0195547
1428	0.0203203	0.0195539
1429	0.0203194	0.019553
1430	0.0203185	0.0195522
1431	0.0203177	0.0195513
1432	0.0203167	0.0195504
1433	0.0203159	0.0195495
1434	0.020315	0.0195486
1435	0.0203142	0.0195478
1436	0.0203133	0.019547
1437	0.0203125	0.0195461
1438	0.0203116	0.0195453
1439	0.0203108	0.0195444
1440	0.0203098	0.0195436
1441	0.0203089	0.0195427
1442	0.0203081	0.0195419
1443	0.0203073	0.019541
1444	0.0203064	0.0195401
1445	0.0203055	0.0195393
1446	0.0203046	0.0195384
1447	0.0203038	0.0195375
1448	0.020303	0.0195367
1449	0.0203021	0.0195359
1450	0.0203012	0.019535
1451	0.0203003	0.0195341
1452	0.0202995	0.0195333
1453	0.0202986	0.0195325
1454	0.0202977	0.0195316
1455	0.020297	0.0195308
1456	0.020296	0.0195299
1457	0.0202951	0.019529
1458	0.0202944	0.0195281
1459	0.0202934	0.0195273
1460	0.0202926	0.0195265
1461	0.0202918	0.0195256
1462	0.0202909	0.0195248
1463	0.02029	0.0195239
1464	0.0202891	0.0195231
1465	0.0202883	0.0195222
1466	0.0202874	0.0195214
1467	0.0202865	0.0195206
1468	0.0202857	0.0195197
1469	0.0202849	0.0195189
1470	0.0202842	0.019518
1471	0.0202833	0.0195172
1472	0.0202824	0.0195163
1473	0.0202814	0.0195155
1474	0.0202806	0.0195147
1475	0.0202797	0.0195138
1476	0.020279	0.019513
1477	0.0202782	0.0195121
1478	0.0202772	0.0195113
1479	0.0202763	0.0195105
1480	0.0202756	0.0195097
1481	0.0202747	0.0195088
1482	0.0202738	0.019508
1483	0.020273	0.0195072
1484	0.020272	0.0195063
1485	0.0202712	0.0195055
1486	0.0202705	0.0195046
1487	0.0202695	0.0195038
1488	0.0202687	0.019503
1489	0.0202679	0.0195022
1490	0.0202671	0.0195014
1491	0.0202662	0.0195005
1492	0.0202653	0.0194997
1493	0.0202645	0.0194989
1494	0.0202636	0.0194981
1495	0.0202628	0.0194972
1496	0.0202619	0.0194964
1497	0.0202611	0.0194955
1498	0.0202603	0.0194947
1499	0.0202595	0.0194939
1500	0.0202586	0.019493
1501	0.0202577	0.0194921
1502	0.0202569	0.0194913
1503	0.020256	0.0194905
1504	0.0202552	0.0194897
1505	0.0202544	0.0194889
1506	0.0202535	0.019488
1507	0.0202528	0.0194871
1508	0.0202518	0.0194863
1509	0.020251	0.0194855
1510	0.0202502	0.0194847
1511	0.0202493	0.0194838
1512	0.0202485	0.019483
1513	0.0202477	0.0194822
1514	0.0202469	0.0194813
1515	0.020246	0.0194806
1516	0.0202452	0.0194797
1517	0.0202443	0.0194789
1518	0.0202435	0.0194781
1519	0.0202427	0.0194773
1520	0.0202418	0.0194765
1521	0.0202409	0.0194756
1522	0.0202401	0.0194748
1523	0.0202393	0.019474
1524	0.0202385	0.0194732
1525	0.0202376	0.0194724
1526	0.0202368	0.0194716
1527	0.020236	0.0194707
1528	0.0202352	0.0194699
1529	0.0202342	0.0194691
1530	0.0202335	0.0194683
1531	0.0202325	0.0194675
1532	0.0202317	0.0194666
1533	0.020231	0.0194657
1534	0.0202303	0.0194649
1535	0.0202293	0.0194641
1536	0.0202285	0.0194632
1537	0.0202277	0.0194624
1538	0.0202269	0.0194616
1539	0.020226	0.0194608
1540	0.0202252	0.01946
1541	0.0202244	0.0194592
1542	0.0202235	0.0194584
1543	0.0202227	0.0194575
1544	0.0202219	0.0194567
1545	0.0202211	0.0194558
1546	0.0202202	0.019455
1547	0.0202194	0.0194542
1548	0.0202187	0.0194534
1549	0.0202177	0.0194527
1550	0.0202169	0.0194518
1551	0.0202161	0.019451
1552	0.0202153	0.0194502
1553	0.0202144	0.0194494
1554	0.0202136	0.0194486
1555	0.0202129	0.0194478
1556	0.020212	0.019447
1557	0.0202112	0.0194462
1558	0.0202104	0.0194454
1559	0.0202095	0.0194446
1560	0.0202087	0.0194438
1561	0.0202079	0.019443
1562	0.020207	0.0194422
1563	0.0202063	0.0194414
1564	0.0202055	0.0194406
1565	0.0202047	0.0194398
1566	0.0202038	0.019439
1567	0.020203	0.0194382
1568	0.0202021	0.0194374
1569	0.0202012	0.0194366
1570	0.0202006	0.0194358
1571	0.0201997	0.0194349
1572	0.0201988	0.0194341
1573	0.0201981	0.0194333
1574	0.0201972	0.0194325
1575	0.0201963	0.0194317
1576	0.0201956	0.019431
1577	0.0201948	0.0194301
1578	0.020194	0.0194293
1579	0.0201931	0.0194285
1580	0.0201923	0.0194276
1581	0.0201916	0.0194269
1582	0.0201906	0.0194261
1583	0.0201899	0.0194253
1584	0.020189	0.0194245
1585	0.0201882	0.0194237
1586	0.0201874	0.0194229
1587	0.0201867	0.0194221
1588	0.0201858	0.0194213
1589	0.0201849	0.0194205
1590	0.0201842	0.0194196
1591	0.0201835	0.0194189
1592	0.0201826	0.019418
1593	0.0201818	0.0194172
1594	0.0201811	0.0194164
1595	0.0201801	0.0194156
1596	0.0201794	0.0194148
1597	0.0201786	0.019414
1598	0.0201777	0.0194132
1599	0.020177	0.0194124
1600	0.0201763	0.0194116
1601	0.0201754	0.0194108
1602	0.0201746	0.01941
1603	0.0201738	0.0194092
1604	0.0201729	0.0194084
1605	0.0201721	0.0194076
1606	0.0201713	0.0194069
1607	0.0201705	0.0194061
1608	0.0201697	0.0194053
1609	0.0201689	0.0194045
1610	0.0201681	0.0194037
1611	0.0201673	0.0194029
1612	0.0201665	0.0194021
1613	0.0201658	0.0194014
1614	0.0201648	0.0194006
1615	0.020164	0.0193998
1616	0.0201633	0.019399
1617	0.0201625	0.0193982
1618	0.0201617	0.0193974
1619	0.0201609	0.0193966
1620	0.02016	0.0193958
1621	0.0201593	0.0193951
1622	0.0201585	0.0193943
1623	0.0201577	0.0193935
1624	0.0201569	0.0193927
1625	0.0201562	0.0193919
1626	0.0201553	0.0193911
1627	0.0201545	0.0193903
1628	0.0201537	0.0193894
1629	0.0201529	0.0193887
1630	0.0201521	0.0193878
1631	0.0201513	0.0193871
1632	0.0201505	0.0193863
1633	0.0201496	0.0193855
1634	0.0201489	0.0193847
1635	0.0201482	0.019384
1636	0.0201473	0.0193831
1637	0.0201465	0.0193824
1638	0.0201457	0.0193817
1639	0.0201449	0.0193809
1640	0.0201442	0.01938
1641	0.0201434	0.0193793
1642	0.0201425	0.0193785
1643	0.0201418	0.0193778
1644	0.020141	0.019377
1645	0.0201402	0.0193762
1646	0.0201394	0.0193754
1647	0.0201386	0.0193746
1648	0.0201378	0.0193739
1649	0.020137	0.019373
1650	0.0201362	0.0193723
1651	0.0201354	0.0193715
1652	0.0201346	0.0193708
1653	0.0201338	0.01937
1654	0.0201331	0.0193692
1655	0.0201323	0.0193684
1656	0.0201315	0.0193677
1657	0.0201307	0.0193669
1658	0.0201298	0.0193661
1659	0.0201291	0.0193653
1660	0.0201283	0.0193646
1661	0.0201276	0.0193638
1662	0.0201268	0.019363
1663	0.0201261	0.0193622
1664	0.0201251	0.0193614
1665	0.0201244	0.0193607
1666	0.0201236	0.0193599
1667	0.0201228	0.0193591
1668	0.020122	0.0193583
1669	0.0201213	0.0193575
1670	0.0201206	0.0193568
1671	0.0201197	0.019356
1672	0.0201189	0.0193552
1673	0.0201181	0.0193545
1674	0.0201173	0.0193537
1675	0.0201166	0.0193529
1676	0.0201157	0.0193521
1677	0.020115	0.0193513
1678	0.0201143	0.0193505
1679	0.0201134	0.0193498
1680	0.0201127	0.019349
1681	0.020112	0.0193482
1682	0.0201112	0.0193475
1683	0.0201105	0.0193468
1684	0.0201097	0.019346
1685	0.0201088	0.0193453
1686	0.0201081	0.0193446
1687	0.0201073	0.0193438
1688	0.0201065	0.019343
1689	0.0201057	0.0193422
1690	0.0201049	0.0193414
1691	0.0201041	0.0193406
1692	0.0201033	0.0193399
1693	0.0201026	0.0193391
1694	0.0201017	0.0193384
1695	0.020101	0.0193376
1696	0.0201003	0.0193368
1697	0.0200994	0.0193361
1698	0.0200986	0.0193352
1699	0.0200979	0.0193345
1700	0.0200972	0.0193337
1701	0.0200964	0.019333
1702	0.0200956	0.0193322
1703	0.0200948	0.0193315
1704	0.0200941	0.0193307
1705	0.0200932	0.01933
1706	0.0200925	0.0193292
1707	0.0200917	0.0193284
1708	0.020091	0.0193276
1709	0.0200902	0.0193268
1710	0.0200895	0.0193261
1711	0.0200887	0.0193253
1712	0.0200878	0.0193246
1713	0.0200871	0.0193238
1714	0.0200863	0.0193231
1715	0.0200856	0.0193223
1716	0.0200848	0.0193216
1717	0.020084	0.0193209
1718	0.0200832	0.0193201
1719	0.0200826	0.0193193
1720	0.0200817	0.0193185
1721	0.0200809	0.0193178
1722	0.0200802	0.0193171
1723	0.0200794	0.0193163
1724	0.0200786	0.0193156
1725	0.020078	0.0193148
1726	0.0200771	0.019314
1727	0.0200764	0.0193132
1728	0.0200756	0.0193125
1729	0.0200748	0.0193117
1730	0.0200741	0.019311
1731	0.0200733	0.0193102
1732	0.0200725	0.0193095
1733	0.0200718	0.0193088
1734	0.020071	0.0193081
1735	0.0200703	0.0193073
1736	0.0200695	0.0193065
1737	0.0200687	0.0193057
1738	0.020068	0.019305
1739	0.0200671	0.0193042
1740	0.0200664	0.0193035
1741	0.0200657	0.0193027
1742	0.0200649	0.0193019
1743	0.0200642	0.0193012
1744	0.0200635	0.0193005
1745	0.0200627	0.0192997
1746	0.0200618	0.0192989
1747	0.0200612	0.0192982
1748	0.0200604	0.0192974
1749	0.0200596	0.0192967
1750	0.0200588	0.0192959
1751	0.020058	0.0192952
1752	0.0200574	0.0192944
1753	0.0200565	0.0192937
1754	0.0200558	0.0192929
1755	0.020055	0.0192922
1756	0.0200543	0.0192915
1757	0.0200536	0.0192907
1758	0.0200527	0.0192899
1759	0.020052	0.0192892
1760	0.0200513	0.0192884
1761	0.0200505	0.0192877
1762	0.0200497	0.019287
1763	0.020049	0.0192863
1764	0.0200483	0.0192855
1765	0.0200475	0.0192848
1766	0.0200468	0.019284
1767	0.020046	0.0192832
1768	0.0200453	0.0192825
1769	0.0200445	0.0192818
1770	0.0200436	0.0192811
1771	0.0200429	0.0192803
1772	0.0200422	0.0192796
1773	0.0200415	0.0192789
1774	0.0200407	0.0192781
1775	0.02004	0.0192773
1776	0.0200392	0.0192766
1777	0.0200384	0.0192758
1778	0.0200377	0.0192751
1779	0.0200369	0.0192743
1780	0.0200363	0.0192736
1781	0.0200355	0.0192729
1782	0.0200346	0.0192721
1783	0.0200339	0.0192714
1784	0.0200332	0.0192707
1785	0.0200324	0.01927
1786	0.0200317	0.0192692
1787	0.0200311	0.0192685
1788	0.0200302	0.0192677
1789	0.0200295	0.019267
1790	0.0200287	0.0192663
1791	0.020028	0.0192655
1792	0.0200272	0.0192648
1793	0.0200265	0.019264
1794	0.0200257	0.0192633
1795	0.020025	0.0192625
1796	0.0200242	0.0192618
1797	0.0200235	0.019261
1798	0.0200227	0.0192604
1799	0.020022	0.0192596
1800	0.0200213	0.0192589
1801	0.0200205	0.0192582
1802	0.0200197	0.0192575
1803	0.020019	0.0192567
1804	0.0200183	0.0192559
1805	0.0200175	0.0192552
1806	0.0200168	0.0192545
1807	0.0200161	0.0192538
1808	0.0200153	0.0192531
1809	0.0200145	0.0192524
1810	0.0200138	0.0192516
1811	0.0200131	0.0192509
1812	0.0200124	0.0192501
1813	0.0200116	0.0192494
1814	0.0200109	0.0192487
1815	0.0200101	0.0192479
1816	0.0200094	0.0192472
1817	0.0200087	0.0192465
1818	0.0200078	0.0192457
1819	0.0200071	0.019245
1820	0.0200064	0.0192442
1821	0.0200057	0.0192435
1822	0.020005	0.0192428
1823	0.0200043	0.0192421
1824	0.0200035	0.0192413
1825	0.0200027	0.0192405
1826	0.0200019	0.0192398
1827	0.0200012	0.0192391
1828	0.0200005	0.0192384
1829	0.0199997	0.0192377
