1	0.181182	0.160377
2	0.160377	0.133109
3	0.133109	0.122898
4	0.122898	0.114116
5	0.114116	0.106471
6	0.10647	0.0997917
7	0.0997917	0.0939426
8	0.0939426	0.0888054
9	0.0888053	0.0842768
10	0.0842768	0.0802683
11	0.0802683	0.0767044
12	0.0767043	0.0735206
13	0.0735207	0.0706633
14	0.0706632	0.068087
15	0.068087	0.0657539
16	0.0657539	0.0636322
17	0.0636321	0.0616946
18	0.0616945	0.0599187
19	0.0599186	0.0582852
20	0.0582852	0.0567776
21	0.0567776	0.055382
22	0.055382	0.0540864
23	0.0540863	0.0528802
24	0.0528801	0.0517544
25	0.0517545	0.0507015
26	0.0507015	0.0497141
27	0.0497141	0.0487866
28	0.0487867	0.0479135
29	0.0479135	0.0470902
30	0.0470903	0.0463126
31	0.0463125	0.0455769
32	0.0455769	0.0448797
33	0.0448798	0.0442183
34	0.0442182	0.0435897
35	0.0435897	0.0429917
36	0.0429916	0.0424221
37	0.0424221	0.0418789
38	0.0418789	0.0413603
39	0.0413603	0.0408646
40	0.0408646	0.0403905
41	0.0403905	0.0399365
42	0.0399365	0.0395014
43	0.0395013	0.0390839
44	0.039084	0.0386832
45	0.0386832	0.0382981
46	0.0382981	0.0379278
47	0.0379278	0.0375714
48	0.0375714	0.0372282
49	0.0372282	0.0368976
50	0.0368976	0.0365786
51	0.0365786	0.0362709
52	0.0362709	0.0359737
53	0.0359737	0.0356866
54	0.0356866	0.0354091
55	0.0354091	0.0351407
56	0.0351407	0.0348809
57	0.0348808	0.0346293
58	0.0346292	0.0343855
59	0.0343855	0.0341492
60	0.0341493	0.0339201
61	0.0339202	0.0336979
62	0.0336979	0.0334821
63	0.0334821	0.0332726
64	0.0332725	0.033069
65	0.033069	0.0328711
66	0.0328711	0.0326787
67	0.0326787	0.0324916
68	0.0324916	0.0323095
69	0.0323095	0.0321322
70	0.0321322	0.0319596
71	0.0319596	0.0317914
72	0.0317914	0.0316275
73	0.0316275	0.0314677
74	0.0314677	0.0313119
75	0.031312	0.0311599
76	0.03116	0.0310116
77	0.0310116	0.0308669
78	0.0308669	0.0307255
79	0.0307255	0.0305875
80	0.0305875	0.0304526
81	0.0304526	0.0303208
82	0.0303208	0.030192
83	0.030192	0.0300661
84	0.0300661	0.029943
85	0.0299429	0.0298224
86	0.0298224	0.0297046
87	0.0297046	0.0295892
88	0.0295893	0.0294762
89	0.0294763	0.0293657
90	0.0293657	0.0292574
91	0.0292574	0.0291513
92	0.0291513	0.0290473
93	0.0290473	0.0289456
94	0.0289456	0.0288457
95	0.0288457	0.0287478
96	0.0287478	0.0286518
97	0.0286518	0.0285577
98	0.0285577	0.0284655
99	0.0284655	0.0283749
100	0.0283749	0.028286
101	0.0282861	0.0281988
102	0.0281989	0.0281132
103	0.0281132	0.0280292
104	0.0280292	0.0279467
105	0.0279467	0.0278657
106	0.0278657	0.0277861
107	0.0277861	0.0277079
108	0.027708	0.0276311
109	0.0276311	0.0275557
110	0.0275556	0.0274815
111	0.0274815	0.0274086
112	0.0274087	0.027337
113	0.027337	0.0272666
114	0.0272666	0.0271973
115	0.0271973	0.0271293
116	0.0271293	0.0270623
117	0.0270623	0.0269964
118	0.0269964	0.0269316
119	0.0269317	0.026868
120	0.0268679	0.0268052
121	0.0268052	0.0267435
122	0.0267435	0.0266828
123	0.0266827	0.026623
124	0.026623	0.0265641
125	0.0265641	0.0265063
126	0.0265063	0.0264493
127	0.0264492	0.0263931
128	0.0263931	0.0263378
129	0.0263378	0.0262834
130	0.0262834	0.0262298
131	0.0262298	0.0261769
132	0.026177	0.0261249
133	0.0261249	0.0260737
134	0.0260737	0.0260232
135	0.0260232	0.0259734
136	0.0259734	0.0259244
137	0.0259244	0.025876
138	0.025876	0.0258284
139	0.0258284	0.0257815
140	0.0257815	0.0257353
141	0.0257353	0.0256896
142	0.0256897	0.0256447
143	0.0256447	0.0256004
144	0.0256004	0.0255567
145	0.0255567	0.0255136
146	0.0255136	0.0254711
147	0.0254711	0.0254291
148	0.0254291	0.0253878
149	0.0253878	0.025347
150	0.025347	0.0253068
151	0.0253068	0.0252672
152	0.0252671	0.025228
153	0.025228	0.0251894
154	0.0251894	0.0251513
155	0.0251513	0.0251137
156	0.0251137	0.0250766
157	0.0250766	0.02504
158	0.02504	0.0250038
159	0.0250038	0.0249682
160	0.0249682	0.024933
161	0.024933	0.0248982
162	0.0248982	0.0248639
163	0.0248639	0.0248301
164	0.0248301	0.0247967
165	0.0247966	0.0247637
166	0.0247637	0.024731
167	0.024731	0.0246988
168	0.0246989	0.0246671
169	0.0246671	0.0246357
170	0.0246357	0.0246048
171	0.0246048	0.0245741
172	0.0245741	0.0245439
173	0.0245439	0.024514
174	0.024514	0.0244845
175	0.0244846	0.0244554
176	0.0244554	0.0244266
177	0.0244266	0.0243982
178	0.0243982	0.0243701
179	0.0243701	0.0243423
180	0.0243423	0.0243149
181	0.0243149	0.0242878
182	0.0242877	0.024261
183	0.024261	0.0242345
184	0.0242346	0.0242084
185	0.0242084	0.0241825
186	0.0241825	0.0241569
187	0.0241569	0.0241317
188	0.0241317	0.0241067
189	0.0241067	0.024082
190	0.024082	0.0240577
191	0.0240576	0.0240335
192	0.0240335	0.0240096
193	0.0240097	0.0239861
194	0.0239861	0.0239627
195	0.0239628	0.0239397
196	0.0239397	0.0239169
197	0.0239169	0.0238944
198	0.0238944	0.0238721
199	0.0238721	0.02385
200	0.02385	0.0238282
201	0.0238282	0.0238067
202	0.0238066	0.0237853
203	0.0237853	0.0237642
204	0.0237642	0.0237434
205	0.0237434	0.0237227
206	0.0237227	0.0237023
207	0.0237023	0.0236821
208	0.0236821	0.0236621
209	0.0236621	0.0236423
210	0.0236424	0.0236227
211	0.0236227	0.0236034
212	0.0236034	0.0235843
213	0.0235842	0.0235653
214	0.0235653	0.0235465
215	0.0235465	0.0235279
216	0.0235279	0.0235096
217	0.0235096	0.0234914
218	0.0234914	0.0234734
219	0.0234734	0.0234556
220	0.0234555	0.0234379
221	0.0234379	0.0234204
222	0.0234204	0.0234032
223	0.0234032	0.0233861
224	0.0233861	0.0233692
225	0.0233692	0.0233524
226	0.0233524	0.0233358
227	0.0233358	0.0233194
228	0.0233193	0.0233031
229	0.0233031	0.023287
230	0.023287	0.0232711
231	0.023271	0.0232552
232	0.0232553	0.0232396
233	0.0232396	0.0232241
234	0.0232241	0.0232088
235	0.0232087	0.0231936
236	0.0231936	0.0231786
237	0.0231785	0.0231636
238	0.0231636	0.0231489
239	0.0231489	0.0231343
240	0.0231343	0.0231198
241	0.0231198	0.0231054
242	0.0231054	0.0230912
243	0.0230912	0.0230771
244	0.0230771	0.0230632
245	0.0230632	0.0230493
246	0.0230494	0.0230357
247	0.0230356	0.0230221
248	0.0230221	0.0230087
249	0.0230087	0.0229953
250	0.0229953	0.0229821
251	0.0229822	0.0229691
252	0.0229691	0.0229561
253	0.0229561	0.0229433
254	0.0229433	0.0229306
255	0.0229305	0.022918
256	0.022918	0.0229055
257	0.0229055	0.0228931
258	0.0228931	0.0228808
259	0.0228808	0.0228686
260	0.0228686	0.0228566
261	0.0228566	0.0228446
262	0.0228446	0.0228327
263	0.0228327	0.022821
264	0.022821	0.0228094
265	0.0228094	0.0227978
266	0.0227978	0.0227864
267	0.0227864	0.022775
268	0.022775	0.0227637
269	0.0227638	0.0227526
270	0.0227526	0.0227415
271	0.0227416	0.0227306
272	0.0227306	0.0227197
273	0.0227197	0.0227089
274	0.0227089	0.0226982
275	0.0226982	0.0226876
276	0.0226876	0.0226771
277	0.0226771	0.0226667
278	0.0226667	0.0226563
279	0.0226563	0.0226461
280	0.0226461	0.0226359
281	0.0226359	0.0226258
282	0.0226258	0.0226158
283	0.0226158	0.0226058
284	0.0226058	0.022596
285	0.022596	0.0225862
286	0.0225862	0.0225765
287	0.0225765	0.0225669
288	0.0225669	0.0225574
289	0.0225574	0.0225479
290	0.0225479	0.0225385
291	0.0225385	0.0225292
292	0.0225292	0.02252
293	0.02252	0.0225108
294	0.0225108	0.0225017
295	0.0225017	0.0224927
296	0.0224927	0.0224837
297	0.0224837	0.0224748
298	0.0224749	0.022466
299	0.022466	0.0224573
300	0.0224573	0.0224486
301	0.0224486	0.02244
302	0.02244	0.0224314
303	0.0224314	0.0224229
304	0.0224229	0.0224145
305	0.0224145	0.0224061
306	0.0224061	0.0223978
307	0.0223979	0.0223896
308	0.0223896	0.0223814
309	0.0223814	0.0223733
310	0.0223733	0.0223653
311	0.0223652	0.0223572
312	0.0223572	0.0223493
313	0.0223493	0.0223415
314	0.0223415	0.0223336
315	0.0223336	0.0223258
316	0.0223258	0.0223181
317	0.0223182	0.0223105
318	0.0223105	0.0223029
319	0.0223029	0.0222953
320	0.0222953	0.0222878
321	0.0222878	0.0222804
322	0.0222804	0.0222731
323	0.022273	0.0222657
324	0.0222657	0.0222584
325	0.0222584	0.0222512
326	0.0222512	0.022244
327	0.022244	0.0222368
328	0.0222369	0.0222298
329	0.0222298	0.0222228
330	0.0222228	0.0222158
331	0.0222158	0.0222088
332	0.0222088	0.022202
333	0.022202	0.0221951
334	0.0221951	0.0221883
335	0.0221883	0.0221816
336	0.0221815	0.0221749
337	0.0221749	0.0221682
338	0.0221682	0.0221616
339	0.0221616	0.022155
340	0.0221551	0.0221485
341	0.0221485	0.0221421
342	0.022142	0.0221356
343	0.0221356	0.0221292
344	0.0221292	0.0221228
345	0.0221229	0.0221165
346	0.0221166	0.0221102
347	0.0221102	0.022104
348	0.022104	0.0220979
349	0.0220979	0.0220917
350	0.0220917	0.0220856
351	0.0220856	0.0220795
352	0.0220795	0.0220735
353	0.0220735	0.0220675
354	0.0220675	0.0220615
355	0.0220615	0.0220556
356	0.0220556	0.0220497
357	0.0220497	0.0220439
358	0.0220439	0.0220381
359	0.0220381	0.0220323
360	0.0220323	0.0220266
361	0.0220266	0.0220209
362	0.0220209	0.0220152
363	0.0220152	0.0220096
364	0.0220096	0.022004
365	0.022004	0.0219984
366	0.0219985	0.0219929
367	0.0219929	0.0219874
368	0.0219874	0.021982
369	0.021982	0.0219766
370	0.0219766	0.0219712
371	0.0219711	0.0219658
372	0.0219658	0.0219605
373	0.0219605	0.0219552
374	0.0219552	0.0219499
375	0.0219499	0.0219447
376	0.0219447	0.0219395
377	0.0219395	0.0219343
378	0.0219343	0.0219292
379	0.0219292	0.021924
380	0.021924	0.021919
381	0.0219189	0.0219139
382	0.0219139	0.0219089
383	0.0219089	0.0219039
384	0.0219039	0.0218989
385	0.0218989	0.021894
386	0.021894	0.0218891
387	0.0218891	0.0218842
388	0.0218842	0.0218794
389	0.0218794	0.0218745
390	0.0218745	0.0218698
391	0.0218697	0.021865
392	0.021865	0.0218602
393	0.0218602	0.0218555
394	0.0218555	0.0218508
395	0.0218509	0.0218462
396	0.0218462	0.0218416
397	0.0218415	0.0218369
398	0.0218369	0.0218323
399	0.0218323	0.0218278
400	0.0218278	0.0218232
401	0.0218232	0.0218187
402	0.0218187	0.0218143
403	0.0218143	0.0218098
404	0.0218098	0.0218054
405	0.0218053	0.021801
406	0.0218009	0.0217966
407	0.0217966	0.0217922
408	0.0217922	0.0217878
409	0.0217878	0.0217835
410	0.0217835	0.0217792
411	0.0217792	0.0217749
412	0.0217749	0.0217707
413	0.0217707	0.0217665
414	0.0217664	0.0217623
415	0.0217623	0.0217581
416	0.0217581	0.0217539
417	0.0217539	0.0217498
418	0.0217498	0.0217457
419	0.0217456	0.0217416
420	0.0217416	0.0217375
421	0.0217375	0.0217334
422	0.0217334	0.0217294
423	0.0217294	0.0217254
424	0.0217254	0.0217214
425	0.0217214	0.0217174
426	0.0217174	0.0217134
427	0.0217135	0.0217095
428	0.0217096	0.0217056
429	0.0217056	0.0217017
430	0.0217017	0.0216978
431	0.0216979	0.021694
432	0.021694	0.0216902
433	0.0216902	0.0216864
434	0.0216864	0.0216826
435	0.0216825	0.0216788
436	0.0216788	0.021675
437	0.021675	0.0216713
438	0.0216712	0.0216675
439	0.0216675	0.0216638
440	0.0216638	0.0216601
441	0.0216602	0.0216565
442	0.0216565	0.0216528
443	0.0216528	0.0216492
444	0.0216492	0.0216456
445	0.0216456	0.0216419
446	0.021642	0.0216384
447	0.0216384	0.0216348
448	0.0216348	0.0216313
449	0.0216313	0.0216278
450	0.0216278	0.0216242
451	0.0216242	0.0216207
452	0.0216207	0.0216172
453	0.0216172	0.0216138
454	0.0216138	0.0216103
455	0.0216103	0.0216069
456	0.0216069	0.0216035
457	0.0216035	0.0216001
458	0.0216001	0.0215967
459	0.0215967	0.0215933
460	0.0215933	0.02159
461	0.0215899	0.0215866
462	0.0215866	0.0215833
463	0.0215833	0.02158
464	0.02158	0.0215767
465	0.0215767	0.0215734
466	0.0215734	0.0215701
467	0.0215701	0.0215669
468	0.0215669	0.0215637
469	0.0215636	0.0215604
470	0.0215604	0.0215572
471	0.0215572	0.021554
472	0.021554	0.0215509
473	0.0215509	0.0215477
474	0.0215477	0.0215445
475	0.0215446	0.0215414
476	0.0215414	0.0215383
477	0.0215383	0.0215352
478	0.0215352	0.0215321
479	0.0215321	0.021529
480	0.0215289	0.0215259
481	0.0215259	0.0215229
482	0.0215229	0.0215198
483	0.0215198	0.0215168
484	0.0215168	0.0215138
485	0.0215138	0.0215108
486	0.0215108	0.0215078
487	0.0215078	0.0215048
488	0.0215048	0.0215019
489	0.0215019	0.0214989
490	0.0214989	0.021496
491	0.0214959	0.021493
492	0.021493	0.0214901
493	0.0214901	0.0214872
494	0.0214872	0.0214843
495	0.0214843	0.0214814
496	0.0214815	0.0214785
497	0.0214786	0.0214757
498	0.0214757	0.0214729
499	0.0214729	0.02147
500	0.02147	0.0214672
501	0.0214672	0.0214644
502	0.0214644	0.0214616
503	0.0214616	0.0214588
504	0.0214588	0.021456
505	0.021456	0.0214533
506	0.0214533	0.0214505
507	0.0214505	0.0214478
508	0.0214478	0.021445
509	0.021445	0.0214423
510	0.0214423	0.0214396
511	0.0214396	0.0214369
512	0.0214369	0.0214342
513	0.0214342	0.0214315
514	0.0214316	0.0214289
515	0.0214289	0.0214262
516	0.0214262	0.0214236
517	0.0214236	0.0214209
518	0.0214209	0.0214183
519	0.0214183	0.0214157
520	0.0214157	0.0214131
521	0.021413	0.0214104
522	0.0214105	0.0214079
523	0.0214079	0.0214053
524	0.0214053	0.0214028
525	0.0214027	0.0214002
526	0.0214002	0.0213976
527	0.0213977	0.0213951
528	0.0213951	0.0213926
529	0.0213926	0.0213901
530	0.0213901	0.0213875
531	0.0213875	0.021385
532	0.0213851	0.0213826
533	0.0213826	0.0213801
534	0.0213801	0.0213776
535	0.0213777	0.0213752
536	0.0213752	0.0213727
537	0.0213727	0.0213703
538	0.0213702	0.0213678
539	0.0213678	0.0213654
540	0.0213654	0.021363
541	0.021363	0.0213606
542	0.0213606	0.0213582
543	0.0213582	0.0213558
544	0.0213558	0.0213534
545	0.0213534	0.021351
546	0.021351	0.0213487
547	0.0213487	0.0213463
548	0.0213463	0.021344
549	0.021344	0.0213416
550	0.0213416	0.0213393
551	0.0213393	0.021337
552	0.021337	0.0213346
553	0.0213346	0.0213323
554	0.0213323	0.02133
555	0.02133	0.0213277
556	0.0213278	0.0213255
557	0.0213254	0.0213232
558	0.0213232	0.0213209
559	0.0213209	0.0213187
560	0.0213186	0.0213164
561	0.0213165	0.0213142
562	0.0213142	0.0213119
563	0.0213119	0.0213097
564	0.0213097	0.0213075
565	0.0213075	0.0213053
566	0.0213053	0.0213031
567	0.0213031	0.0213009
568	0.0213009	0.0212987
569	0.0212987	0.0212965
570	0.0212965	0.0212943
571	0.0212943	0.0212922
572	0.0212922	0.02129
573	0.02129	0.0212879
574	0.0212879	0.0212857
575	0.0212857	0.0212835
576	0.0212835	0.0212814
577	0.0212814	0.0212793
578	0.0212793	0.0212772
579	0.0212772	0.0212751
580	0.0212751	0.021273
581	0.0212729	0.0212709
582	0.0212709	0.0212688
583	0.0212688	0.0212667
584	0.0212667	0.0212646
585	0.0212646	0.0212626
586	0.0212626	0.0212605
587	0.0212605	0.0212584
588	0.0212585	0.0212564
589	0.0212564	0.0212543
590	0.0212543	0.0212523
591	0.0212523	0.0212503
592	0.0212503	0.0212483
593	0.0212483	0.0212462
594	0.0212462	0.0212442
595	0.0212442	0.0212422
596	0.0212422	0.0212402
597	0.0212402	0.0212383
598	0.0212382	0.0212363
599	0.0212363	0.0212343
600	0.0212343	0.0212323
601	0.0212323	0.0212304
602	0.0212304	0.0212283
603	0.0212283	0.0212264
604	0.0212264	0.0212245
605	0.0212245	0.0212225
606	0.0212225	0.0212206
607	0.0212206	0.0212187
608	0.0212187	0.0212167
609	0.0212168	0.0212148
610	0.0212148	0.0212129
611	0.0212129	0.021211
612	0.021211	0.0212091
613	0.0212091	0.0212072
614	0.0212072	0.0212053
615	0.0212054	0.0212035
616	0.0212035	0.0212015
617	0.0212016	0.0211997
618	0.0211997	0.0211978
619	0.0211978	0.021196
620	0.021196	0.0211941
621	0.0211941	0.0211923
622	0.0211922	0.0211904
623	0.0211904	0.0211886
624	0.0211886	0.0211868
625	0.0211868	0.0211849
626	0.0211849	0.0211831
627	0.0211831	0.0211813
628	0.0211813	0.0211795
629	0.0211794	0.0211776
630	0.0211776	0.0211758
631	0.0211758	0.0211741
632	0.021174	0.0211723
633	0.0211723	0.0211705
634	0.0211705	0.0211687
635	0.0211687	0.0211669
636	0.0211669	0.0211652
637	0.0211652	0.0211634
638	0.0211634	0.0211616
639	0.0211617	0.0211599
640	0.0211599	0.0211581
641	0.0211582	0.0211564
642	0.0211563	0.0211546
643	0.0211546	0.0211529
644	0.0211529	0.0211512
645	0.0211512	0.0211495
646	0.0211495	0.0211477
647	0.0211477	0.021146
648	0.021146	0.0211443
649	0.0211443	0.0211426
650	0.0211426	0.0211409
651	0.0211409	0.0211392
652	0.0211392	0.0211375
653	0.0211375	0.0211358
654	0.0211358	0.0211341
655	0.0211342	0.0211325
656	0.0211325	0.0211308
657	0.0211308	0.0211291
658	0.0211291	0.0211274
659	0.0211274	0.0211258
660	0.0211258	0.0211241
661	0.0211241	0.0211225
662	0.0211225	0.0211208
663	0.0211208	0.0211192
664	0.0211192	0.0211176
665	0.0211176	0.0211159
666	0.0211159	0.0211143
667	0.0211143	0.0211127
668	0.0211127	0.0211111
669	0.021111	0.0211094
670	0.0211094	0.0211078
671	0.0211078	0.0211062
672	0.0211062	0.0211046
673	0.0211046	0.021103
674	0.021103	0.0211014
675	0.0211014	0.0210998
676	0.0210998	0.0210982
677	0.0210982	0.0210966
678	0.0210966	0.0210951
679	0.0210951	0.0210935
680	0.0210935	0.0210919
681	0.0210919	0.0210904
682	0.0210904	0.0210888
683	0.0210888	0.0210872
684	0.0210872	0.0210857
685	0.0210857	0.0210841
686	0.0210841	0.0210826
687	0.0210826	0.021081
688	0.021081	0.0210795
689	0.0210795	0.021078
690	0.021078	0.0210764
691	0.0210764	0.0210749
692	0.0210749	0.0210734
693	0.0210734	0.0210719
694	0.0210719	0.0210703
695	0.0210704	0.0210688
696	0.0210688	0.0210673
697	0.0210673	0.0210658
698	0.0210658	0.0210643
699	0.0210643	0.0210628
700	0.0210628	0.0210613
701	0.0210613	0.0210598
702	0.0210598	0.0210584
703	0.0210584	0.0210569
704	0.0210569	0.0210554
705	0.0210554	0.0210539
706	0.0210539	0.0210525
707	0.0210524	0.021051
708	0.021051	0.0210495
709	0.0210495	0.0210481
710	0.021048	0.0210466
711	0.0210466	0.0210452
712	0.0210451	0.0210437
713	0.0210437	0.0210422
714	0.0210422	0.0210408
715	0.0210408	0.0210394
716	0.0210394	0.021038
717	0.0210379	0.0210365
718	0.0210365	0.0210351
719	0.0210351	0.0210337
720	0.0210337	0.0210322
721	0.0210323	0.0210308
722	0.0210308	0.0210294
723	0.0210293	0.0210279
724	0.021028	0.0210266
725	0.0210266	0.0210251
726	0.0210251	0.0210237
727	0.0210237	0.0210223
728	0.0210224	0.021021
729	0.0210209	0.0210196
730	0.0210196	0.0210182
731	0.0210182	0.0210168
732	0.0210167	0.0210154
733	0.0210154	0.021014
734	0.021014	0.0210126
735	0.0210126	0.0210113
736	0.0210113	0.0210099
737	0.0210099	0.0210085
738	0.0210085	0.0210072
739	0.0210072	0.0210058
740	0.0210058	0.0210044
741	0.0210044	0.0210031
742	0.0210031	0.0210017
743	0.0210017	0.0210004
744	0.0210004	0.020999
745	0.0209991	0.0209977
746	0.0209977	0.0209964
747	0.0209964	0.020995
748	0.020995	0.0209937
749	0.0209937	0.0209924
750	0.0209924	0.020991
751	0.020991	0.0209897
752	0.0209897	0.0209883
753	0.0209884	0.020987
754	0.020987	0.0209857
755	0.0209857	0.0209844
756	0.0209844	0.0209831
757	0.0209831	0.0209818
758	0.0209818	0.0209805
759	0.0209805	0.0209792
760	0.0209792	0.0209779
761	0.0209779	0.0209766
762	0.0209766	0.0209753
763	0.0209753	0.020974
764	0.020974	0.0209727
765	0.0209727	0.0209714
766	0.0209714	0.0209701
767	0.0209701	0.0209689
768	0.0209689	0.0209676
769	0.0209676	0.0209663
770	0.0209663	0.020965
771	0.020965	0.0209638
772	0.0209637	0.0209625
773	0.0209625	0.0209612
774	0.0209612	0.02096
775	0.02096	0.0209587
776	0.0209587	0.0209575
777	0.0209575	0.0209562
778	0.0209562	0.020955
779	0.020955	0.0209537
780	0.0209537	0.0209525
781	0.0209525	0.0209512
782	0.0209512	0.02095
783	0.02095	0.0209487
784	0.0209487	0.0209475
785	0.0209475	0.0209463
786	0.0209463	0.020945
787	0.020945	0.0209438
788	0.0209438	0.0209426
789	0.0209426	0.0209414
790	0.0209414	0.0209401
791	0.0209402	0.0209389
792	0.0209389	0.0209377
793	0.0209377	0.0209365
794	0.0209365	0.0209353
795	0.0209353	0.0209341
796	0.0209341	0.0209329
797	0.0209329	0.0209316
798	0.0209317	0.0209305
799	0.0209305	0.0209293
800	0.0209293	0.0209281
801	0.0209281	0.0209269
802	0.0209269	0.0209257
803	0.0209257	0.0209245
804	0.0209245	0.0209233
805	0.0209233	0.0209221
806	0.0209221	0.0209209
807	0.020921	0.0209197
808	0.0209197	0.0209186
809	0.0209186	0.0209174
810	0.0209174	0.0209162
811	0.0209163	0.0209151
812	0.0209151	0.0209139
813	0.0209139	0.0209127
814	0.0209128	0.0209116
815	0.0209116	0.0209104
816	0.0209104	0.0209093
817	0.0209093	0.0209081
818	0.0209081	0.0209069
819	0.0209069	0.0209058
820	0.0209058	0.0209046
821	0.0209046	0.0209035
822	0.0209035	0.0209024
823	0.0209023	0.0209012
824	0.0209012	0.0209001
825	0.0209	0.0208989
826	0.0208989	0.0208978
827	0.0208978	0.0208967
828	0.0208966	0.0208955
829	0.0208955	0.0208944
830	0.0208944	0.0208933
831	0.0208933	0.0208921
832	0.0208921	0.020891
833	0.020891	0.0208899
834	0.0208899	0.0208888
835	0.0208888	0.0208877
836	0.0208877	0.0208865
837	0.0208865	0.0208854
838	0.0208854	0.0208843
839	0.0208843	0.0208832
840	0.0208832	0.0208821
841	0.0208821	0.020881
842	0.020881	0.0208799
843	0.0208799	0.0208788
844	0.0208788	0.0208777
845	0.0208777	0.0208766
846	0.0208766	0.0208755
847	0.0208755	0.0208744
848	0.0208744	0.0208733
849	0.0208733	0.0208722
850	0.0208722	0.0208711
851	0.0208711	0.02087
852	0.02087	0.0208689
853	0.0208689	0.0208679
854	0.0208679	0.0208668
855	0.0208668	0.0208657
856	0.0208657	0.0208647
857	0.0208647	0.0208636
858	0.0208636	0.0208625
859	0.0208625	0.0208614
860	0.0208614	0.0208604
861	0.0208604	0.0208593
862	0.0208593	0.0208582
863	0.0208582	0.0208572
864	0.0208572	0.0208561
865	0.0208561	0.020855
866	0.020855	0.020854
867	0.020854	0.0208529
868	0.0208529	0.0208519
869	0.0208519	0.0208508
870	0.0208508	0.0208498
871	0.0208498	0.0208487
872	0.0208487	0.0208477
873	0.0208477	0.0208466
874	0.0208467	0.0208456
875	0.0208456	0.0208445
876	0.0208446	0.0208435
877	0.0208436	0.0208425
878	0.0208425	0.0208414
879	0.0208414	0.0208404
880	0.0208404	0.0208394
881	0.0208393	0.0208384
882	0.0208384	0.0208373
883	0.0208373	0.0208363
884	0.0208363	0.0208353
885	0.0208353	0.0208342
886	0.0208342	0.0208332
887	0.0208332	0.0208322
888	0.0208322	0.0208312
889	0.0208312	0.0208302
890	0.0208302	0.0208292
891	0.0208292	0.0208281
892	0.0208281	0.0208271
893	0.0208271	0.0208261
894	0.0208261	0.0208251
895	0.0208251	0.0208241
896	0.0208241	0.0208231
897	0.0208231	0.0208221
898	0.0208221	0.0208211
899	0.0208211	0.0208201
900	0.0208201	0.0208191
901	0.0208191	0.0208181
902	0.0208181	0.0208171
903	0.0208171	0.0208161
904	0.0208161	0.0208151
905	0.0208151	0.0208141
906	0.0208141	0.0208132
907	0.0208132	0.0208121
908	0.0208122	0.0208112
909	0.0208112	0.0208102
910	0.0208102	0.0208092
911	0.0208092	0.0208082
912	0.0208083	0.0208072
913	0.0208073	0.0208063
914	0.0208063	0.0208053
915	0.0208053	0.0208043
916	0.0208043	0.0208033
917	0.0208034	0.0208024
918	0.0208024	0.0208014
919	0.0208014	0.0208004
920	0.0208004	0.0207995
921	0.0207995	0.0207985
922	0.0207985	0.0207976
923	0.0207976	0.0207966
924	0.0207966	0.0207956
925	0.0207956	0.0207947
926	0.0207947	0.0207937
927	0.0207937	0.0207927
928	0.0207927	0.0207918
929	0.0207918	0.0207909
930	0.0207908	0.0207899
931	0.0207899	0.020789
932	0.020789	0.020788
933	0.020788	0.0207871
934	0.0207871	0.0207861
935	0.0207861	0.0207852
936	0.0207852	0.0207843
937	0.0207843	0.0207833
938	0.0207833	0.0207823
939	0.0207823	0.0207814
940	0.0207814	0.0207805
941	0.0207805	0.0207796
942	0.0207796	0.0207786
943	0.0207786	0.0207777
944	0.0207777	0.0207768
945	0.0207768	0.0207758
946	0.0207758	0.0207749
947	0.0207749	0.020774
948	0.020774	0.020773
949	0.020773	0.0207721
950	0.0207721	0.0207712
951	0.0207712	0.0207703
952	0.0207703	0.0207694
953	0.0207694	0.0207685
954	0.0207684	0.0207675
955	0.0207675	0.0207666
956	0.0207667	0.0207657
957	0.0207657	0.0207648
958	0.0207648	0.0207639
959	0.0207639	0.020763
960	0.020763	0.0207621
961	0.0207621	0.0207612
962	0.0207612	0.0207603
963	0.0207603	0.0207593
964	0.0207593	0.0207585
965	0.0207585	0.0207576
966	0.0207576	0.0207567
967	0.0207567	0.0207558
968	0.0207557	0.0207548
969	0.0207548	0.020754
970	0.020754	0.0207531
971	0.0207531	0.0207522
972	0.0207522	0.0207513
973	0.0207513	0.0207504
974	0.0207504	0.0207495
975	0.0207495	0.0207486
976	0.0207486	0.0207477
977	0.0207477	0.0207468
978	0.0207468	0.020746
979	0.020746	0.0207451
980	0.0207451	0.0207442
981	0.0207442	0.0207433
982	0.0207433	0.0207424
983	0.0207424	0.0207416
984	0.0207416	0.0207407
985	0.0207407	0.0207398
986	0.0207398	0.0207389
987	0.0207389	0.0207381
988	0.0207381	0.0207372
989	0.0207372	0.0207363
990	0.0207363	0.0207354
991	0.0207355	0.0207346
992	0.0207346	0.0207337
993	0.0207337	0.0207328
994	0.0207328	0.020732
995	0.020732	0.0207311
996	0.0207311	0.0207303
997	0.0207303	0.0207294
998	0.0207294	0.0207285
999	0.0207285	0.0207277
1000	0.0207277	0.0207268
1001	0.0207268	0.020726
1002	0.020726	0.0207251
1003	0.0207251	0.0207242
1004	0.0207242	0.0207234
1005	0.0207234	0.0207226
1006	0.0207225	0.0207217
1007	0.0207217	0.0207208
1008	0.0207208	0.02072
1009	0.02072	0.0207192
1010	0.0207192	0.0207183
1011	0.0207183	0.0207175
1012	0.0207175	0.0207166
1013	0.0207166	0.0207158
1014	0.0207158	0.0207149
1015	0.0207149	0.0207141
1016	0.0207141	0.0207132
1017	0.0207132	0.0207124
1018	0.0207124	0.0207116
1019	0.0207116	0.0207107
1020	0.0207107	0.0207099
1021	0.0207099	0.0207091
1022	0.0207091	0.0207083
1023	0.0207082	0.0207074
1024	0.0207074	0.0207066
1025	0.0207066	0.0207058
1026	0.0207058	0.0207049
1027	0.020705	0.0207041
1028	0.0207041	0.0207033
1029	0.0207033	0.0207025
1030	0.0207025	0.0207016
1031	0.0207017	0.0207008
1032	0.0207008	0.0207
1033	0.0207	0.0206992
1034	0.0206992	0.0206984
1035	0.0206983	0.0206975
1036	0.0206975	0.0206967
1037	0.0206967	0.0206959
1038	0.0206959	0.0206951
1039	0.0206951	0.0206943
1040	0.0206943	0.0206935
1041	0.0206935	0.0206927
1042	0.0206926	0.0206919
1043	0.0206918	0.020691
1044	0.020691	0.0206902
1045	0.0206903	0.0206895
1046	0.0206895	0.0206886
1047	0.0206887	0.0206878
1048	0.0206878	0.020687
1049	0.020687	0.0206862
1050	0.0206862	0.0206854
1051	0.0206854	0.0206846
1052	0.0206846	0.0206838
1053	0.0206838	0.020683
1054	0.020683	0.0206822
1055	0.0206822	0.0206814
1056	0.0206814	0.0206806
1057	0.0206806	0.0206799
1058	0.0206799	0.0206791
1059	0.0206791	0.0206783
1060	0.0206782	0.0206775
1061	0.0206775	0.0206767
1062	0.0206767	0.0206759
1063	0.0206759	0.0206751
1064	0.0206751	0.0206743
1065	0.0206743	0.0206735
1066	0.0206735	0.0206727
1067	0.0206727	0.020672
1068	0.020672	0.0206712
1069	0.0206712	0.0206704
1070	0.0206704	0.0206696
1071	0.0206696	0.0206688
1072	0.0206689	0.020668
1073	0.0206681	0.0206673
1074	0.0206673	0.0206665
1075	0.0206665	0.0206657
1076	0.0206657	0.020665
1077	0.020665	0.0206641
1078	0.0206642	0.0206634
1079	0.0206634	0.0206626
1080	0.0206626	0.0206619
1081	0.0206619	0.0206611
1082	0.0206611	0.0206603
1083	0.0206604	0.0206595
1084	0.0206595	0.0206588
1085	0.0206588	0.020658
1086	0.020658	0.0206572
1087	0.0206572	0.0206565
1088	0.0206565	0.0206557
1089	0.0206557	0.020655
1090	0.020655	0.0206542
1091	0.0206542	0.0206535
1092	0.0206534	0.0206527
1093	0.0206527	0.0206519
1094	0.0206519	0.0206512
1095	0.0206512	0.0206504
1096	0.0206504	0.0206496
1097	0.0206497	0.0206489
1098	0.0206489	0.0206482
1099	0.0206481	0.0206474
1100	0.0206474	0.0206467
1101	0.0206467	0.0206459
1102	0.0206458	0.0206451
1103	0.0206451	0.0206444
1104	0.0206444	0.0206436
1105	0.0206436	0.0206429
1106	0.0206429	0.0206422
1107	0.0206421	0.0206414
1108	0.0206414	0.0206407
1109	0.0206406	0.0206399
1110	0.0206399	0.0206392
1111	0.0206392	0.0206384
1112	0.0206385	0.0206377
1113	0.0206377	0.0206369
1114	0.0206369	0.0206362
1115	0.0206362	0.0206355
1116	0.0206355	0.0206347
1117	0.0206347	0.020634
1118	0.020634	0.0206332
1119	0.0206332	0.0206325
1120	0.0206325	0.0206318
1121	0.0206318	0.0206311
1122	0.020631	0.0206303
1123	0.0206303	0.0206296
1124	0.0206296	0.0206288
1125	0.0206288	0.0206281
1126	0.0206281	0.0206274
1127	0.0206274	0.0206267
1128	0.0206267	0.0206259
1129	0.0206259	0.0206252
1130	0.0206252	0.0206245
1131	0.0206245	0.0206237
1132	0.0206237	0.020623
1133	0.020623	0.0206223
1134	0.0206223	0.0206216
1135	0.0206216	0.0206208
1136	0.0206208	0.0206201
1137	0.0206201	0.0206194
1138	0.0206194	0.0206187
1139	0.0206187	0.020618
1140	0.020618	0.0206173
1141	0.0206173	0.0206166
1142	0.0206166	0.0206158
1143	0.0206158	0.0206151
1144	0.0206151	0.0206144
1145	0.0206144	0.0206136
1146	0.0206137	0.020613
1147	0.020613	0.0206123
1148	0.0206123	0.0206116
1149	0.0206116	0.0206108
1150	0.0206108	0.0206101
1151	0.0206101	0.0206094
1152	0.0206095	0.0206087
1153	0.0206087	0.020608
1154	0.020608	0.0206073
1155	0.0206073	0.0206066
1156	0.0206066	0.0206059
1157	0.0206059	0.0206052
1158	0.0206052	0.0206045
1159	0.0206045	0.0206038
1160	0.0206038	0.0206031
1161	0.0206031	0.0206024
1162	0.0206023	0.0206017
1163	0.0206017	0.020601
1164	0.020601	0.0206003
1165	0.0206003	0.0205996
1166	0.0205995	0.0205989
1167	0.0205989	0.0205982
1168	0.0205982	0.0205975
1169	0.0205975	0.0205968
1170	0.0205968	0.0205961
1171	0.0205961	0.0205954
1172	0.0205954	0.0205947
1173	0.0205947	0.020594
1174	0.020594	0.0205933
1175	0.0205933	0.0205926
1176	0.0205926	0.020592
1177	0.020592	0.0205913
1178	0.0205912	0.0205906
1179	0.0205906	0.0205899
1180	0.0205899	0.0205892
1181	0.0205892	0.0205885
1182	0.0205885	0.0205878
1183	0.0205878	0.0205871
1184	0.0205872	0.0205865
1185	0.0205865	0.0205858
1186	0.0205858	0.0205851
1187	0.0205851	0.0205844
1188	0.0205844	0.0205837
1189	0.0205837	0.020583
1190	0.0205831	0.0205824
1191	0.0205824	0.0205817
1192	0.0205817	0.020581
1193	0.020581	0.0205803
1194	0.0205803	0.0205796
1195	0.0205796	0.020579
1196	0.020579	0.0205783
1197	0.0205783	0.0205776
1198	0.0205776	0.020577
1199	0.020577	0.0205763
1200	0.0205763	0.0205756
1201	0.0205756	0.020575
1202	0.0205749	0.0205743
1203	0.0205743	0.0205736
1204	0.0205736	0.0205729
1205	0.0205729	0.0205723
1206	0.0205723	0.0205716
1207	0.0205716	0.0205709
1208	0.020571	0.0205703
1209	0.0205703	0.0205696
1210	0.0205696	0.0205689
1211	0.020569	0.0205683
1212	0.0205683	0.0205676
1213	0.0205676	0.020567
1214	0.020567	0.0205663
1215	0.0205663	0.0205656
1216	0.0205657	0.020565
1217	0.020565	0.0205643
1218	0.0205643	0.0205637
1219	0.0205637	0.020563
1220	0.020563	0.0205623
1221	0.0205623	0.0205617
1222	0.0205617	0.020561
1223	0.020561	0.0205604
1224	0.0205604	0.0205597
1225	0.0205597	0.0205591
1226	0.020559	0.0205584
1227	0.0205584	0.0205577
1228	0.0205577	0.0205571
1229	0.0205571	0.0205565
1230	0.0205565	0.0205558
1231	0.0205558	0.0205552
1232	0.0205552	0.0205545
1233	0.0205545	0.0205539
1234	0.0205539	0.0205532
1235	0.0205532	0.0205525
1236	0.0205525	0.0205519
1237	0.0205519	0.0205512
1238	0.0205512	0.0205506
1239	0.0205506	0.02055
1240	0.02055	0.0205493
1241	0.0205493	0.0205487
1242	0.0205487	0.020548
1243	0.020548	0.0205474
1244	0.0205474	0.0205467
1245	0.0205468	0.0205461
1246	0.0205461	0.0205455
1247	0.0205455	0.0205448
1248	0.0205448	0.0205442
1249	0.0205442	0.0205435
1250	0.0205436	0.0205429
1251	0.0205429	0.0205423
1252	0.0205423	0.0205416
1253	0.0205417	0.020541
1254	0.020541	0.0205404
1255	0.0205403	0.0205397
1256	0.0205397	0.0205391
1257	0.0205391	0.0205385
1258	0.0205384	0.0205378
1259	0.0205378	0.0205372
1260	0.0205372	0.0205366
1261	0.0205366	0.0205359
1262	0.0205359	0.0205353
1263	0.0205353	0.0205347
1264	0.0205347	0.020534
1265	0.020534	0.0205334
1266	0.0205334	0.0205328
1267	0.0205328	0.0205321
1268	0.0205322	0.0205315
1269	0.0205315	0.0205309
1270	0.0205309	0.0205303
1271	0.0205303	0.0205296
1272	0.0205296	0.020529
1273	0.020529	0.0205284
1274	0.0205284	0.0205278
1275	0.0205278	0.0205272
1276	0.0205272	0.0205265
1277	0.0205265	0.0205259
1278	0.0205259	0.0205253
1279	0.0205253	0.0205247
1280	0.0205247	0.0205241
1281	0.0205241	0.0205234
1282	0.0205234	0.0205228
1283	0.0205228	0.0205222
1284	0.0205222	0.0205216
1285	0.0205216	0.020521
1286	0.020521	0.0205203
1287	0.0205203	0.0205198
1288	0.0205198	0.0205191
1289	0.0205191	0.0205185
1290	0.0205185	0.0205179
1291	0.0205179	0.0205173
1292	0.0205173	0.0205167
1293	0.0205167	0.0205161
1294	0.0205161	0.0205154
1295	0.0205154	0.0205148
1296	0.0205149	0.0205142
1297	0.0205142	0.0205137
1298	0.0205136	0.020513
1299	0.020513	0.0205124
1300	0.0205124	0.0205118
1301	0.0205118	0.0205112
1302	0.0205112	0.0205106
1303	0.0205106	0.02051
1304	0.02051	0.0205094
1305	0.0205094	0.0205088
1306	0.0205088	0.0205082
1307	0.0205081	0.0205076
1308	0.0205076	0.020507
1309	0.0205069	0.0205064
1310	0.0205064	0.0205057
1311	0.0205057	0.0205052
1312	0.0205052	0.0205045
1313	0.0205045	0.0205039
1314	0.0205039	0.0205034
1315	0.0205034	0.0205027
1316	0.0205027	0.0205021
1317	0.0205021	0.0205015
1318	0.0205016	0.0205009
1319	0.0205009	0.0205004
1320	0.0205004	0.0204998
1321	0.0204998	0.0204991
1322	0.0204992	0.0204985
1323	0.0204986	0.020498
1324	0.020498	0.0204974
1325	0.0204974	0.0204968
1326	0.0204968	0.0204962
1327	0.0204962	0.0204956
1328	0.0204956	0.020495
1329	0.020495	0.0204944
1330	0.0204944	0.0204938
1331	0.0204938	0.0204932
1332	0.0204932	0.0204926
1333	0.0204926	0.020492
1334	0.0204921	0.0204915
1335	0.0204915	0.0204909
1336	0.0204909	0.0204903
1337	0.0204903	0.0204897
1338	0.0204897	0.0204891
1339	0.0204891	0.0204885
1340	0.0204885	0.0204879
1341	0.0204879	0.0204874
1342	0.0204873	0.0204868
1343	0.0204868	0.0204862
1344	0.0204862	0.0204856
1345	0.0204855	0.020485
1346	0.020485	0.0204844
1347	0.0204844	0.0204839
1348	0.0204838	0.0204833
1349	0.0204833	0.0204827
1350	0.0204827	0.0204821
1351	0.0204821	0.0204815
1352	0.0204816	0.0204809
1353	0.0204809	0.0204804
1354	0.0204804	0.0204798
1355	0.0204798	0.0204792
1356	0.0204792	0.0204786
1357	0.0204786	0.0204781
1358	0.0204781	0.0204775
1359	0.0204775	0.0204769
1360	0.0204769	0.0204764
1361	0.0204763	0.0204758
1362	0.0204758	0.0204752
1363	0.0204752	0.0204746
1364	0.0204746	0.020474
1365	0.0204741	0.0204735
1366	0.0204735	0.0204729
1367	0.0204729	0.0204723
1368	0.0204723	0.0204717
1369	0.0204718	0.0204712
1370	0.0204712	0.0204706
1371	0.0204706	0.0204701
1372	0.02047	0.0204695
1373	0.0204695	0.0204689
1374	0.0204689	0.0204684
1375	0.0204683	0.0204678
1376	0.0204678	0.0204672
1377	0.0204672	0.0204666
1378	0.0204666	0.0204661
1379	0.0204661	0.0204655
1380	0.0204655	0.0204649
1381	0.0204649	0.0204643
1382	0.0204644	0.0204638
1383	0.0204638	0.0204632
1384	0.0204632	0.0204627
1385	0.0204627	0.0204621
1386	0.0204621	0.0204615
1387	0.0204616	0.020461
1388	0.020461	0.0204604
1389	0.0204604	0.0204599
1390	0.0204599	0.0204593
1391	0.0204593	0.0204587
1392	0.0204587	0.0204582
1393	0.0204582	0.0204576
1394	0.0204576	0.0204571
1395	0.0204571	0.0204565
1396	0.0204565	0.020456
1397	0.0204559	0.0204554
1398	0.0204554	0.0204549
1399	0.0204549	0.0204543
1400	0.0204543	0.0204538
1401	0.0204537	0.0204532
1402	0.0204532	0.0204526
1403	0.0204527	0.0204521
1404	0.0204521	0.0204515
1405	0.0204515	0.020451
1406	0.020451	0.0204504
1407	0.0204504	0.0204499
1408	0.0204499	0.0204493
1409	0.0204493	0.0204488
1410	0.0204488	0.0204482
1411	0.0204482	0.0204477
1412	0.0204477	0.0204471
1413	0.0204471	0.0204466
1414	0.0204466	0.020446
1415	0.020446	0.0204455
1416	0.0204455	0.0204449
1417	0.0204449	0.0204444
1418	0.0204444	0.0204438
1419	0.0204438	0.0204433
1420	0.0204433	0.0204427
1421	0.0204428	0.0204422
1422	0.0204421	0.0204416
1423	0.0204416	0.0204411
1424	0.0204411	0.0204406
1425	0.0204405	0.02044
1426	0.02044	0.0204395
1427	0.0204395	0.0204389
1428	0.0204389	0.0204384
1429	0.0204384	0.0204378
1430	0.0204378	0.0204373
1431	0.0204373	0.0204368
1432	0.0204368	0.0204362
1433	0.0204362	0.0204357
1434	0.0204357	0.0204351
1435	0.0204351	0.0204346
1436	0.0204346	0.0204341
1437	0.020434	0.0204335
1438	0.0204335	0.020433
1439	0.020433	0.0204324
1440	0.0204324	0.0204319
1441	0.0204319	0.0204314
1442	0.0204314	0.0204309
1443	0.0204308	0.0204303
1444	0.0204303	0.0204297
1445	0.0204297	0.0204292
1446	0.0204292	0.0204287
1447	0.0204287	0.0204281
1448	0.0204281	0.0204276
1449	0.0204276	0.0204271
1450	0.0204271	0.0204265
1451	0.0204266	0.020426
1452	0.020426	0.0204255
1453	0.0204255	0.0204249
1454	0.0204249	0.0204244
1455	0.0204244	0.0204239
1456	0.0204238	0.0204234
1457	0.0204234	0.0204228
1458	0.0204228	0.0204223
1459	0.0204223	0.0204218
1460	0.0204218	0.0204212
1461	0.0204212	0.0204207
1462	0.0204207	0.0204202
1463	0.0204202	0.0204197
1464	0.0204197	0.0204191
1465	0.0204191	0.0204186
1466	0.0204186	0.0204181
1467	0.0204181	0.0204175
1468	0.0204175	0.020417
1469	0.020417	0.0204165
1470	0.0204165	0.020416
1471	0.020416	0.0204154
1472	0.0204154	0.0204149
1473	0.0204149	0.0204144
1474	0.0204144	0.0204139
1475	0.0204139	0.0204134
1476	0.0204133	0.0204129
1477	0.0204129	0.0204123
1478	0.0204123	0.0204118
1479	0.0204118	0.0204113
1480	0.0204113	0.0204107
1481	0.0204107	0.0204102
1482	0.0204102	0.0204097
1483	0.0204097	0.0204092
1484	0.0204092	0.0204087
1485	0.0204087	0.0204082
1486	0.0204082	0.0204077
1487	0.0204076	0.0204071
1488	0.0204071	0.0204066
1489	0.0204066	0.0204061
1490	0.0204061	0.0204056
1491	0.0204056	0.020405
1492	0.020405	0.0204045
1493	0.0204045	0.020404
1494	0.020404	0.0204035
1495	0.0204035	0.020403
1496	0.020403	0.0204025
1497	0.0204025	0.0204019
1498	0.0204019	0.0204014
1499	0.0204014	0.0204009
1500	0.0204009	0.0204004
1501	0.0204004	0.0203999
1502	0.0203999	0.0203994
1503	0.0203994	0.0203989
1504	0.0203989	0.0203984
1505	0.0203983	0.0203978
1506	0.0203979	0.0203973
1507	0.0203974	0.0203968
1508	0.0203968	0.0203963
1509	0.0203963	0.0203958
1510	0.0203958	0.0203953
1511	0.0203953	0.0203948
1512	0.0203948	0.0203943
1513	0.0203943	0.0203938
1514	0.0203938	0.0203933
1515	0.0203933	0.0203928
1516	0.0203928	0.0203923
1517	0.0203923	0.0203917
1518	0.0203918	0.0203912
1519	0.0203912	0.0203907
1520	0.0203908	0.0203902
1521	0.0203902	0.0203897
1522	0.0203897	0.0203892
1523	0.0203892	0.0203887
1524	0.0203887	0.0203882
1525	0.0203882	0.0203877
1526	0.0203877	0.0203872
1527	0.0203872	0.0203867
1528	0.0203867	0.0203862
1529	0.0203862	0.0203857
1530	0.0203857	0.0203852
1531	0.0203851	0.0203847
1532	0.0203847	0.0203842
1533	0.0203841	0.0203837
1534	0.0203837	0.0203832
1535	0.0203832	0.0203827
1536	0.0203827	0.0203822
1537	0.0203822	0.0203817
1538	0.0203816	0.0203812
1539	0.0203812	0.0203807
1540	0.0203807	0.0203802
1541	0.0203802	0.0203797
1542	0.0203797	0.0203792
1543	0.0203792	0.0203787
1544	0.0203787	0.0203782
1545	0.0203782	0.0203777
1546	0.0203777	0.0203772
1547	0.0203772	0.0203767
1548	0.0203767	0.0203762
1549	0.0203762	0.0203757
1550	0.0203757	0.0203752
1551	0.0203752	0.0203747
1552	0.0203747	0.0203743
1553	0.0203742	0.0203737
1554	0.0203737	0.0203733
1555	0.0203732	0.0203727
1556	0.0203727	0.0203723
1557	0.0203722	0.0203718
1558	0.0203718	0.0203713
1559	0.0203713	0.0203708
1560	0.0203708	0.0203703
1561	0.0203703	0.0203698
1562	0.0203698	0.0203693
1563	0.0203693	0.0203688
1564	0.0203688	0.0203683
1565	0.0203683	0.0203678
1566	0.0203678	0.0203673
1567	0.0203673	0.0203668
1568	0.0203669	0.0203664
1569	0.0203663	0.0203659
1570	0.0203659	0.0203654
1571	0.0203654	0.0203649
1572	0.0203649	0.0203644
1573	0.0203644	0.0203639
1574	0.0203639	0.0203634
1575	0.0203634	0.0203629
1576	0.0203629	0.0203625
1577	0.0203625	0.020362
1578	0.020362	0.0203615
1579	0.0203615	0.020361
1580	0.020361	0.0203605
1581	0.0203605	0.02036
1582	0.02036	0.0203596
1583	0.0203595	0.0203591
1584	0.0203591	0.0203586
1585	0.0203585	0.0203581
1586	0.0203581	0.0203576
1587	0.0203576	0.0203571
1588	0.0203571	0.0203566
1589	0.0203566	0.0203561
1590	0.0203561	0.0203557
1591	0.0203556	0.0203552
1592	0.0203552	0.0203547
1593	0.0203547	0.0203542
1594	0.0203543	0.0203537
1595	0.0203537	0.0203532
1596	0.0203533	0.0203528
1597	0.0203527	0.0203523
1598	0.0203523	0.0203518
1599	0.0203518	0.0203513
1600	0.0203513	0.0203509
1601	0.0203509	0.0203504
1602	0.0203504	0.0203499
1603	0.0203499	0.0203494
1604	0.0203494	0.0203489
1605	0.0203489	0.0203485
1606	0.0203485	0.020348
1607	0.020348	0.0203475
1608	0.0203475	0.020347
1609	0.0203471	0.0203466
1610	0.0203466	0.0203461
1611	0.0203461	0.0203456
1612	0.0203456	0.0203451
1613	0.0203451	0.0203447
1614	0.0203447	0.0203442
1615	0.0203442	0.0203437
1616	0.0203437	0.0203432
1617	0.0203432	0.0203427
1618	0.0203427	0.0203423
1619	0.0203423	0.0203418
1620	0.0203418	0.0203414
1621	0.0203414	0.0203409
1622	0.0203409	0.0203404
1623	0.0203404	0.0203399
1624	0.0203399	0.0203394
1625	0.0203395	0.020339
1626	0.020339	0.0203385
1627	0.0203385	0.0203381
1628	0.0203381	0.0203376
1629	0.0203376	0.0203371
1630	0.0203371	0.0203366
1631	0.0203366	0.0203362
1632	0.0203361	0.0203357
1633	0.0203357	0.0203352
1634	0.0203352	0.0203348
1635	0.0203347	0.0203343
1636	0.0203343	0.0203338
1637	0.0203338	0.0203333
1638	0.0203333	0.0203329
1639	0.0203329	0.0203324
1640	0.0203324	0.020332
1641	0.0203319	0.0203315
1642	0.0203315	0.020331
1643	0.020331	0.0203305
1644	0.0203306	0.0203301
1645	0.0203301	0.0203296
1646	0.0203296	0.0203291
1647	0.0203291	0.0203286
1648	0.0203287	0.0203282
1649	0.0203283	0.0203278
1650	0.0203278	0.0203273
1651	0.0203273	0.0203269
1652	0.0203268	0.0203264
1653	0.0203264	0.0203259
1654	0.0203259	0.0203254
1655	0.0203254	0.020325
1656	0.020325	0.0203245
1657	0.0203245	0.0203241
1658	0.0203241	0.0203237
1659	0.0203236	0.0203231
1660	0.0203231	0.0203227
1661	0.0203226	0.0203222
1662	0.0203222	0.0203218
1663	0.0203218	0.0203213
1664	0.0203213	0.0203208
1665	0.0203208	0.0203204
1666	0.0203204	0.0203199
1667	0.0203199	0.0203195
1668	0.0203194	0.020319
1669	0.020319	0.0203185
1670	0.0203185	0.0203181
1671	0.0203181	0.0203176
1672	0.0203176	0.0203172
1673	0.0203172	0.0203167
1674	0.0203167	0.0203162
1675	0.0203162	0.0203158
1676	0.0203158	0.0203153
1677	0.0203154	0.0203149
1678	0.0203149	0.0203144
1679	0.0203144	0.020314
1680	0.020314	0.0203135
1681	0.0203135	0.0203131
1682	0.0203131	0.0203126
1683	0.0203126	0.0203121
1684	0.0203122	0.0203117
1685	0.0203117	0.0203112
1686	0.0203113	0.0203108
1687	0.0203108	0.0203103
1688	0.0203104	0.0203099
1689	0.0203099	0.0203094
1690	0.0203094	0.020309
1691	0.020309	0.0203085
1692	0.0203085	0.0203081
1693	0.0203081	0.0203076
1694	0.0203076	0.0203072
1695	0.0203072	0.0203067
1696	0.0203067	0.0203063
1697	0.0203062	0.0203058
1698	0.0203058	0.0203054
1699	0.0203054	0.0203049
1700	0.0203049	0.0203045
1701	0.0203045	0.020304
1702	0.020304	0.0203036
1703	0.0203036	0.0203031
1704	0.0203031	0.0203026
1705	0.0203027	0.0203022
1706	0.0203023	0.0203018
1707	0.0203018	0.0203013
1708	0.0203013	0.0203009
1709	0.0203009	0.0203004
1710	0.0203004	0.0203
1711	0.0203	0.0202995
1712	0.0202995	0.0202991
1713	0.0202991	0.0202986
1714	0.0202986	0.0202982
1715	0.0202982	0.0202978
1716	0.0202978	0.0202973
1717	0.0202973	0.0202969
1718	0.0202968	0.0202964
1719	0.0202965	0.020296
1720	0.020296	0.0202955
1721	0.0202955	0.0202951
1722	0.0202951	0.0202946
1723	0.0202946	0.0202942
1724	0.0202942	0.0202937
1725	0.0202937	0.0202933
1726	0.0202933	0.0202929
1727	0.0202929	0.0202924
1728	0.0202924	0.020292
1729	0.020292	0.0202916
1730	0.0202916	0.0202911
1731	0.0202911	0.0202907
1732	0.0202907	0.0202902
1733	0.0202903	0.0202898
1734	0.0202898	0.0202894
1735	0.0202893	0.0202889
1736	0.0202889	0.0202885
1737	0.0202885	0.0202881
1738	0.020288	0.0202876
1739	0.0202876	0.0202871
1740	0.0202871	0.0202867
1741	0.0202867	0.0202863
1742	0.0202863	0.0202858
1743	0.0202859	0.0202854
1744	0.0202854	0.0202849
1745	0.0202849	0.0202845
1746	0.0202846	0.0202841
1747	0.0202841	0.0202837
1748	0.0202836	0.0202832
1749	0.0202832	0.0202828
1750	0.0202828	0.0202823
1751	0.0202823	0.0202819
1752	0.0202819	0.0202815
1753	0.0202814	0.020281
1754	0.020281	0.0202806
1755	0.0202806	0.0202802
1756	0.0202802	0.0202797
1757	0.0202798	0.0202793
1758	0.0202793	0.0202788
1759	0.0202789	0.0202784
1760	0.0202784	0.020278
1761	0.020278	0.0202776
1762	0.0202776	0.0202771
1763	0.0202771	0.0202767
1764	0.0202767	0.0202763
1765	0.0202763	0.0202758
1766	0.0202758	0.0202754
1767	0.0202754	0.020275
1768	0.020275	0.0202745
1769	0.0202745	0.0202741
1770	0.0202741	0.0202737
1771	0.0202737	0.0202732
1772	0.0202732	0.0202728
1773	0.0202728	0.0202724
1774	0.0202724	0.020272
1775	0.020272	0.0202716
1776	0.0202715	0.0202711
1777	0.0202711	0.0202707
1778	0.0202706	0.0202703
1779	0.0202702	0.0202698
1780	0.0202698	0.0202694
1781	0.0202694	0.020269
1782	0.020269	0.0202685
1783	0.0202685	0.0202681
1784	0.0202681	0.0202677
1785	0.0202677	0.0202673
1786	0.0202672	0.0202668
1787	0.0202668	0.0202664
1788	0.0202664	0.020266
1789	0.020266	0.0202655
1790	0.0202655	0.0202651
1791	0.0202651	0.0202646
1792	0.0202646	0.0202643
1793	0.0202643	0.0202638
1794	0.0202638	0.0202634
1795	0.0202634	0.020263
1796	0.020263	0.0202626
1797	0.0202626	0.0202621
1798	0.0202621	0.0202617
1799	0.0202617	0.0202613
1800	0.0202613	0.0202608
1801	0.0202609	0.0202604
1802	0.0202604	0.02026
1803	0.02026	0.0202596
1804	0.0202596	0.0202592
1805	0.0202592	0.0202588
1806	0.0202588	0.0202583
1807	0.0202583	0.0202579
1808	0.0202579	0.0202575
1809	0.0202575	0.0202571
1810	0.0202571	0.0202566
1811	0.0202566	0.0202562
1812	0.0202562	0.0202558
1813	0.0202558	0.0202554
1814	0.0202554	0.020255
1815	0.0202549	0.0202545
1816	0.0202545	0.0202541
1817	0.0202541	0.0202537
1818	0.0202537	0.0202533
1819	0.0202533	0.0202529
1820	0.0202529	0.0202524
1821	0.0202524	0.020252
1822	0.020252	0.0202516
1823	0.0202516	0.0202512
1824	0.0202511	0.0202508
1825	0.0202507	0.0202503
1826	0.0202503	0.0202499
1827	0.0202499	0.0202495
1828	0.0202495	0.0202491
1829	0.0202491	0.0202487
1830	0.0202487	0.0202483
1831	0.0202483	0.0202478
1832	0.0202478	0.0202474
1833	0.0202474	0.020247
1834	0.020247	0.0202466
1835	0.0202466	0.0202462
1836	0.0202462	0.0202458
1837	0.0202457	0.0202453
1838	0.0202454	0.0202449
1839	0.0202449	0.0202445
1840	0.0202445	0.0202441
1841	0.0202441	0.0202437
1842	0.0202437	0.0202433
1843	0.0202433	0.0202429
1844	0.0202429	0.0202425
1845	0.0202425	0.0202421
1846	0.0202421	0.0202416
1847	0.0202417	0.0202412
1848	0.0202412	0.0202408
1849	0.0202408	0.0202404
1850	0.0202404	0.02024
1851	0.02024	0.0202395
1852	0.0202395	0.0202391
1853	0.0202392	0.0202388
1854	0.0202387	0.0202383
1855	0.0202383	0.0202379
1856	0.0202379	0.0202375
1857	0.0202375	0.0202371
1858	0.0202371	0.0202367
1859	0.0202367	0.0202363
1860	0.0202363	0.0202359
1861	0.0202358	0.0202355
1862	0.0202355	0.020235
1863	0.020235	0.0202346
1864	0.0202346	0.0202342
1865	0.0202342	0.0202338
1866	0.0202338	0.0202334
1867	0.0202334	0.020233
1868	0.020233	0.0202326
1869	0.0202326	0.0202322
1870	0.0202322	0.0202318
1871	0.0202318	0.0202314
1872	0.0202313	0.020231
1873	0.020231	0.0202305
1874	0.0202305	0.0202301
1875	0.0202301	0.0202297
1876	0.0202297	0.0202293
1877	0.0202293	0.0202289
1878	0.0202289	0.0202285
1879	0.0202285	0.0202281
1880	0.0202281	0.0202277
1881	0.0202277	0.0202273
1882	0.0202273	0.0202269
1883	0.0202269	0.0202265
1884	0.0202265	0.0202261
1885	0.0202261	0.0202257
1886	0.0202257	0.0202253
1887	0.0202253	0.0202249
1888	0.0202249	0.0202245
1889	0.0202245	0.0202241
1890	0.0202241	0.0202237
1891	0.0202237	0.0202233
1892	0.0202233	0.0202229
1893	0.0202229	0.0202225
1894	0.0202225	0.0202221
1895	0.0202221	0.0202216
1896	0.0202216	0.0202213
1897	0.0202213	0.0202209
1898	0.0202209	0.0202205
1899	0.0202205	0.0202201
1900	0.0202201	0.0202197
1901	0.0202197	0.0202193
1902	0.0202193	0.0202189
1903	0.0202189	0.0202185
1904	0.0202185	0.0202181
1905	0.0202181	0.0202177
1906	0.0202176	0.0202173
1907	0.0202173	0.0202169
1908	0.0202169	0.0202165
1909	0.0202165	0.0202161
1910	0.0202161	0.0202157
1911	0.0202157	0.0202153
1912	0.0202153	0.0202149
1913	0.0202149	0.0202145
1914	0.0202145	0.0202141
1915	0.0202141	0.0202137
1916	0.0202137	0.0202133
1917	0.0202133	0.0202129
1918	0.0202129	0.0202125
1919	0.0202125	0.0202121
1920	0.0202121	0.0202117
1921	0.0202117	0.0202113
1922	0.0202113	0.0202109
1923	0.0202109	0.0202105
1924	0.0202105	0.0202101
1925	0.0202101	0.0202097
1926	0.0202097	0.0202093
1927	0.0202093	0.0202089
1928	0.0202089	0.0202085
1929	0.0202085	0.0202081
1930	0.0202081	0.0202077
1931	0.0202077	0.0202074
1932	0.0202074	0.0202069
1933	0.020207	0.0202066
1934	0.0202065	0.0202062
1935	0.0202062	0.0202058
1936	0.0202058	0.0202054
1937	0.0202054	0.020205
1938	0.020205	0.0202046
1939	0.0202046	0.0202042
1940	0.0202042	0.0202038
1941	0.0202038	0.0202034
1942	0.0202034	0.020203
1943	0.020203	0.0202026
1944	0.0202026	0.0202022
1945	0.0202023	0.0202019
1946	0.0202019	0.0202015
1947	0.0202015	0.0202011
1948	0.0202011	0.0202007
1949	0.0202007	0.0202003
1950	0.0202003	0.0201999
1951	0.0201999	0.0201995
1952	0.0201995	0.0201991
1953	0.0201991	0.0201987
1954	0.0201987	0.0201983
1955	0.0201983	0.0201979
1956	0.0201979	0.0201975
1957	0.0201975	0.0201972
1958	0.0201972	0.0201968
1959	0.0201968	0.0201964
1960	0.0201964	0.020196
1961	0.020196	0.0201956
1962	0.0201956	0.0201952
1963	0.0201952	0.0201949
1964	0.0201949	0.0201945
1965	0.0201945	0.020194
1966	0.0201941	0.0201937
1967	0.0201937	0.0201933
1968	0.0201933	0.0201929
1969	0.0201929	0.0201925
1970	0.0201925	0.0201921
1971	0.0201922	0.0201918
1972	0.0201918	0.0201914
1973	0.0201914	0.020191
1974	0.020191	0.0201906
1975	0.0201906	0.0201902
1976	0.0201902	0.0201898
1977	0.0201898	0.0201894
1978	0.0201894	0.0201891
1979	0.0201891	0.0201887
1980	0.0201887	0.0201883
1981	0.0201883	0.0201879
1982	0.0201879	0.0201875
1983	0.0201875	0.0201871
1984	0.0201871	0.0201867
1985	0.0201867	0.0201864
1986	0.0201864	0.020186
1987	0.020186	0.0201856
1988	0.0201856	0.0201852
1989	0.0201852	0.0201849
1990	0.0201849	0.0201844
1991	0.0201844	0.0201841
1992	0.0201841	0.0201837
1993	0.0201837	0.0201833
1994	0.0201833	0.0201829
1995	0.0201829	0.0201825
1996	0.0201825	0.0201821
1997	0.0201821	0.0201818
1998	0.0201818	0.0201814
1999	0.0201814	0.020181
2000	0.020181	0.0201806
2001	0.0201806	0.0201803
2002	0.0201803	0.0201799
2003	0.0201799	0.0201795
2004	0.0201795	0.0201791
2005	0.0201791	0.0201787
2006	0.0201787	0.0201784
2007	0.0201784	0.020178
2008	0.020178	0.0201776
2009	0.0201776	0.0201772
2010	0.0201772	0.0201768
2011	0.0201768	0.0201764
2012	0.0201764	0.020176
2013	0.0201761	0.0201757
2014	0.0201757	0.0201753
2015	0.0201753	0.0201749
2016	0.020175	0.0201746
2017	0.0201746	0.0201742
2018	0.0201742	0.0201738
2019	0.0201738	0.0201734
2020	0.0201734	0.0201731
2021	0.0201731	0.0201727
2022	0.0201727	0.0201723
2023	0.0201723	0.0201719
2024	0.020172	0.0201716
2025	0.0201716	0.0201712
2026	0.0201712	0.0201708
2027	0.0201708	0.0201704
2028	0.0201704	0.02017
2029	0.0201701	0.0201696
2030	0.0201696	0.0201693
2031	0.0201693	0.0201689
2032	0.0201689	0.0201685
2033	0.0201685	0.0201682
2034	0.0201682	0.0201678
2035	0.0201678	0.0201674
2036	0.0201674	0.0201671
2037	0.0201671	0.0201667
2038	0.0201667	0.0201663
2039	0.0201663	0.0201659
2040	0.0201659	0.0201656
2041	0.0201656	0.0201652
2042	0.0201652	0.0201648
2043	0.0201648	0.0201645
2044	0.0201644	0.0201641
2045	0.0201641	0.0201637
2046	0.0201637	0.0201633
2047	0.0201633	0.020163
2048	0.020163	0.0201626
2049	0.0201626	0.0201622
2050	0.0201622	0.0201619
2051	0.0201618	0.0201615
2052	0.0201615	0.0201611
2053	0.0201611	0.0201608
2054	0.0201607	0.0201604
2055	0.0201604	0.02016
2056	0.02016	0.0201596
2057	0.0201596	0.0201593
2058	0.0201593	0.0201589
2059	0.0201589	0.0201585
2060	0.0201585	0.0201582
2061	0.0201581	0.0201578
2062	0.0201578	0.0201574
2063	0.0201574	0.020157
2064	0.020157	0.0201567
2065	0.0201567	0.0201563
2066	0.0201563	0.0201559
2067	0.0201559	0.0201556
2068	0.0201556	0.0201552
2069	0.0201552	0.0201548
2070	0.0201548	0.0201544
2071	0.0201544	0.0201541
2072	0.0201541	0.0201537
2073	0.0201537	0.0201534
2074	0.0201534	0.020153
2075	0.020153	0.0201526
2076	0.0201526	0.0201523
2077	0.0201523	0.0201519
2078	0.0201519	0.0201515
2079	0.0201515	0.0201512
2080	0.0201512	0.0201508
2081	0.0201508	0.0201504
2082	0.0201505	0.0201501
2083	0.0201501	0.0201497
2084	0.0201496	0.0201493
2085	0.0201493	0.020149
2086	0.020149	0.0201486
2087	0.0201486	0.0201482
2088	0.0201482	0.0201479
2089	0.0201479	0.0201475
2090	0.0201475	0.0201471
2091	0.0201471	0.0201468
2092	0.0201468	0.0201464
2093	0.0201464	0.0201461
2094	0.020146	0.0201457
2095	0.0201457	0.0201453
2096	0.0201453	0.020145
2097	0.0201449	0.0201446
2098	0.0201446	0.0201443
2099	0.0201443	0.0201439
2100	0.0201439	0.0201435
2101	0.0201435	0.0201431
2102	0.0201432	0.0201428
2103	0.0201428	0.0201424
2104	0.0201424	0.0201421
2105	0.0201421	0.0201417
2106	0.0201417	0.0201413
2107	0.0201413	0.020141
2108	0.020141	0.0201406
2109	0.0201406	0.0201403
2110	0.0201403	0.0201399
2111	0.0201399	0.0201395
2112	0.0201396	0.0201392
2113	0.0201392	0.0201388
2114	0.0201388	0.0201384
2115	0.0201385	0.0201381
2116	0.0201381	0.0201377
2117	0.0201377	0.0201374
2118	0.0201374	0.020137
2119	0.020137	0.0201367
2120	0.0201367	0.0201363
2121	0.0201363	0.0201359
2122	0.0201359	0.0201356
2123	0.0201356	0.0201352
2124	0.0201352	0.0201349
2125	0.0201349	0.0201345
2126	0.0201345	0.0201341
2127	0.0201341	0.0201338
2128	0.0201338	0.0201334
2129	0.0201335	0.0201331
2130	0.0201331	0.0201327
2131	0.0201327	0.0201323
2132	0.0201323	0.020132
2133	0.020132	0.0201316
2134	0.0201316	0.0201313
2135	0.0201313	0.0201309
2136	0.0201309	0.0201305
2137	0.0201305	0.0201302
2138	0.0201302	0.0201299
2139	0.0201299	0.0201295
2140	0.0201295	0.0201291
2141	0.0201291	0.0201288
2142	0.0201288	0.0201284
2143	0.0201284	0.0201281
2144	0.0201281	0.0201277
2145	0.0201277	0.0201274
2146	0.0201274	0.020127
2147	0.020127	0.0201267
2148	0.0201267	0.0201263
2149	0.0201263	0.020126
2150	0.0201259	0.0201256
2151	0.0201256	0.0201253
2152	0.0201253	0.0201249
2153	0.0201249	0.0201245
2154	0.0201245	0.0201242
2155	0.0201242	0.0201238
2156	0.0201238	0.0201235
2157	0.0201235	0.0201231
2158	0.0201231	0.0201228
2159	0.0201228	0.0201224
2160	0.0201224	0.0201221
2161	0.0201221	0.0201217
2162	0.0201217	0.0201213
2163	0.0201214	0.020121
2164	0.020121	0.0201207
2165	0.0201206	0.0201203
2166	0.0201203	0.02012
2167	0.0201199	0.0201196
2168	0.0201196	0.0201192
2169	0.0201193	0.0201189
2170	0.0201189	0.0201185
2171	0.0201185	0.0201182
2172	0.0201182	0.0201178
2173	0.0201178	0.0201175
2174	0.0201175	0.0201172
2175	0.0201171	0.0201168
2176	0.0201168	0.0201165
2177	0.0201165	0.0201161
2178	0.0201161	0.0201157
2179	0.0201157	0.0201154
2180	0.0201154	0.020115
2181	0.020115	0.0201147
2182	0.0201147	0.0201143
2183	0.0201143	0.020114
2184	0.020114	0.0201136
2185	0.0201136	0.0201133
2186	0.0201133	0.020113
2187	0.020113	0.0201126
2188	0.0201126	0.0201123
2189	0.0201123	0.0201119
2190	0.0201119	0.0201116
2191	0.0201116	0.0201112
2192	0.0201112	0.0201109
2193	0.0201109	0.0201105
2194	0.0201105	0.0201102
2195	0.0201102	0.0201098
2196	0.0201098	0.0201095
2197	0.0201095	0.0201091
2198	0.0201091	0.0201088
2199	0.0201088	0.0201084
2200	0.0201084	0.0201081
2201	0.0201081	0.0201077
2202	0.0201077	0.0201074
2203	0.0201074	0.020107
2204	0.0201071	0.0201067
2205	0.0201067	0.0201064
2206	0.0201064	0.020106
2207	0.020106	0.0201057
2208	0.0201056	0.0201053
2209	0.0201053	0.020105
2210	0.020105	0.0201046
2211	0.0201047	0.0201043
2212	0.0201043	0.0201039
2213	0.020104	0.0201036
2214	0.0201036	0.0201033
2215	0.0201032	0.0201029
2216	0.0201029	0.0201026
2217	0.0201026	0.0201022
2218	0.0201022	0.0201019
2219	0.0201018	0.0201016
2220	0.0201015	0.0201012
2221	0.0201012	0.0201009
2222	0.0201008	0.0201005
2223	0.0201005	0.0201002
2224	0.0201002	0.0200998
2225	0.0200998	0.0200995
2226	0.0200995	0.0200991
2227	0.0200992	0.0200988
2228	0.0200988	0.0200984
2229	0.0200984	0.0200981
2230	0.0200981	0.0200978
2231	0.0200978	0.0200974
2232	0.0200974	0.0200971
2233	0.0200971	0.0200967
2234	0.0200967	0.0200964
2235	0.0200964	0.0200961
2236	0.0200961	0.0200957
2237	0.0200957	0.0200954
2238	0.0200954	0.020095
2239	0.0200951	0.0200947
2240	0.0200947	0.0200944
2241	0.0200943	0.020094
2242	0.020094	0.0200937
2243	0.0200937	0.0200933
2244	0.0200933	0.020093
2245	0.020093	0.0200926
2246	0.0200926	0.0200923
2247	0.0200923	0.020092
2248	0.020092	0.0200916
2249	0.0200916	0.0200913
2250	0.0200913	0.0200909
2251	0.0200909	0.0200906
2252	0.0200907	0.0200903
2253	0.0200903	0.0200899
2254	0.0200899	0.0200896
2255	0.0200896	0.0200893
2256	0.0200893	0.0200889
2257	0.0200889	0.0200886
2258	0.0200886	0.0200883
2259	0.0200883	0.0200879
2260	0.0200879	0.0200876
2261	0.0200876	0.0200872
2262	0.0200872	0.0200869
2263	0.0200869	0.0200865
2264	0.0200865	0.0200862
2265	0.0200862	0.0200859
2266	0.0200859	0.0200856
2267	0.0200855	0.0200852
2268	0.0200852	0.0200849
2269	0.0200849	0.0200845
2270	0.0200846	0.0200842
2271	0.0200842	0.0200839
2272	0.0200839	0.0200836
2273	0.0200836	0.0200832
2274	0.0200832	0.0200829
2275	0.0200829	0.0200825
2276	0.0200825	0.0200822
2277	0.0200822	0.0200819
2278	0.0200819	0.0200815
2279	0.0200815	0.0200812
2280	0.0200812	0.0200808
2281	0.0200809	0.0200805
2282	0.0200805	0.0200802
2283	0.0200801	0.0200799
2284	0.0200798	0.0200795
2285	0.0200795	0.0200792
2286	0.0200792	0.0200788
2287	0.0200789	0.0200785
2288	0.0200785	0.0200782
2289	0.0200782	0.0200778
2290	0.0200778	0.0200775
2291	0.0200775	0.0200772
2292	0.0200772	0.0200769
2293	0.0200769	0.0200765
2294	0.0200765	0.0200762
2295	0.0200762	0.0200759
2296	0.0200758	0.0200755
2297	0.0200755	0.0200752
2298	0.0200752	0.0200749
2299	0.0200749	0.0200745
2300	0.0200745	0.0200742
2301	0.0200742	0.0200739
2302	0.0200739	0.0200735
2303	0.0200735	0.0200732
2304	0.0200732	0.0200729
2305	0.0200729	0.0200725
2306	0.0200725	0.0200722
2307	0.0200722	0.0200719
2308	0.0200718	0.0200715
2309	0.0200715	0.0200712
2310	0.0200712	0.0200709
2311	0.0200709	0.0200705
2312	0.0200705	0.0200702
2313	0.0200702	0.0200699
2314	0.0200699	0.0200696
2315	0.0200695	0.0200692
2316	0.0200692	0.0200689
2317	0.0200689	0.0200686
2318	0.0200685	0.0200682
2319	0.0200682	0.0200679
2320	0.0200679	0.0200676
2321	0.0200676	0.0200672
2322	0.0200672	0.0200669
2323	0.0200669	0.0200666
2324	0.0200666	0.0200663
2325	0.0200663	0.0200659
2326	0.0200659	0.0200656
2327	0.0200656	0.0200653
2328	0.0200653	0.0200649
2329	0.0200649	0.0200646
2330	0.0200646	0.0200643
2331	0.0200643	0.020064
2332	0.020064	0.0200636
2333	0.0200636	0.0200633
2334	0.0200633	0.020063
2335	0.020063	0.0200626
2336	0.0200627	0.0200623
2337	0.0200623	0.020062
2338	0.020062	0.0200616
2339	0.0200616	0.0200614
2340	0.0200613	0.020061
2341	0.020061	0.0200607
2342	0.0200607	0.0200604
2343	0.0200603	0.02006
2344	0.02006	0.0200597
2345	0.0200597	0.0200594
2346	0.0200594	0.0200591
2347	0.0200591	0.0200587
2348	0.0200587	0.0200584
2349	0.0200584	0.0200581
2350	0.0200581	0.0200578
2351	0.0200578	0.0200574
2352	0.0200574	0.0200571
2353	0.0200571	0.0200568
2354	0.0200568	0.0200565
2355	0.0200565	0.0200562
2356	0.0200561	0.0200558
2357	0.0200558	0.0200555
2358	0.0200555	0.0200551
2359	0.0200551	0.0200549
2360	0.0200549	0.0200545
2361	0.0200545	0.0200542
2362	0.0200542	0.0200539
2363	0.0200539	0.0200535
2364	0.0200535	0.0200532
2365	0.0200532	0.0200529
2366	0.0200529	0.0200526
2367	0.0200526	0.0200522
2368	0.0200523	0.0200519
2369	0.0200519	0.0200516
2370	0.0200516	0.0200513
2371	0.0200513	0.020051
2372	0.020051	0.0200507
2373	0.0200506	0.0200503
2374	0.0200503	0.02005
2375	0.02005	0.0200497
2376	0.0200497	0.0200493
2377	0.0200493	0.020049
2378	0.020049	0.0200487
2379	0.0200487	0.0200484
2380	0.0200484	0.020048
2381	0.0200481	0.0200477
2382	0.0200477	0.0200474
2383	0.0200474	0.0200471
2384	0.020047	0.0200468
2385	0.0200468	0.0200464
2386	0.0200464	0.0200461
2387	0.0200461	0.0200458
2388	0.0200458	0.0200455
2389	0.0200455	0.0200452
2390	0.0200452	0.0200449
2391	0.0200448	0.0200445
2392	0.0200445	0.0200442
2393	0.0200442	0.0200439
2394	0.0200439	0.0200436
2395	0.0200436	0.0200432
2396	0.0200432	0.0200429
2397	0.0200429	0.0200426
2398	0.0200426	0.0200423
2399	0.0200423	0.020042
2400	0.020042	0.0200416
2401	0.0200416	0.0200413
2402	0.0200413	0.020041
2403	0.020041	0.0200407
2404	0.0200407	0.0200404
2405	0.0200404	0.0200401
2406	0.02004	0.0200397
2407	0.0200397	0.0200394
2408	0.0200394	0.0200391
2409	0.0200391	0.0200388
2410	0.0200388	0.0200385
2411	0.0200385	0.0200382
2412	0.0200382	0.0200379
2413	0.0200379	0.0200375
2414	0.0200375	0.0200372
2415	0.0200372	0.0200369
2416	0.0200369	0.0200365
2417	0.0200365	0.0200362
2418	0.0200362	0.0200359
2419	0.0200359	0.0200356
2420	0.0200356	0.0200353
2421	0.0200353	0.020035
2422	0.020035	0.0200347
2423	0.0200347	0.0200343
2424	0.0200344	0.020034
2425	0.0200341	0.0200337
2426	0.0200337	0.0200334
2427	0.0200334	0.0200331
2428	0.0200331	0.0200327
2429	0.0200328	0.0200325
2430	0.0200325	0.0200321
2431	0.0200321	0.0200318
2432	0.0200318	0.0200315
2433	0.0200315	0.0200312
2434	0.0200312	0.0200309
2435	0.0200309	0.0200306
2436	0.0200306	0.0200303
2437	0.0200303	0.02003
2438	0.02003	0.0200296
2439	0.0200296	0.0200293
2440	0.0200293	0.020029
2441	0.020029	0.0200287
2442	0.0200287	0.0200284
2443	0.0200284	0.0200281
2444	0.0200281	0.0200278
2445	0.0200277	0.0200274
2446	0.0200274	0.0200271
2447	0.0200271	0.0200268
2448	0.0200268	0.0200265
2449	0.0200265	0.0200262
2450	0.0200262	0.0200259
2451	0.0200258	0.0200255
2452	0.0200256	0.0200252
2453	0.0200252	0.0200249
2454	0.0200249	0.0200246
2455	0.0200246	0.0200243
2456	0.0200243	0.020024
2457	0.020024	0.0200237
2458	0.0200237	0.0200234
2459	0.0200233	0.0200231
2460	0.0200231	0.0200228
2461	0.0200227	0.0200224
2462	0.0200224	0.0200221
2463	0.0200221	0.0200218
2464	0.0200218	0.0200215
2465	0.0200215	0.0200212
2466	0.0200212	0.0200209
2467	0.0200208	0.0200206
2468	0.0200206	0.0200202
2469	0.0200202	0.0200199
2470	0.02002	0.0200196
2471	0.0200196	0.0200193
2472	0.0200193	0.020019
2473	0.020019	0.0200187
2474	0.0200187	0.0200184
2475	0.0200184	0.0200181
2476	0.0200181	0.0200178
2477	0.0200178	0.0200175
2478	0.0200175	0.0200171
2479	0.0200171	0.0200168
2480	0.0200168	0.0200165
2481	0.0200166	0.0200162
2482	0.0200162	0.0200159
2483	0.0200159	0.0200156
2484	0.0200156	0.0200153
2485	0.0200153	0.020015
2486	0.020015	0.0200147
2487	0.0200147	0.0200144
2488	0.0200144	0.0200141
2489	0.0200141	0.0200137
2490	0.0200137	0.0200134
2491	0.0200134	0.0200131
2492	0.0200131	0.0200128
2493	0.0200128	0.0200125
2494	0.0200125	0.0200122
2495	0.0200122	0.0200119
2496	0.0200119	0.0200116
2497	0.0200116	0.0200113
2498	0.0200113	0.020011
2499	0.020011	0.0200106
2500	0.0200107	0.0200104
2501	0.0200104	0.02001
2502	0.0200101	0.0200098
2503	0.0200098	0.0200094
2504	0.0200095	0.0200091
2505	0.0200091	0.0200088
2506	0.0200088	0.0200085
2507	0.0200085	0.0200082
2508	0.0200082	0.0200079
2509	0.0200079	0.0200076
2510	0.0200076	0.0200073
2511	0.0200073	0.020007
2512	0.020007	0.0200067
2513	0.0200066	0.0200064
2514	0.0200064	0.0200061
2515	0.0200061	0.0200058
2516	0.0200058	0.0200054
2517	0.0200054	0.0200052
2518	0.0200052	0.0200048
2519	0.0200048	0.0200045
2520	0.0200045	0.0200042
2521	0.0200042	0.0200039
2522	0.0200039	0.0200036
2523	0.0200036	0.0200033
2524	0.0200033	0.020003
2525	0.020003	0.0200027
2526	0.0200027	0.0200024
2527	0.0200024	0.0200021
2528	0.0200021	0.0200018
2529	0.0200018	0.0200015
2530	0.0200015	0.0200012
2531	0.0200012	0.0200009
2532	0.0200009	0.0200006
2533	0.0200006	0.0200003
2534	0.0200003	0.02
2535	0.02	0.0199997
