1	0.21838	0.205708
2	0.205708	0.194417
3	0.194417	0.184203
4	0.184203	0.174552
5	0.174552	0.165319
6	0.165319	0.15686
7	0.15686	0.149771
8	0.149771	0.143075
9	0.143075	0.136871
10	0.136871	0.131089
11	0.131089	0.125661
12	0.125661	0.121039
13	0.12104	0.116862
14	0.116862	0.11307
15	0.11307	0.109505
16	0.109505	0.106143
17	0.106143	0.102968
18	0.102968	0.0999656
19	0.0999657	0.0971228
20	0.0971227	0.0944284
21	0.0944283	0.0918723
22	0.0918722	0.0894446
23	0.0894446	0.0871372
24	0.0871372	0.0849415
25	0.0849413	0.0828505
26	0.0828505	0.0808573
27	0.0808574	0.0789559
28	0.0789559	0.0771403
29	0.0771404	0.0754055
30	0.0754056	0.0737465
31	0.0737464	0.0721586
32	0.0721586	0.0706379
33	0.0706378	0.0691804
34	0.0691803	0.0677826
35	0.0677826	0.0664411
36	0.0664411	0.065153
37	0.065153	0.0639151
38	0.063915	0.062725
39	0.0627251	0.0615803
40	0.0615802	0.0604783
41	0.0604783	0.0594171
42	0.0594171	0.0583946
43	0.0583946	0.0574089
44	0.0574089	0.0564583
45	0.0564583	0.0555409
46	0.055541	0.0546555
47	0.0546555	0.0538002
48	0.0538002	0.0529738
49	0.0529738	0.0521751
50	0.0521751	0.0514028
51	0.0514028	0.0506556
52	0.0506556	0.0499326
53	0.0499325	0.0492326
54	0.0492325	0.0485546
55	0.0485547	0.047898
56	0.047898	0.0472616
57	0.0472615	0.0466445
58	0.0466445	0.0460462
59	0.0460462	0.0454658
60	0.0454658	0.0449026
61	0.0449026	0.044356
62	0.044356	0.0438251
63	0.0438252	0.0433097
64	0.0433097	0.0428088
65	0.0428089	0.0423222
66	0.0423223	0.0418492
67	0.0418492	0.0413892
68	0.0413893	0.040942
69	0.040942	0.0405069
70	0.0405069	0.0400835
71	0.0400835	0.0396715
72	0.0396715	0.0392704
73	0.0392705	0.0388799
74	0.03888	0.0384996
75	0.0384995	0.0381291
76	0.0381291	0.0377681
77	0.0377681	0.0374163
78	0.0374163	0.0370734
79	0.0370734	0.0367391
80	0.0367391	0.0364131
81	0.036413	0.0360951
82	0.0360951	0.0357849
83	0.0357849	0.0354822
84	0.0354822	0.0351869
85	0.0351869	0.0348986
86	0.0348986	0.0346172
87	0.0346172	0.0343424
88	0.0343424	0.034074
89	0.034074	0.0338119
90	0.0338119	0.0335558
91	0.0335558	0.0333056
92	0.0333056	0.0330611
93	0.0330611	0.0328221
94	0.0328221	0.0325885
95	0.0325885	0.0323601
96	0.0323601	0.0321368
97	0.0321368	0.0319183
98	0.0319183	0.0317047
99	0.0317047	0.0314956
100	0.0314956	0.0312912
101	0.0312911	0.031091
102	0.031091	0.0308951
103	0.0308952	0.0307035
104	0.0307035	0.0305158
105	0.0305158	0.0303321
106	0.0303321	0.0301521
107	0.0301521	0.0299759
108	0.0299759	0.0298033
109	0.0298033	0.0296342
110	0.0296343	0.0294686
111	0.0294686	0.0293063
112	0.0293063	0.0291473
113	0.0291473	0.0289913
114	0.0289914	0.0288386
115	0.0288386	0.0286888
116	0.0286888	0.0285419
117	0.0285419	0.028398
118	0.028398	0.0282568
119	0.0282568	0.0281183
120	0.0281183	0.0279825
121	0.0279825	0.0278492
122	0.0278492	0.0277185
123	0.0277185	0.0275903
124	0.0275903	0.0274644
125	0.0274644	0.027341
126	0.027341	0.0272198
127	0.0272197	0.0271008
128	0.0271008	0.026984
129	0.026984	0.0268693
130	0.0268693	0.0267568
131	0.0267568	0.0266462
132	0.0266463	0.0265377
133	0.0265377	0.0264311
134	0.0264311	0.0263263
135	0.0263263	0.0262234
136	0.0262235	0.0261224
137	0.0261224	0.0260231
138	0.0260231	0.0259256
139	0.0259256	0.0258298
140	0.0258297	0.0257355
141	0.0257355	0.025643
142	0.025643	0.025552
143	0.025552	0.0254625
144	0.0254625	0.0253746
145	0.0253746	0.0252881
146	0.0252881	0.0252031
147	0.0252031	0.0251196
148	0.0251195	0.0250374
149	0.0250373	0.0249565
150	0.0249565	0.024877
151	0.024877	0.0247988
152	0.0247988	0.0247219
153	0.0247219	0.0246462
154	0.0246462	0.0245718
155	0.0245718	0.0244985
156	0.0244985	0.0244264
157	0.0244264	0.0243555
158	0.0243556	0.0242857
159	0.0242857	0.024217
160	0.024217	0.0241494
161	0.0241494	0.0240829
162	0.0240829	0.0240174
163	0.0240174	0.0239529
164	0.0239529	0.0238894
165	0.0238894	0.0238269
166	0.0238268	0.0237653
167	0.0237653	0.0237047
168	0.0237047	0.023645
169	0.023645	0.0235862
170	0.0235862	0.0235283
171	0.0235283	0.0234712
172	0.0234712	0.0234151
173	0.0234151	0.0233597
174	0.0233597	0.0233052
175	0.0233052	0.0232515
176	0.0232515	0.0231986
177	0.0231986	0.0231465
178	0.0231465	0.0230951
179	0.0230951	0.0230444
180	0.0230444	0.0229945
181	0.0229945	0.0229453
182	0.0229453	0.0228969
183	0.0228969	0.0228491
184	0.0228491	0.022802
185	0.022802	0.0227555
186	0.0227556	0.0227098
187	0.0227098	0.0226647
188	0.0226647	0.0226202
189	0.0226202	0.0225763
190	0.0225763	0.0225331
191	0.0225331	0.0224904
192	0.0224904	0.0224484
193	0.0224484	0.0224069
194	0.0224069	0.022366
195	0.022366	0.0223256
196	0.0223256	0.0222858
197	0.0222858	0.0222466
198	0.0222466	0.0222078
199	0.0222079	0.0221697
200	0.0221697	0.022132
201	0.022132	0.0220948
202	0.0220947	0.0220581
203	0.0220581	0.0220219
204	0.0220219	0.0219862
205	0.0219862	0.0219509
206	0.0219509	0.0219161
207	0.0219161	0.0218818
208	0.0218818	0.0218479
209	0.0218479	0.0218145
210	0.0218145	0.0217815
211	0.0217815	0.0217489
212	0.0217489	0.0217167
213	0.0217168	0.021685
214	0.021685	0.0216537
215	0.0216537	0.0216227
216	0.0216228	0.0215922
217	0.0215922	0.021562
218	0.021562	0.0215323
219	0.0215323	0.0215029
220	0.0215029	0.0214739
221	0.0214738	0.0214452
222	0.0214452	0.0214169
223	0.0214169	0.0213889
224	0.0213889	0.0213613
225	0.0213613	0.021334
226	0.021334	0.0213071
227	0.0213071	0.0212805
228	0.0212805	0.0212542
229	0.0212542	0.0212283
230	0.0212283	0.0212026
231	0.0212026	0.0211773
232	0.0211773	0.0211523
233	0.0211523	0.0211275
234	0.0211276	0.0211032
235	0.0211031	0.021079
236	0.021079	0.0210551
237	0.0210552	0.0210316
238	0.0210316	0.0210083
239	0.0210083	0.0209854
240	0.0209853	0.0209626
241	0.0209626	0.0209401
242	0.0209401	0.0209179
243	0.0209179	0.020896
244	0.020896	0.0208743
245	0.0208743	0.0208529
246	0.0208529	0.0208317
247	0.0208317	0.0208107
248	0.0208107	0.02079
249	0.02079	0.0207695
250	0.0207696	0.0207493
251	0.0207493	0.0207293
252	0.0207293	0.0207095
253	0.0207096	0.02069
254	0.02069	0.0206707
255	0.0206707	0.0206516
256	0.0206516	0.0206327
257	0.0206327	0.020614
258	0.020614	0.0205955
259	0.0205955	0.0205773
260	0.0205773	0.0205592
261	0.0205592	0.0205413
262	0.0205414	0.0205237
263	0.0205237	0.0205062
264	0.0205062	0.0204889
265	0.0204889	0.0204718
266	0.0204718	0.0204549
267	0.0204549	0.0204383
268	0.0204382	0.0204217
269	0.0204217	0.0204053
270	0.0204053	0.0203892
271	0.0203891	0.0203731
272	0.0203731	0.0203574
273	0.0203573	0.0203417
274	0.0203417	0.0203262
275	0.0203262	0.0203109
276	0.0203109	0.0202957
277	0.0202957	0.0202807
278	0.0202807	0.0202658
279	0.0202658	0.0202512
280	0.0202512	0.0202367
281	0.0202367	0.0202223
282	0.0202223	0.020208
283	0.020208	0.0201939
284	0.0201939	0.02018
285	0.02018	0.0201662
286	0.0201662	0.0201526
287	0.0201526	0.0201391
288	0.0201391	0.0201257
289	0.0201257	0.0201125
290	0.0201125	0.0200994
291	0.0200995	0.0200865
292	0.0200865	0.0200737
293	0.0200737	0.020061
294	0.020061	0.0200484
295	0.0200484	0.020036
296	0.020036	0.0200237
297	0.0200237	0.0200115
298	0.0200115	0.0199994
299	0.0199994	0.0199875
