1	0.230476	0.219253
2	0.219253	0.207575
3	0.207575	0.198807
4	0.198807	0.190734
5	0.190734	0.183313
6	0.183313	0.179137
7	0.179137	0.175381
8	0.175381	0.171977
9	0.171977	0.168873
10	0.168873	0.166027
11	0.166027	0.163404
12	0.163404	0.160975
13	0.160975	0.158717
14	0.158717	0.15661
15	0.15661	0.154637
16	0.154637	0.152784
17	0.152784	0.151039
18	0.151039	0.149391
19	0.149391	0.147832
20	0.147832	0.146354
21	0.146354	0.14495
22	0.14495	0.143615
23	0.143615	0.142343
24	0.142343	0.141129
25	0.141129	0.139971
26	0.139971	0.138863
27	0.138863	0.137804
28	0.137804	0.136789
29	0.136789	0.135816
30	0.135816	0.134883
31	0.134883	0.133987
32	0.133987	0.133127
33	0.133127	0.1323
34	0.1323	0.131505
35	0.131505	0.130739
36	0.130739	0.130003
37	0.130003	0.129293
38	0.129293	0.128609
39	0.128609	0.127949
40	0.127949	0.127313
41	0.127313	0.1267
42	0.1267	0.126107
43	0.126107	0.125535
44	0.125535	0.124982
45	0.124982	0.124448
46	0.124448	0.123931
47	0.123931	0.123431
48	0.123431	0.122948
49	0.122948	0.12248
50	0.12248	0.122027
51	0.122027	0.121588
52	0.121588	0.121163
53	0.121163	0.120752
54	0.120752	0.120352
55	0.120352	0.119965
56	0.119965	0.119589
57	0.119589	0.119225
58	0.119225	0.118871
59	0.118871	0.118528
60	0.118528	0.118195
61	0.118195	0.117871
62	0.117871	0.117556
63	0.117556	0.11725
64	0.11725	0.116953
65	0.116953	0.116664
66	0.116664	0.116382
67	0.116382	0.116108
68	0.116108	0.115842
69	0.115842	0.115582
70	0.115582	0.11533
71	0.11533	0.115084
72	0.115084	0.114844
73	0.114844	0.11461
74	0.11461	0.114382
75	0.114382	0.11416
76	0.11416	0.113943
77	0.113943	0.113731
78	0.113731	0.113525
79	0.113525	0.113323
80	0.113323	0.113126
81	0.113126	0.112933
82	0.112933	0.112745
83	0.112745	0.112561
84	0.112561	0.112381
85	0.112381	0.112206
86	0.112206	0.112033
87	0.112033	0.111865
88	0.111865	0.1117
89	0.1117	0.111539
90	0.111539	0.11138
91	0.11138	0.111225
92	0.111225	0.111073
93	0.111073	0.110924
94	0.110924	0.110778
95	0.110778	0.110635
96	0.110635	0.110494
97	0.110494	0.110356
98	0.110356	0.11022
99	0.11022	0.110087
100	0.110087	0.109956
101	0.109956	0.109827
102	0.109827	0.109701
103	0.109701	0.109576
104	0.109576	0.109454
105	0.109454	0.109333
106	0.109333	0.109215
107	0.109215	0.109098
108	0.109098	0.108983
109	0.108983	0.108869
110	0.108869	0.108758
111	0.108758	0.108648
112	0.108648	0.108539
113	0.108539	0.108432
114	0.108432	0.108326
115	0.108326	0.108222
116	0.108222	0.108119
117	0.108119	0.108017
118	0.108017	0.107916
119	0.107916	0.107817
120	0.107817	0.107718
121	0.107718	0.107621
122	0.107621	0.107525
123	0.107525	0.10743
124	0.10743	0.107336
125	0.107336	0.107243
126	0.107243	0.107151
127	0.107151	0.107059
128	0.107059	0.106969
129	0.106969	0.106879
130	0.106879	0.10679
131	0.10679	0.106702
132	0.106702	0.106615
133	0.106615	0.106528
134	0.106528	0.106442
135	0.106442	0.106357
136	0.106357	0.106272
137	0.106272	0.106188
138	0.106188	0.106104
139	0.106104	0.106021
140	0.106021	0.105938
141	0.105938	0.105856
142	0.105856	0.105775
143	0.105775	0.105693
144	0.105693	0.105613
145	0.105613	0.105532
146	0.105532	0.105453
147	0.105453	0.105373
148	0.105373	0.105294
149	0.105294	0.105215
150	0.105215	0.105137
151	0.105137	0.105058
152	0.105058	0.10498
153	0.10498	0.104903
154	0.104903	0.104825
155	0.104825	0.104748
156	0.104748	0.104671
157	0.104671	0.104595
158	0.104595	0.104518
159	0.104518	0.104442
160	0.104442	0.104365
161	0.104365	0.104289
162	0.104289	0.104214
163	0.104214	0.104138
164	0.104138	0.104062
165	0.104062	0.103987
166	0.103987	0.103911
167	0.103911	0.103836
168	0.103836	0.10376
169	0.10376	0.103685
170	0.103685	0.10361
171	0.10361	0.103535
172	0.103535	0.103459
173	0.103459	0.103384
174	0.103384	0.103309
175	0.103309	0.103234
176	0.103234	0.103159
177	0.103159	0.103084
178	0.103084	0.103008
179	0.103008	0.102933
180	0.102933	0.102858
181	0.102858	0.102782
182	0.102782	0.102707
183	0.102707	0.102631
184	0.102631	0.102556
185	0.102556	0.10248
186	0.10248	0.102404
187	0.102404	0.102328
188	0.102328	0.102252
189	0.102252	0.102176
190	0.102176	0.102099
191	0.102099	0.102023
192	0.102023	0.101946
193	0.101946	0.101869
194	0.101869	0.101792
195	0.101792	0.101715
196	0.101715	0.101637
197	0.101637	0.10156
198	0.10156	0.101482
199	0.101482	0.101404
200	0.101404	0.101326
201	0.101326	0.101248
202	0.101248	0.101169
203	0.101169	0.10109
204	0.10109	0.101011
205	0.101011	0.100932
206	0.100932	0.100852
207	0.100852	0.100772
208	0.100772	0.100692
209	0.100692	0.100612
210	0.100612	0.100531
211	0.100531	0.10045
212	0.10045	0.100369
213	0.100369	0.100288
214	0.100288	0.100206
215	0.100206	0.100124
216	0.100124	0.100041
217	0.100041	0.0999586
218	0.0999586	0.0998756
219	0.0998756	0.0997923
220	0.0997923	0.0997086
221	0.0997086	0.0996246
222	0.0996246	0.0995402
223	0.0995402	0.0994556
224	0.0994555	0.0993705
225	0.0993705	0.0992851
226	0.0992851	0.0991994
227	0.0991994	0.0991133
228	0.0991133	0.0990268
229	0.0990268	0.09894
230	0.09894	0.0988527
231	0.0988527	0.0987651
232	0.0987651	0.0986771
233	0.0986771	0.0985887
234	0.0985887	0.0985
235	0.0985	0.0984108
236	0.0984108	0.0983212
237	0.0983212	0.0982312
238	0.0982312	0.0981408
239	0.0981408	0.09805
240	0.09805	0.0979588
241	0.0979588	0.0978671
242	0.0978671	0.097775
243	0.097775	0.0976825
244	0.0976825	0.0975895
245	0.0975896	0.0974962
246	0.0974962	0.0974023
247	0.0974023	0.097308
248	0.097308	0.0972133
249	0.0972133	0.0971181
250	0.0971181	0.0970225
251	0.0970225	0.0969263
252	0.0969263	0.0968298
253	0.0968298	0.0967327
254	0.0967327	0.0966352
255	0.0966352	0.0965372
256	0.0965373	0.0964388
257	0.0964388	0.0963398
258	0.0963398	0.0962404
259	0.0962404	0.0961405
260	0.0961405	0.0960401
261	0.0960401	0.0959392
262	0.0959392	0.0958378
263	0.0958378	0.095736
264	0.095736	0.0956336
265	0.0956336	0.0955307
266	0.0955307	0.0954273
267	0.0954273	0.0953234
268	0.0953235	0.095219
269	0.095219	0.0951141
270	0.0951141	0.0950087
271	0.0950087	0.0949028
272	0.0949028	0.0947963
273	0.0947963	0.0946894
274	0.0946894	0.0945819
275	0.0945819	0.0944739
276	0.0944739	0.0943653
277	0.0943654	0.0942563
278	0.0942563	0.0941467
279	0.0941467	0.0940366
280	0.0940366	0.093926
281	0.093926	0.0938148
282	0.0938148	0.0937031
283	0.0937031	0.0935909
284	0.0935909	0.0934782
285	0.0934782	0.0933649
286	0.0933649	0.0932511
287	0.0932511	0.0931367
288	0.0931367	0.0930219
289	0.0930219	0.0929064
290	0.0929064	0.0927905
291	0.0927905	0.092674
292	0.092674	0.092557
293	0.092557	0.0924395
294	0.0924395	0.0923214
295	0.0923214	0.0922028
296	0.0922028	0.0920836
297	0.0920837	0.091964
298	0.091964	0.0918438
299	0.0918438	0.0917231
300	0.0917231	0.0916018
301	0.0916018	0.09148
302	0.09148	0.0913577
303	0.0913577	0.0912349
304	0.0912349	0.0911115
305	0.0911115	0.0909877
306	0.0909877	0.0908633
307	0.0908633	0.0907384
308	0.0907384	0.0906129
309	0.0906129	0.090487
310	0.090487	0.0903605
311	0.0903605	0.0902336
312	0.0902336	0.0901061
313	0.0901061	0.0899781
314	0.0899781	0.0898496
315	0.0898496	0.0897207
316	0.0897207	0.0895912
317	0.0895912	0.0894612
318	0.0894612	0.0893308
319	0.0893308	0.0891998
320	0.0891998	0.0890684
321	0.0890684	0.0889365
322	0.0889365	0.0888041
323	0.0888041	0.0886712
324	0.0886712	0.0885379
325	0.0885379	0.0884041
326	0.0884041	0.0882698
327	0.0882698	0.0881351
328	0.0881351	0.088
329	0.088	0.0878644
330	0.0878644	0.0877283
331	0.0877283	0.0875918
332	0.0875918	0.0874548
333	0.0874548	0.0873175
334	0.0873175	0.0871797
335	0.0871797	0.0870415
336	0.0870415	0.0869028
337	0.0869028	0.0867638
338	0.0867638	0.0866244
339	0.0866244	0.0864845
340	0.0864845	0.0863443
341	0.0863443	0.0862036
342	0.0862036	0.0860626
343	0.0860626	0.0859212
344	0.0859212	0.0857795
345	0.0857795	0.0856373
346	0.0856373	0.0854949
347	0.0854949	0.085352
348	0.085352	0.0852088
349	0.0852088	0.0850653
350	0.0850653	0.0849214
351	0.0849214	0.0847772
352	0.0847772	0.0846327
353	0.0846327	0.0844878
354	0.0844878	0.0843427
355	0.0843426	0.0841972
356	0.0841972	0.0840514
357	0.0840515	0.0839054
358	0.0839054	0.0837591
359	0.0837591	0.0836125
360	0.0836125	0.0834656
361	0.0834656	0.0833185
362	0.0833184	0.0831711
363	0.0831711	0.0830234
364	0.0830234	0.0828755
365	0.0828755	0.0827274
366	0.0827274	0.0825791
367	0.0825791	0.0824305
368	0.0824305	0.0822817
369	0.0822817	0.0821327
370	0.0821327	0.0819836
371	0.0819836	0.0818342
372	0.0818342	0.0816846
373	0.0816846	0.0815349
374	0.0815349	0.081385
375	0.081385	0.0812349
376	0.0812349	0.0810847
377	0.0810847	0.0809343
378	0.0809343	0.0807838
379	0.0807838	0.0806332
380	0.0806332	0.0804824
381	0.0804824	0.0803316
382	0.0803315	0.0801806
383	0.0801806	0.0800295
384	0.0800295	0.0798783
385	0.0798783	0.079727
386	0.079727	0.0795757
387	0.0795757	0.0794242
388	0.0794243	0.0792727
389	0.0792727	0.0791212
390	0.0791212	0.0789696
391	0.0789696	0.078818
392	0.078818	0.0786663
393	0.0786663	0.0785146
394	0.0785146	0.0783629
395	0.0783629	0.0782111
396	0.0782111	0.0780594
397	0.0780594	0.0779077
398	0.0779077	0.0777559
399	0.0777559	0.0776042
400	0.0776042	0.0774525
401	0.0774525	0.0773009
402	0.0773009	0.0771492
403	0.0771492	0.0769976
404	0.0769976	0.0768461
405	0.0768461	0.0766947
406	0.0766947	0.0765432
407	0.0765432	0.0763919
408	0.0763919	0.0762407
409	0.0762407	0.0760895
410	0.0760895	0.0759384
411	0.0759384	0.0757874
412	0.0757874	0.0756366
413	0.0756365	0.0754858
414	0.0754858	0.0753352
415	0.0753351	0.0751846
416	0.0751846	0.0750342
417	0.0750342	0.074884
418	0.074884	0.0747339
419	0.0747339	0.0745839
420	0.0745839	0.0744341
421	0.0744341	0.0742845
422	0.0742845	0.074135
423	0.074135	0.0739857
424	0.0739857	0.0738366
425	0.0738366	0.0736877
426	0.0736877	0.0735389
427	0.0735389	0.0733904
428	0.0733904	0.073242
429	0.073242	0.0730939
430	0.0730939	0.072946
431	0.072946	0.0727983
432	0.0727983	0.0726508
433	0.0726508	0.0725036
434	0.0725036	0.0723566
435	0.0723566	0.0722098
436	0.0722098	0.0720633
437	0.0720633	0.071917
438	0.071917	0.071771
439	0.071771	0.0716252
440	0.0716252	0.0714797
441	0.0714797	0.0713345
442	0.0713345	0.0711895
443	0.0711895	0.0710449
444	0.0710448	0.0709005
445	0.0709005	0.0707564
446	0.0707564	0.0706126
447	0.0706126	0.0704692
448	0.0704692	0.070326
449	0.070326	0.0701832
450	0.0701832	0.0700406
451	0.0700406	0.0698984
452	0.0698984	0.0697565
453	0.0697565	0.0696149
454	0.0696149	0.0694736
455	0.0694737	0.0693327
456	0.0693327	0.0691922
457	0.0691922	0.0690519
458	0.0690519	0.068912
459	0.068912	0.0687725
460	0.0687725	0.0686333
461	0.0686333	0.0684945
462	0.0684945	0.068356
463	0.068356	0.0682179
464	0.0682179	0.0680802
465	0.0680802	0.0679428
466	0.0679428	0.0678058
467	0.0678058	0.0676692
468	0.0676692	0.0675329
469	0.0675329	0.067397
470	0.067397	0.0672615
471	0.0672615	0.0671264
472	0.0671264	0.0669916
473	0.0669917	0.0668573
474	0.0668573	0.0667233
475	0.0667233	0.0665897
476	0.0665897	0.0664565
477	0.0664565	0.0663237
478	0.0663237	0.0661913
479	0.0661913	0.0660592
480	0.0660592	0.0659276
481	0.0659276	0.0657963
482	0.0657963	0.0656655
483	0.0656655	0.065535
484	0.065535	0.065405
485	0.065405	0.0652753
486	0.0652753	0.0651461
487	0.0651461	0.0650172
488	0.0650172	0.0648888
489	0.0648888	0.0647608
490	0.0647608	0.0646331
491	0.0646331	0.0645059
492	0.0645059	0.0643791
493	0.0643791	0.0642526
494	0.0642526	0.0641266
495	0.0641266	0.064001
496	0.064001	0.0638758
497	0.0638758	0.0637511
498	0.0637511	0.0636267
499	0.0636267	0.0635027
500	0.0635027	0.0633792
501	0.0633792	0.063256
502	0.063256	0.0631333
503	0.0631333	0.063011
504	0.063011	0.0628891
505	0.0628891	0.0627676
506	0.0627676	0.0626465
507	0.0626465	0.0625258
508	0.0625258	0.0624055
509	0.0624055	0.0622857
510	0.0622857	0.0621662
511	0.0621662	0.0620472
512	0.0620472	0.0619286
513	0.0619286	0.0618104
514	0.0618104	0.0616926
515	0.0616926	0.0615752
516	0.0615752	0.0614582
517	0.0614582	0.0613417
518	0.0613416	0.0612255
519	0.0612255	0.0611098
520	0.0611098	0.0609945
521	0.0609945	0.0608796
522	0.0608796	0.0607652
523	0.0607652	0.0606511
524	0.0606512	0.0605375
525	0.0605375	0.0604243
526	0.0604243	0.0603115
527	0.0603115	0.0601992
528	0.0601992	0.0600872
529	0.0600872	0.0599757
530	0.0599757	0.0598645
531	0.0598645	0.0597538
532	0.0597538	0.0596435
533	0.0596435	0.0595336
534	0.0595336	0.0594241
535	0.0594241	0.059315
536	0.059315	0.0592063
537	0.0592063	0.059098
538	0.059098	0.0589901
539	0.0589901	0.0588826
540	0.0588826	0.0587755
541	0.0587755	0.0586689
542	0.0586689	0.0585626
543	0.0585626	0.0584567
544	0.0584567	0.0583512
545	0.0583512	0.0582461
546	0.0582461	0.0581414
547	0.0581414	0.0580371
548	0.0580371	0.0579331
549	0.0579331	0.0578296
550	0.0578296	0.0577264
551	0.0577264	0.0576237
552	0.0576237	0.0575213
553	0.0575213	0.0574193
554	0.0574193	0.0573177
555	0.0573177	0.0572164
556	0.0572164	0.0571155
557	0.0571155	0.0570151
558	0.0570151	0.056915
559	0.056915	0.0568152
560	0.0568152	0.0567159
561	0.0567159	0.0566169
562	0.0566169	0.0565183
563	0.0565183	0.05642
564	0.05642	0.0563221
565	0.0563221	0.0562246
566	0.0562246	0.0561274
567	0.0561274	0.0560306
568	0.0560306	0.0559342
569	0.0559342	0.0558381
570	0.0558381	0.0557424
571	0.0557424	0.055647
572	0.055647	0.055552
573	0.055552	0.0554573
574	0.0554573	0.055363
575	0.055363	0.055269
576	0.055269	0.0551754
577	0.0551754	0.0550821
578	0.0550821	0.0549892
579	0.0549892	0.0548967
580	0.0548967	0.0548044
581	0.0548044	0.0547125
582	0.0547125	0.0546209
583	0.0546209	0.0545297
584	0.0545297	0.0544388
585	0.0544388	0.0543483
586	0.0543483	0.0542581
587	0.0542581	0.0541682
588	0.0541682	0.0540786
589	0.0540786	0.0539894
590	0.0539894	0.0539005
591	0.0539005	0.0538119
592	0.0538119	0.0537236
593	0.0537236	0.0536357
594	0.0536357	0.0535481
595	0.0535481	0.0534608
596	0.0534608	0.0533738
597	0.0533738	0.0532872
598	0.0532872	0.0532008
599	0.0532008	0.0531148
600	0.0531148	0.0530291
601	0.0530291	0.0529436
602	0.0529436	0.0528585
603	0.0528585	0.0527737
604	0.0527737	0.0526893
605	0.0526893	0.0526051
606	0.0526051	0.0525212
607	0.0525212	0.0524376
608	0.0524376	0.0523544
609	0.0523544	0.0522714
610	0.0522714	0.0521887
611	0.0521887	0.0521063
612	0.0521063	0.0520243
613	0.0520243	0.0519425
614	0.0519425	0.051861
615	0.051861	0.0517798
616	0.0517798	0.0516989
617	0.0516989	0.0516183
618	0.0516183	0.0515379
619	0.0515379	0.0514579
620	0.0514579	0.0513781
621	0.0513781	0.0512987
622	0.0512987	0.0512195
623	0.0512195	0.0511406
624	0.0511406	0.0510619
625	0.0510619	0.0509836
626	0.0509836	0.0509055
627	0.0509055	0.0508277
628	0.0508277	0.0507501
629	0.0507501	0.0506729
630	0.0506729	0.0505959
631	0.0505959	0.0505192
632	0.0505192	0.0504427
633	0.0504427	0.0503665
634	0.0503665	0.0502906
635	0.0502906	0.050215
636	0.050215	0.0501396
637	0.0501396	0.0500644
638	0.0500644	0.0499896
639	0.0499896	0.049915
640	0.049915	0.0498406
641	0.0498406	0.0497665
642	0.0497665	0.0496927
643	0.0496927	0.0496191
644	0.0496191	0.0495458
645	0.0495458	0.0494727
646	0.0494727	0.0493999
647	0.0493999	0.0493273
648	0.0493273	0.0492549
649	0.0492549	0.0491829
650	0.0491829	0.049111
651	0.049111	0.0490394
652	0.0490394	0.0489681
653	0.0489681	0.048897
654	0.048897	0.0488261
655	0.0488261	0.0487555
656	0.0487555	0.0486851
657	0.0486851	0.0486149
658	0.0486149	0.048545
659	0.048545	0.0484753
660	0.0484753	0.0484059
661	0.0484059	0.0483367
662	0.0483367	0.0482677
663	0.0482677	0.0481989
664	0.0481989	0.0481304
665	0.0481304	0.0480621
666	0.0480621	0.047994
667	0.047994	0.0479262
668	0.0479262	0.0478586
669	0.0478586	0.0477912
670	0.0477912	0.047724
671	0.047724	0.047657
672	0.047657	0.0475903
673	0.0475903	0.0475238
674	0.0475238	0.0474575
675	0.0474575	0.0473914
676	0.0473914	0.0473256
677	0.0473256	0.0472599
678	0.0472599	0.0471945
679	0.0471945	0.0471293
680	0.0471293	0.0470643
681	0.0470643	0.0469995
682	0.0469995	0.0469349
683	0.0469349	0.0468706
684	0.0468706	0.0468064
685	0.0468064	0.0467424
686	0.0467424	0.0466787
687	0.0466787	0.0466151
688	0.0466151	0.0465518
689	0.0465518	0.0464886
690	0.0464886	0.0464257
691	0.0464257	0.046363
692	0.046363	0.0463004
693	0.0463004	0.0462381
694	0.0462381	0.046176
695	0.046176	0.0461141
696	0.046114	0.0460523
697	0.0460523	0.0459908
698	0.0459908	0.0459294
699	0.0459294	0.0458683
700	0.0458683	0.0458073
701	0.0458073	0.0457465
702	0.0457465	0.045686
703	0.045686	0.0456256
704	0.0456256	0.0455654
705	0.0455654	0.0455054
706	0.0455054	0.0454456
707	0.0454455	0.0453859
708	0.0453859	0.0453265
709	0.0453265	0.0452672
710	0.0452672	0.0452081
711	0.0452081	0.0451493
712	0.0451493	0.0450905
713	0.0450905	0.045032
714	0.045032	0.0449737
715	0.0449737	0.0449155
716	0.0449155	0.0448575
717	0.0448575	0.0447997
718	0.0447997	0.0447421
719	0.0447421	0.0446846
720	0.0446846	0.0446274
721	0.0446274	0.0445703
722	0.0445703	0.0445133
723	0.0445133	0.0444566
724	0.0444566	0.0444
725	0.0444	0.0443436
726	0.0443436	0.0442874
727	0.0442874	0.0442313
728	0.0442313	0.0441754
729	0.0441754	0.0441197
730	0.0441197	0.0440641
731	0.0440642	0.0440088
732	0.0440088	0.0439536
733	0.0439536	0.0438985
734	0.0438985	0.0438436
735	0.0438436	0.0437889
736	0.0437889	0.0437344
737	0.0437344	0.04368
738	0.04368	0.0436257
739	0.0436257	0.0435717
740	0.0435717	0.0435178
741	0.0435178	0.043464
742	0.043464	0.0434105
743	0.0434105	0.043357
744	0.043357	0.0433038
745	0.0433038	0.0432507
746	0.0432507	0.0431977
747	0.0431977	0.043145
748	0.0431449	0.0430923
749	0.0430923	0.0430398
750	0.0430398	0.0429875
751	0.0429875	0.0429353
752	0.0429353	0.0428833
753	0.0428833	0.0428315
754	0.0428315	0.0427798
755	0.0427798	0.0427282
756	0.0427282	0.0426768
757	0.0426768	0.0426256
758	0.0426255	0.0425744
759	0.0425744	0.0425235
760	0.0425235	0.0424727
761	0.0424727	0.042422
762	0.042422	0.0423715
763	0.0423715	0.0423211
764	0.0423211	0.0422709
765	0.0422709	0.0422209
766	0.0422209	0.0421709
767	0.0421709	0.0421212
768	0.0421211	0.0420715
769	0.0420715	0.042022
770	0.042022	0.0419727
771	0.0419727	0.0419235
772	0.0419235	0.0418744
773	0.0418744	0.0418255
774	0.0418255	0.0417767
775	0.0417767	0.0417281
776	0.0417281	0.0416795
777	0.0416795	0.0416312
778	0.0416312	0.0415829
779	0.0415829	0.0415348
780	0.0415348	0.0414869
781	0.0414869	0.0414391
782	0.0414391	0.0413914
783	0.0413914	0.0413439
784	0.0413439	0.0412964
785	0.0412964	0.0412492
786	0.0412492	0.041202
787	0.041202	0.041155
788	0.041155	0.0411081
789	0.0411081	0.0410614
790	0.0410614	0.0410148
791	0.0410148	0.0409683
792	0.0409683	0.040922
793	0.040922	0.0408757
794	0.0408758	0.0408297
795	0.0408297	0.0407837
796	0.0407837	0.0407379
797	0.0407379	0.0406922
798	0.0406922	0.0406466
799	0.0406466	0.0406012
800	0.0406012	0.0405558
801	0.0405558	0.0405106
802	0.0405107	0.0404656
803	0.0404656	0.0404206
804	0.0404206	0.0403758
805	0.0403758	0.0403311
806	0.0403311	0.0402866
807	0.0402866	0.0402421
808	0.0402421	0.0401978
809	0.0401978	0.0401536
810	0.0401536	0.0401095
811	0.0401095	0.0400656
812	0.0400656	0.0400218
813	0.0400218	0.0399781
814	0.0399781	0.0399345
815	0.0399345	0.039891
816	0.039891	0.0398477
817	0.0398477	0.0398044
818	0.0398044	0.0397613
819	0.0397613	0.0397183
820	0.0397183	0.0396755
821	0.0396755	0.0396327
822	0.0396327	0.0395901
823	0.0395901	0.0395476
824	0.0395476	0.0395052
825	0.0395052	0.0394629
826	0.0394629	0.0394207
827	0.0394207	0.0393787
828	0.0393787	0.0393367
829	0.0393367	0.0392949
830	0.0392949	0.0392532
831	0.0392532	0.0392116
832	0.0392116	0.0391701
833	0.0391701	0.0391287
834	0.0391287	0.0390875
835	0.0390875	0.0390463
836	0.0390463	0.0390053
837	0.0390053	0.0389644
838	0.0389643	0.0389235
839	0.0389235	0.0388828
840	0.0388828	0.0388422
841	0.0388422	0.0388017
842	0.0388017	0.0387614
843	0.0387614	0.0387211
844	0.0387211	0.038681
845	0.038681	0.0386409
846	0.0386409	0.038601
847	0.038601	0.0385611
848	0.0385611	0.0385214
849	0.0385214	0.0384818
850	0.0384818	0.0384423
851	0.0384423	0.0384029
852	0.0384028	0.0383635
853	0.0383636	0.0383243
854	0.0383243	0.0382853
855	0.0382853	0.0382463
856	0.0382463	0.0382074
857	0.0382074	0.0381686
858	0.0381686	0.0381299
859	0.0381299	0.0380913
860	0.0380913	0.0380529
861	0.0380529	0.0380145
862	0.0380145	0.0379762
863	0.0379762	0.0379381
864	0.0379381	0.0379
865	0.0379	0.037862
866	0.037862	0.0378242
867	0.0378242	0.0377864
868	0.0377864	0.0377487
869	0.0377487	0.0377112
870	0.0377112	0.0376737
871	0.0376737	0.0376363
872	0.0376363	0.037599
873	0.037599	0.0375619
874	0.0375619	0.0375248
875	0.0375248	0.0374878
876	0.0374878	0.0374509
877	0.0374509	0.0374142
878	0.0374142	0.0373775
879	0.0373775	0.0373409
880	0.0373409	0.0373044
881	0.0373044	0.037268
882	0.037268	0.0372317
883	0.0372317	0.0371955
884	0.0371955	0.0371593
885	0.0371593	0.0371233
886	0.0371233	0.0370874
887	0.0370874	0.0370516
888	0.0370516	0.0370158
889	0.0370158	0.0369802
890	0.0369802	0.0369446
891	0.0369446	0.0369091
892	0.0369091	0.0368738
893	0.0368738	0.0368385
894	0.0368385	0.0368033
895	0.0368033	0.0367682
896	0.0367682	0.0367332
897	0.0367332	0.0366983
898	0.0366983	0.0366635
899	0.0366635	0.0366287
900	0.0366287	0.0365941
901	0.0365941	0.0365595
902	0.0365595	0.036525
903	0.0365251	0.0364907
904	0.0364907	0.0364564
905	0.0364564	0.0364222
906	0.0364222	0.0363881
907	0.0363881	0.036354
908	0.036354	0.0363201
909	0.0363201	0.0362862
910	0.0362862	0.0362525
911	0.0362525	0.0362188
912	0.0362188	0.0361852
913	0.0361852	0.0361517
914	0.0361517	0.0361183
915	0.0361183	0.0360849
916	0.0360849	0.0360517
917	0.0360517	0.0360185
918	0.0360185	0.0359854
919	0.0359854	0.0359524
920	0.0359524	0.0359195
921	0.0359195	0.0358867
922	0.0358867	0.035854
923	0.035854	0.0358213
924	0.0358213	0.0357887
925	0.0357887	0.0357562
926	0.0357562	0.0357238
927	0.0357238	0.0356915
928	0.0356915	0.0356592
929	0.0356592	0.0356271
930	0.0356271	0.035595
931	0.035595	0.035563
932	0.035563	0.035531
933	0.035531	0.0354992
934	0.0354992	0.0354674
935	0.0354674	0.0354358
936	0.0354357	0.0354041
937	0.0354041	0.0353726
938	0.0353726	0.0353412
939	0.0353412	0.0353098
940	0.0353098	0.0352785
941	0.0352785	0.0352473
942	0.0352473	0.0352162
943	0.0352162	0.0351852
944	0.0351852	0.0351542
945	0.0351542	0.0351233
946	0.0351233	0.0350925
947	0.0350925	0.0350617
948	0.0350617	0.0350311
949	0.0350311	0.0350005
950	0.0350005	0.03497
951	0.03497	0.0349395
952	0.0349395	0.0349092
953	0.0349092	0.0348789
954	0.0348789	0.0348487
955	0.0348487	0.0348186
956	0.0348186	0.0347885
957	0.0347885	0.0347585
958	0.0347585	0.0347286
959	0.0347286	0.0346988
960	0.0346988	0.034669
961	0.034669	0.0346394
962	0.0346394	0.0346097
963	0.0346097	0.0345802
964	0.0345802	0.0345507
965	0.0345507	0.0345214
966	0.0345214	0.0344921
967	0.0344921	0.0344628
968	0.0344628	0.0344336
969	0.0344336	0.0344045
970	0.0344045	0.0343755
971	0.0343755	0.0343465
972	0.0343465	0.0343177
973	0.0343177	0.0342889
974	0.0342889	0.0342601
975	0.0342601	0.0342314
976	0.0342314	0.0342028
977	0.0342028	0.0341743
978	0.0341743	0.0341459
979	0.0341458	0.0341175
980	0.0341175	0.0340892
981	0.0340892	0.0340609
982	0.0340609	0.0340327
983	0.0340327	0.0340046
984	0.0340046	0.0339766
985	0.0339766	0.0339486
986	0.0339486	0.0339207
987	0.0339207	0.0338929
988	0.0338929	0.0338651
989	0.0338651	0.0338374
990	0.0338374	0.0338098
991	0.0338098	0.0337822
992	0.0337822	0.0337547
993	0.0337547	0.0337273
994	0.0337273	0.0336999
995	0.0336999	0.0336726
996	0.0336726	0.0336454
997	0.0336454	0.0336182
998	0.0336182	0.0335911
999	0.0335911	0.0335641
1000	0.0335641	0.0335371
1001	0.0335371	0.0335102
1002	0.0335102	0.0334834
1003	0.0334834	0.0334566
1004	0.0334566	0.0334299
1005	0.0334299	0.0334033
1006	0.0334033	0.0333767
1007	0.0333767	0.0333502
1008	0.0333502	0.0333238
1009	0.0333238	0.0332974
1010	0.0332974	0.0332711
1011	0.0332711	0.0332448
1012	0.0332448	0.0332186
1013	0.0332186	0.0331925
1014	0.0331925	0.0331665
1015	0.0331664	0.0331405
1016	0.0331405	0.0331145
1017	0.0331145	0.0330886
1018	0.0330886	0.0330628
1019	0.0330628	0.0330371
1020	0.0330371	0.0330114
1021	0.0330114	0.0329858
1022	0.0329858	0.0329602
1023	0.0329602	0.0329347
1024	0.0329347	0.0329093
1025	0.0329093	0.0328839
1026	0.0328839	0.0328586
1027	0.0328586	0.0328333
1028	0.0328333	0.0328081
1029	0.0328081	0.032783
1030	0.032783	0.0327579
1031	0.0327579	0.0327329
1032	0.0327329	0.0327079
1033	0.0327079	0.032683
1034	0.032683	0.0326582
1035	0.0326582	0.0326334
1036	0.0326334	0.0326087
1037	0.0326087	0.032584
1038	0.032584	0.0325594
1039	0.0325594	0.0325349
1040	0.0325349	0.0325104
1041	0.0325104	0.032486
1042	0.032486	0.0324616
1043	0.0324616	0.0324373
1044	0.0324373	0.0324131
1045	0.0324131	0.0323889
1046	0.0323889	0.0323647
1047	0.0323647	0.0323407
1048	0.0323407	0.0323166
1049	0.0323166	0.0322927
1050	0.0322927	0.0322688
1051	0.0322688	0.0322449
1052	0.0322449	0.0322211
1053	0.0322211	0.0321974
1054	0.0321974	0.0321737
1055	0.0321737	0.0321501
1056	0.0321501	0.0321265
1057	0.0321265	0.032103
1058	0.032103	0.0320796
1059	0.0320796	0.0320562
1060	0.0320562	0.0320328
1061	0.0320328	0.0320095
1062	0.0320095	0.0319863
1063	0.0319863	0.0319631
1064	0.0319631	0.03194
1065	0.03194	0.0319169
1066	0.0319169	0.0318939
1067	0.0318939	0.0318709
1068	0.0318709	0.031848
1069	0.031848	0.0318252
1070	0.0318252	0.0318024
1071	0.0318024	0.0317796
1072	0.0317796	0.0317569
1073	0.0317569	0.0317343
1074	0.0317343	0.0317117
1075	0.0317117	0.0316892
1076	0.0316892	0.0316667
1077	0.0316667	0.0316443
1078	0.0316443	0.0316219
1079	0.0316219	0.0315996
1080	0.0315996	0.0315773
1081	0.0315773	0.0315551
1082	0.0315551	0.0315329
1083	0.0315329	0.0315108
1084	0.0315108	0.0314888
1085	0.0314888	0.0314667
1086	0.0314667	0.0314448
1087	0.0314448	0.0314229
1088	0.0314229	0.031401
1089	0.031401	0.0313792
1090	0.0313792	0.0313575
1091	0.0313575	0.0313358
1092	0.0313358	0.0313141
1093	0.0313141	0.0312925
1094	0.0312925	0.031271
1095	0.031271	0.0312495
1096	0.0312495	0.031228
1097	0.031228	0.0312066
1098	0.0312066	0.0311852
1099	0.0311852	0.0311639
1100	0.0311639	0.0311427
1101	0.0311427	0.0311215
1102	0.0311215	0.0311003
1103	0.0311003	0.0310792
1104	0.0310792	0.0310582
1105	0.0310582	0.0310372
1106	0.0310372	0.0310162
1107	0.0310162	0.0309953
1108	0.0309953	0.0309744
1109	0.0309744	0.0309536
1110	0.0309536	0.0309328
1111	0.0309328	0.0309121
1112	0.0309121	0.0308915
1113	0.0308915	0.0308708
1114	0.0308708	0.0308503
1115	0.0308503	0.0308297
1116	0.0308297	0.0308093
1117	0.0308093	0.0307888
1118	0.0307888	0.0307684
1119	0.0307684	0.0307481
1120	0.0307481	0.0307278
1121	0.0307278	0.0307076
1122	0.0307076	0.0306874
1123	0.0306874	0.0306672
1124	0.0306672	0.0306471
1125	0.0306471	0.0306271
1126	0.030627	0.030607
1127	0.030607	0.0305871
1128	0.0305871	0.0305671
1129	0.0305671	0.0305473
1130	0.0305473	0.0305274
1131	0.0305274	0.0305077
1132	0.0305077	0.0304879
1133	0.0304879	0.0304682
1134	0.0304682	0.0304486
1135	0.0304486	0.030429
1136	0.030429	0.0304094
1137	0.0304094	0.0303899
1138	0.0303899	0.0303704
1139	0.0303704	0.030351
1140	0.030351	0.0303316
1141	0.0303316	0.0303123
1142	0.0303123	0.030293
1143	0.030293	0.0302737
1144	0.0302737	0.0302545
1145	0.0302546	0.0302354
1146	0.0302354	0.0302163
1147	0.0302163	0.0301972
1148	0.0301972	0.0301782
1149	0.0301782	0.0301592
1150	0.0301592	0.0301403
1151	0.0301403	0.0301214
1152	0.0301214	0.0301025
1153	0.0301025	0.0300837
1154	0.0300837	0.0300649
1155	0.0300649	0.0300462
1156	0.0300462	0.0300275
1157	0.0300275	0.0300089
1158	0.0300089	0.0299903
1159	0.0299903	0.0299717
1160	0.0299717	0.0299532
1161	0.0299532	0.0299347
1162	0.0299347	0.0299163
1163	0.0299163	0.0298979
1164	0.0298979	0.0298796
1165	0.0298796	0.0298613
1166	0.0298613	0.029843
1167	0.029843	0.0298248
1168	0.0298248	0.0298066
1169	0.0298066	0.0297885
1170	0.0297885	0.0297704
1171	0.0297704	0.0297523
1172	0.0297523	0.0297343
1173	0.0297343	0.0297163
1174	0.0297163	0.0296984
1175	0.0296984	0.0296805
1176	0.0296805	0.0296626
1177	0.0296626	0.0296448
1178	0.0296448	0.029627
1179	0.029627	0.0296093
1180	0.0296093	0.0295916
1181	0.0295916	0.0295739
1182	0.0295739	0.0295563
1183	0.0295563	0.0295387
1184	0.0295387	0.0295212
1185	0.0295212	0.0295037
1186	0.0295037	0.0294862
1187	0.0294862	0.0294688
1188	0.0294688	0.0294514
1189	0.0294514	0.0294341
1190	0.0294341	0.0294167
1191	0.0294167	0.0293995
1192	0.0293995	0.0293822
1193	0.0293822	0.029365
1194	0.029365	0.0293479
1195	0.0293479	0.0293307
1196	0.0293307	0.0293137
1197	0.0293137	0.0292966
1198	0.0292966	0.0292796
1199	0.0292796	0.0292626
1200	0.0292626	0.0292457
1201	0.0292457	0.0292288
1202	0.0292288	0.0292119
1203	0.0292119	0.0291951
1204	0.0291951	0.0291783
1205	0.0291783	0.0291615
1206	0.0291615	0.0291448
1207	0.0291448	0.0291281
1208	0.0291281	0.0291115
1209	0.0291115	0.0290949
1210	0.0290949	0.0290783
1211	0.0290783	0.0290617
1212	0.0290617	0.0290452
1213	0.0290452	0.0290288
1214	0.0290288	0.0290123
1215	0.0290123	0.0289959
1216	0.0289959	0.0289796
1217	0.0289796	0.0289633
1218	0.0289633	0.028947
1219	0.028947	0.0289307
1220	0.0289307	0.0289145
1221	0.0289145	0.0288983
1222	0.0288983	0.0288822
1223	0.0288822	0.028866
1224	0.028866	0.02885
1225	0.02885	0.0288339
1226	0.0288339	0.0288179
1227	0.0288179	0.0288019
1228	0.0288019	0.028786
1229	0.028786	0.0287701
1230	0.0287701	0.0287542
1231	0.0287542	0.0287384
1232	0.0287384	0.0287226
1233	0.0287226	0.0287068
1234	0.0287068	0.0286911
1235	0.028691	0.0286753
1236	0.0286753	0.0286597
1237	0.0286597	0.028644
1238	0.028644	0.0286284
1239	0.0286284	0.0286129
1240	0.0286129	0.0285973
1241	0.0285973	0.0285818
1242	0.0285818	0.0285664
1243	0.0285664	0.0285509
1244	0.0285509	0.0285355
1245	0.0285355	0.0285201
1246	0.0285201	0.0285048
1247	0.0285048	0.0284895
1248	0.0284895	0.0284742
1249	0.0284742	0.028459
1250	0.028459	0.0284438
1251	0.0284438	0.0284286
1252	0.0284286	0.0284135
1253	0.0284135	0.0283983
1254	0.0283983	0.0283833
1255	0.0283833	0.0283682
1256	0.0283682	0.0283532
1257	0.0283532	0.0283382
1258	0.0283382	0.0283233
1259	0.0283233	0.0283083
1260	0.0283083	0.0282934
1261	0.0282934	0.0282786
1262	0.0282786	0.0282638
1263	0.0282638	0.028249
1264	0.028249	0.0282342
1265	0.0282342	0.0282195
1266	0.0282195	0.0282048
1267	0.0282048	0.0281901
1268	0.0281901	0.0281755
1269	0.0281755	0.0281609
1270	0.0281609	0.0281463
1271	0.0281463	0.0281317
1272	0.0281317	0.0281172
1273	0.0281172	0.0281027
1274	0.0281027	0.0280883
1275	0.0280883	0.0280739
1276	0.0280738	0.0280595
1277	0.0280595	0.0280451
1278	0.0280451	0.0280308
1279	0.0280308	0.0280164
1280	0.0280164	0.0280022
1281	0.0280022	0.0279879
1282	0.0279879	0.0279737
1283	0.0279737	0.0279596
1284	0.0279596	0.0279454
1285	0.0279454	0.0279313
1286	0.0279313	0.0279172
1287	0.0279172	0.0279031
1288	0.0279032	0.0278891
1289	0.0278891	0.0278751
1290	0.0278751	0.0278612
1291	0.0278612	0.0278472
1292	0.0278472	0.0278333
1293	0.0278333	0.0278195
1294	0.0278195	0.0278056
1295	0.0278056	0.0277918
1296	0.0277918	0.027778
1297	0.027778	0.0277643
1298	0.0277643	0.0277505
1299	0.0277505	0.0277368
1300	0.0277368	0.0277232
1301	0.0277232	0.0277095
1302	0.0277095	0.0276959
1303	0.0276959	0.0276824
1304	0.0276824	0.0276688
1305	0.0276688	0.0276553
1306	0.0276553	0.0276418
1307	0.0276418	0.0276284
1308	0.0276284	0.0276149
1309	0.0276149	0.0276015
1310	0.0276015	0.0275882
1311	0.0275882	0.0275748
1312	0.0275748	0.0275615
1313	0.0275615	0.0275482
1314	0.0275482	0.027535
1315	0.027535	0.0275218
1316	0.0275218	0.0275086
1317	0.0275086	0.0274954
1318	0.0274954	0.0274823
1319	0.0274823	0.0274692
1320	0.0274692	0.0274561
1321	0.0274561	0.0274431
1322	0.0274431	0.0274301
1323	0.0274301	0.0274171
1324	0.0274171	0.0274041
1325	0.0274041	0.0273912
1326	0.0273912	0.0273783
1327	0.0273783	0.0273654
1328	0.0273654	0.0273525
1329	0.0273525	0.0273397
1330	0.0273397	0.0273269
1331	0.0273269	0.0273142
1332	0.0273142	0.0273014
1333	0.0273014	0.0272887
1334	0.0272887	0.027276
1335	0.027276	0.0272634
1336	0.0272634	0.0272508
1337	0.0272508	0.0272382
1338	0.0272382	0.0272256
1339	0.0272256	0.027213
1340	0.027213	0.0272005
1341	0.0272005	0.027188
1342	0.027188	0.0271756
1343	0.0271756	0.0271631
1344	0.0271631	0.0271507
1345	0.0271507	0.0271383
1346	0.0271383	0.027126
1347	0.027126	0.0271136
1348	0.0271136	0.0271013
1349	0.0271014	0.0270891
1350	0.0270891	0.0270768
1351	0.0270768	0.0270646
1352	0.0270646	0.0270524
1353	0.0270524	0.0270402
1354	0.0270402	0.0270281
1355	0.0270281	0.027016
1356	0.027016	0.0270039
1357	0.0270039	0.0269918
1358	0.0269918	0.0269797
1359	0.0269797	0.0269677
1360	0.0269677	0.0269557
1361	0.0269557	0.0269438
1362	0.0269438	0.0269318
1363	0.0269318	0.0269199
1364	0.0269199	0.026908
1365	0.026908	0.0268962
1366	0.0268962	0.0268843
1367	0.0268843	0.0268725
1368	0.0268725	0.0268607
1369	0.0268607	0.0268489
1370	0.0268489	0.0268372
1371	0.0268372	0.0268255
1372	0.0268255	0.0268138
1373	0.0268138	0.0268021
1374	0.0268021	0.0267905
1375	0.0267905	0.0267789
1376	0.0267789	0.0267673
1377	0.0267673	0.0267557
1378	0.0267557	0.0267442
1379	0.0267442	0.0267327
1380	0.0267327	0.0267212
1381	0.0267212	0.0267097
1382	0.0267097	0.0266982
1383	0.0266982	0.0266868
1384	0.0266868	0.0266754
1385	0.0266754	0.0266641
1386	0.0266641	0.0266527
1387	0.0266527	0.0266414
1388	0.0266414	0.0266301
1389	0.0266301	0.0266188
1390	0.0266188	0.0266075
1391	0.0266075	0.0265963
1392	0.0265963	0.0265851
1393	0.0265851	0.0265739
1394	0.0265739	0.0265627
1395	0.0265627	0.0265516
1396	0.0265516	0.0265405
1397	0.0265405	0.0265294
1398	0.0265294	0.0265183
1399	0.0265183	0.0265073
1400	0.0265073	0.0264963
1401	0.0264963	0.0264853
1402	0.0264853	0.0264743
1403	0.0264743	0.0264633
1404	0.0264633	0.0264524
1405	0.0264524	0.0264415
1406	0.0264415	0.0264306
1407	0.0264306	0.0264197
1408	0.0264197	0.0264089
1409	0.0264089	0.026398
1410	0.026398	0.0263873
1411	0.0263872	0.0263765
1412	0.0263765	0.0263657
1413	0.0263657	0.026355
1414	0.026355	0.0263443
1415	0.0263443	0.0263336
1416	0.0263336	0.0263229
1417	0.0263229	0.0263123
1418	0.0263123	0.0263016
1419	0.0263016	0.026291
1420	0.026291	0.0262805
1421	0.0262805	0.0262699
1422	0.0262699	0.0262594
1423	0.0262594	0.0262488
1424	0.0262488	0.0262383
1425	0.0262383	0.0262279
1426	0.0262279	0.0262174
1427	0.0262174	0.026207
1428	0.026207	0.0261966
1429	0.0261966	0.0261862
1430	0.0261862	0.0261758
1431	0.0261758	0.0261655
1432	0.0261655	0.0261551
1433	0.0261552	0.0261448
1434	0.0261448	0.0261346
1435	0.0261346	0.0261243
1436	0.0261243	0.0261141
1437	0.0261141	0.0261038
1438	0.0261038	0.0260936
1439	0.0260936	0.0260834
1440	0.0260834	0.0260733
1441	0.0260733	0.0260632
1442	0.0260632	0.026053
1443	0.026053	0.0260429
1444	0.0260429	0.0260329
1445	0.0260329	0.0260228
1446	0.0260228	0.0260128
1447	0.0260127	0.0260027
1448	0.0260027	0.0259927
1449	0.0259927	0.0259828
1450	0.0259828	0.0259728
1451	0.0259728	0.0259629
1452	0.0259629	0.0259529
1453	0.0259529	0.025943
1454	0.025943	0.0259331
1455	0.0259332	0.0259233
1456	0.0259233	0.0259135
1457	0.0259135	0.0259036
1458	0.0259036	0.0258938
1459	0.0258938	0.025884
1460	0.025884	0.0258743
1461	0.0258743	0.0258645
1462	0.0258645	0.0258548
1463	0.0258548	0.0258451
1464	0.0258451	0.0258354
1465	0.0258354	0.0258257
1466	0.0258257	0.0258161
1467	0.0258161	0.0258065
1468	0.0258065	0.0257969
1469	0.0257969	0.0257873
1470	0.0257873	0.0257777
1471	0.0257777	0.0257681
1472	0.0257681	0.0257586
1473	0.0257586	0.0257491
1474	0.0257491	0.0257396
1475	0.0257396	0.0257301
1476	0.0257301	0.0257206
1477	0.0257206	0.0257112
1478	0.0257112	0.0257018
1479	0.0257018	0.0256924
1480	0.0256924	0.025683
1481	0.025683	0.0256736
1482	0.0256736	0.0256643
1483	0.0256643	0.0256549
1484	0.0256549	0.0256456
1485	0.0256456	0.0256363
1486	0.0256363	0.025627
1487	0.025627	0.0256178
1488	0.0256178	0.0256085
1489	0.0256085	0.0255993
1490	0.0255993	0.0255901
1491	0.0255901	0.0255809
1492	0.0255809	0.0255717
1493	0.0255717	0.0255626
1494	0.0255626	0.0255535
1495	0.0255535	0.0255443
1496	0.0255443	0.0255352
1497	0.0255352	0.0255261
1498	0.0255261	0.0255171
1499	0.0255171	0.025508
1500	0.025508	0.025499
1501	0.025499	0.02549
1502	0.02549	0.025481
1503	0.025481	0.025472
1504	0.025472	0.025463
1505	0.025463	0.0254541
1506	0.0254541	0.0254452
1507	0.0254452	0.0254363
1508	0.0254363	0.0254274
1509	0.0254274	0.0254185
1510	0.0254185	0.0254096
1511	0.0254096	0.0254008
1512	0.0254008	0.025392
1513	0.025392	0.0253831
1514	0.0253831	0.0253743
1515	0.0253743	0.0253656
1516	0.0253656	0.0253568
1517	0.0253568	0.0253481
1518	0.0253481	0.0253393
1519	0.0253393	0.0253306
1520	0.0253306	0.0253219
1521	0.0253219	0.0253132
1522	0.0253132	0.0253046
1523	0.0253046	0.0252959
1524	0.0252959	0.0252873
1525	0.0252873	0.0252787
1526	0.0252787	0.0252701
1527	0.0252701	0.0252615
1528	0.0252615	0.0252529
1529	0.025253	0.0252444
1530	0.0252444	0.0252359
1531	0.0252359	0.0252274
1532	0.0252274	0.0252189
1533	0.0252189	0.0252104
1534	0.0252104	0.0252019
1535	0.0252019	0.0251934
1536	0.0251934	0.025185
1537	0.025185	0.0251766
1538	0.0251766	0.0251682
1539	0.0251682	0.0251598
1540	0.0251598	0.0251514
1541	0.0251514	0.025143
1542	0.025143	0.0251347
1543	0.0251347	0.0251264
1544	0.0251264	0.0251181
1545	0.0251181	0.0251098
1546	0.0251098	0.0251015
1547	0.0251015	0.0250932
1548	0.0250932	0.0250849
1549	0.025085	0.0250767
1550	0.0250767	0.0250685
1551	0.0250685	0.0250603
1552	0.0250603	0.0250521
1553	0.0250521	0.0250439
1554	0.0250439	0.0250358
1555	0.0250358	0.0250276
1556	0.0250276	0.0250195
1557	0.0250195	0.0250113
1558	0.0250113	0.0250033
1559	0.0250032	0.0249952
1560	0.0249952	0.0249871
1561	0.0249871	0.024979
1562	0.024979	0.024971
1563	0.024971	0.024963
1564	0.024963	0.0249549
1565	0.0249549	0.0249469
1566	0.0249469	0.024939
1567	0.024939	0.024931
1568	0.024931	0.024923
1569	0.024923	0.0249151
1570	0.0249151	0.0249072
1571	0.0249072	0.0248992
1572	0.0248992	0.0248913
1573	0.0248913	0.0248835
1574	0.0248835	0.0248756
1575	0.0248756	0.0248677
1576	0.0248677	0.0248599
1577	0.0248599	0.0248521
1578	0.0248521	0.0248442
1579	0.0248442	0.0248364
1580	0.0248364	0.0248287
1581	0.0248287	0.0248209
1582	0.0248209	0.0248131
1583	0.0248131	0.0248054
1584	0.0248054	0.0247976
1585	0.0247976	0.0247899
1586	0.0247899	0.0247822
1587	0.0247822	0.0247745
1588	0.0247745	0.0247669
1589	0.0247669	0.0247592
1590	0.0247592	0.0247516
1591	0.0247516	0.0247439
1592	0.0247439	0.0247363
1593	0.0247363	0.0247287
1594	0.0247287	0.0247211
1595	0.0247211	0.0247135
1596	0.0247135	0.0247059
1597	0.0247059	0.0246984
1598	0.0246984	0.0246908
1599	0.0246908	0.0246833
1600	0.0246833	0.0246758
1601	0.0246758	0.0246683
1602	0.0246683	0.0246608
1603	0.0246608	0.0246533
1604	0.0246533	0.0246459
1605	0.0246459	0.0246384
1606	0.0246384	0.024631
1607	0.024631	0.0246236
1608	0.0246236	0.0246162
1609	0.0246162	0.0246088
1610	0.0246088	0.0246014
1611	0.0246014	0.024594
1612	0.024594	0.0245866
1613	0.0245866	0.0245793
1614	0.0245793	0.024572
1615	0.024572	0.0245647
1616	0.0245646	0.0245573
1617	0.0245573	0.02455
1618	0.02455	0.0245428
1619	0.0245428	0.0245355
1620	0.0245355	0.0245282
1621	0.0245282	0.024521
1622	0.024521	0.0245138
1623	0.0245138	0.0245065
1624	0.0245065	0.0244993
1625	0.0244993	0.0244921
1626	0.0244921	0.024485
1627	0.024485	0.0244778
1628	0.0244778	0.0244706
1629	0.0244706	0.0244635
1630	0.0244635	0.0244564
1631	0.0244564	0.0244492
1632	0.0244492	0.0244421
1633	0.0244421	0.024435
1634	0.024435	0.024428
1635	0.024428	0.0244209
1636	0.0244209	0.0244138
1637	0.0244138	0.0244068
1638	0.0244068	0.0243997
1639	0.0243997	0.0243927
1640	0.0243927	0.0243857
1641	0.0243857	0.0243787
1642	0.0243787	0.0243717
1643	0.0243717	0.0243647
1644	0.0243647	0.0243578
1645	0.0243578	0.0243508
1646	0.0243508	0.0243439
1647	0.0243439	0.0243369
1648	0.0243369	0.02433
1649	0.02433	0.0243231
1650	0.0243231	0.0243162
1651	0.0243162	0.0243094
1652	0.0243093	0.0243025
1653	0.0243025	0.0242956
1654	0.0242956	0.0242888
1655	0.0242888	0.0242819
1656	0.0242819	0.0242751
1657	0.0242751	0.0242683
1658	0.0242683	0.0242615
1659	0.0242615	0.0242547
1660	0.0242547	0.0242479
1661	0.0242479	0.0242412
1662	0.0242412	0.0242344
1663	0.0242344	0.0242277
1664	0.0242277	0.0242209
1665	0.0242209	0.0242142
1666	0.0242142	0.0242075
1667	0.0242075	0.0242008
1668	0.0242008	0.0241941
1669	0.0241941	0.0241874
1670	0.0241874	0.0241808
1671	0.0241808	0.0241741
1672	0.0241741	0.0241675
1673	0.0241675	0.0241608
1674	0.0241608	0.0241542
1675	0.0241542	0.0241476
1676	0.0241476	0.024141
1677	0.024141	0.0241344
1678	0.0241344	0.0241278
1679	0.0241278	0.0241213
1680	0.0241213	0.0241147
1681	0.0241147	0.0241082
1682	0.0241082	0.0241016
1683	0.0241016	0.0240951
1684	0.0240951	0.0240886
1685	0.0240886	0.0240821
1686	0.0240821	0.0240756
1687	0.0240756	0.0240691
1688	0.0240691	0.0240626
1689	0.0240626	0.0240562
1690	0.0240562	0.0240497
1691	0.0240497	0.0240433
1692	0.0240433	0.0240369
1693	0.0240369	0.0240304
1694	0.0240304	0.024024
1695	0.024024	0.0240176
1696	0.0240176	0.0240112
1697	0.0240112	0.0240049
1698	0.0240049	0.0239985
1699	0.0239985	0.0239921
1700	0.0239921	0.0239858
1701	0.0239858	0.0239795
1702	0.0239795	0.0239731
1703	0.0239731	0.0239668
1704	0.0239668	0.0239605
1705	0.0239605	0.0239542
1706	0.0239542	0.0239479
1707	0.0239479	0.0239417
1708	0.0239416	0.0239354
1709	0.0239354	0.0239291
1710	0.0239291	0.0239229
1711	0.0239229	0.0239167
1712	0.0239166	0.0239104
1713	0.0239104	0.0239042
1714	0.0239042	0.023898
1715	0.023898	0.0238918
1716	0.0238918	0.0238856
1717	0.0238856	0.0238794
1718	0.0238794	0.0238733
1719	0.0238733	0.0238671
1720	0.0238671	0.023861
1721	0.023861	0.0238548
1722	0.0238548	0.0238487
1723	0.0238487	0.0238426
1724	0.0238426	0.0238365
1725	0.0238365	0.0238304
1726	0.0238304	0.0238243
1727	0.0238243	0.0238182
1728	0.0238182	0.0238122
1729	0.0238122	0.0238061
1730	0.0238061	0.0238001
1731	0.0238	0.023794
1732	0.023794	0.023788
1733	0.023788	0.023782
1734	0.023782	0.0237759
1735	0.023776	0.0237699
1736	0.0237699	0.023764
1737	0.023764	0.023758
1738	0.023758	0.023752
1739	0.023752	0.023746
1740	0.023746	0.0237401
1741	0.0237401	0.0237341
1742	0.0237341	0.0237282
1743	0.0237282	0.0237223
1744	0.0237223	0.0237163
1745	0.0237163	0.0237104
1746	0.0237104	0.0237045
1747	0.0237045	0.0236986
1748	0.0236986	0.0236928
1749	0.0236928	0.0236869
1750	0.0236869	0.023681
1751	0.023681	0.0236752
1752	0.0236752	0.0236693
1753	0.0236693	0.0236635
1754	0.0236635	0.0236577
1755	0.0236577	0.0236519
1756	0.0236519	0.023646
1757	0.023646	0.0236402
1758	0.0236402	0.0236344
1759	0.0236345	0.0236287
1760	0.0236287	0.0236229
1761	0.0236229	0.0236171
1762	0.0236171	0.0236114
1763	0.0236114	0.0236056
1764	0.0236056	0.0235999
1765	0.0235999	0.0235942
1766	0.0235942	0.0235884
1767	0.0235884	0.0235827
1768	0.0235827	0.023577
1769	0.023577	0.0235713
1770	0.0235713	0.0235656
1771	0.0235656	0.02356
1772	0.02356	0.0235543
1773	0.0235543	0.0235486
1774	0.0235486	0.023543
1775	0.023543	0.0235373
1776	0.0235373	0.0235317
1777	0.0235317	0.0235261
1778	0.0235261	0.0235205
1779	0.0235205	0.0235149
1780	0.0235149	0.0235093
1781	0.0235093	0.0235037
1782	0.0235037	0.0234981
1783	0.0234981	0.0234925
1784	0.0234925	0.0234869
1785	0.0234869	0.0234814
1786	0.0234814	0.0234758
1787	0.0234758	0.0234703
1788	0.0234703	0.0234648
1789	0.0234648	0.0234592
1790	0.0234592	0.0234537
1791	0.0234537	0.0234482
1792	0.0234482	0.0234427
1793	0.0234427	0.0234372
1794	0.0234372	0.0234317
1795	0.0234317	0.0234263
1796	0.0234263	0.0234208
1797	0.0234208	0.0234153
1798	0.0234153	0.0234099
1799	0.0234099	0.0234044
1800	0.0234044	0.023399
1801	0.023399	0.0233936
1802	0.0233936	0.0233882
1803	0.0233882	0.0233827
1804	0.0233827	0.0233773
1805	0.0233773	0.023372
1806	0.0233719	0.0233666
1807	0.0233666	0.0233612
1808	0.0233612	0.0233558
1809	0.0233558	0.0233505
1810	0.0233505	0.0233451
1811	0.0233451	0.0233398
1812	0.0233398	0.0233344
1813	0.0233344	0.0233291
1814	0.0233291	0.0233238
1815	0.0233238	0.0233184
1816	0.0233184	0.0233131
1817	0.0233131	0.0233078
1818	0.0233078	0.0233025
1819	0.0233025	0.0232973
1820	0.0232973	0.023292
1821	0.023292	0.0232867
1822	0.0232867	0.0232814
1823	0.0232815	0.0232762
1824	0.0232762	0.0232709
1825	0.023271	0.0232657
1826	0.0232657	0.0232605
1827	0.0232605	0.0232553
1828	0.0232553	0.02325
1829	0.02325	0.0232448
1830	0.0232448	0.0232396
1831	0.0232396	0.0232344
1832	0.0232344	0.0232293
1833	0.0232293	0.0232241
1834	0.0232241	0.0232189
1835	0.0232189	0.0232137
1836	0.0232137	0.0232086
1837	0.0232086	0.0232034
1838	0.0232034	0.0231983
1839	0.0231983	0.0231932
1840	0.0231932	0.023188
1841	0.023188	0.0231829
1842	0.0231829	0.0231778
1843	0.0231778	0.0231727
1844	0.0231727	0.0231676
1845	0.0231676	0.0231625
1846	0.0231625	0.0231574
1847	0.0231574	0.0231524
1848	0.0231524	0.0231473
1849	0.0231473	0.0231422
1850	0.0231422	0.0231372
1851	0.0231372	0.0231321
1852	0.0231321	0.0231271
1853	0.0231271	0.0231221
1854	0.0231221	0.023117
1855	0.023117	0.023112
1856	0.023112	0.023107
1857	0.023107	0.023102
1858	0.023102	0.023097
1859	0.023097	0.023092
1860	0.023092	0.023087
1861	0.0230871	0.0230821
1862	0.0230821	0.0230771
1863	0.0230771	0.0230721
1864	0.0230721	0.0230672
1865	0.0230672	0.0230623
1866	0.0230622	0.0230573
1867	0.0230573	0.0230524
1868	0.0230524	0.0230475
1869	0.0230475	0.0230425
1870	0.0230425	0.0230376
1871	0.0230376	0.0230327
1872	0.0230327	0.0230278
1873	0.0230278	0.0230229
1874	0.0230229	0.023018
1875	0.023018	0.0230132
1876	0.0230132	0.0230083
1877	0.0230083	0.0230034
1878	0.0230034	0.0229986
1879	0.0229986	0.0229937
1880	0.0229937	0.0229889
1881	0.0229889	0.022984
1882	0.022984	0.0229792
1883	0.0229792	0.0229744
1884	0.0229744	0.0229696
1885	0.0229696	0.0229648
1886	0.0229648	0.02296
1887	0.02296	0.0229552
1888	0.0229552	0.0229504
1889	0.0229504	0.0229456
1890	0.0229456	0.0229408
1891	0.0229408	0.022936
1892	0.022936	0.0229313
1893	0.0229313	0.0229265
1894	0.0229265	0.0229218
1895	0.0229218	0.022917
1896	0.022917	0.0229123
1897	0.0229123	0.0229075
1898	0.0229075	0.0229028
1899	0.0229028	0.0228981
1900	0.0228981	0.0228934
1901	0.0228934	0.0228887
1902	0.0228887	0.022884
1903	0.022884	0.0228793
1904	0.0228793	0.0228746
1905	0.0228746	0.0228699
1906	0.0228699	0.0228652
1907	0.0228652	0.0228606
1908	0.0228606	0.0228559
1909	0.0228559	0.0228513
1910	0.0228513	0.0228466
1911	0.0228466	0.022842
1912	0.022842	0.0228373
1913	0.0228373	0.0228327
1914	0.0228327	0.0228281
1915	0.0228281	0.0228235
1916	0.0228235	0.0228188
1917	0.0228188	0.0228142
1918	0.0228142	0.0228096
1919	0.0228096	0.022805
1920	0.022805	0.0228004
1921	0.0228004	0.0227959
1922	0.0227959	0.0227913
1923	0.0227913	0.0227867
1924	0.0227867	0.0227822
1925	0.0227822	0.0227776
1926	0.0227776	0.0227731
1927	0.0227731	0.0227685
1928	0.0227685	0.022764
1929	0.022764	0.0227594
1930	0.0227594	0.0227549
1931	0.0227549	0.0227504
1932	0.0227504	0.0227459
1933	0.0227459	0.0227414
1934	0.0227414	0.0227369
1935	0.0227369	0.0227324
1936	0.0227324	0.0227279
1937	0.0227279	0.0227234
1938	0.0227234	0.0227189
1939	0.0227189	0.0227144
1940	0.0227144	0.02271
1941	0.02271	0.0227055
1942	0.0227055	0.0227011
1943	0.0227011	0.0226966
1944	0.0226966	0.0226922
1945	0.0226922	0.0226877
1946	0.0226877	0.0226833
1947	0.0226833	0.0226789
1948	0.0226789	0.0226744
1949	0.0226744	0.02267
1950	0.02267	0.0226656
1951	0.0226656	0.0226612
1952	0.0226612	0.0226568
1953	0.0226568	0.0226524
1954	0.0226524	0.022648
1955	0.022648	0.0226437
1956	0.0226437	0.0226393
1957	0.0226393	0.0226349
1958	0.0226349	0.0226305
1959	0.0226305	0.0226262
1960	0.0226262	0.0226218
1961	0.0226218	0.0226175
1962	0.0226175	0.0226132
1963	0.0226132	0.0226088
1964	0.0226088	0.0226045
1965	0.0226045	0.0226002
1966	0.0226002	0.0225959
1967	0.0225959	0.0225915
1968	0.0225915	0.0225872
1969	0.0225872	0.0225829
1970	0.0225829	0.0225786
1971	0.0225786	0.0225743
1972	0.0225743	0.0225701
1973	0.0225701	0.0225658
1974	0.0225658	0.0225615
1975	0.0225615	0.0225572
1976	0.0225572	0.022553
1977	0.022553	0.0225487
1978	0.0225487	0.0225445
1979	0.0225445	0.0225402
1980	0.0225402	0.022536
1981	0.022536	0.0225317
1982	0.0225317	0.0225275
1983	0.0225275	0.0225233
1984	0.0225233	0.0225191
1985	0.0225191	0.0225148
1986	0.0225148	0.0225106
1987	0.0225106	0.0225064
1988	0.0225064	0.0225022
1989	0.0225022	0.022498
1990	0.022498	0.0224939
1991	0.0224939	0.0224897
1992	0.0224897	0.0224855
1993	0.0224855	0.0224813
1994	0.0224813	0.0224772
1995	0.0224772	0.022473
1996	0.022473	0.0224688
1997	0.0224688	0.0224647
1998	0.0224647	0.0224605
1999	0.0224605	0.0224564
2000	0.0224564	0.0224523
2001	0.0224523	0.0224481
2002	0.0224481	0.022444
2003	0.022444	0.0224399
2004	0.0224399	0.0224358
2005	0.0224358	0.0224317
2006	0.0224317	0.0224276
2007	0.0224276	0.0224235
2008	0.0224235	0.0224194
2009	0.0224194	0.0224153
2010	0.0224153	0.0224112
2011	0.0224112	0.0224071
2012	0.0224071	0.0224031
2013	0.0224031	0.022399
2014	0.022399	0.0223949
2015	0.0223949	0.0223909
2016	0.0223909	0.0223868
2017	0.0223868	0.0223828
2018	0.0223828	0.0223787
2019	0.0223787	0.0223747
2020	0.0223747	0.0223707
2021	0.0223707	0.0223666
2022	0.0223666	0.0223626
2023	0.0223626	0.0223586
2024	0.0223586	0.0223546
2025	0.0223546	0.0223506
2026	0.0223506	0.0223466
2027	0.0223466	0.0223426
2028	0.0223426	0.0223386
2029	0.0223386	0.0223346
2030	0.0223346	0.0223306
2031	0.0223306	0.0223266
2032	0.0223266	0.0223227
2033	0.0223227	0.0223187
2034	0.0223187	0.0223147
2035	0.0223147	0.0223108
2036	0.0223108	0.0223068
2037	0.0223068	0.0223029
2038	0.0223029	0.0222989
2039	0.0222989	0.022295
2040	0.022295	0.022291
2041	0.022291	0.0222871
2042	0.0222871	0.0222832
2043	0.0222832	0.0222793
2044	0.0222793	0.0222754
2045	0.0222754	0.0222714
2046	0.0222714	0.0222675
2047	0.0222675	0.0222636
2048	0.0222636	0.0222597
2049	0.0222597	0.0222559
2050	0.0222559	0.022252
2051	0.022252	0.0222481
2052	0.0222481	0.0222442
2053	0.0222442	0.0222403
2054	0.0222403	0.0222365
2055	0.0222365	0.0222326
2056	0.0222326	0.0222287
2057	0.0222287	0.0222249
2058	0.0222249	0.022221
2059	0.022221	0.0222172
2060	0.0222172	0.0222134
2061	0.0222134	0.0222095
2062	0.0222095	0.0222057
2063	0.0222057	0.0222019
2064	0.0222019	0.0221981
2065	0.0221981	0.0221942
2066	0.0221942	0.0221904
2067	0.0221904	0.0221866
2068	0.0221866	0.0221828
2069	0.0221828	0.022179
2070	0.022179	0.0221752
2071	0.0221752	0.0221714
2072	0.0221714	0.0221677
2073	0.0221677	0.0221639
2074	0.0221639	0.0221601
2075	0.0221601	0.0221563
2076	0.0221563	0.0221526
2077	0.0221526	0.0221488
2078	0.0221488	0.022145
2079	0.022145	0.0221413
2080	0.0221413	0.0221375
2081	0.0221375	0.0221338
2082	0.0221338	0.0221301
2083	0.0221301	0.0221263
2084	0.0221263	0.0221226
2085	0.0221226	0.0221189
2086	0.0221189	0.0221151
2087	0.0221151	0.0221114
2088	0.0221114	0.0221077
2089	0.0221077	0.022104
2090	0.022104	0.0221003
2091	0.0221003	0.0220966
2092	0.0220966	0.0220929
2093	0.0220929	0.0220892
2094	0.0220892	0.0220855
2095	0.0220855	0.0220819
2096	0.0220819	0.0220782
2097	0.0220782	0.0220745
2098	0.0220745	0.0220708
2099	0.0220708	0.0220672
2100	0.0220672	0.0220635
2101	0.0220635	0.0220599
2102	0.0220599	0.0220562
2103	0.0220562	0.0220526
2104	0.0220526	0.0220489
2105	0.0220489	0.0220453
2106	0.0220453	0.0220416
2107	0.0220416	0.022038
2108	0.022038	0.0220344
2109	0.0220344	0.0220308
2110	0.0220308	0.0220271
2111	0.0220271	0.0220235
2112	0.0220235	0.0220199
2113	0.0220199	0.0220163
2114	0.0220163	0.0220127
2115	0.0220127	0.0220091
2116	0.0220091	0.0220055
2117	0.0220055	0.0220019
2118	0.0220019	0.0219984
2119	0.0219984	0.0219948
2120	0.0219948	0.0219912
2121	0.0219912	0.0219876
2122	0.0219876	0.0219841
2123	0.0219841	0.0219805
2124	0.0219805	0.0219769
2125	0.0219769	0.0219734
2126	0.0219734	0.0219698
2127	0.0219698	0.0219663
2128	0.0219663	0.0219628
2129	0.0219628	0.0219592
2130	0.0219592	0.0219557
2131	0.0219557	0.0219522
2132	0.0219522	0.0219486
2133	0.0219486	0.0219451
2134	0.0219451	0.0219416
2135	0.0219416	0.0219381
2136	0.0219381	0.0219346
2137	0.0219346	0.0219311
2138	0.0219311	0.0219276
2139	0.0219276	0.0219241
2140	0.0219241	0.0219206
2141	0.0219206	0.0219171
2142	0.0219171	0.0219136
2143	0.0219136	0.0219101
2144	0.0219101	0.0219066
2145	0.0219066	0.0219032
2146	0.0219032	0.0218997
2147	0.0218997	0.0218962
2148	0.0218962	0.0218928
2149	0.0218928	0.0218893
2150	0.0218893	0.0218859
2151	0.0218859	0.0218824
2152	0.0218824	0.021879
2153	0.021879	0.0218755
2154	0.0218755	0.0218721
2155	0.0218721	0.0218687
2156	0.0218687	0.0218652
2157	0.0218652	0.0218618
2158	0.0218618	0.0218584
2159	0.0218584	0.021855
2160	0.021855	0.0218516
2161	0.0218516	0.0218481
2162	0.0218481	0.0218447
2163	0.0218447	0.0218413
2164	0.0218413	0.0218379
2165	0.0218379	0.0218346
2166	0.0218345	0.0218312
2167	0.0218311	0.0218278
2168	0.0218278	0.0218244
2169	0.0218244	0.021821
2170	0.021821	0.0218176
2171	0.0218176	0.0218143
2172	0.0218143	0.0218109
2173	0.0218109	0.0218075
2174	0.0218075	0.0218042
2175	0.0218042	0.0218008
2176	0.0218008	0.0217975
2177	0.0217975	0.0217941
2178	0.0217941	0.0217908
2179	0.0217908	0.0217874
2180	0.0217874	0.0217841
2181	0.0217841	0.0217808
2182	0.0217808	0.0217774
2183	0.0217774	0.0217741
2184	0.0217741	0.0217708
2185	0.0217708	0.0217675
2186	0.0217675	0.0217641
2187	0.0217641	0.0217608
2188	0.0217608	0.0217575
2189	0.0217575	0.0217542
2190	0.0217542	0.0217509
2191	0.0217509	0.0217476
2192	0.0217476	0.0217443
2193	0.0217443	0.0217411
2194	0.0217411	0.0217378
2195	0.0217378	0.0217345
2196	0.0217345	0.0217312
2197	0.0217312	0.0217279
2198	0.0217279	0.0217247
2199	0.0217247	0.0217214
2200	0.0217214	0.0217181
2201	0.0217181	0.0217149
2202	0.0217149	0.0217116
2203	0.0217116	0.0217084
2204	0.0217084	0.0217051
2205	0.0217051	0.0217019
2206	0.0217019	0.0216986
2207	0.0216986	0.0216954
2208	0.0216954	0.0216922
2209	0.0216922	0.0216889
2210	0.0216889	0.0216857
2211	0.0216857	0.0216825
2212	0.0216825	0.0216793
2213	0.0216793	0.021676
2214	0.021676	0.0216728
2215	0.0216728	0.0216696
2216	0.0216696	0.0216664
2217	0.0216664	0.0216632
2218	0.0216632	0.02166
2219	0.02166	0.0216568
2220	0.0216568	0.0216536
2221	0.0216536	0.0216504
2222	0.0216504	0.0216473
2223	0.0216473	0.0216441
2224	0.0216441	0.0216409
2225	0.0216409	0.0216377
2226	0.0216377	0.0216346
2227	0.0216346	0.0216314
2228	0.0216314	0.0216282
2229	0.0216282	0.0216251
2230	0.0216251	0.0216219
2231	0.0216219	0.0216188
2232	0.0216188	0.0216156
2233	0.0216156	0.0216125
2234	0.0216125	0.0216093
2235	0.0216093	0.0216062
2236	0.0216062	0.021603
2237	0.021603	0.0215999
2238	0.0215999	0.0215968
2239	0.0215968	0.0215937
2240	0.0215937	0.0215905
2241	0.0215905	0.0215874
2242	0.0215874	0.0215843
2243	0.0215843	0.0215812
2244	0.0215812	0.0215781
2245	0.0215781	0.021575
2246	0.021575	0.0215719
2247	0.0215719	0.0215688
2248	0.0215688	0.0215657
2249	0.0215657	0.0215626
2250	0.0215626	0.0215595
2251	0.0215595	0.0215564
2252	0.0215564	0.0215533
2253	0.0215533	0.0215503
2254	0.0215503	0.0215472
2255	0.0215472	0.0215441
2256	0.0215441	0.021541
2257	0.0215411	0.021538
2258	0.021538	0.0215349
2259	0.0215349	0.0215319
2260	0.0215319	0.0215288
2261	0.0215288	0.0215258
2262	0.0215258	0.0215227
2263	0.0215227	0.0215197
2264	0.0215197	0.0215166
2265	0.0215166	0.0215136
2266	0.0215136	0.0215106
2267	0.0215106	0.0215075
2268	0.0215075	0.0215045
2269	0.0215045	0.0215015
2270	0.0215015	0.0214984
2271	0.0214985	0.0214954
2272	0.0214954	0.0214924
2273	0.0214924	0.0214894
2274	0.0214894	0.0214864
2275	0.0214864	0.0214834
2276	0.0214834	0.0214804
2277	0.0214804	0.0214774
2278	0.0214774	0.0214744
2279	0.0214744	0.0214714
2280	0.0214714	0.0214684
2281	0.0214684	0.0214654
2282	0.0214654	0.0214624
2283	0.0214624	0.0214595
2284	0.0214595	0.0214565
2285	0.0214565	0.0214535
2286	0.0214535	0.0214505
2287	0.0214505	0.0214476
2288	0.0214476	0.0214446
2289	0.0214446	0.0214417
2290	0.0214417	0.0214387
2291	0.0214387	0.0214357
2292	0.0214357	0.0214328
2293	0.0214328	0.0214298
2294	0.0214298	0.0214269
2295	0.0214269	0.021424
2296	0.021424	0.021421
2297	0.021421	0.0214181
2298	0.0214181	0.0214152
2299	0.0214152	0.0214122
2300	0.0214122	0.0214093
2301	0.0214093	0.0214064
2302	0.0214064	0.0214035
2303	0.0214035	0.0214005
2304	0.0214005	0.0213976
2305	0.0213976	0.0213947
2306	0.0213947	0.0213918
2307	0.0213918	0.0213889
2308	0.0213889	0.021386
2309	0.021386	0.0213831
2310	0.0213831	0.0213802
2311	0.0213802	0.0213773
2312	0.0213773	0.0213744
2313	0.0213744	0.0213715
2314	0.0213715	0.0213687
2315	0.0213687	0.0213658
2316	0.0213658	0.0213629
2317	0.0213629	0.02136
2318	0.02136	0.0213572
2319	0.0213572	0.0213543
2320	0.0213543	0.0213514
2321	0.0213514	0.0213486
2322	0.0213486	0.0213457
2323	0.0213457	0.0213428
2324	0.0213428	0.02134
2325	0.02134	0.0213371
2326	0.0213371	0.0213343
2327	0.0213343	0.0213315
2328	0.0213315	0.0213286
2329	0.0213286	0.0213258
2330	0.0213258	0.0213229
2331	0.0213229	0.0213201
2332	0.0213201	0.0213173
2333	0.0213173	0.0213145
2334	0.0213145	0.0213116
2335	0.0213116	0.0213088
2336	0.0213088	0.021306
2337	0.021306	0.0213032
2338	0.0213032	0.0213004
2339	0.0213004	0.0212976
2340	0.0212976	0.0212948
2341	0.0212948	0.021292
2342	0.021292	0.0212892
2343	0.0212892	0.0212864
2344	0.0212864	0.0212836
2345	0.0212836	0.0212808
2346	0.0212808	0.021278
2347	0.021278	0.0212752
2348	0.0212752	0.0212724
2349	0.0212724	0.0212696
2350	0.0212696	0.0212669
2351	0.0212669	0.0212641
2352	0.0212641	0.0212613
2353	0.0212613	0.0212586
2354	0.0212586	0.0212558
2355	0.0212558	0.021253
2356	0.021253	0.0212503
2357	0.0212503	0.0212475
2358	0.0212475	0.0212448
2359	0.0212448	0.021242
2360	0.021242	0.0212393
2361	0.0212393	0.0212365
2362	0.0212365	0.0212338
2363	0.0212338	0.021231
2364	0.021231	0.0212283
2365	0.0212283	0.0212256
2366	0.0212256	0.0212228
2367	0.0212229	0.0212201
2368	0.0212201	0.0212174
2369	0.0212174	0.0212147
2370	0.0212147	0.021212
2371	0.021212	0.0212092
2372	0.0212092	0.0212065
2373	0.0212065	0.0212038
2374	0.0212038	0.0212011
2375	0.0212011	0.0211984
2376	0.0211984	0.0211957
2377	0.0211957	0.021193
2378	0.021193	0.0211903
2379	0.0211903	0.0211876
2380	0.0211876	0.0211849
2381	0.0211849	0.0211822
2382	0.0211822	0.0211796
2383	0.0211796	0.0211769
2384	0.0211769	0.0211742
2385	0.0211742	0.0211715
2386	0.0211715	0.0211688
2387	0.0211688	0.0211662
2388	0.0211662	0.0211635
2389	0.0211635	0.0211608
2390	0.0211608	0.0211582
2391	0.0211582	0.0211555
2392	0.0211555	0.0211529
2393	0.0211529	0.0211502
2394	0.0211502	0.0211475
2395	0.0211475	0.0211449
2396	0.0211449	0.0211422
2397	0.0211422	0.0211396
2398	0.0211396	0.021137
2399	0.021137	0.0211343
2400	0.0211343	0.0211317
2401	0.0211317	0.021129
2402	0.021129	0.0211264
2403	0.0211264	0.0211238
2404	0.0211238	0.0211212
2405	0.0211212	0.0211185
2406	0.0211185	0.0211159
2407	0.0211159	0.0211133
2408	0.0211133	0.0211107
2409	0.0211107	0.0211081
2410	0.0211081	0.0211055
2411	0.0211055	0.0211029
2412	0.0211029	0.0211003
2413	0.0211003	0.0210976
2414	0.0210976	0.0210951
2415	0.0210951	0.0210925
2416	0.0210925	0.0210899
2417	0.0210899	0.0210873
2418	0.0210873	0.0210847
2419	0.0210847	0.0210821
2420	0.0210821	0.0210795
2421	0.0210795	0.0210769
2422	0.0210769	0.0210744
2423	0.0210744	0.0210718
2424	0.0210718	0.0210692
2425	0.0210692	0.0210666
2426	0.0210666	0.0210641
2427	0.0210641	0.0210615
2428	0.0210615	0.0210589
2429	0.021059	0.0210564
2430	0.0210564	0.0210538
2431	0.0210538	0.0210513
2432	0.0210513	0.0210487
2433	0.0210487	0.0210462
2434	0.0210462	0.0210436
2435	0.0210436	0.0210411
2436	0.0210411	0.0210385
2437	0.0210385	0.021036
2438	0.021036	0.0210335
2439	0.0210335	0.0210309
2440	0.0210309	0.0210284
2441	0.0210284	0.0210259
2442	0.0210259	0.0210233
2443	0.0210233	0.0210208
2444	0.0210208	0.0210183
2445	0.0210183	0.0210158
2446	0.0210158	0.0210133
2447	0.0210133	0.0210108
2448	0.0210108	0.0210082
2449	0.0210082	0.0210057
2450	0.0210057	0.0210032
2451	0.0210032	0.0210007
2452	0.0210007	0.0209982
2453	0.0209982	0.0209957
2454	0.0209957	0.0209932
2455	0.0209932	0.0209907
2456	0.0209907	0.0209882
2457	0.0209882	0.0209858
2458	0.0209858	0.0209833
2459	0.0209833	0.0209808
2460	0.0209808	0.0209783
2461	0.0209783	0.0209758
2462	0.0209758	0.0209734
2463	0.0209734	0.0209709
2464	0.0209709	0.0209684
2465	0.0209684	0.0209659
2466	0.0209659	0.0209635
2467	0.0209635	0.020961
2468	0.020961	0.0209586
2469	0.0209586	0.0209561
2470	0.0209561	0.0209536
2471	0.0209536	0.0209512
2472	0.0209512	0.0209487
2473	0.0209487	0.0209463
2474	0.0209463	0.0209438
2475	0.0209438	0.0209414
2476	0.0209414	0.020939
2477	0.020939	0.0209365
2478	0.0209365	0.0209341
2479	0.0209341	0.0209316
2480	0.0209316	0.0209292
2481	0.0209292	0.0209268
2482	0.0209268	0.0209244
2483	0.0209244	0.0209219
2484	0.0209219	0.0209195
2485	0.0209195	0.0209171
2486	0.0209171	0.0209147
2487	0.0209147	0.0209123
2488	0.0209123	0.0209099
2489	0.0209098	0.0209074
2490	0.0209074	0.020905
2491	0.020905	0.0209026
2492	0.0209026	0.0209002
2493	0.0209002	0.0208978
2494	0.0208978	0.0208954
2495	0.0208954	0.020893
2496	0.020893	0.0208906
2497	0.0208906	0.0208882
2498	0.0208882	0.0208859
2499	0.0208859	0.0208835
2500	0.0208835	0.0208811
2501	0.0208811	0.0208787
2502	0.0208787	0.0208763
2503	0.0208763	0.020874
2504	0.020874	0.0208716
2505	0.0208716	0.0208692
2506	0.0208692	0.0208668
2507	0.0208668	0.0208645
2508	0.0208645	0.0208621
2509	0.0208621	0.0208597
2510	0.0208597	0.0208574
2511	0.0208574	0.020855
2512	0.020855	0.0208527
2513	0.0208527	0.0208503
2514	0.0208503	0.020848
2515	0.020848	0.0208456
2516	0.0208456	0.0208433
2517	0.0208433	0.0208409
2518	0.0208409	0.0208386
2519	0.0208386	0.0208362
2520	0.0208363	0.0208339
2521	0.0208339	0.0208316
2522	0.0208316	0.0208292
2523	0.0208292	0.0208269
2524	0.0208269	0.0208246
2525	0.0208246	0.0208223
2526	0.0208223	0.0208199
2527	0.0208199	0.0208176
2528	0.0208176	0.0208153
2529	0.0208153	0.020813
2530	0.020813	0.0208107
2531	0.0208107	0.0208084
2532	0.0208084	0.020806
2533	0.020806	0.0208037
2534	0.0208037	0.0208014
2535	0.0208014	0.0207991
2536	0.0207991	0.0207968
2537	0.0207968	0.0207945
2538	0.0207945	0.0207922
2539	0.0207922	0.0207899
2540	0.0207899	0.0207876
2541	0.0207876	0.0207854
2542	0.0207854	0.0207831
2543	0.0207831	0.0207808
2544	0.0207808	0.0207785
2545	0.0207785	0.0207762
2546	0.0207762	0.0207739
2547	0.0207739	0.0207717
2548	0.0207717	0.0207694
2549	0.0207694	0.0207671
2550	0.0207671	0.0207649
2551	0.0207649	0.0207626
2552	0.0207626	0.0207603
2553	0.0207603	0.0207581
2554	0.0207581	0.0207558
2555	0.0207558	0.0207535
2556	0.0207535	0.0207513
2557	0.0207513	0.020749
2558	0.020749	0.0207468
2559	0.0207468	0.0207445
2560	0.0207445	0.0207423
2561	0.0207423	0.02074
2562	0.02074	0.0207378
2563	0.0207378	0.0207356
2564	0.0207356	0.0207333
2565	0.0207333	0.0207311
2566	0.0207311	0.0207288
2567	0.0207288	0.0207266
2568	0.0207266	0.0207244
2569	0.0207244	0.0207222
2570	0.0207222	0.0207199
2571	0.0207199	0.0207177
2572	0.0207177	0.0207155
2573	0.0207155	0.0207133
2574	0.0207133	0.020711
2575	0.020711	0.0207088
2576	0.0207088	0.0207066
2577	0.0207066	0.0207044
2578	0.0207044	0.0207022
2579	0.0207022	0.0207
2580	0.0207	0.0206978
2581	0.0206978	0.0206956
2582	0.0206956	0.0206934
2583	0.0206934	0.0206912
2584	0.0206912	0.020689
2585	0.020689	0.0206868
2586	0.0206868	0.0206846
2587	0.0206846	0.0206824
2588	0.0206824	0.0206802
2589	0.0206802	0.020678
2590	0.020678	0.0206759
2591	0.0206759	0.0206737
2592	0.0206737	0.0206715
2593	0.0206715	0.0206693
2594	0.0206693	0.0206672
2595	0.0206672	0.020665
2596	0.020665	0.0206628
2597	0.0206628	0.0206606
2598	0.0206606	0.0206585
2599	0.0206585	0.0206563
2600	0.0206563	0.0206541
2601	0.0206541	0.020652
2602	0.020652	0.0206498
2603	0.0206498	0.0206477
2604	0.0206477	0.0206455
2605	0.0206455	0.0206434
2606	0.0206434	0.0206412
2607	0.0206412	0.0206391
2608	0.0206391	0.0206369
2609	0.0206369	0.0206348
2610	0.0206348	0.0206326
2611	0.0206326	0.0206305
2612	0.0206305	0.0206284
2613	0.0206284	0.0206262
2614	0.0206262	0.0206241
2615	0.0206241	0.020622
2616	0.020622	0.0206198
2617	0.0206198	0.0206177
2618	0.0206177	0.0206156
2619	0.0206156	0.0206135
2620	0.0206135	0.0206113
2621	0.0206113	0.0206092
2622	0.0206092	0.0206071
2623	0.0206071	0.020605
2624	0.020605	0.0206029
2625	0.0206029	0.0206008
2626	0.0206008	0.0205986
2627	0.0205986	0.0205965
2628	0.0205965	0.0205944
2629	0.0205944	0.0205923
2630	0.0205923	0.0205902
2631	0.0205902	0.0205881
2632	0.0205881	0.020586
2633	0.020586	0.0205839
2634	0.0205839	0.0205818
2635	0.0205818	0.0205798
2636	0.0205798	0.0205777
2637	0.0205777	0.0205756
2638	0.0205756	0.0205735
2639	0.0205735	0.0205714
2640	0.0205714	0.0205693
2641	0.0205693	0.0205672
2642	0.0205672	0.0205652
2643	0.0205652	0.0205631
2644	0.0205631	0.020561
2645	0.020561	0.020559
2646	0.020559	0.0205569
2647	0.0205569	0.0205548
2648	0.0205548	0.0205527
2649	0.0205527	0.0205507
2650	0.0205507	0.0205486
2651	0.0205486	0.0205466
2652	0.0205466	0.0205445
2653	0.0205445	0.0205424
2654	0.0205424	0.0205404
2655	0.0205404	0.0205383
2656	0.0205383	0.0205363
2657	0.0205363	0.0205342
2658	0.0205342	0.0205322
2659	0.0205322	0.0205302
2660	0.0205301	0.0205281
2661	0.0205281	0.0205261
2662	0.0205261	0.020524
2663	0.020524	0.020522
2664	0.020522	0.02052
2665	0.02052	0.0205179
2666	0.0205179	0.0205159
2667	0.0205159	0.0205139
2668	0.0205139	0.0205118
2669	0.0205118	0.0205098
2670	0.0205098	0.0205078
2671	0.0205078	0.0205058
2672	0.0205058	0.0205038
2673	0.0205038	0.0205017
2674	0.0205017	0.0204997
2675	0.0204997	0.0204977
2676	0.0204977	0.0204957
2677	0.0204957	0.0204937
2678	0.0204937	0.0204917
2679	0.0204917	0.0204897
2680	0.0204897	0.0204877
2681	0.0204877	0.0204857
2682	0.0204857	0.0204837
2683	0.0204837	0.0204816
2684	0.0204817	0.0204797
2685	0.0204797	0.0204777
2686	0.0204777	0.0204757
2687	0.0204757	0.0204737
2688	0.0204737	0.0204717
2689	0.0204717	0.0204697
2690	0.0204697	0.0204677
2691	0.0204677	0.0204657
2692	0.0204657	0.0204637
2693	0.0204637	0.0204618
2694	0.0204618	0.0204598
2695	0.0204598	0.0204578
2696	0.0204578	0.0204558
2697	0.0204558	0.0204539
2698	0.0204539	0.0204519
2699	0.0204519	0.0204499
2700	0.0204499	0.020448
2701	0.020448	0.020446
2702	0.020446	0.020444
2703	0.020444	0.0204421
2704	0.0204421	0.0204401
2705	0.0204401	0.0204381
2706	0.0204381	0.0204362
2707	0.0204362	0.0204342
2708	0.0204342	0.0204323
2709	0.0204323	0.0204303
2710	0.0204303	0.0204284
2711	0.0204284	0.0204264
2712	0.0204264	0.0204245
2713	0.0204245	0.0204225
2714	0.0204225	0.0204206
2715	0.0204206	0.0204187
2716	0.0204187	0.0204167
2717	0.0204167	0.0204148
2718	0.0204148	0.0204128
2719	0.0204128	0.0204109
2720	0.0204109	0.020409
2721	0.020409	0.0204071
2722	0.020407	0.0204051
2723	0.0204051	0.0204032
2724	0.0204032	0.0204013
2725	0.0204013	0.0203994
2726	0.0203994	0.0203974
2727	0.0203974	0.0203955
2728	0.0203955	0.0203936
2729	0.0203936	0.0203917
2730	0.0203917	0.0203898
2731	0.0203898	0.0203879
2732	0.0203879	0.0203859
2733	0.0203859	0.020384
2734	0.020384	0.0203821
2735	0.0203821	0.0203802
2736	0.0203802	0.0203783
2737	0.0203783	0.0203764
2738	0.0203764	0.0203745
2739	0.0203745	0.0203726
2740	0.0203726	0.0203707
2741	0.0203707	0.0203688
2742	0.0203688	0.0203669
2743	0.0203669	0.0203651
2744	0.020365	0.0203632
2745	0.0203632	0.0203613
2746	0.0203613	0.0203594
2747	0.0203594	0.0203575
2748	0.0203575	0.0203556
2749	0.0203556	0.0203537
2750	0.0203537	0.0203519
2751	0.0203519	0.02035
2752	0.02035	0.0203481
2753	0.0203481	0.0203462
2754	0.0203462	0.0203444
2755	0.0203444	0.0203425
2756	0.0203425	0.0203406
2757	0.0203406	0.0203387
2758	0.0203388	0.0203369
2759	0.0203369	0.020335
2760	0.020335	0.0203332
2761	0.0203332	0.0203313
2762	0.0203313	0.0203294
2763	0.0203294	0.0203276
2764	0.0203276	0.0203257
2765	0.0203257	0.0203239
2766	0.0203239	0.020322
2767	0.020322	0.0203202
2768	0.0203202	0.0203183
2769	0.0203183	0.0203165
2770	0.0203165	0.0203146
2771	0.0203146	0.0203128
2772	0.0203128	0.0203109
2773	0.0203109	0.0203091
2774	0.0203091	0.0203073
2775	0.0203073	0.0203054
2776	0.0203054	0.0203036
2777	0.0203036	0.0203018
2778	0.0203018	0.0202999
2779	0.0202999	0.0202981
2780	0.0202981	0.0202963
2781	0.0202963	0.0202944
2782	0.0202944	0.0202926
2783	0.0202926	0.0202908
2784	0.0202908	0.020289
2785	0.020289	0.0202871
2786	0.0202872	0.0202853
2787	0.0202853	0.0202835
2788	0.0202835	0.0202817
2789	0.0202817	0.0202799
2790	0.0202799	0.0202781
2791	0.0202781	0.0202763
2792	0.0202763	0.0202745
2793	0.0202745	0.0202726
2794	0.0202726	0.0202708
2795	0.0202708	0.020269
2796	0.020269	0.0202672
2797	0.0202672	0.0202654
2798	0.0202654	0.0202636
2799	0.0202636	0.0202618
2800	0.0202618	0.02026
2801	0.02026	0.0202582
2802	0.0202582	0.0202565
2803	0.0202565	0.0202547
2804	0.0202547	0.0202529
2805	0.0202529	0.0202511
2806	0.0202511	0.0202493
2807	0.0202493	0.0202475
2808	0.0202475	0.0202457
2809	0.0202457	0.020244
2810	0.020244	0.0202422
2811	0.0202422	0.0202404
2812	0.0202404	0.0202386
2813	0.0202386	0.0202368
2814	0.0202368	0.0202351
2815	0.0202351	0.0202333
2816	0.0202333	0.0202315
2817	0.0202315	0.0202298
2818	0.0202298	0.020228
2819	0.020228	0.0202262
2820	0.0202262	0.0202245
2821	0.0202245	0.0202227
2822	0.0202227	0.0202209
2823	0.0202209	0.0202192
2824	0.0202192	0.0202174
2825	0.0202174	0.0202157
2826	0.0202157	0.0202139
2827	0.0202139	0.0202122
2828	0.0202122	0.0202104
2829	0.0202104	0.0202087
2830	0.0202087	0.0202069
2831	0.0202069	0.0202052
2832	0.0202052	0.0202034
2833	0.0202034	0.0202017
2834	0.0202017	0.0201999
2835	0.0201999	0.0201982
2836	0.0201982	0.0201965
2837	0.0201965	0.0201947
2838	0.0201947	0.020193
2839	0.020193	0.0201913
2840	0.0201913	0.0201895
2841	0.0201895	0.0201878
2842	0.0201878	0.0201861
2843	0.0201861	0.0201843
2844	0.0201843	0.0201826
2845	0.0201826	0.0201809
2846	0.0201809	0.0201791
2847	0.0201792	0.0201774
2848	0.0201774	0.0201757
2849	0.0201757	0.020174
2850	0.020174	0.0201723
2851	0.0201723	0.0201706
2852	0.0201706	0.0201688
2853	0.0201688	0.0201671
2854	0.0201671	0.0201654
2855	0.0201654	0.0201637
2856	0.0201637	0.020162
2857	0.020162	0.0201603
2858	0.0201603	0.0201586
2859	0.0201586	0.0201569
2860	0.0201569	0.0201552
2861	0.0201552	0.0201535
2862	0.0201535	0.0201518
2863	0.0201518	0.0201501
2864	0.0201501	0.0201484
2865	0.0201484	0.0201467
2866	0.0201467	0.020145
2867	0.020145	0.0201433
2868	0.0201433	0.0201416
2869	0.0201416	0.0201399
2870	0.0201399	0.0201382
2871	0.0201382	0.0201366
2872	0.0201366	0.0201349
2873	0.0201349	0.0201332
2874	0.0201332	0.0201315
2875	0.0201315	0.0201298
2876	0.0201298	0.0201281
2877	0.0201281	0.0201265
2878	0.0201265	0.0201248
2879	0.0201248	0.0201231
2880	0.0201231	0.0201214
2881	0.0201214	0.0201198
2882	0.0201198	0.0201181
2883	0.0201181	0.0201164
2884	0.0201164	0.0201148
2885	0.0201148	0.0201131
2886	0.0201131	0.0201114
2887	0.0201114	0.0201098
2888	0.0201098	0.0201081
2889	0.0201081	0.0201065
2890	0.0201065	0.0201048
2891	0.0201048	0.0201031
2892	0.0201031	0.0201015
2893	0.0201015	0.0200998
2894	0.0200998	0.0200982
2895	0.0200982	0.0200965
2896	0.0200965	0.0200949
2897	0.0200949	0.0200932
2898	0.0200932	0.0200916
2899	0.0200916	0.0200899
2900	0.0200899	0.0200883
2901	0.0200883	0.0200867
2902	0.0200867	0.020085
2903	0.020085	0.0200834
2904	0.0200834	0.0200817
2905	0.0200817	0.0200801
2906	0.0200801	0.0200785
2907	0.0200785	0.0200768
2908	0.0200768	0.0200752
2909	0.0200752	0.0200736
2910	0.0200736	0.0200719
2911	0.0200719	0.0200703
2912	0.0200703	0.0200687
2913	0.0200687	0.0200671
2914	0.0200671	0.0200654
2915	0.0200654	0.0200638
2916	0.0200638	0.0200622
2917	0.0200622	0.0200606
2918	0.0200606	0.020059
2919	0.020059	0.0200573
2920	0.0200573	0.0200557
2921	0.0200557	0.0200541
2922	0.0200541	0.0200525
2923	0.0200525	0.0200509
2924	0.0200509	0.0200493
2925	0.0200493	0.0200477
2926	0.0200477	0.0200461
2927	0.0200461	0.0200445
2928	0.0200445	0.0200429
2929	0.0200429	0.0200413
2930	0.0200413	0.0200397
2931	0.0200397	0.0200381
2932	0.0200381	0.0200365
2933	0.0200365	0.0200349
2934	0.0200349	0.0200333
2935	0.0200333	0.0200317
2936	0.0200317	0.0200301
2937	0.0200301	0.0200285
2938	0.0200285	0.0200269
2939	0.0200269	0.0200253
2940	0.0200253	0.0200237
2941	0.0200237	0.0200221
2942	0.0200221	0.0200205
2943	0.0200205	0.020019
2944	0.020019	0.0200174
2945	0.0200174	0.0200158
2946	0.0200158	0.0200142
2947	0.0200142	0.0200126
2948	0.0200126	0.0200111
2949	0.0200111	0.0200095
2950	0.0200095	0.0200079
2951	0.0200079	0.0200063
2952	0.0200063	0.0200048
2953	0.0200048	0.0200032
2954	0.0200032	0.0200016
2955	0.0200016	0.0200001
2956	0.0200001	0.0199985
2957	0.0199985	0.0199969
