1	0.23455	0.22517
2	0.225171	0.216729
3	0.216729	0.209194
4	0.209194	0.202273
5	0.202274	0.195848
6	0.195848	0.189836
7	0.189837	0.184194
8	0.184194	0.178885
9	0.178885	0.173881
10	0.173881	0.169156
11	0.169156	0.164687
12	0.164687	0.160453
13	0.160453	0.156436
14	0.156436	0.15262
15	0.15262	0.148988
16	0.148988	0.145528
17	0.145528	0.142227
18	0.142227	0.139073
19	0.139073	0.136056
20	0.136056	0.133167
21	0.133167	0.130396
22	0.130396	0.127737
23	0.127737	0.125182
24	0.125182	0.122724
25	0.122724	0.120357
26	0.120357	0.118077
27	0.118077	0.115876
28	0.115877	0.113752
29	0.113752	0.111699
30	0.111699	0.109714
31	0.109714	0.107792
32	0.107792	0.105931
33	0.105932	0.104128
34	0.104128	0.102378
35	0.102378	0.10068
36	0.10068	0.0990308
37	0.0990307	0.0974281
38	0.0974282	0.09587
39	0.0958698	0.0943538
40	0.0943538	0.092878
41	0.092878	0.0914406
42	0.0914407	0.0900402
43	0.0900403	0.0886749
44	0.088675	0.0873434
45	0.0873433	0.0860441
46	0.0860441	0.0847758
47	0.0847758	0.0835375
48	0.0835373	0.0823279
49	0.0823278	0.0811456
50	0.0811457	0.0799903
51	0.0799903	0.0788606
52	0.0788607	0.0777557
53	0.0777556	0.0766747
54	0.0766746	0.0756171
55	0.075617	0.074582
56	0.074582	0.0735686
57	0.0735686	0.0725765
58	0.0725764	0.071605
59	0.0716049	0.0706534
60	0.0706533	0.0697213
61	0.0697213	0.0688085
62	0.0688085	0.0679141
63	0.067914	0.0670378
64	0.0670376	0.066179
65	0.066179	0.0653376
66	0.0653376	0.0645132
67	0.0645133	0.0637051
68	0.0637052	0.0629136
69	0.0629136	0.0621377
70	0.0621376	0.0613772
71	0.0613772	0.0606323
72	0.0606322	0.0599022
73	0.0599022	0.0591868
74	0.0591868	0.0584857
75	0.0584857	0.0577989
76	0.0577989	0.0571259
77	0.0571259	0.0564666
78	0.0564665	0.0558208
79	0.0558208	0.0551881
80	0.0551881	0.0545684
81	0.0545684	0.0539613
82	0.0539613	0.0533669
83	0.0533667	0.0527848
84	0.0527849	0.0522146
85	0.0522146	0.0516564
86	0.0516564	0.0511099
87	0.0511098	0.0505746
88	0.0505747	0.0500508
89	0.0500508	0.0495381
90	0.0495381	0.0490362
91	0.0490362	0.048545
92	0.048545	0.0480642
93	0.0480641	0.0475935
94	0.0475936	0.0471332
95	0.0471333	0.0466828
96	0.0466827	0.0462418
97	0.0462418	0.0458106
98	0.0458107	0.0453889
99	0.0453887	0.044976
100	0.044976	0.0445723
101	0.0445723	0.0441774
102	0.0441774	0.0437911
103	0.0437912	0.0434134
104	0.0434133	0.0430438
105	0.0430438	0.0426823
106	0.0426823	0.0423289
107	0.0423289	0.0419833
108	0.0419833	0.0416452
109	0.0416452	0.0413147
110	0.0413147	0.0409915
111	0.0409915	0.0406752
112	0.0406752	0.0403661
113	0.0403661	0.0400639
114	0.0400638	0.0397682
115	0.0397682	0.039479
116	0.0394791	0.0391964
117	0.0391964	0.0389199
118	0.0389199	0.0386495
119	0.0386495	0.0383852
120	0.0383852	0.0381266
121	0.0381265	0.0378737
122	0.0378736	0.0376263
123	0.0376263	0.0373845
124	0.0373844	0.0371479
125	0.0371479	0.0369165
126	0.0369165	0.0366901
127	0.0366902	0.0364687
128	0.0364687	0.0362522
129	0.0362522	0.0360402
130	0.0360402	0.035833
131	0.035833	0.0356302
132	0.0356302	0.0354318
133	0.0354318	0.0352376
134	0.0352376	0.0350477
135	0.0350477	0.0348617
136	0.0348617	0.0346798
137	0.0346798	0.0345018
138	0.0345018	0.0343275
139	0.0343275	0.0341569
140	0.0341569	0.0339899
141	0.0339899	0.0338264
142	0.0338263	0.0336664
143	0.0336664	0.0335096
144	0.0335097	0.0333561
145	0.0333561	0.0332059
146	0.0332059	0.0330587
147	0.0330587	0.0329146
148	0.0329145	0.0327733
149	0.0327733	0.0326351
150	0.0326351	0.0324995
151	0.0324995	0.0323668
152	0.0323667	0.0322367
153	0.0322367	0.0321092
154	0.0321093	0.0319843
155	0.0319843	0.0318619
156	0.0318619	0.0317419
157	0.0317418	0.0316243
158	0.0316242	0.0315089
159	0.0315089	0.0313958
160	0.0313958	0.031285
161	0.0312849	0.0311763
162	0.0311762	0.0310696
163	0.0310696	0.030965
164	0.030965	0.0308624
165	0.0308624	0.0307618
166	0.0307619	0.030663
167	0.0306631	0.0305663
168	0.0305662	0.0304712
169	0.0304712	0.0303779
170	0.030378	0.0302864
171	0.0302864	0.0301966
172	0.0301965	0.0301083
173	0.0301082	0.0300217
174	0.0300217	0.0299366
175	0.0299367	0.0298532
176	0.0298532	0.0297712
177	0.0297713	0.0296907
178	0.0296907	0.0296117
179	0.0296117	0.029534
180	0.029534	0.0294577
181	0.0294577	0.0293827
182	0.0293827	0.0293091
183	0.0293091	0.0292367
184	0.0292366	0.0291655
185	0.0291656	0.0290957
186	0.0290957	0.0290269
187	0.0290269	0.0289593
188	0.0289594	0.028893
189	0.028893	0.0288277
190	0.0288276	0.0287635
191	0.0287635	0.0287004
192	0.0287005	0.0286384
193	0.0286384	0.0285772
194	0.0285772	0.0285173
195	0.0285172	0.0284581
196	0.0284581	0.0284
197	0.0284	0.0283428
198	0.0283428	0.0282865
199	0.0282865	0.0282312
200	0.0282311	0.0281767
201	0.0281767	0.028123
202	0.028123	0.0280702
203	0.0280702	0.0280183
204	0.0280183	0.0279671
205	0.0279671	0.0279168
206	0.0279167	0.027867
207	0.0278672	0.0278183
208	0.0278183	0.0277702
209	0.0277701	0.0277227
210	0.0277227	0.0276761
211	0.0276761	0.0276302
212	0.0276301	0.0275848
213	0.0275849	0.0275402
214	0.0275402	0.0274962
215	0.0274962	0.0274529
216	0.0274529	0.0274102
217	0.0274102	0.0273681
218	0.0273682	0.0273267
219	0.0273267	0.0272859
220	0.0272859	0.0272456
221	0.0272456	0.0272058
222	0.0272058	0.0271667
223	0.0271667	0.0271281
224	0.0271281	0.02709
225	0.02709	0.0270524
226	0.0270525	0.0270155
227	0.0270155	0.0269789
228	0.0269789	0.0269429
229	0.0269429	0.0269074
230	0.0269074	0.0268723
231	0.0268723	0.0268378
232	0.0268378	0.0268037
233	0.0268037	0.02677
234	0.02677	0.0267368
235	0.0267368	0.026704
236	0.026704	0.0266717
237	0.0266717	0.0266398
238	0.0266398	0.0266083
239	0.0266083	0.0265771
240	0.0265772	0.0265465
241	0.0265465	0.0265161
242	0.0265162	0.0264862
243	0.0264862	0.0264568
244	0.0264567	0.0264275
245	0.0264275	0.0263987
246	0.0263987	0.0263703
247	0.0263703	0.0263422
248	0.0263422	0.0263145
249	0.0263144	0.026287
250	0.0262871	0.02626
251	0.02626	0.0262332
252	0.0262333	0.0262069
253	0.0262069	0.0261807
254	0.0261807	0.026155
255	0.0261549	0.0261295
256	0.0261294	0.0261043
257	0.0261043	0.0260794
258	0.0260794	0.0260548
259	0.0260548	0.0260305
260	0.0260305	0.0260065
261	0.0260065	0.0259827
262	0.0259827	0.0259593
263	0.0259593	0.0259361
264	0.0259361	0.0259131
265	0.0259131	0.0258905
266	0.0258905	0.025868
267	0.025868	0.0258459
268	0.0258459	0.025824
269	0.0258239	0.0258023
270	0.0258022	0.0257808
271	0.0257809	0.0257597
272	0.0257596	0.0257386
273	0.0257387	0.025718
274	0.0257179	0.0256974
275	0.0256974	0.0256771
276	0.0256771	0.0256571
277	0.0256571	0.0256372
278	0.0256372	0.0256176
279	0.0256176	0.0255981
280	0.0255981	0.0255788
281	0.0255789	0.0255599
282	0.0255598	0.025541
283	0.025541	0.0255224
284	0.0255224	0.025504
285	0.025504	0.0254857
286	0.0254857	0.0254676
287	0.0254676	0.0254498
288	0.0254498	0.0254321
289	0.025432	0.0254145
290	0.0254146	0.0253972
291	0.0253972	0.02538
292	0.02538	0.025363
293	0.0253631	0.0253462
294	0.0253462	0.0253296
295	0.0253295	0.025313
296	0.025313	0.0252967
297	0.0252967	0.0252806
298	0.0252806	0.0252645
299	0.0252645	0.0252486
300	0.0252487	0.025233
301	0.0252329	0.0252174
302	0.0252173	0.0252019
303	0.0252019	0.0251866
304	0.0251867	0.0251716
305	0.0251716	0.0251566
306	0.0251566	0.0251417
307	0.0251417	0.0251271
308	0.025127	0.0251125
309	0.0251124	0.025098
310	0.025098	0.0250838
311	0.0250838	0.0250695
312	0.0250695	0.0250555
313	0.0250555	0.0250416
314	0.0250416	0.0250278
315	0.0250278	0.0250142
316	0.0250141	0.0250006
317	0.0250006	0.0249872
318	0.0249872	0.0249738
319	0.0249738	0.0249607
320	0.0249607	0.0249476
321	0.0249476	0.0249347
322	0.0249347	0.0249218
323	0.0249218	0.0249091
324	0.0249091	0.0248964
325	0.0248965	0.024884
326	0.024884	0.0248715
327	0.0248715	0.0248592
328	0.0248593	0.024847
329	0.024847	0.024835
330	0.0248349	0.024823
331	0.024823	0.0248111
332	0.024811	0.0247993
333	0.0247993	0.0247875
334	0.0247876	0.0247759
335	0.0247759	0.0247645
336	0.0247645	0.024753
337	0.024753	0.0247417
338	0.0247417	0.0247305
339	0.0247304	0.0247194
340	0.0247193	0.0247083
341	0.0247083	0.0246973
342	0.0246973	0.0246864
343	0.0246864	0.0246757
344	0.0246757	0.024665
345	0.0246649	0.0246543
346	0.0246544	0.0246438
347	0.0246438	0.0246334
348	0.0246333	0.024623
349	0.024623	0.0246127
350	0.0246127	0.0246024
351	0.0246024	0.0245923
352	0.0245923	0.0245822
353	0.0245822	0.0245723
354	0.0245723	0.0245623
355	0.0245623	0.0245525
356	0.0245525	0.0245427
357	0.0245427	0.0245331
358	0.024533	0.0245234
359	0.0245234	0.0245139
360	0.0245139	0.0245044
361	0.0245044	0.0244949
362	0.024495	0.0244856
363	0.0244856	0.0244764
364	0.0244763	0.0244671
365	0.0244672	0.024458
366	0.024458	0.0244489
367	0.0244489	0.0244399
368	0.0244399	0.0244309
369	0.024431	0.0244221
370	0.024422	0.0244133
371	0.0244133	0.0244045
372	0.0244044	0.0243958
373	0.0243957	0.0243871
374	0.0243871	0.0243786
375	0.0243786	0.02437
376	0.02437	0.0243615
377	0.0243615	0.0243531
378	0.0243531	0.0243447
379	0.0243448	0.0243365
380	0.0243364	0.0243282
381	0.0243281	0.02432
382	0.02432	0.0243119
383	0.0243119	0.0243038
384	0.0243038	0.0242958
385	0.0242958	0.0242878
386	0.0242878	0.0242798
387	0.0242799	0.024272
388	0.024272	0.0242641
389	0.0242641	0.0242564
390	0.0242564	0.0242486
391	0.0242486	0.024241
392	0.024241	0.0242333
393	0.0242334	0.0242258
394	0.0242259	0.0242182
395	0.0242183	0.0242107
396	0.0242107	0.0242033
397	0.0242033	0.0241959
398	0.0241959	0.0241886
399	0.0241886	0.0241812
400	0.0241813	0.024174
401	0.024174	0.0241668
402	0.0241668	0.0241596
403	0.0241596	0.0241525
404	0.0241525	0.0241454
405	0.0241454	0.0241383
406	0.0241384	0.0241313
407	0.0241314	0.0241244
408	0.0241243	0.0241175
409	0.0241175	0.0241106
410	0.0241106	0.0241037
411	0.0241038	0.0240969
412	0.024097	0.0240902
413	0.0240902	0.0240834
414	0.0240834	0.0240768
415	0.0240767	0.0240701
416	0.0240701	0.0240635
417	0.0240634	0.0240569
418	0.0240569	0.0240504
419	0.0240503	0.0240439
420	0.0240439	0.0240374
421	0.0240375	0.024031
422	0.024031	0.0240246
423	0.0240246	0.0240182
424	0.0240182	0.0240119
425	0.0240119	0.0240056
426	0.0240056	0.0239994
427	0.0239994	0.023993
428	0.0239931	0.0239868
429	0.0239869	0.0239808
430	0.0239807	0.0239746
431	0.0239746	0.0239686
432	0.0239685	0.0239625
433	0.0239624	0.0239564
434	0.0239564	0.0239504
435	0.0239505	0.0239444
436	0.0239444	0.0239385
437	0.0239385	0.0239326
438	0.0239327	0.0239267
439	0.0239267	0.0239209
440	0.0239208	0.023915
441	0.023915	0.0239092
442	0.0239092	0.0239035
443	0.0239035	0.0238978
444	0.0238978	0.0238921
445	0.023892	0.0238864
446	0.0238864	0.0238807
447	0.0238807	0.023875
448	0.0238751	0.0238695
449	0.0238695	0.0238639
450	0.0238639	0.0238584
451	0.0238585	0.0238529
452	0.0238529	0.0238474
453	0.0238473	0.0238419
454	0.0238418	0.0238365
455	0.0238364	0.0238311
456	0.023831	0.0238257
457	0.0238257	0.0238203
458	0.0238203	0.023815
459	0.0238149	0.0238097
460	0.0238097	0.0238044
461	0.0238043	0.0237991
462	0.0237991	0.0237938
463	0.0237938	0.0237886
464	0.0237886	0.0237834
465	0.0237834	0.0237782
466	0.0237782	0.0237731
467	0.0237731	0.0237679
468	0.0237679	0.0237629
469	0.0237629	0.0237577
470	0.0237577	0.0237527
471	0.0237527	0.0237477
472	0.0237477	0.0237427
473	0.0237427	0.0237377
474	0.0237377	0.0237327
475	0.0237327	0.0237277
476	0.0237277	0.0237228
477	0.0237228	0.0237179
478	0.0237178	0.0237129
479	0.023713	0.0237081
480	0.0237081	0.0237032
481	0.0237033	0.0236984
482	0.0236985	0.0236936
483	0.0236936	0.0236888
484	0.0236888	0.0236841
485	0.023684	0.0236792
486	0.0236792	0.0236746
487	0.0236745	0.0236699
488	0.0236698	0.0236651
489	0.0236652	0.0236604
490	0.0236604	0.0236557
491	0.0236558	0.0236511
492	0.0236511	0.0236464
493	0.0236465	0.0236419
494	0.0236418	0.0236373
495	0.0236372	0.0236327
496	0.0236327	0.0236282
497	0.0236281	0.0236236
498	0.0236236	0.023619
499	0.0236191	0.0236146
500	0.0236145	0.02361
501	0.0236101	0.0236056
502	0.0236056	0.0236012
503	0.0236012	0.0235967
504	0.0235967	0.0235923
505	0.0235923	0.0235879
506	0.0235879	0.0235835
507	0.0235835	0.0235791
508	0.0235791	0.0235748
509	0.0235747	0.0235704
510	0.0235704	0.0235661
511	0.0235661	0.0235618
512	0.0235617	0.0235574
513	0.0235575	0.0235532
514	0.0235532	0.0235489
515	0.0235489	0.0235447
516	0.0235446	0.0235404
517	0.0235405	0.0235362
518	0.0235362	0.023532
519	0.023532	0.0235278
520	0.0235278	0.0235236
521	0.0235236	0.0235194
522	0.0235194	0.0235153
523	0.0235153	0.0235111
524	0.0235112	0.023507
525	0.0235071	0.0235029
526	0.0235029	0.0234988
527	0.0234988	0.0234947
528	0.0234947	0.0234906
529	0.0234907	0.0234865
530	0.0234866	0.0234825
531	0.0234826	0.0234786
532	0.0234785	0.0234745
533	0.0234745	0.0234705
534	0.0234705	0.0234665
535	0.0234665	0.0234625
536	0.0234624	0.0234585
537	0.0234585	0.0234545
538	0.0234546	0.0234506
539	0.0234506	0.0234467
540	0.0234467	0.0234427
541	0.0234428	0.0234388
542	0.0234388	0.0234349
543	0.0234349	0.0234311
544	0.0234311	0.0234272
545	0.0234271	0.0234233
546	0.0234233	0.0234194
547	0.0234194	0.0234156
548	0.0234156	0.0234118
549	0.0234118	0.0234079
550	0.0234079	0.0234041
551	0.0234041	0.0234003
552	0.0234004	0.0233965
553	0.0233965	0.0233928
554	0.0233928	0.023389
555	0.023389	0.0233853
556	0.0233852	0.0233815
557	0.0233815	0.0233778
558	0.0233778	0.023374
559	0.0233741	0.0233703
560	0.0233703	0.0233666
561	0.0233666	0.0233629
562	0.023363	0.0233592
563	0.0233593	0.0233556
564	0.0233556	0.0233519
565	0.0233519	0.0233483
566	0.0233482	0.0233446
567	0.0233446	0.0233409
568	0.023341	0.0233373
569	0.0233373	0.0233337
570	0.0233337	0.0233301
571	0.0233301	0.0233265
572	0.0233265	0.0233229
573	0.023323	0.0233194
574	0.0233194	0.0233158
575	0.0233158	0.0233123
576	0.0233123	0.0233087
577	0.0233087	0.0233051
578	0.0233051	0.0233016
579	0.0233017	0.0232981
580	0.0232981	0.0232946
581	0.0232946	0.0232911
582	0.023291	0.0232876
583	0.0232876	0.0232841
584	0.0232841	0.0232806
585	0.0232806	0.0232771
586	0.0232772	0.0232736
587	0.0232737	0.0232702
588	0.0232702	0.0232667
589	0.0232667	0.0232633
590	0.0232633	0.0232599
591	0.0232599	0.0232565
592	0.0232565	0.023253
593	0.023253	0.0232496
594	0.0232496	0.0232462
595	0.0232462	0.0232429
596	0.0232428	0.0232394
597	0.0232394	0.0232361
598	0.0232361	0.0232326
599	0.0232327	0.0232293
600	0.0232293	0.023226
601	0.023226	0.0232227
602	0.0232227	0.0232193
603	0.0232193	0.0232159
604	0.0232159	0.0232126
605	0.0232126	0.0232093
606	0.0232093	0.023206
607	0.023206	0.0232027
608	0.0232027	0.0231994
609	0.0231994	0.0231961
610	0.0231961	0.0231928
611	0.0231928	0.0231895
612	0.0231895	0.0231863
613	0.0231863	0.023183
614	0.023183	0.0231798
615	0.0231798	0.0231765
616	0.0231765	0.0231733
617	0.0231733	0.02317
618	0.0231701	0.0231668
619	0.0231668	0.0231636
620	0.0231636	0.0231604
621	0.0231604	0.0231572
622	0.0231572	0.023154
623	0.023154	0.0231508
624	0.0231508	0.0231476
625	0.0231475	0.0231444
626	0.0231444	0.0231413
627	0.0231412	0.0231381
628	0.0231381	0.0231349
629	0.0231349	0.0231317
630	0.0231317	0.0231285
631	0.0231286	0.0231255
632	0.0231254	0.0231223
633	0.0231223	0.0231191
634	0.0231192	0.023116
635	0.023116	0.0231129
636	0.0231129	0.0231098
637	0.0231098	0.0231068
638	0.0231067	0.0231036
639	0.0231036	0.0231005
640	0.0231005	0.0230974
641	0.0230974	0.0230943
642	0.0230943	0.0230912
643	0.0230912	0.0230882
644	0.0230882	0.0230851
645	0.0230851	0.023082
646	0.023082	0.0230789
647	0.0230789	0.0230759
648	0.0230759	0.0230729
649	0.0230729	0.0230698
650	0.0230698	0.0230667
651	0.0230667	0.0230637
652	0.0230637	0.0230607
653	0.0230607	0.0230577
654	0.0230577	0.0230546
655	0.0230546	0.0230516
656	0.0230517	0.0230487
657	0.0230486	0.0230456
658	0.0230457	0.0230426
659	0.0230426	0.0230397
660	0.0230396	0.0230368
661	0.0230367	0.0230337
662	0.0230337	0.0230307
663	0.0230308	0.0230278
664	0.0230277	0.0230248
665	0.0230248	0.0230219
666	0.0230218	0.0230189
667	0.0230189	0.0230159
668	0.0230159	0.023013
669	0.023013	0.02301
670	0.02301	0.0230071
671	0.0230071	0.0230041
672	0.0230041	0.0230012
673	0.0230012	0.0229983
674	0.0229983	0.0229954
675	0.0229954	0.0229925
676	0.0229925	0.0229895
677	0.0229895	0.0229867
678	0.0229867	0.0229838
679	0.0229837	0.0229809
680	0.0229809	0.022978
681	0.022978	0.0229751
682	0.0229751	0.0229722
683	0.0229722	0.0229694
684	0.0229693	0.0229664
685	0.0229664	0.0229636
686	0.0229636	0.0229607
687	0.0229607	0.0229578
688	0.0229579	0.022955
689	0.022955	0.0229521
690	0.0229521	0.0229492
691	0.0229493	0.0229464
692	0.0229464	0.0229436
693	0.0229435	0.0229407
694	0.0229407	0.0229379
695	0.022938	0.0229351
696	0.0229351	0.0229322
697	0.0229323	0.0229294
698	0.0229294	0.0229266
699	0.0229266	0.0229238
700	0.0229238	0.022921
701	0.022921	0.0229182
702	0.0229182	0.0229154
703	0.0229153	0.0229126
704	0.0229127	0.0229098
705	0.0229098	0.022907
706	0.0229069	0.0229043
707	0.0229043	0.0229014
708	0.0229015	0.0228987
709	0.0228987	0.0228959
710	0.0228959	0.0228931
711	0.0228931	0.0228904
712	0.0228903	0.0228876
713	0.0228876	0.0228849
714	0.0228848	0.0228821
715	0.0228821	0.0228793
716	0.0228793	0.0228766
717	0.0228766	0.0228738
718	0.0228738	0.0228711
719	0.0228711	0.0228683
720	0.0228683	0.0228656
721	0.0228656	0.0228629
722	0.0228629	0.0228602
723	0.0228601	0.0228574
724	0.0228574	0.0228547
725	0.0228547	0.022852
726	0.022852	0.0228492
727	0.0228493	0.0228465
728	0.0228465	0.0228438
729	0.0228439	0.0228412
730	0.0228411	0.0228384
731	0.0228384	0.0228357
732	0.0228357	0.022833
733	0.022833	0.0228304
734	0.0228304	0.0228277
735	0.0228277	0.0228249
736	0.022825	0.0228223
737	0.0228223	0.0228196
738	0.0228196	0.022817
739	0.0228169	0.0228143
740	0.0228142	0.0228116
741	0.0228116	0.0228089
742	0.0228089	0.0228063
743	0.0228063	0.0228036
744	0.0228036	0.022801
745	0.0228009	0.0227983
746	0.0227983	0.0227956
747	0.0227956	0.022793
748	0.022793	0.0227903
749	0.0227903	0.0227877
750	0.0227877	0.0227851
751	0.022785	0.0227824
752	0.0227824	0.0227797
753	0.0227798	0.0227772
754	0.0227772	0.0227745
755	0.0227745	0.0227719
756	0.0227719	0.0227693
757	0.0227693	0.0227666
758	0.0227666	0.022764
759	0.022764	0.0227614
760	0.0227614	0.0227588
761	0.0227588	0.0227562
762	0.0227562	0.0227536
763	0.0227536	0.0227511
764	0.022751	0.0227485
765	0.0227484	0.0227458
766	0.0227458	0.0227432
767	0.0227432	0.0227407
768	0.0227406	0.022738
769	0.022738	0.0227354
770	0.0227354	0.0227329
771	0.0227329	0.0227303
772	0.0227303	0.0227277
773	0.0227277	0.0227251
774	0.0227251	0.0227226
775	0.0227226	0.0227199
776	0.02272	0.0227174
777	0.0227174	0.0227149
778	0.0227149	0.0227123
779	0.0227123	0.0227097
780	0.0227098	0.0227072
781	0.0227071	0.0227047
782	0.0227046	0.0227021
783	0.0227021	0.0226996
784	0.0226995	0.022697
785	0.022697	0.0226945
786	0.0226945	0.0226919
787	0.0226918	0.0226894
788	0.0226894	0.0226868
789	0.0226868	0.0226843
790	0.0226843	0.0226817
791	0.0226818	0.0226792
792	0.0226792	0.0226767
793	0.0226767	0.0226742
794	0.0226742	0.0226716
795	0.0226716	0.0226691
796	0.0226691	0.0226666
797	0.0226666	0.0226641
798	0.0226641	0.0226616
799	0.0226616	0.022659
800	0.0226591	0.0226565
801	0.0226565	0.022654
802	0.0226541	0.0226515
803	0.0226515	0.022649
804	0.022649	0.0226465
805	0.0226465	0.022644
806	0.022644	0.0226415
807	0.0226415	0.022639
808	0.0226391	0.0226365
809	0.0226366	0.022634
810	0.022634	0.0226316
811	0.0226315	0.0226291
812	0.0226291	0.0226266
813	0.0226266	0.0226241
814	0.0226241	0.0226217
815	0.0226217	0.0226192
816	0.0226192	0.0226167
817	0.0226167	0.0226143
818	0.0226142	0.0226117
819	0.0226117	0.0226093
820	0.0226093	0.0226068
821	0.0226068	0.0226044
822	0.0226044	0.0226019
823	0.0226019	0.0225995
824	0.0225995	0.022597
825	0.022597	0.0225945
826	0.0225946	0.0225921
827	0.0225921	0.0225897
828	0.0225897	0.0225872
829	0.0225871	0.0225847
830	0.0225847	0.0225823
831	0.0225823	0.0225799
832	0.0225798	0.0225774
833	0.0225774	0.0225749
834	0.0225749	0.0225725
835	0.0225725	0.0225701
836	0.0225701	0.0225676
837	0.0225676	0.0225652
838	0.0225653	0.0225628
839	0.0225628	0.0225604
840	0.0225603	0.0225579
841	0.0225579	0.0225555
842	0.0225555	0.0225531
843	0.0225531	0.0225507
844	0.0225507	0.0225482
845	0.0225483	0.0225458
846	0.0225458	0.0225434
847	0.0225435	0.022541
848	0.022541	0.0225386
849	0.0225386	0.0225362
850	0.0225362	0.0225338
851	0.0225338	0.0225314
852	0.0225314	0.022529
853	0.022529	0.0225266
854	0.0225266	0.0225242
855	0.0225242	0.0225218
856	0.0225217	0.0225194
857	0.0225194	0.022517
858	0.022517	0.0225146
859	0.0225146	0.0225122
860	0.0225122	0.0225099
861	0.0225098	0.0225074
862	0.0225075	0.0225051
863	0.022505	0.0225027
864	0.0225027	0.0225003
865	0.0225003	0.0224979
866	0.0224979	0.0224955
867	0.0224955	0.0224932
868	0.0224931	0.0224908
869	0.0224908	0.0224884
870	0.0224884	0.0224861
871	0.0224861	0.0224837
872	0.0224837	0.0224813
873	0.0224813	0.0224789
874	0.0224789	0.0224767
875	0.0224766	0.0224742
876	0.0224742	0.0224719
877	0.0224719	0.0224695
878	0.0224695	0.0224672
879	0.0224672	0.0224648
880	0.0224648	0.0224625
881	0.0224625	0.0224601
882	0.0224601	0.0224578
883	0.0224578	0.0224555
884	0.0224555	0.022453
885	0.0224531	0.0224507
886	0.0224507	0.0224484
887	0.0224483	0.022446
888	0.022446	0.0224437
889	0.0224437	0.0224413
890	0.0224414	0.022439
891	0.022439	0.0224366
892	0.0224367	0.0224343
893	0.0224344	0.022432
894	0.022432	0.0224297
895	0.0224297	0.0224274
896	0.0224274	0.022425
897	0.022425	0.0224227
898	0.0224227	0.0224204
899	0.0224203	0.0224181
900	0.022418	0.0224157
901	0.0224157	0.0224134
902	0.0224134	0.0224111
903	0.0224111	0.0224088
904	0.0224088	0.0224065
905	0.0224065	0.0224042
906	0.0224041	0.0224018
907	0.0224018	0.0223995
908	0.0223995	0.0223972
909	0.0223972	0.0223949
910	0.0223949	0.0223926
911	0.0223926	0.0223903
912	0.0223903	0.022388
913	0.0223879	0.0223856
914	0.0223856	0.0223834
915	0.0223834	0.022381
916	0.022381	0.0223788
917	0.0223787	0.0223764
918	0.0223764	0.0223742
919	0.0223741	0.0223719
920	0.0223719	0.0223696
921	0.0223696	0.0223673
922	0.0223673	0.0223651
923	0.022365	0.0223627
924	0.0223627	0.0223604
925	0.0223604	0.0223582
926	0.0223582	0.0223559
927	0.0223558	0.0223536
928	0.0223536	0.0223513
929	0.0223513	0.022349
930	0.022349	0.0223467
931	0.0223467	0.0223445
932	0.0223444	0.0223422
933	0.0223422	0.0223399
934	0.02234	0.0223377
935	0.0223377	0.0223354
936	0.0223354	0.0223332
937	0.0223331	0.0223308
938	0.0223308	0.0223286
939	0.0223286	0.0223263
940	0.0223263	0.022324
941	0.0223241	0.0223218
942	0.0223217	0.0223195
943	0.0223195	0.0223173
944	0.0223172	0.022315
945	0.022315	0.0223127
946	0.0223128	0.0223105
947	0.0223105	0.0223082
948	0.0223082	0.022306
949	0.0223059	0.0223037
950	0.0223037	0.0223015
951	0.0223015	0.0222992
952	0.0222992	0.022297
953	0.022297	0.0222947
954	0.0222947	0.0222925
955	0.0222925	0.0222903
956	0.0222902	0.022288
957	0.022288	0.0222858
958	0.0222858	0.0222835
959	0.0222835	0.0222812
960	0.0222813	0.022279
961	0.022279	0.0222768
962	0.0222768	0.0222745
963	0.0222746	0.0222723
964	0.0222723	0.0222701
965	0.0222701	0.0222678
966	0.0222678	0.0222656
967	0.0222656	0.0222634
968	0.0222634	0.0222611
969	0.0222612	0.022259
970	0.0222589	0.0222567
971	0.0222567	0.0222545
972	0.0222545	0.0222523
973	0.0222523	0.02225
974	0.0222501	0.0222478
975	0.0222478	0.0222456
976	0.0222456	0.0222434
977	0.0222434	0.0222412
978	0.0222411	0.0222389
979	0.0222389	0.0222368
980	0.0222367	0.0222345
981	0.0222345	0.0222323
982	0.0222323	0.0222301
983	0.0222301	0.0222278
984	0.0222278	0.0222257
985	0.0222257	0.0222235
986	0.0222234	0.0222212
987	0.0222213	0.0222191
988	0.0222191	0.0222168
989	0.0222168	0.0222146
990	0.0222146	0.0222125
991	0.0222124	0.0222102
992	0.0222103	0.022208
993	0.0222081	0.0222058
994	0.0222059	0.0222036
995	0.0222036	0.0222014
996	0.0222014	0.0221992
997	0.0221992	0.022197
998	0.0221971	0.0221949
999	0.0221949	0.0221927
1000	0.0221926	0.0221905
1001	0.0221905	0.0221883
1002	0.0221883	0.0221861
1003	0.0221861	0.0221839
1004	0.0221839	0.0221817
1005	0.0221817	0.0221795
1006	0.0221795	0.0221773
1007	0.0221773	0.0221751
1008	0.0221752	0.022173
1009	0.022173	0.0221708
1010	0.0221708	0.0221686
1011	0.0221686	0.0221665
1012	0.0221664	0.0221642
1013	0.0221642	0.0221621
1014	0.0221621	0.0221599
1015	0.0221599	0.0221577
1016	0.0221577	0.0221556
1017	0.0221556	0.0221534
1018	0.0221534	0.0221512
1019	0.0221512	0.0221491
1020	0.0221491	0.0221469
1021	0.0221469	0.0221447
1022	0.0221447	0.0221425
1023	0.0221425	0.0221404
1024	0.0221403	0.0221382
1025	0.0221382	0.0221361
1026	0.022136	0.0221339
1027	0.0221339	0.0221317
1028	0.0221318	0.0221296
1029	0.0221296	0.0221274
1030	0.0221274	0.0221252
1031	0.0221253	0.0221231
1032	0.0221232	0.022121
1033	0.022121	0.0221188
1034	0.0221188	0.0221166
1035	0.0221166	0.0221145
1036	0.0221145	0.0221123
1037	0.0221123	0.0221102
1038	0.0221102	0.022108
1039	0.022108	0.0221059
1040	0.0221058	0.0221037
1041	0.0221037	0.0221015
1042	0.0221016	0.0220994
1043	0.0220994	0.0220973
1044	0.0220973	0.0220952
1045	0.0220952	0.022093
1046	0.022093	0.0220908
1047	0.0220909	0.0220887
1048	0.0220888	0.0220866
1049	0.0220866	0.0220844
1050	0.0220845	0.0220823
1051	0.0220823	0.0220802
1052	0.0220802	0.022078
1053	0.022078	0.0220759
1054	0.0220759	0.0220738
1055	0.0220738	0.0220716
1056	0.0220716	0.0220695
1057	0.0220695	0.0220674
1058	0.0220673	0.0220652
1059	0.0220652	0.0220631
1060	0.0220631	0.0220609
1061	0.022061	0.0220589
1062	0.0220589	0.0220567
1063	0.0220567	0.0220546
1064	0.0220546	0.0220525
1065	0.0220525	0.0220504
1066	0.0220503	0.0220482
1067	0.0220482	0.0220461
1068	0.0220461	0.022044
1069	0.022044	0.0220419
1070	0.0220419	0.0220398
1071	0.0220398	0.0220376
1072	0.0220376	0.0220355
1073	0.0220355	0.0220334
1074	0.0220334	0.0220313
1075	0.0220313	0.0220292
1076	0.0220292	0.0220271
1077	0.0220271	0.022025
1078	0.022025	0.0220229
1079	0.0220228	0.0220207
1080	0.0220207	0.0220186
1081	0.0220186	0.0220165
1082	0.0220165	0.0220144
1083	0.0220144	0.0220123
1084	0.0220123	0.0220102
1085	0.0220102	0.0220081
1086	0.0220081	0.022006
1087	0.022006	0.0220039
1088	0.0220039	0.0220018
1089	0.0220018	0.0219997
1090	0.0219997	0.0219976
1091	0.0219976	0.0219955
1092	0.0219955	0.0219934
1093	0.0219934	0.0219913
1094	0.0219913	0.0219892
1095	0.0219892	0.0219872
1096	0.0219872	0.021985
1097	0.021985	0.021983
1098	0.0219829	0.0219809
1099	0.0219809	0.0219788
1100	0.0219787	0.0219767
1101	0.0219767	0.0219747
1102	0.0219746	0.0219725
1103	0.0219725	0.0219703
1104	0.0219704	0.0219683
1105	0.0219683	0.0219663
1106	0.0219662	0.0219642
1107	0.0219642	0.0219621
1108	0.0219621	0.02196
1109	0.02196	0.0219579
1110	0.0219579	0.0219558
1111	0.0219558	0.0219537
1112	0.0219538	0.0219517
1113	0.0219516	0.0219496
1114	0.0219496	0.0219475
1115	0.0219476	0.0219454
1116	0.0219454	0.0219434
1117	0.0219434	0.0219413
1118	0.0219413	0.0219392
1119	0.0219392	0.0219371
1120	0.0219371	0.021935
1121	0.0219351	0.021933
1122	0.021933	0.0219309
1123	0.021931	0.0219288
1124	0.0219289	0.0219268
1125	0.0219268	0.0219248
1126	0.0219247	0.0219227
1127	0.0219227	0.0219206
1128	0.0219206	0.0219186
1129	0.0219186	0.0219165
1130	0.0219165	0.0219144
1131	0.0219144	0.0219123
1132	0.0219124	0.0219103
1133	0.0219103	0.0219083
1134	0.0219082	0.0219062
1135	0.0219062	0.0219042
1136	0.0219041	0.021902
1137	0.0219021	0.0219
1138	0.0219	0.021898
1139	0.0218979	0.0218959
1140	0.0218959	0.0218939
1141	0.0218939	0.0218918
1142	0.0218918	0.0218898
1143	0.0218897	0.0218877
1144	0.0218877	0.0218856
1145	0.0218856	0.0218836
1146	0.0218836	0.0218815
1147	0.0218816	0.0218795
1148	0.0218795	0.0218774
1149	0.0218775	0.0218754
1150	0.0218754	0.0218734
1151	0.0218734	0.0218714
1152	0.0218713	0.0218693
1153	0.0218693	0.0218672
1154	0.0218673	0.0218652
1155	0.0218652	0.0218632
1156	0.0218632	0.0218611
1157	0.0218611	0.0218591
1158	0.0218591	0.0218571
1159	0.021857	0.021855
1160	0.021855	0.021853
1161	0.021853	0.0218509
1162	0.0218509	0.0218489
1163	0.0218489	0.0218469
1164	0.0218469	0.0218449
1165	0.0218448	0.0218428
1166	0.0218428	0.0218408
1167	0.0218408	0.0218387
1168	0.0218387	0.0218367
1169	0.0218367	0.0218347
1170	0.0218347	0.0218327
1171	0.0218327	0.0218306
1172	0.0218307	0.0218286
1173	0.0218286	0.0218266
1174	0.0218266	0.0218246
1175	0.0218245	0.0218226
1176	0.0218225	0.0218205
1177	0.0218206	0.0218185
1178	0.0218185	0.0218165
1179	0.0218165	0.0218145
1180	0.0218145	0.0218125
1181	0.0218124	0.0218105
1182	0.0218104	0.0218084
1183	0.0218085	0.0218064
1184	0.0218064	0.0218044
1185	0.0218044	0.0218024
1186	0.0218023	0.0218004
1187	0.0218004	0.0217983
1188	0.0217984	0.0217964
1189	0.0217963	0.0217943
1190	0.0217943	0.0217923
1191	0.0217923	0.0217903
1192	0.0217903	0.0217883
1193	0.0217883	0.0217863
1194	0.0217863	0.0217843
1195	0.0217843	0.0217823
1196	0.0217822	0.0217803
1197	0.0217803	0.0217783
1198	0.0217783	0.0217763
1199	0.0217763	0.0217743
1200	0.0217743	0.0217723
1201	0.0217723	0.0217703
1202	0.0217702	0.0217683
1203	0.0217683	0.0217663
1204	0.0217663	0.0217643
1205	0.0217643	0.0217622
1206	0.0217623	0.0217603
1207	0.0217602	0.0217582
1208	0.0217583	0.0217563
1209	0.0217563	0.0217543
1210	0.0217542	0.0217523
1211	0.0217523	0.0217503
1212	0.0217503	0.0217483
1213	0.0217483	0.0217463
1214	0.0217463	0.0217443
1215	0.0217443	0.0217423
1216	0.0217424	0.0217403
1217	0.0217404	0.0217383
1218	0.0217384	0.0217363
1219	0.0217364	0.0217344
1220	0.0217344	0.0217324
1221	0.0217324	0.0217304
1222	0.0217304	0.0217285
1223	0.0217284	0.0217264
1224	0.0217265	0.0217244
1225	0.0217245	0.0217225
1226	0.0217225	0.0217205
1227	0.0217205	0.0217185
1228	0.0217186	0.0217166
1229	0.0217166	0.0217146
1230	0.0217146	0.0217126
1231	0.0217126	0.0217106
1232	0.0217106	0.0217087
1233	0.0217086	0.0217067
1234	0.0217067	0.0217047
1235	0.0217047	0.0217027
1236	0.0217028	0.0217007
1237	0.0217007	0.0216988
1238	0.0216988	0.0216968
1239	0.0216968	0.0216948
1240	0.0216948	0.0216929
1241	0.0216929	0.0216909
1242	0.0216909	0.0216889
1243	0.0216889	0.021687
1244	0.021687	0.021685
1245	0.021685	0.0216831
1246	0.021683	0.0216811
1247	0.0216811	0.0216792
1248	0.0216792	0.0216772
1249	0.0216771	0.0216752
1250	0.0216753	0.0216733
1251	0.0216732	0.0216713
1252	0.0216713	0.0216693
1253	0.0216693	0.0216674
1254	0.0216674	0.0216654
1255	0.0216654	0.0216635
1256	0.0216635	0.0216616
1257	0.0216615	0.0216596
1258	0.0216596	0.0216576
1259	0.0216576	0.0216557
1260	0.0216557	0.0216537
1261	0.0216537	0.0216517
1262	0.0216518	0.0216498
1263	0.0216498	0.0216479
1264	0.0216479	0.0216459
1265	0.0216459	0.021644
1266	0.021644	0.021642
1267	0.021642	0.0216401
1268	0.0216401	0.0216381
1269	0.0216381	0.0216362
1270	0.0216361	0.0216342
1271	0.0216342	0.0216323
1272	0.0216322	0.0216304
1273	0.0216304	0.0216284
1274	0.0216284	0.0216265
1275	0.0216264	0.0216245
1276	0.0216245	0.0216226
1277	0.0216226	0.0216207
1278	0.0216206	0.0216187
1279	0.0216187	0.0216167
1280	0.0216168	0.0216149
1281	0.0216149	0.0216129
1282	0.0216129	0.021611
1283	0.021611	0.0216091
1284	0.0216091	0.0216071
1285	0.0216071	0.0216052
1286	0.0216052	0.0216032
1287	0.0216032	0.0216013
1288	0.0216014	0.0215994
1289	0.0215994	0.0215975
1290	0.0215975	0.0215955
1291	0.0215955	0.0215936
1292	0.0215936	0.0215917
1293	0.0215917	0.0215898
1294	0.0215898	0.0215878
1295	0.0215878	0.0215859
1296	0.0215859	0.021584
1297	0.021584	0.0215821
1298	0.021582	0.0215801
1299	0.0215802	0.0215782
1300	0.0215782	0.0215763
1301	0.0215763	0.0215744
1302	0.0215744	0.0215725
1303	0.0215726	0.0215706
1304	0.0215706	0.0215686
1305	0.0215686	0.0215667
1306	0.0215667	0.0215648
1307	0.0215649	0.0215629
1308	0.0215629	0.021561
1309	0.021561	0.0215591
1310	0.0215591	0.0215572
1311	0.0215572	0.0215553
1312	0.0215553	0.0215534
1313	0.0215534	0.0215515
1314	0.0215515	0.0215495
1315	0.0215496	0.0215476
1316	0.0215477	0.0215458
1317	0.0215458	0.0215439
1318	0.0215439	0.0215419
1319	0.0215419	0.02154
1320	0.02154	0.0215381
1321	0.0215381	0.0215362
1322	0.0215362	0.0215343
1323	0.0215343	0.0215324
1324	0.0215324	0.0215305
1325	0.0215305	0.0215287
1326	0.0215286	0.0215268
1327	0.0215268	0.0215249
1328	0.0215249	0.021523
1329	0.0215229	0.021521
1330	0.0215211	0.0215191
1331	0.0215191	0.0215173
1332	0.0215173	0.0215153
1333	0.0215154	0.0215135
1334	0.0215135	0.0215116
1335	0.0215116	0.0215097
1336	0.0215097	0.0215078
1337	0.0215078	0.021506
1338	0.021506	0.021504
1339	0.021504	0.0215022
1340	0.0215022	0.0215003
1341	0.0215003	0.0214984
1342	0.0214984	0.0214966
1343	0.0214965	0.0214946
1344	0.0214946	0.0214927
1345	0.0214928	0.0214909
1346	0.0214909	0.021489
1347	0.021489	0.0214871
1348	0.0214871	0.0214852
1349	0.0214853	0.0214834
1350	0.0214833	0.0214815
1351	0.0214815	0.0214797
1352	0.0214796	0.0214777
1353	0.0214777	0.0214759
1354	0.0214759	0.021474
1355	0.0214739	0.0214721
1356	0.0214721	0.0214702
1357	0.0214703	0.0214684
1358	0.0214684	0.0214665
1359	0.0214665	0.0214647
1360	0.0214647	0.0214628
1361	0.0214628	0.0214609
1362	0.0214609	0.0214591
1363	0.0214591	0.0214571
1364	0.0214572	0.0214553
1365	0.0214553	0.0214535
1366	0.0214535	0.0214516
1367	0.0214515	0.0214497
1368	0.0214497	0.0214479
1369	0.0214478	0.021446
1370	0.021446	0.0214441
1371	0.0214441	0.0214423
1372	0.0214423	0.0214405
1373	0.0214404	0.0214386
1374	0.0214386	0.0214367
1375	0.0214368	0.0214349
1376	0.0214349	0.021433
1377	0.021433	0.0214311
1378	0.0214312	0.0214293
1379	0.0214293	0.0214275
1380	0.0214275	0.0214256
1381	0.0214256	0.0214237
1382	0.0214238	0.0214219
1383	0.0214219	0.0214201
1384	0.0214201	0.0214182
1385	0.0214182	0.0214164
1386	0.0214164	0.0214145
1387	0.0214146	0.0214127
1388	0.0214126	0.0214109
1389	0.0214108	0.021409
1390	0.021409	0.0214072
1391	0.0214071	0.0214054
1392	0.0214053	0.0214035
1393	0.0214034	0.0214017
1394	0.0214017	0.0213999
1395	0.0213998	0.021398
1396	0.021398	0.0213962
1397	0.0213961	0.0213943
1398	0.0213943	0.0213925
1399	0.0213925	0.0213907
1400	0.0213906	0.0213888
1401	0.0213888	0.0213869
1402	0.021387	0.0213851
1403	0.0213851	0.0213832
1404	0.0213833	0.0213815
1405	0.0213815	0.0213796
1406	0.0213796	0.0213779
1407	0.0213778	0.021376
1408	0.021376	0.0213741
1409	0.0213742	0.0213723
1410	0.0213723	0.0213705
1411	0.0213705	0.0213687
1412	0.0213687	0.0213669
1413	0.0213668	0.021365
1414	0.021365	0.0213632
1415	0.0213632	0.0213614
1416	0.0213614	0.0213596
1417	0.0213596	0.0213578
1418	0.0213578	0.021356
1419	0.0213559	0.0213542
1420	0.0213541	0.0213523
1421	0.0213523	0.0213505
1422	0.0213505	0.0213487
1423	0.0213487	0.0213469
1424	0.0213469	0.0213451
1425	0.0213451	0.0213432
1426	0.0213433	0.0213414
1427	0.0213414	0.0213396
1428	0.0213396	0.0213378
1429	0.0213379	0.021336
1430	0.021336	0.0213343
1431	0.0213342	0.0213324
1432	0.0213324	0.0213306
1433	0.0213306	0.0213288
1434	0.0213288	0.021327
1435	0.021327	0.0213252
1436	0.0213252	0.0213234
1437	0.0213234	0.0213216
1438	0.0213216	0.0213198
1439	0.0213198	0.021318
1440	0.021318	0.0213162
1441	0.0213162	0.0213144
1442	0.0213145	0.0213126
1443	0.0213126	0.0213108
1444	0.0213108	0.021309
1445	0.0213091	0.0213073
1446	0.0213072	0.0213055
1447	0.0213055	0.0213037
1448	0.0213037	0.0213019
1449	0.0213018	0.0213001
1450	0.0213001	0.0212983
1451	0.0212982	0.0212965
1452	0.0212965	0.0212947
1453	0.0212947	0.0212929
1454	0.0212929	0.0212912
1455	0.0212911	0.0212894
1456	0.0212894	0.0212876
1457	0.0212876	0.0212858
1458	0.0212858	0.021284
1459	0.0212841	0.0212823
1460	0.0212822	0.0212805
1461	0.0212805	0.0212787
1462	0.0212787	0.0212769
1463	0.021277	0.0212751
1464	0.0212751	0.0212734
1465	0.0212734	0.0212716
1466	0.0212716	0.0212698
1467	0.0212698	0.0212681
1468	0.021268	0.0212663
1469	0.0212662	0.0212645
1470	0.0212645	0.0212627
1471	0.0212627	0.0212609
1472	0.021261	0.0212592
1473	0.0212592	0.0212574
1474	0.0212574	0.0212556
1475	0.0212557	0.0212539
1476	0.0212539	0.0212521
1477	0.0212521	0.0212504
1478	0.0212504	0.0212486
1479	0.0212486	0.0212468
1480	0.0212469	0.0212451
1481	0.0212451	0.0212433
1482	0.0212433	0.0212416
1483	0.0212415	0.0212399
1484	0.0212398	0.021238
1485	0.021238	0.0212363
1486	0.0212363	0.0212346
1487	0.0212346	0.0212328
1488	0.0212328	0.0212311
1489	0.021231	0.0212293
1490	0.0212293	0.0212276
1491	0.0212275	0.0212258
1492	0.0212258	0.0212241
1493	0.0212241	0.0212223
1494	0.0212223	0.0212206
1495	0.0212206	0.0212188
1496	0.0212188	0.0212171
1497	0.0212171	0.0212154
1498	0.0212153	0.0212136
1499	0.0212136	0.0212118
1500	0.0212118	0.0212101
1501	0.0212101	0.0212084
1502	0.0212084	0.0212067
1503	0.0212066	0.0212049
1504	0.0212049	0.0212032
1505	0.0212031	0.0212014
1506	0.0212014	0.0211997
1507	0.0211997	0.021198
1508	0.0211979	0.0211963
1509	0.0211963	0.0211945
1510	0.0211945	0.0211928
1511	0.0211928	0.021191
1512	0.021191	0.0211893
1513	0.0211893	0.0211876
1514	0.0211876	0.0211858
1515	0.0211858	0.0211841
1516	0.0211841	0.0211824
1517	0.0211824	0.0211807
1518	0.0211806	0.021179
1519	0.021179	0.0211772
1520	0.0211772	0.0211755
1521	0.0211755	0.0211738
1522	0.0211738	0.0211721
1523	0.0211721	0.0211703
1524	0.0211703	0.0211686
1525	0.0211686	0.0211669
1526	0.0211669	0.0211652
1527	0.0211652	0.0211635
1528	0.0211635	0.0211618
1529	0.0211618	0.0211601
1530	0.0211601	0.0211583
1531	0.0211584	0.0211567
1532	0.0211566	0.0211549
1533	0.0211549	0.0211532
1534	0.0211532	0.0211515
1535	0.0211515	0.0211498
1536	0.0211498	0.0211481
1537	0.0211481	0.0211464
1538	0.0211464	0.0211447
1539	0.0211447	0.021143
1540	0.021143	0.0211412
1541	0.0211412	0.0211396
1542	0.0211396	0.0211379
1543	0.0211378	0.0211362
1544	0.0211362	0.0211345
1545	0.0211345	0.0211328
1546	0.0211328	0.0211311
1547	0.0211311	0.0211295
1548	0.0211295	0.0211277
1549	0.0211277	0.021126
1550	0.0211261	0.0211243
1551	0.0211243	0.0211226
1552	0.0211226	0.0211209
1553	0.021121	0.0211193
1554	0.0211193	0.0211176
1555	0.0211176	0.0211159
1556	0.0211159	0.0211143
1557	0.0211142	0.0211125
1558	0.0211125	0.0211108
1559	0.0211109	0.0211092
1560	0.0211092	0.0211075
1561	0.0211075	0.0211058
1562	0.0211058	0.0211041
1563	0.0211041	0.0211024
1564	0.0211024	0.0211007
1565	0.0211007	0.0210991
1566	0.021099	0.0210974
1567	0.0210974	0.0210957
1568	0.0210957	0.0210941
1569	0.0210941	0.0210924
1570	0.0210924	0.0210907
1571	0.0210907	0.021089
1572	0.021089	0.0210874
1573	0.0210874	0.0210856
1574	0.0210857	0.021084
1575	0.021084	0.0210824
1576	0.0210824	0.0210807
1577	0.0210807	0.0210791
1578	0.021079	0.0210774
1579	0.0210774	0.0210757
1580	0.0210758	0.0210741
1581	0.021074	0.0210724
1582	0.0210724	0.0210708
1583	0.0210707	0.0210691
1584	0.0210691	0.0210674
1585	0.0210674	0.0210658
1586	0.0210658	0.0210641
1587	0.0210641	0.0210625
1588	0.0210625	0.0210608
1589	0.0210608	0.0210592
1590	0.0210591	0.0210575
1591	0.0210576	0.0210559
1592	0.0210559	0.0210542
1593	0.0210542	0.0210526
1594	0.0210526	0.0210509
1595	0.0210509	0.0210493
1596	0.0210493	0.0210476
1597	0.0210476	0.021046
1598	0.021046	0.0210443
1599	0.0210443	0.0210427
1600	0.0210427	0.021041
1601	0.021041	0.0210394
1602	0.0210394	0.0210378
1603	0.0210378	0.0210362
1604	0.0210362	0.0210345
1605	0.0210345	0.0210328
1606	0.0210328	0.0210312
1607	0.0210313	0.0210296
1608	0.0210296	0.021028
1609	0.0210279	0.0210263
1610	0.0210263	0.0210247
1611	0.0210247	0.0210231
1612	0.0210231	0.0210215
1613	0.0210214	0.0210198
1614	0.0210199	0.0210182
1615	0.0210182	0.0210166
1616	0.0210166	0.0210149
1617	0.021015	0.0210134
1618	0.0210134	0.0210117
1619	0.0210117	0.0210101
1620	0.0210101	0.0210085
1621	0.0210085	0.0210069
1622	0.0210068	0.0210052
1623	0.0210053	0.0210036
1624	0.0210036	0.021002
1625	0.021002	0.0210004
1626	0.0210004	0.0209988
1627	0.0209988	0.0209971
1628	0.0209972	0.0209955
1629	0.0209956	0.0209939
1630	0.020994	0.0209923
1631	0.0209923	0.0209907
1632	0.0209907	0.0209891
1633	0.0209891	0.0209875
1634	0.0209875	0.020986
1635	0.0209859	0.0209843
1636	0.0209844	0.0209828
1637	0.0209827	0.0209811
1638	0.0209811	0.0209795
1639	0.0209795	0.0209779
1640	0.0209779	0.0209763
1641	0.0209763	0.0209747
1642	0.0209747	0.0209731
1643	0.0209731	0.0209715
1644	0.0209715	0.02097
1645	0.02097	0.0209684
1646	0.0209683	0.0209668
1647	0.0209668	0.0209652
1648	0.0209651	0.0209636
1649	0.0209636	0.020962
1650	0.020962	0.0209604
1651	0.0209604	0.0209588
1652	0.0209588	0.0209572
1653	0.0209572	0.0209557
1654	0.0209556	0.020954
1655	0.0209541	0.0209525
1656	0.0209525	0.0209509
1657	0.0209509	0.0209493
1658	0.0209493	0.0209477
1659	0.0209478	0.0209462
1660	0.0209462	0.0209446
1661	0.0209446	0.020943
1662	0.020943	0.0209414
1663	0.0209414	0.0209399
1664	0.0209399	0.0209383
1665	0.0209383	0.0209368
1666	0.0209368	0.0209352
1667	0.0209352	0.0209336
1668	0.0209336	0.020932
1669	0.020932	0.0209305
1670	0.0209305	0.0209289
1671	0.0209289	0.0209273
1672	0.0209273	0.0209258
1673	0.0209257	0.0209242
1674	0.0209242	0.0209227
1675	0.0209226	0.0209211
1676	0.0209211	0.0209196
1677	0.0209196	0.020918
1678	0.020918	0.0209165
1679	0.0209165	0.0209149
1680	0.0209149	0.0209134
1681	0.0209133	0.0209118
1682	0.0209118	0.0209102
1683	0.0209102	0.0209086
1684	0.0209087	0.0209071
1685	0.0209071	0.0209055
1686	0.0209056	0.020904
1687	0.020904	0.0209025
1688	0.0209025	0.0209009
1689	0.0209009	0.0208994
1690	0.0208994	0.0208978
1691	0.0208979	0.0208963
1692	0.0208963	0.0208948
1693	0.0208948	0.0208932
1694	0.0208932	0.0208917
1695	0.0208917	0.0208902
1696	0.0208901	0.0208886
1697	0.0208886	0.020887
1698	0.0208871	0.0208855
1699	0.0208856	0.020884
1700	0.020884	0.0208825
1701	0.0208824	0.0208809
1702	0.0208809	0.0208794
1703	0.0208794	0.0208779
1704	0.0208779	0.0208763
1705	0.0208764	0.0208749
1706	0.0208748	0.0208733
1707	0.0208733	0.0208718
1708	0.0208718	0.0208703
1709	0.0208703	0.0208687
1710	0.0208687	0.0208672
1711	0.0208672	0.0208657
1712	0.0208657	0.0208642
1713	0.0208642	0.0208626
1714	0.0208626	0.0208612
1715	0.0208612	0.0208596
1716	0.0208596	0.0208581
1717	0.0208581	0.0208566
1718	0.0208566	0.0208551
1719	0.0208551	0.0208536
1720	0.0208536	0.0208521
1721	0.0208521	0.0208506
1722	0.0208506	0.020849
1723	0.0208491	0.0208475
1724	0.0208475	0.020846
1725	0.020846	0.0208445
1726	0.0208445	0.020843
1727	0.020843	0.0208416
1728	0.0208415	0.02084
1729	0.02084	0.0208386
1730	0.0208385	0.020837
1731	0.020837	0.0208355
1732	0.0208355	0.0208341
1733	0.020834	0.0208326
1734	0.0208325	0.0208311
1735	0.0208311	0.0208296
1736	0.0208296	0.0208281
1737	0.020828	0.0208266
1738	0.0208266	0.0208251
1739	0.0208251	0.0208236
1740	0.0208236	0.0208221
1741	0.0208221	0.0208206
1742	0.0208206	0.0208191
1743	0.0208192	0.0208176
1744	0.0208177	0.0208161
1745	0.0208162	0.0208147
1746	0.0208147	0.0208132
1747	0.0208132	0.0208117
1748	0.0208118	0.0208103
1749	0.0208103	0.0208088
1750	0.0208088	0.0208074
1751	0.0208074	0.0208058
1752	0.0208059	0.0208044
1753	0.0208044	0.0208029
1754	0.0208029	0.0208014
1755	0.0208014	0.0208
1756	0.0208	0.0207984
1757	0.0207985	0.020797
1758	0.0207971	0.0207956
1759	0.0207956	0.0207941
1760	0.0207941	0.0207926
1761	0.0207926	0.0207912
1762	0.0207912	0.0207897
1763	0.0207897	0.0207882
1764	0.0207883	0.0207868
1765	0.0207868	0.0207853
1766	0.0207853	0.0207839
1767	0.0207839	0.0207824
1768	0.0207824	0.0207809
1769	0.020781	0.0207794
1770	0.0207795	0.020778
1771	0.0207781	0.0207766
1772	0.0207765	0.0207752
1773	0.0207751	0.0207737
1774	0.0207737	0.0207722
1775	0.0207723	0.0207708
1776	0.0207708	0.0207694
1777	0.0207694	0.0207679
1778	0.0207679	0.0207665
1779	0.0207665	0.0207651
1780	0.020765	0.0207636
1781	0.0207636	0.0207622
1782	0.0207621	0.0207607
1783	0.0207607	0.0207593
1784	0.0207593	0.0207579
1785	0.0207579	0.0207564
1786	0.0207564	0.020755
1787	0.020755	0.0207535
1788	0.0207535	0.0207521
1789	0.0207521	0.0207507
1790	0.0207506	0.0207493
1791	0.0207492	0.0207478
1792	0.0207479	0.0207464
1793	0.0207464	0.020745
1794	0.020745	0.0207436
1795	0.0207436	0.0207421
1796	0.0207422	0.0207406
1797	0.0207407	0.0207392
1798	0.0207393	0.0207378
1799	0.0207379	0.0207364
1800	0.0207364	0.020735
1801	0.020735	0.0207336
1802	0.0207336	0.0207322
1803	0.0207321	0.0207308
1804	0.0207308	0.0207294
1805	0.0207293	0.0207279
1806	0.0207279	0.0207265
1807	0.0207265	0.0207251
1808	0.0207251	0.0207237
1809	0.0207237	0.0207223
1810	0.0207223	0.0207209
1811	0.0207209	0.0207195
1812	0.0207195	0.0207181
1813	0.0207181	0.0207167
1814	0.0207167	0.0207153
1815	0.0207153	0.0207139
1816	0.0207138	0.0207124
1817	0.0207125	0.0207111
1818	0.0207111	0.0207097
1819	0.0207097	0.0207083
1820	0.0207083	0.0207069
1821	0.0207069	0.0207055
1822	0.0207055	0.0207041
1823	0.0207041	0.0207027
1824	0.0207027	0.0207013
1825	0.0207014	0.0207
1826	0.0206999	0.0206985
1827	0.0206986	0.0206971
1828	0.0206971	0.0206957
1829	0.0206958	0.0206944
1830	0.0206943	0.020693
1831	0.020693	0.0206917
1832	0.0206916	0.0206903
1833	0.0206902	0.0206889
1834	0.0206889	0.0206875
1835	0.0206874	0.0206861
1836	0.0206861	0.0206847
1837	0.0206847	0.0206834
1838	0.0206834	0.020682
1839	0.020682	0.0206806
1840	0.0206806	0.0206792
1841	0.0206793	0.0206778
1842	0.0206778	0.0206765
1843	0.0206765	0.0206751
1844	0.0206751	0.0206738
1845	0.0206738	0.0206724
1846	0.0206724	0.020671
1847	0.020671	0.0206697
1848	0.0206697	0.0206683
1849	0.0206683	0.0206669
1850	0.020667	0.0206655
1851	0.0206656	0.0206642
1852	0.0206642	0.0206629
1853	0.0206629	0.0206615
1854	0.0206615	0.0206601
1855	0.0206601	0.0206588
1856	0.0206588	0.0206574
1857	0.0206574	0.0206561
1858	0.0206561	0.0206547
1859	0.0206548	0.0206534
1860	0.0206534	0.020652
1861	0.020652	0.0206506
1862	0.0206506	0.0206493
1863	0.0206493	0.020648
1864	0.020648	0.0206466
1865	0.0206466	0.0206453
1866	0.0206453	0.0206439
1867	0.020644	0.0206426
1868	0.0206426	0.0206413
1869	0.0206413	0.0206399
1870	0.02064	0.0206386
1871	0.0206386	0.0206372
1872	0.0206372	0.0206359
1873	0.0206359	0.0206346
1874	0.0206346	0.0206332
1875	0.0206333	0.0206319
1876	0.0206319	0.0206306
1877	0.0206306	0.0206292
1878	0.0206292	0.0206279
1879	0.0206279	0.0206266
1880	0.0206266	0.0206253
1881	0.0206253	0.0206239
1882	0.0206239	0.0206226
1883	0.0206226	0.0206213
1884	0.0206212	0.02062
1885	0.02062	0.0206186
1886	0.0206187	0.0206173
1887	0.0206173	0.020616
1888	0.0206161	0.0206147
1889	0.0206147	0.0206133
1890	0.0206133	0.020612
1891	0.0206121	0.0206107
1892	0.0206107	0.0206094
1893	0.0206094	0.0206081
1894	0.0206081	0.0206068
1895	0.0206068	0.0206055
1896	0.0206055	0.0206042
1897	0.0206042	0.0206028
1898	0.0206029	0.0206016
1899	0.0206016	0.0206003
1900	0.0206003	0.020599
1901	0.020599	0.0205977
1902	0.0205977	0.0205964
1903	0.0205964	0.0205951
1904	0.0205951	0.0205938
1905	0.0205938	0.0205925
1906	0.0205925	0.0205912
1907	0.0205912	0.0205899
1908	0.0205899	0.0205886
1909	0.0205886	0.0205873
1910	0.0205873	0.020586
1911	0.020586	0.0205847
1912	0.0205847	0.0205834
1913	0.0205834	0.0205821
1914	0.0205821	0.0205808
1915	0.0205808	0.0205796
1916	0.0205796	0.0205783
1917	0.0205783	0.020577
1918	0.020577	0.0205757
1919	0.0205758	0.0205744
1920	0.0205744	0.0205731
1921	0.0205732	0.0205719
1922	0.0205719	0.0205706
1923	0.0205706	0.0205693
1924	0.0205693	0.020568
1925	0.020568	0.0205667
1926	0.0205667	0.0205655
1927	0.0205655	0.0205643
1928	0.0205642	0.0205629
1929	0.0205629	0.0205616
1930	0.0205616	0.0205604
1931	0.0205604	0.0205591
1932	0.0205591	0.0205578
1933	0.0205578	0.0205566
1934	0.0205566	0.0205553
1935	0.0205553	0.020554
1936	0.0205541	0.0205528
1937	0.0205528	0.0205515
1938	0.0205516	0.0205503
1939	0.0205503	0.020549
1940	0.020549	0.0205477
1941	0.0205477	0.0205465
1942	0.0205465	0.0205452
1943	0.0205453	0.020544
1944	0.020544	0.0205427
1945	0.0205428	0.0205415
1946	0.0205415	0.0205402
1947	0.0205403	0.020539
1948	0.020539	0.0205377
1949	0.0205377	0.0205364
1950	0.0205365	0.0205352
1951	0.0205352	0.020534
1952	0.020534	0.0205327
1953	0.0205327	0.0205315
1954	0.0205315	0.0205303
1955	0.0205303	0.020529
1956	0.020529	0.0205278
1957	0.0205278	0.0205265
1958	0.0205266	0.0205253
1959	0.0205253	0.0205241
1960	0.0205241	0.0205228
1961	0.0205229	0.0205216
1962	0.0205216	0.0205204
1963	0.0205203	0.0205192
1964	0.0205191	0.0205179
1965	0.0205179	0.0205166
1966	0.0205166	0.0205154
1967	0.0205154	0.0205141
1968	0.0205142	0.0205129
1969	0.0205129	0.0205117
1970	0.0205118	0.0205105
1971	0.0205105	0.0205093
1972	0.0205093	0.0205081
1973	0.0205081	0.0205069
1974	0.0205068	0.0205056
1975	0.0205056	0.0205044
1976	0.0205044	0.0205032
1977	0.0205032	0.020502
1978	0.020502	0.0205008
1979	0.0205008	0.0204996
1980	0.0204995	0.0204984
1981	0.0204983	0.0204971
1982	0.0204971	0.0204959
1983	0.0204959	0.0204947
1984	0.0204947	0.0204935
1985	0.0204935	0.0204922
1986	0.0204922	0.0204911
1987	0.020491	0.0204899
1988	0.0204898	0.0204887
1989	0.0204887	0.0204875
1990	0.0204875	0.0204862
1991	0.0204862	0.020485
1992	0.020485	0.0204838
1993	0.0204838	0.0204826
1994	0.0204826	0.0204814
1995	0.0204815	0.0204802
1996	0.0204802	0.020479
1997	0.020479	0.0204778
1998	0.0204778	0.0204766
1999	0.0204766	0.0204754
2000	0.0204755	0.0204742
2001	0.0204743	0.0204731
2002	0.0204731	0.0204719
2003	0.0204719	0.0204707
2004	0.0204707	0.0204695
2005	0.0204695	0.0204683
2006	0.0204683	0.0204671
2007	0.0204671	0.020466
2008	0.020466	0.0204648
2009	0.0204648	0.0204636
2010	0.0204636	0.0204624
2011	0.0204624	0.0204612
2012	0.0204612	0.0204601
2013	0.02046	0.0204589
2014	0.0204589	0.0204577
2015	0.0204577	0.0204565
2016	0.0204565	0.0204553
2017	0.0204553	0.0204541
2018	0.0204541	0.020453
2019	0.020453	0.0204518
2020	0.0204518	0.0204506
2021	0.0204506	0.0204495
2022	0.0204495	0.0204483
2023	0.0204483	0.0204471
2024	0.0204471	0.020446
2025	0.0204459	0.0204448
2026	0.0204448	0.0204436
2027	0.0204436	0.0204425
2028	0.0204424	0.0204413
2029	0.0204413	0.0204402
2030	0.0204402	0.020439
2031	0.020439	0.0204378
2032	0.0204378	0.0204367
2033	0.0204367	0.0204355
2034	0.0204355	0.0204344
2035	0.0204343	0.0204332
2036	0.0204332	0.020432
2037	0.020432	0.0204309
2038	0.0204309	0.0204297
2039	0.0204298	0.0204286
2040	0.0204286	0.0204274
2041	0.0204274	0.0204263
2042	0.0204263	0.0204251
2043	0.0204252	0.020424
2044	0.020424	0.0204228
2045	0.0204229	0.0204217
2046	0.0204217	0.0204206
2047	0.0204206	0.0204194
2048	0.0204194	0.0204182
2049	0.0204183	0.0204171
2050	0.0204171	0.020416
2051	0.020416	0.0204149
2052	0.0204149	0.0204137
2053	0.0204137	0.0204126
2054	0.0204126	0.0204114
2055	0.0204115	0.0204103
2056	0.0204103	0.0204092
2057	0.0204092	0.020408
2058	0.0204081	0.0204069
2059	0.0204069	0.0204058
2060	0.0204058	0.0204047
2061	0.0204047	0.0204035
2062	0.0204035	0.0204024
2063	0.0204024	0.0204013
2064	0.0204013	0.0204001
2065	0.0204001	0.020399
2066	0.020399	0.0203978
2067	0.0203979	0.0203967
2068	0.0203968	0.0203956
2069	0.0203956	0.0203945
2070	0.0203945	0.0203934
2071	0.0203934	0.0203923
2072	0.0203923	0.0203911
2073	0.0203912	0.0203901
2074	0.02039	0.0203889
2075	0.020389	0.0203878
2076	0.0203878	0.0203867
2077	0.0203867	0.0203856
2078	0.0203856	0.0203845
2079	0.0203845	0.0203833
2080	0.0203834	0.0203823
2081	0.0203822	0.0203812
2082	0.0203811	0.0203801
2083	0.0203801	0.0203789
2084	0.020379	0.0203778
2085	0.0203778	0.0203767
2086	0.0203768	0.0203757
2087	0.0203757	0.0203745
2088	0.0203745	0.0203735
2089	0.0203735	0.0203723
2090	0.0203723	0.0203713
2091	0.0203713	0.0203702
2092	0.0203702	0.020369
2093	0.0203691	0.0203679
2094	0.0203679	0.0203668
2095	0.0203668	0.0203657
2096	0.0203657	0.0203647
2097	0.0203647	0.0203635
2098	0.0203636	0.0203625
2099	0.0203625	0.0203614
2100	0.0203614	0.0203603
2101	0.0203603	0.0203592
2102	0.0203592	0.0203581
2103	0.0203582	0.0203571
2104	0.020357	0.020356
2105	0.020356	0.0203549
2106	0.0203549	0.0203538
2107	0.0203538	0.0203527
2108	0.0203527	0.0203516
2109	0.0203516	0.0203505
2110	0.0203505	0.0203494
2111	0.0203494	0.0203483
2112	0.0203483	0.0203473
2113	0.0203473	0.0203462
2114	0.0203462	0.0203451
2115	0.0203451	0.0203441
2116	0.0203441	0.020343
2117	0.020343	0.0203419
2118	0.0203419	0.0203408
2119	0.0203409	0.0203398
2120	0.0203398	0.0203387
2121	0.0203387	0.0203377
2122	0.0203376	0.0203366
2123	0.0203366	0.0203355
2124	0.0203355	0.0203345
2125	0.0203345	0.0203334
2126	0.0203334	0.0203323
2127	0.0203324	0.0203312
2128	0.0203312	0.0203302
2129	0.0203302	0.0203291
2130	0.0203291	0.0203281
2131	0.020328	0.020327
2132	0.020327	0.020326
2133	0.0203259	0.0203249
2134	0.0203249	0.0203239
2135	0.0203238	0.0203228
2136	0.0203228	0.0203218
2137	0.0203217	0.0203207
2138	0.0203207	0.0203196
2139	0.0203196	0.0203185
2140	0.0203186	0.0203175
2141	0.0203176	0.0203164
2142	0.0203165	0.0203154
2143	0.0203154	0.0203143
2144	0.0203144	0.0203133
2145	0.0203133	0.0203123
2146	0.0203123	0.0203112
2147	0.0203112	0.0203102
2148	0.0203102	0.0203091
2149	0.0203091	0.0203081
2150	0.0203081	0.020307
2151	0.020307	0.020306
2152	0.020306	0.020305
2153	0.020305	0.020304
2154	0.0203039	0.0203029
2155	0.0203029	0.0203019
2156	0.0203019	0.0203008
2157	0.0203008	0.0202998
2158	0.0202998	0.0202987
2159	0.0202988	0.0202977
2160	0.0202977	0.0202967
2161	0.0202967	0.0202957
2162	0.0202957	0.0202946
2163	0.0202946	0.0202936
2164	0.0202936	0.0202926
2165	0.0202925	0.0202915
2166	0.0202915	0.0202905
2167	0.0202905	0.0202895
2168	0.0202895	0.0202884
2169	0.0202884	0.0202875
2170	0.0202875	0.0202864
2171	0.0202864	0.0202854
2172	0.0202854	0.0202844
2173	0.0202844	0.0202834
2174	0.0202834	0.0202824
2175	0.0202823	0.0202813
2176	0.0202813	0.0202803
2177	0.0202803	0.0202793
2178	0.0202793	0.0202783
2179	0.0202783	0.0202773
2180	0.0202773	0.0202762
2181	0.0202763	0.0202752
2182	0.0202752	0.0202742
2183	0.0202743	0.0202732
2184	0.0202732	0.0202722
2185	0.0202722	0.0202712
2186	0.0202712	0.0202702
2187	0.0202702	0.0202692
2188	0.0202692	0.0202682
2189	0.0202682	0.0202672
2190	0.0202672	0.0202662
2191	0.0202662	0.0202652
2192	0.0202652	0.0202642
2193	0.0202642	0.0202632
2194	0.0202632	0.0202622
2195	0.0202622	0.0202612
2196	0.0202611	0.0202602
2197	0.0202602	0.0202592
2198	0.0202591	0.0202582
2199	0.0202582	0.0202572
2200	0.0202571	0.0202562
2201	0.0202562	0.0202552
2202	0.0202552	0.0202542
2203	0.0202542	0.0202532
2204	0.0202532	0.0202522
2205	0.0202522	0.0202512
2206	0.0202512	0.0202502
2207	0.0202502	0.0202492
2208	0.0202493	0.0202482
2209	0.0202482	0.0202473
2210	0.0202472	0.0202462
2211	0.0202462	0.0202453
2212	0.0202453	0.0202443
2213	0.0202443	0.0202434
2214	0.0202433	0.0202423
2215	0.0202423	0.0202413
2216	0.0202413	0.0202404
2217	0.0202404	0.0202394
2218	0.0202394	0.0202384
2219	0.0202384	0.0202374
2220	0.0202375	0.0202364
2221	0.0202364	0.0202354
2222	0.0202354	0.0202345
2223	0.0202345	0.0202335
2224	0.0202335	0.0202325
2225	0.0202325	0.0202315
2226	0.0202315	0.0202306
2227	0.0202305	0.0202296
2228	0.0202296	0.0202287
2229	0.0202286	0.0202276
2230	0.0202277	0.0202267
2231	0.0202267	0.0202257
2232	0.0202257	0.0202248
2233	0.0202247	0.0202238
2234	0.0202237	0.0202228
2235	0.0202228	0.0202218
2236	0.0202218	0.0202209
2237	0.0202209	0.0202199
2238	0.0202199	0.020219
2239	0.020219	0.020218
2240	0.020218	0.020217
2241	0.020217	0.0202161
2242	0.0202161	0.0202151
2243	0.0202151	0.0202142
2244	0.0202142	0.0202132
2245	0.0202132	0.0202123
2246	0.0202122	0.0202113
2247	0.0202113	0.0202103
2248	0.0202104	0.0202094
2249	0.0202094	0.0202084
2250	0.0202084	0.0202075
2251	0.0202075	0.0202065
2252	0.0202065	0.0202056
2253	0.0202056	0.0202046
2254	0.0202046	0.0202037
2255	0.0202037	0.0202027
2256	0.0202027	0.0202018
2257	0.0202018	0.0202008
2258	0.0202008	0.0201999
2259	0.0201999	0.0201989
2260	0.0201989	0.020198
2261	0.020198	0.020197
2262	0.020197	0.0201961
2263	0.0201961	0.0201951
2264	0.0201951	0.0201942
2265	0.0201942	0.0201933
2266	0.0201933	0.0201923
2267	0.0201924	0.0201914
2268	0.0201914	0.0201904
2269	0.0201904	0.0201895
2270	0.0201895	0.0201886
2271	0.0201886	0.0201876
2272	0.0201876	0.0201867
2273	0.0201867	0.0201857
2274	0.0201858	0.0201848
2275	0.0201848	0.0201839
2276	0.0201839	0.020183
2277	0.0201829	0.020182
2278	0.020182	0.0201811
2279	0.0201811	0.0201801
2280	0.0201802	0.0201793
2281	0.0201793	0.0201783
2282	0.0201783	0.0201774
2283	0.0201773	0.0201765
2284	0.0201765	0.0201755
2285	0.0201755	0.0201746
2286	0.0201746	0.0201737
2287	0.0201737	0.0201728
2288	0.0201728	0.0201718
2289	0.0201718	0.0201709
2290	0.0201709	0.02017
2291	0.02017	0.0201691
2292	0.0201691	0.0201681
2293	0.0201682	0.0201673
2294	0.0201672	0.0201663
2295	0.0201663	0.0201654
2296	0.0201654	0.0201645
2297	0.0201645	0.0201635
2298	0.0201635	0.0201626
2299	0.0201626	0.0201617
2300	0.0201618	0.0201608
2301	0.0201608	0.02016
2302	0.02016	0.020159
2303	0.020159	0.0201581
2304	0.0201581	0.0201572
2305	0.0201572	0.0201563
2306	0.0201562	0.0201553
2307	0.0201554	0.0201545
2308	0.0201545	0.0201536
2309	0.0201535	0.0201526
2310	0.0201527	0.0201517
2311	0.0201517	0.0201508
2312	0.0201508	0.0201499
2313	0.0201499	0.020149
2314	0.020149	0.0201481
2315	0.0201481	0.0201472
2316	0.0201472	0.0201463
2317	0.0201463	0.0201454
2318	0.0201454	0.0201445
2319	0.0201445	0.0201436
2320	0.0201436	0.0201427
2321	0.0201427	0.0201418
2322	0.0201418	0.0201409
2323	0.0201409	0.02014
2324	0.02014	0.0201391
2325	0.0201391	0.0201382
2326	0.0201382	0.0201373
2327	0.0201373	0.0201364
2328	0.0201364	0.0201355
2329	0.0201355	0.0201346
2330	0.0201346	0.0201337
2331	0.0201338	0.0201328
2332	0.0201329	0.020132
2333	0.020132	0.0201311
2334	0.0201311	0.0201302
2335	0.0201302	0.0201293
2336	0.0201293	0.0201284
2337	0.0201284	0.0201275
2338	0.0201275	0.0201267
2339	0.0201266	0.0201258
2340	0.0201258	0.0201249
2341	0.0201249	0.020124
2342	0.020124	0.0201231
2343	0.0201231	0.0201222
2344	0.0201222	0.0201213
2345	0.0201213	0.0201204
2346	0.0201204	0.0201196
2347	0.0201196	0.0201187
2348	0.0201187	0.0201178
2349	0.0201178	0.0201169
2350	0.020117	0.0201161
2351	0.0201161	0.0201153
2352	0.0201153	0.0201144
2353	0.0201144	0.0201135
2354	0.0201135	0.0201126
2355	0.0201126	0.0201117
2356	0.0201117	0.0201108
2357	0.0201108	0.0201099
2358	0.02011	0.020109
2359	0.0201091	0.0201082
2360	0.0201082	0.0201073
2361	0.0201073	0.0201064
2362	0.0201065	0.0201056
2363	0.0201056	0.0201047
2364	0.0201047	0.0201039
2365	0.0201038	0.020103
2366	0.020103	0.0201021
2367	0.0201022	0.0201013
2368	0.0201013	0.0201004
2369	0.0201004	0.0200996
2370	0.0200995	0.0200987
2371	0.0200987	0.0200978
2372	0.0200978	0.020097
2373	0.020097	0.0200961
2374	0.0200961	0.0200952
2375	0.0200952	0.0200944
2376	0.0200944	0.0200935
2377	0.0200935	0.0200927
2378	0.0200927	0.0200918
2379	0.0200918	0.020091
2380	0.020091	0.0200901
2381	0.0200901	0.0200893
2382	0.0200892	0.0200884
2383	0.0200884	0.0200875
2384	0.0200875	0.0200867
2385	0.0200867	0.0200858
2386	0.0200858	0.0200849
2387	0.0200849	0.0200841
2388	0.0200841	0.0200833
2389	0.0200833	0.0200824
2390	0.0200824	0.0200816
2391	0.0200815	0.0200807
2392	0.0200807	0.0200798
2393	0.0200799	0.020079
2394	0.0200791	0.0200782
2395	0.0200782	0.0200773
2396	0.0200773	0.0200765
2397	0.0200765	0.0200756
2398	0.0200756	0.0200748
2399	0.0200748	0.020074
2400	0.020074	0.0200731
2401	0.0200731	0.0200723
2402	0.0200723	0.0200714
2403	0.0200714	0.0200706
2404	0.0200706	0.0200697
2405	0.0200697	0.0200689
2406	0.0200689	0.020068
2407	0.020068	0.0200672
2408	0.0200672	0.0200664
2409	0.0200664	0.0200655
2410	0.0200656	0.0200647
2411	0.0200647	0.0200639
2412	0.0200639	0.0200631
2413	0.0200631	0.0200622
2414	0.0200622	0.0200614
2415	0.0200614	0.0200605
2416	0.0200605	0.0200597
2417	0.0200597	0.0200589
2418	0.0200589	0.020058
2419	0.0200581	0.0200572
2420	0.0200572	0.0200564
2421	0.0200564	0.0200555
2422	0.0200556	0.0200547
2423	0.0200547	0.0200539
2424	0.0200539	0.020053
2425	0.0200531	0.0200522
2426	0.0200522	0.0200514
2427	0.0200514	0.0200506
2428	0.0200506	0.0200498
2429	0.0200497	0.0200489
2430	0.0200489	0.0200481
2431	0.0200481	0.0200473
2432	0.0200473	0.0200465
2433	0.0200465	0.0200457
2434	0.0200456	0.0200448
2435	0.0200448	0.020044
2436	0.020044	0.0200432
2437	0.0200432	0.0200424
2438	0.0200424	0.0200416
2439	0.0200415	0.0200407
2440	0.0200407	0.0200399
2441	0.0200399	0.0200391
2442	0.0200391	0.0200383
2443	0.0200383	0.0200375
2444	0.0200375	0.0200366
2445	0.0200366	0.0200358
2446	0.0200359	0.020035
2447	0.020035	0.0200342
2448	0.0200342	0.0200334
2449	0.0200334	0.0200326
2450	0.0200326	0.0200317
2451	0.0200318	0.020031
2452	0.020031	0.0200301
2453	0.0200301	0.0200293
2454	0.0200293	0.0200285
2455	0.0200285	0.0200277
2456	0.0200277	0.0200269
2457	0.0200269	0.0200261
2458	0.0200261	0.0200253
2459	0.0200253	0.0200245
2460	0.0200245	0.0200237
2461	0.0200237	0.0200229
2462	0.0200229	0.0200221
2463	0.0200221	0.0200213
2464	0.0200212	0.0200205
2465	0.0200204	0.0200197
2466	0.0200197	0.0200188
2467	0.0200188	0.020018
2468	0.020018	0.0200172
2469	0.0200173	0.0200165
2470	0.0200164	0.0200156
2471	0.0200157	0.0200148
2472	0.0200148	0.0200141
2473	0.0200141	0.0200133
2474	0.0200132	0.0200125
2475	0.0200125	0.0200117
2476	0.0200117	0.0200108
2477	0.0200108	0.02001
2478	0.0200101	0.0200093
2479	0.0200092	0.0200085
2480	0.0200085	0.0200077
2481	0.0200076	0.0200069
2482	0.0200069	0.0200061
2483	0.0200061	0.0200053
2484	0.0200053	0.0200045
2485	0.0200045	0.0200037
2486	0.0200037	0.020003
2487	0.020003	0.0200022
2488	0.0200022	0.0200014
2489	0.0200014	0.0200006
2490	0.0200005	0.0199998
2491	0.0199998	0.019999
