1	0.245082	0.237185
2	0.235464	0.228101
3	0.226516	0.219641
4	0.21818	0.211808
5	0.210461	0.204519
6	0.203276	0.197805
7	0.196655	0.191658
8	0.190597	0.186021
9	0.185034	0.180801
10	0.179887	0.175982
11	0.175132	0.171486
12	0.170698	0.167321
13	0.166587	0.163411
14	0.162729	0.15973
15	0.159095	0.156248
16	0.155655	0.152932
17	0.152379	0.149771
18	0.149255	0.146751
19	0.146267	0.143858
20	0.143406	0.141076
21	0.140653	0.1384
22	0.138004	0.135817
23	0.135446	0.13332
24	0.132972	0.130909
25	0.130581	0.128566
26	0.128257	0.126292
27	0.126002	0.124082
28	0.12381	0.121939
29	0.121681	0.119856
30	0.119613	0.11783
31	0.117602	0.115862
32	0.115646	0.113943
33	0.11374	0.112076
34	0.111884	0.110262
35	0.11008	0.108497
36	0.108324	0.106776
37	0.106613	0.105099
38	0.104944	0.103467
39	0.103321	0.101879
40	0.101741	0.100332
41	0.1002	0.0988238
42	0.0986984	0.0973524
43	0.0972337	0.0959181
44	0.095805	0.0945198
45	0.0944117	0.0931559
46	0.0930535	0.0918267
47	0.0917288	0.0905293
48	0.0904355	0.0892619
49	0.0891727	0.0880248
50	0.0879404	0.0868186
51	0.0867379	0.0856417
52	0.0855641	0.0844927
53	0.0844189	0.083372
54	0.0833014	0.0822769
55	0.0822096	0.0812077
56	0.0811428	0.080163
57	0.0801005	0.0791429
58	0.0790833	0.0781472
59	0.0780894	0.0771748
60	0.0771191	0.0762246
61	0.0761709	0.0752975
62	0.0752457	0.0743912
63	0.0743405	0.0735047
64	0.0734557	0.072638
65	0.0725898	0.0717895
66	0.0717429	0.0709595
67	0.0709142	0.0701479
68	0.0701032	0.069354
69	0.0693099	0.0685763
70	0.0685331	0.0678151
71	0.0677728	0.0670695
72	0.0670277	0.0663399
73	0.0662979	0.0656247
74	0.0655836	0.0649246
75	0.0648834	0.0642393
76	0.0641983	0.063568
77	0.0635273	0.0629103
78	0.0628694	0.0622658
79	0.0622248	0.0616337
80	0.0615926	0.0610148
81	0.0609732	0.0604076
82	0.0603659	0.0598124
83	0.0597706	0.059229
84	0.0591864	0.0586565
85	0.0586136	0.0580957
86	0.0580523	0.0575451
87	0.0575011	0.0570062
88	0.0569616	0.0564778
89	0.0564324	0.0559596
90	0.0559133	0.0554511
91	0.0554043	0.0549523
92	0.0549045	0.0544633
93	0.0544143	0.053983
94	0.0539332	0.0535119
95	0.0534615	0.0530497
96	0.0529979	0.052596
97	0.0525435	0.0521511
98	0.0520973	0.0517143
99	0.0516597	0.0512858
100	0.05123	0.0508648
101	0.050808	0.0504521
102	0.0503942	0.0500466
103	0.0499879	0.0496491
104	0.0495891	0.0492585
105	0.0491975	0.0488757
106	0.048813	0.0484996
107	0.0484357	0.0481301
108	0.0480652	0.0477677
109	0.0477019	0.047412
110	0.0473451	0.0470628
111	0.0469946	0.0467199
112	0.0466504	0.0463834
113	0.0463127	0.0460531
114	0.0459812	0.0457288
115	0.0456557	0.0454105
116	0.045336	0.0450977
117	0.0450222	0.0447909
118	0.0447145	0.0444898
119	0.0444115	0.0441938
120	0.0441145	0.0439034
121	0.0438231	0.0436183
122	0.0435366	0.0433383
123	0.0432556	0.0430635
124	0.0429794	0.0427935
125	0.0427086	0.0425286
126	0.0424423	0.0422682
127	0.042181	0.0420129
128	0.0419242	0.0417619
129	0.0416723	0.0415157
130	0.0414249	0.0412735
131	0.0411817	0.041036
132	0.0409431	0.0408028
133	0.0407086	0.0405733
134	0.0404784	0.0403485
135	0.0402525	0.0401273
136	0.0400304	0.0399106
137	0.0398121	0.0396973
138	0.0395981	0.0394877
139	0.0393877	0.0392823
140	0.0391812	0.0390801
141	0.0389781	0.0388817
142	0.0387788	0.0386867
143	0.0385828	0.0384953
144	0.0383903	0.0383071
145	0.0382013	0.0381224
146	0.0380158	0.0379409
147	0.0378333	0.0377624
148	0.0376539	0.0375872
149	0.0374778	0.0374149
150	0.0373048	0.0372457
151	0.0371347	0.0370794
152	0.0369677	0.0369159
153	0.0368035	0.0367553
154	0.0366422	0.0365976
155	0.0364837	0.0364424
156	0.0363277	0.03629
157	0.0361746	0.0361401
158	0.036024	0.035993
159	0.0358758	0.035848
160	0.0357305	0.0357056
161	0.0355876	0.0355658
162	0.035447	0.0354282
163	0.0353086	0.0352929
164	0.0351727	0.0351599
165	0.0350392	0.0350292
166	0.0349078	0.0349007
167	0.0347786	0.034774
168	0.0346514	0.0346497
169	0.0345267	0.0345274
170	0.0344038	0.0344071
171	0.0342829	0.0342887
172	0.0341642	0.0341722
173	0.0340472	0.0340578
174	0.0339322	0.0339451
175	0.0338189	0.0338342
176	0.0337077	0.0337252
177	0.0335981	0.0336178
178	0.0334904	0.0335122
179	0.0333844	0.0334083
180	0.03328	0.033306
181	0.0331774	0.0332056
182	0.0330764	0.0331065
183	0.0329768	0.033009
184	0.032879	0.032913
185	0.0327827	0.0328185
186	0.0326877	0.0327253
187	0.0325944	0.0326337
188	0.0325024	0.0325436
189	0.032412	0.0324548
190	0.0323228	0.0323674
191	0.0322352	0.0322813
192	0.0321487	0.0321966
193	0.0320636	0.032113
194	0.0319799	0.0320306
195	0.0318973	0.0319497
196	0.031816	0.0318698
197	0.0317359	0.0317911
198	0.031657	0.0317135
199	0.0315795	0.0316373
200	0.0315028	0.0315621
201	0.0314274	0.031488
202	0.0313532	0.0314149
203	0.0312798	0.031343
204	0.0312077	0.0312721
205	0.0311365	0.0312022
206	0.0310663	0.0311331
207	0.0309974	0.0310654
208	0.0309294	0.0309982
209	0.0308622	0.0309324
210	0.030796	0.0308672
211	0.0307308	0.0308029
212	0.0306666	0.0307397
213	0.030603	0.0306773
214	0.0305405	0.0306157
215	0.030479	0.030555
216	0.0304181	0.0304952
217	0.030358	0.0304361
218	0.030299	0.0303778
219	0.0302405	0.0303204
220	0.0301833	0.0302638
221	0.0301264	0.0302079
222	0.0300705	0.0301527
223	0.0300153	0.0300984
224	0.0299607	0.0300446
225	0.029907	0.0299917
226	0.0298539	0.0299393
227	0.0298016	0.0298876
228	0.0297499	0.0298368
229	0.0296989	0.0297863
230	0.0296487	0.0297367
231	0.0295989	0.0296879
232	0.0295499	0.0296395
233	0.0295016	0.0295916
234	0.0294539	0.0295445
235	0.0294068	0.0294981
236	0.0293602	0.029452
237	0.0293141	0.0294068
238	0.0292688	0.029362
239	0.029224	0.0293176
240	0.0291798	0.0292739
241	0.0291362	0.0292309
242	0.0290929	0.0291883
243	0.0290506	0.029146
244	0.0290083	0.0291046
245	0.0289669	0.0290634
246	0.0289258	0.0290229
247	0.0288852	0.0289828
248	0.028845	0.0289431
249	0.0288057	0.028904
250	0.0287667	0.0288653
251	0.0287279	0.0288271
252	0.0286898	0.0287893
253	0.028652	0.028752
254	0.0286148	0.0287151
255	0.0285779	0.0286787
256	0.0285417	0.0286427
257	0.0285056	0.0286071
258	0.0284701	0.0285719
259	0.0284349	0.0285371
260	0.0284001	0.0285026
261	0.0283658	0.0284687
262	0.028332	0.028435
263	0.0282984	0.028402
264	0.0282654	0.028369
265	0.0282327	0.0283365
266	0.0282	0.0283043
267	0.0281681	0.0282726
268	0.0281365	0.0282412
269	0.0281051	0.0282101
270	0.028074	0.0281794
271	0.0280435	0.028149
272	0.0280132	0.0281189
273	0.0279833	0.0280891
274	0.0279535	0.0280598
275	0.0279243	0.0280307
276	0.0278954	0.0280018
277	0.0278666	0.0279734
278	0.0278382	0.0279452
279	0.0278103	0.0279172
280	0.0277824	0.0278897
281	0.0277549	0.0278625
282	0.0277277	0.0278354
283	0.0277009	0.0278088
284	0.0276742	0.0277824
285	0.027648	0.0277562
286	0.027622	0.0277303
287	0.0275962	0.0277047
288	0.0275707	0.0276793
289	0.0275454	0.0276541
290	0.0275205	0.0276293
291	0.0274958	0.0276047
292	0.0274714	0.0275803
293	0.0274471	0.0275562
294	0.0274231	0.0275324
295	0.0273993	0.0275088
296	0.027376	0.0274854
297	0.0273527	0.0274622
298	0.0273296	0.0274393
299	0.0273068	0.0274166
300	0.0272843	0.0273941
301	0.027262	0.0273719
302	0.0272397	0.0273498
303	0.0272179	0.0273279
304	0.0271961	0.0273063
305	0.0271746	0.0272849
306	0.0271533	0.0272638
307	0.0271324	0.0272428
308	0.0271115	0.0272219
309	0.0270909	0.0272013
310	0.0270705	0.0271809
311	0.0270502	0.0271607
312	0.0270301	0.0271407
313	0.0270103	0.0271209
314	0.0269906	0.0271012
315	0.0269709	0.0270817
316	0.0269517	0.0270625
317	0.0269326	0.0270433
318	0.0269136	0.0270245
319	0.0268947	0.0270057
320	0.0268762	0.0269871
321	0.0268577	0.0269687
322	0.0268395	0.0269505
323	0.0268214	0.0269324
324	0.0268034	0.0269145
325	0.0267857	0.0268968
326	0.026768	0.0268789
327	0.0267506	0.0268616
328	0.0267333	0.0268443
329	0.0267162	0.0268271
330	0.0266992	0.0268102
331	0.0266823	0.0267933
332	0.0266657	0.0267765
333	0.0266492	0.02676
334	0.0266327	0.0267438
335	0.0266165	0.0267274
336	0.0266004	0.0267113
337	0.0265845	0.0266953
338	0.0265686	0.0266795
339	0.0265529	0.0266638
340	0.0265373	0.0266482
341	0.026522	0.0266328
342	0.0265066	0.0266174
343	0.0264914	0.0266021
344	0.0264765	0.0265872
345	0.0264614	0.0265722
346	0.0264468	0.0265575
347	0.0264321	0.0265427
348	0.0264176	0.0265282
349	0.0264032	0.0265138
350	0.026389	0.0264996
351	0.0263747	0.0264853
352	0.0263606	0.0264712
353	0.0263468	0.0264572
354	0.0263329	0.0264433
355	0.0263192	0.0264296
356	0.0263056	0.026416
357	0.0262922	0.0264025
358	0.0262788	0.0263891
359	0.0262654	0.0263757
360	0.0262523	0.0263625
361	0.0262392	0.0263495
362	0.0262263	0.0263365
363	0.0262134	0.0263235
364	0.0262007	0.0263108
365	0.0261882	0.0262981
366	0.0261756	0.0262855
367	0.0261632	0.0262729
368	0.0261508	0.0262606
369	0.0261385	0.0262483
370	0.0261264	0.026236
371	0.0261143	0.0262239
372	0.0261023	0.026212
373	0.0260906	0.0262
374	0.0260788	0.0261882
375	0.026067	0.0261764
376	0.0260555	0.0261648
377	0.026044	0.0261532
378	0.0260325	0.0261417
379	0.0260212	0.0261303
380	0.0260101	0.026119
381	0.0259987	0.0261078
382	0.0259877	0.0260967
383	0.0259768	0.0260855
384	0.0259659	0.0260745
385	0.0259549	0.0260638
386	0.0259441	0.0260529
387	0.0259336	0.026042
388	0.025923	0.0260314
389	0.0259125	0.0260208
390	0.0259021	0.0260103
391	0.0258917	0.0259999
392	0.0258814	0.0259896
393	0.025871	0.0259794
394	0.0258609	0.0259691
395	0.025851	0.0259589
396	0.0258409	0.0259489
397	0.025831	0.0259387
398	0.0258211	0.0259288
399	0.0258113	0.0259191
400	0.0258015	0.0259094
401	0.0257919	0.0258995
402	0.0257823	0.0258899
403	0.0257729	0.0258803
404	0.0257635	0.0258707
405	0.0257541	0.0258614
406	0.0257448	0.0258519
407	0.0257355	0.0258427
408	0.0257263	0.0258333
409	0.0257172	0.0258242
410	0.0257083	0.025815
411	0.0256992	0.0258058
412	0.0256903	0.0257969
413	0.0256814	0.0257882
414	0.0256727	0.0257791
415	0.0256638	0.0257702
416	0.0256551	0.0257615
417	0.0256465	0.0257528
418	0.0256379	0.025744
419	0.0256293	0.0257355
420	0.0256209	0.0257269
421	0.0256126	0.0257183
422	0.0256042	0.0257099
423	0.0255958	0.0257016
424	0.0255875	0.0256934
425	0.0255794	0.025685
426	0.0255712	0.0256767
427	0.0255632	0.0256687
428	0.0255551	0.0256605
429	0.0255472	0.0256525
430	0.0255394	0.0256443
431	0.0255314	0.0256364
432	0.0255235	0.0256284
433	0.0255158	0.0256206
434	0.025508	0.0256127
435	0.0255004	0.025605
436	0.0254927	0.0255973
437	0.0254851	0.0255897
438	0.0254776	0.0255821
439	0.0254702	0.0255745
440	0.0254627	0.025567
441	0.0254553	0.0255595
442	0.025448	0.0255521
443	0.0254406	0.0255447
444	0.0254335	0.0255374
445	0.0254263	0.02553
446	0.025419	0.0255227
447	0.025412	0.0255155
448	0.0254048	0.0255083
449	0.0253978	0.0255012
450	0.0253908	0.0254942
451	0.0253838	0.0254872
452	0.0253769	0.0254802
453	0.0253701	0.0254733
454	0.0253632	0.0254664
455	0.0253565	0.0254595
456	0.0253497	0.0254525
457	0.025343	0.0254458
458	0.0253362	0.0254391
459	0.0253296	0.0254323
460	0.0253231	0.0254255
461	0.0253165	0.0254191
462	0.02531	0.0254122
463	0.0253037	0.0254056
464	0.0252972	0.0253992
465	0.0252907	0.0253928
466	0.0252845	0.0253863
467	0.025278	0.0253798
468	0.0252719	0.0253734
469	0.0252656	0.0253671
470	0.0252592	0.0253608
471	0.0252531	0.0253545
472	0.025247	0.0253483
473	0.0252408	0.025342
474	0.0252346	0.0253358
475	0.0252287	0.0253298
476	0.0252227	0.0253236
477	0.0252169	0.0253176
478	0.0252107	0.0253116
479	0.0252048	0.0253056
480	0.0251989	0.0252996
481	0.0251931	0.0252936
482	0.0251873	0.0252877
483	0.0251815	0.0252819
484	0.0251758	0.0252761
485	0.0251701	0.0252703
486	0.0251644	0.0252645
487	0.0251588	0.0252589
488	0.025153	0.025253
489	0.0251474	0.0252473
490	0.0251419	0.0252416
491	0.0251363	0.0252361
492	0.0251308	0.0252305
493	0.0251254	0.0252249
494	0.0251199	0.0252193
495	0.0251146	0.0252139
496	0.0251093	0.0252083
497	0.0251037	0.0252029
498	0.0250984	0.0251975
499	0.0250931	0.0251921
500	0.0250878	0.0251868
501	0.0250825	0.0251813
502	0.0250774	0.0251761
503	0.0250721	0.0251707
504	0.025067	0.0251654
505	0.0250618	0.0251602
506	0.0250568	0.025155
507	0.0250516	0.0251497
508	0.0250465	0.0251446
509	0.0250414	0.0251394
510	0.0250365	0.0251344
511	0.0250315	0.0251293
512	0.0250265	0.0251242
513	0.0250216	0.0251192
514	0.0250167	0.0251142
515	0.0250118	0.0251093
516	0.025007	0.0251042
517	0.0250022	0.0250994
518	0.0249972	0.0250944
