1	0.227939	0.22931
2	0.222127	0.223687
3	0.216759	0.218688
4	0.211975	0.213949
5	0.207443	0.209657
6	0.203337	0.20557
7	0.199426	0.201758
8	0.195766	0.198116
9	0.192266	0.19462
10	0.188905	0.191255
11	0.18567	0.18801
12	0.182549	0.184902
13	0.179566	0.181903
14	0.176693	0.178995
15	0.173907	0.176171
16	0.171198	0.173422
17	0.168563	0.170746
18	0.165994	0.168136
19	0.163488	0.165588
20	0.16104	0.163099
21	0.158647	0.160665
22	0.156305	0.158283
23	0.154011	0.15595
24	0.151764	0.153664
25	0.14956	0.151422
26	0.147397	0.149223
27	0.145273	0.147064
28	0.143186	0.144944
29	0.141135	0.142862
30	0.139119	0.140815
31	0.137136	0.138803
32	0.135184	0.136824
33	0.133264	0.134878
34	0.131373	0.132964
35	0.129512	0.13108
36	0.127679	0.129227
37	0.125873	0.127402
38	0.124094	0.125606
39	0.122342	0.123838
40	0.120616	0.122097
41	0.118915	0.120384
42	0.117239	0.118696
43	0.115588	0.117035
44	0.113961	0.1154
45	0.112359	0.11379
46	0.11078	0.112205
47	0.109225	0.110645
48	0.107694	0.10911
49	0.106185	0.107599
50	0.1047	0.106112
51	0.103238	0.104649
52	0.101799	0.103209
53	0.100382	0.101793
54	0.0989881	0.100401
55	0.0976164	0.0990315
56	0.0962672	0.0976853
57	0.0949403	0.0963618
58	0.0936355	0.0950612
59	0.0923528	0.0937828
60	0.0910919	0.0925269
61	0.0898531	0.0912932
62	0.0886358	0.0900816
63	0.0874401	0.0888917
64	0.0862659	0.0877236
65	0.085113	0.0865769
66	0.0839812	0.0854516
67	0.0828703	0.0843474
68	0.0817803	0.083264
69	0.0807109	0.0822012
70	0.079662	0.0811589
71	0.0786333	0.0801368
72	0.0776247	0.0791349
73	0.0766358	0.0781524
74	0.0756666	0.0771896
75	0.0747167	0.0762461
76	0.073786	0.0753215
77	0.0728742	0.0744157
78	0.071981	0.0735282
79	0.0711061	0.072659
80	0.0702494	0.0718076
81	0.0694105	0.0709739
82	0.0685891	0.0701576
83	0.0677851	0.0693582
84	0.0669981	0.0685756
85	0.0662277	0.0678095
86	0.0654739	0.0670596
87	0.064736	0.0663255
88	0.0640141	0.0656071
89	0.0633078	0.0649038
90	0.0626167	0.0642156
91	0.0619406	0.0635421
92	0.0612791	0.062883
93	0.060632	0.062238
94	0.0599991	0.0616068
95	0.0593798	0.0609892
96	0.0587741	0.0603849
97	0.0581817	0.0597935
98	0.0576021	0.0592147
99	0.0570353	0.0586485
100	0.0564809	0.0580944
101	0.0559386	0.0575522
102	0.055408	0.0570216
103	0.0548891	0.0565024
104	0.0543815	0.0559942
105	0.0538849	0.0554969
106	0.0533992	0.0550103
107	0.052924	0.0545339
108	0.0524592	0.0540677
109	0.0520043	0.0536115
110	0.0515594	0.0531648
111	0.051124	0.0527275
112	0.0506979	0.0522995
113	0.0502811	0.0518805
114	0.0498732	0.0514703
115	0.049474	0.0510687
116	0.0490833	0.0506754
117	0.0487009	0.0502902
118	0.0483266	0.0499131
119	0.0479602	0.0495438
120	0.0476016	0.0491821
121	0.0472505	0.0488278
122	0.0469067	0.0484807
123	0.0465702	0.0481408
124	0.0462405	0.0478076
125	0.0459178	0.0474814
126	0.0456017	0.0471616
127	0.0452921	0.0468483
128	0.0449889	0.0465413
129	0.0446918	0.0462404
130	0.0444008	0.0459455
131	0.0441158	0.0456564
132	0.0438364	0.045373
133	0.0435627	0.0450951
134	0.0432945	0.0448228
135	0.0430316	0.0445557
136	0.042774	0.0442939
137	0.0425214	0.044037
138	0.0422739	0.0437852
139	0.0420312	0.0435381
140	0.0417932	0.0432958
141	0.0415599	0.0430581
142	0.0413311	0.0428249
143	0.0411068	0.0425961
144	0.0408867	0.0423716
145	0.0406709	0.0421513
146	0.0404591	0.041935
147	0.0402515	0.0417228
148	0.0400477	0.0415145
149	0.0398477	0.0413101
150	0.0396516	0.0411094
151	0.0394591	0.0409124
152	0.0392701	0.0407189
153	0.0390847	0.0405289
154	0.0389026	0.0403424
155	0.038724	0.0401591
156	0.0385485	0.0399792
157	0.0383762	0.0398025
158	0.0382072	0.0396288
159	0.0380411	0.0394582
160	0.037878	0.0392907
161	0.0377178	0.039126
162	0.0375605	0.0389643
163	0.037406	0.0388053
164	0.0372542	0.038649
165	0.037105	0.0384955
166	0.0369585	0.0383445
167	0.0368145	0.0381962
168	0.0366731	0.0380503
169	0.036534	0.037907
170	0.0363974	0.0377659
171	0.0362631	0.0376273
172	0.036131	0.0374911
173	0.0360013	0.037357
174	0.0358737	0.0372251
175	0.0357483	0.0370954
176	0.0356249	0.0369679
177	0.0355036	0.0368424
178	0.0353844	0.0367189
179	0.0352671	0.0365975
180	0.0351518	0.036478
181	0.0350383	0.0363604
182	0.0349267	0.0362447
183	0.0348168	0.0361309
184	0.0347088	0.0360188
185	0.0346025	0.0359085
186	0.034498	0.0357999
187	0.034395	0.035693
188	0.0342937	0.0355878
189	0.0341941	0.0354843
190	0.034096	0.0353823
191	0.0339994	0.0352819
192	0.0339044	0.035183
193	0.0338108	0.0350856
194	0.0337187	0.0349897
195	0.0336281	0.0348953
196	0.0335387	0.0348022
197	0.0334508	0.0347106
198	0.0333642	0.0346203
199	0.033279	0.0345314
200	0.033195	0.0344438
201	0.0331123	0.0343575
202	0.0330309	0.0342724
203	0.0329506	0.0341886
204	0.0328716	0.034106
205	0.0327937	0.0340246
206	0.032717	0.0339444
207	0.0326413	0.0338653
208	0.0325669	0.0337874
209	0.0324935	0.0337106
210	0.0324211	0.0336349
211	0.0323499	0.0335602
212	0.0322796	0.0334866
213	0.0322104	0.0334141
214	0.0321421	0.0333425
215	0.0320748	0.033272
216	0.0320084	0.0332024
217	0.031943	0.0331337
218	0.0318786	0.033066
219	0.031815	0.0329993
220	0.0317523	0.0329335
221	0.0316905	0.0328685
222	0.0316295	0.0328044
223	0.0315695	0.0327413
224	0.0315101	0.0326789
225	0.0314517	0.0326174
226	0.031394	0.0325567
227	0.0313371	0.0324968
228	0.031281	0.0324377
229	0.0312256	0.0323794
230	0.031171	0.0323219
231	0.0311171	0.0322651
232	0.0310639	0.032209
233	0.0310115	0.0321537
234	0.0309597	0.0320991
235	0.0309086	0.0320451
236	0.0308582	0.0319919
237	0.0308085	0.0319394
238	0.0307593	0.0318875
239	0.0307108	0.0318363
240	0.030663	0.0317857
241	0.0306157	0.0317358
242	0.0305691	0.0316865
243	0.0305231	0.0316378
244	0.0304776	0.0315897
245	0.0304328	0.0315422
246	0.0303885	0.0314953
247	0.0303447	0.031449
248	0.0303015	0.0314032
249	0.0302589	0.031358
250	0.0302168	0.0313134
251	0.0301751	0.0312693
252	0.030134	0.0312257
253	0.0300935	0.0311826
254	0.0300534	0.0311401
255	0.0300138	0.0310981
256	0.0299747	0.0310565
257	0.029936	0.0310155
258	0.0298978	0.030975
259	0.0298601	0.0309349
260	0.0298229	0.0308952
261	0.0297861	0.0308561
262	0.0297497	0.0308174
263	0.0297137	0.0307792
264	0.0296782	0.0307413
265	0.0296431	0.030704
266	0.0296084	0.0306671
267	0.0295741	0.0306305
268	0.0295402	0.0305944
269	0.0295067	0.0305587
270	0.0294736	0.0305235
271	0.0294409	0.0304885
272	0.0294085	0.030454
273	0.0293765	0.0304199
274	0.0293449	0.0303861
275	0.0293136	0.0303528
276	0.0292828	0.0303198
277	0.0292522	0.0302872
278	0.029222	0.0302549
279	0.0291921	0.0302229
280	0.0291626	0.0301914
281	0.0291333	0.0301601
282	0.0291045	0.0301292
283	0.0290759	0.0300987
284	0.0290476	0.0300684
285	0.0290197	0.0300385
286	0.028992	0.0300089
287	0.0289647	0.0299796
288	0.0289376	0.0299506
289	0.0289109	0.029922
290	0.0288844	0.0298936
291	0.0288582	0.0298655
292	0.0288323	0.0298377
293	0.0288066	0.0298102
294	0.0287813	0.029783
295	0.0287562	0.0297561
296	0.0287313	0.0297294
297	0.0287068	0.029703
298	0.0286825	0.0296769
299	0.0286584	0.0296511
300	0.0286346	0.0296255
301	0.028611	0.0296002
302	0.0285877	0.0295751
303	0.0285646	0.0295502
304	0.0285418	0.0295257
305	0.0285191	0.0295013
306	0.0284967	0.0294772
307	0.0284746	0.0294534
308	0.0284526	0.0294297
309	0.0284309	0.0294064
310	0.0284094	0.0293832
311	0.0283881	0.0293603
312	0.028367	0.0293375
313	0.0283462	0.029315
314	0.0283255	0.0292927
315	0.028305	0.0292707
316	0.0282848	0.0292488
317	0.0282647	0.0292271
318	0.0282448	0.0292057
319	0.0282251	0.0291844
320	0.0282057	0.0291634
321	0.0281863	0.0291426
322	0.0281672	0.0291219
323	0.0281483	0.0291014
324	0.0281295	0.0290812
325	0.028111	0.0290611
326	0.0280926	0.0290412
327	0.0280743	0.0290215
328	0.0280562	0.0290019
329	0.0280383	0.0289826
330	0.0280206	0.0289634
331	0.0280031	0.0289444
332	0.0279857	0.0289255
333	0.0279684	0.0289068
334	0.0279513	0.0288883
335	0.0279344	0.02887
336	0.0279176	0.0288518
337	0.027901	0.0288338
338	0.0278845	0.0288159
339	0.0278682	0.0287982
340	0.027852	0.0287806
341	0.027836	0.0287632
342	0.0278201	0.028746
343	0.0278043	0.0287289
344	0.0277887	0.0287119
345	0.0277732	0.0286951
346	0.0277578	0.0286784
347	0.0277427	0.0286619
348	0.0277276	0.0286456
349	0.0277126	0.0286293
350	0.0276978	0.0286132
351	0.0276831	0.0285972
352	0.0276685	0.0285814
353	0.0276541	0.0285656
354	0.0276398	0.0285501
355	0.0276256	0.0285346
356	0.0276115	0.0285193
357	0.0275975	0.0285041
358	0.0275837	0.028489
359	0.02757	0.0284741
360	0.0275564	0.0284592
361	0.0275428	0.0284445
362	0.0275294	0.0284299
363	0.0275161	0.0284154
364	0.027503	0.0284011
365	0.0274899	0.0283868
366	0.0274769	0.0283727
367	0.0274641	0.0283587
368	0.0274513	0.0283447
369	0.0274386	0.0283309
370	0.0274261	0.0283172
371	0.0274136	0.0283036
372	0.0274013	0.0282902
373	0.027389	0.0282768
374	0.0273769	0.0282635
375	0.0273648	0.0282503
376	0.0273528	0.0282372
377	0.0273409	0.0282243
378	0.0273291	0.0282114
379	0.0273174	0.0281986
380	0.0273058	0.0281859
381	0.0272943	0.0281733
382	0.0272829	0.0281608
383	0.0272715	0.0281484
384	0.0272603	0.0281361
385	0.0272491	0.0281238
386	0.027238	0.0281117
387	0.027227	0.0280996
388	0.0272161	0.0280877
389	0.0272052	0.0280758
390	0.0271944	0.028064
391	0.0271837	0.0280523
392	0.0271731	0.0280407
393	0.0271626	0.0280291
394	0.0271521	0.0280177
395	0.0271417	0.0280063
396	0.0271314	0.027995
397	0.0271212	0.0279838
398	0.0271111	0.0279727
399	0.0271009	0.0279616
400	0.0270909	0.0279506
401	0.027081	0.0279397
402	0.0270711	0.0279289
403	0.0270613	0.0279181
404	0.0270515	0.0279074
405	0.0270419	0.0278968
406	0.0270322	0.0278862
407	0.0270227	0.0278758
408	0.0270132	0.0278654
409	0.0270038	0.027855
410	0.0269945	0.0278447
411	0.0269852	0.0278346
412	0.026976	0.0278244
413	0.0269668	0.0278144
414	0.0269577	0.0278043
415	0.0269487	0.0277944
416	0.0269397	0.0277846
417	0.0269308	0.0277748
418	0.0269219	0.0277651
419	0.0269131	0.0277553
420	0.0269043	0.0277457
421	0.0268956	0.0277362
422	0.026887	0.0277267
423	0.0268784	0.0277173
424	0.0268699	0.0277079
425	0.0268614	0.0276985
426	0.026853	0.0276893
427	0.0268446	0.0276801
428	0.0268363	0.0276709
429	0.026828	0.0276619
430	0.0268198	0.0276528
431	0.0268117	0.0276438
432	0.0268035	0.0276349
433	0.0267955	0.027626
434	0.0267874	0.0276172
435	0.0267795	0.0276084
436	0.0267716	0.0275997
437	0.0267637	0.0275911
438	0.0267559	0.0275825
439	0.0267481	0.0275739
440	0.0267404	0.0275654
441	0.0267327	0.0275569
442	0.0267251	0.0275485
443	0.0267174	0.0275402
444	0.0267099	0.0275318
445	0.0267024	0.0275236
446	0.0266949	0.0275153
447	0.0266876	0.0275072
448	0.0266801	0.027499
449	0.0266728	0.0274909
450	0.0266656	0.0274829
451	0.0266583	0.027475
452	0.0266511	0.027467
453	0.0266439	0.0274591
454	0.0266368	0.0274512
455	0.0266297	0.0274434
456	0.0266226	0.0274356
457	0.0266156	0.0274279
458	0.0266086	0.0274202
459	0.0266017	0.0274126
460	0.0265948	0.027405
461	0.026588	0.0273974
462	0.0265811	0.0273899
463	0.0265743	0.0273824
464	0.0265675	0.0273749
465	0.0265608	0.0273675
466	0.0265541	0.0273602
467	0.0265475	0.0273528
468	0.0265409	0.0273456
469	0.0265343	0.0273383
470	0.0265277	0.0273311
471	0.0265212	0.0273239
472	0.0265148	0.0273167
473	0.0265083	0.0273096
474	0.0265019	0.0273026
475	0.0264955	0.0272955
476	0.0264892	0.0272886
477	0.0264828	0.0272816
478	0.0264766	0.0272746
479	0.0264703	0.0272677
480	0.0264641	0.0272609
481	0.0264579	0.027254
482	0.0264517	0.0272473
483	0.0264456	0.0272405
484	0.0264395	0.0272337
485	0.0264334	0.0272271
486	0.0264274	0.0272204
487	0.0264213	0.0272137
488	0.0264154	0.0272071
489	0.0264094	0.0272006
490	0.0264034	0.027194
491	0.0263976	0.0271875
492	0.0263916	0.027181
493	0.0263858	0.0271746
494	0.02638	0.0271681
495	0.0263742	0.0271617
496	0.0263684	0.0271554
497	0.0263627	0.0271491
498	0.0263569	0.0271427
499	0.0263513	0.0271365
500	0.0263456	0.0271302
501	0.0263399	0.027124
502	0.0263343	0.0271178
503	0.0263287	0.0271116
504	0.0263232	0.0271055
505	0.0263176	0.0270994
506	0.0263121	0.0270933
507	0.0263066	0.0270872
508	0.0263011	0.0270812
509	0.0262957	0.0270752
510	0.0262902	0.0270692
511	0.0262848	0.0270632
512	0.0262794	0.0270573
513	0.0262741	0.0270514
514	0.0262687	0.0270455
515	0.0262634	0.0270396
516	0.0262581	0.0270338
517	0.0262529	0.027028
518	0.0262476	0.0270222
519	0.0262423	0.0270164
520	0.0262371	0.0270107
521	0.0262319	0.027005
522	0.0262268	0.0269993
523	0.0262216	0.0269936
524	0.0262165	0.0269879
525	0.0262114	0.0269823
526	0.0262063	0.0269767
527	0.0262012	0.0269711
528	0.0261962	0.0269656
529	0.0261911	0.02696
530	0.0261861	0.0269545
531	0.0261811	0.026949
532	0.0261762	0.0269435
533	0.0261712	0.0269381
534	0.0261662	0.0269326
535	0.0261613	0.0269272
536	0.0261564	0.0269218
537	0.0261516	0.0269165
538	0.0261467	0.0269111
539	0.0261418	0.0269058
540	0.026137	0.0269004
541	0.0261322	0.0268952
542	0.0261274	0.0268899
543	0.0261226	0.0268846
544	0.0261178	0.0268794
545	0.0261131	0.0268742
546	0.0261084	0.026869
547	0.0261036	0.0268638
548	0.0260989	0.0268586
549	0.0260943	0.0268535
550	0.0260896	0.0268484
551	0.026085	0.0268432
552	0.0260803	0.0268381
553	0.0260757	0.026833
554	0.0260711	0.026828
555	0.0260665	0.026823
556	0.0260619	0.0268179
557	0.0260574	0.0268129
558	0.0260528	0.0268079
559	0.0260483	0.026803
560	0.0260438	0.026798
561	0.0260393	0.0267931
562	0.0260348	0.0267882
563	0.0260303	0.0267832
564	0.0260258	0.0267783
565	0.0260214	0.0267734
566	0.026017	0.0267686
567	0.0260126	0.0267637
568	0.0260081	0.0267589
569	0.0260038	0.0267541
570	0.0259994	0.0267493
571	0.025995	0.0267445
572	0.0259907	0.0267397
573	0.0259863	0.026735
574	0.025982	0.0267302
575	0.0259777	0.0267255
576	0.0259734	0.0267208
577	0.0259691	0.0267161
578	0.0259648	0.0267114
579	0.0259605	0.0267068
580	0.0259563	0.0267021
581	0.0259521	0.0266975
582	0.0259478	0.0266928
583	0.0259436	0.0266882
584	0.0259394	0.0266836
585	0.0259352	0.026679
586	0.0259311	0.0266744
587	0.0259269	0.0266699
588	0.0259227	0.0266653
589	0.0259186	0.0266608
590	0.0259145	0.0266563
591	0.0259104	0.0266518
592	0.0259062	0.0266473
593	0.0259021	0.0266428
594	0.025898	0.0266383
595	0.0258939	0.0266338
596	0.0258899	0.0266294
597	0.0258858	0.026625
598	0.0258818	0.0266206
599	0.0258777	0.0266161
600	0.0258737	0.0266117
601	0.0258697	0.0266074
602	0.0258657	0.026603
603	0.0258617	0.0265986
604	0.0258577	0.0265942
605	0.0258537	0.0265899
606	0.0258498	0.0265856
607	0.0258458	0.0265812
608	0.0258419	0.026577
609	0.0258379	0.0265727
610	0.025834	0.0265684
611	0.0258301	0.0265641
612	0.0258262	0.0265598
613	0.0258223	0.0265556
614	0.0258183	0.0265513
615	0.0258145	0.0265471
616	0.0258106	0.0265429
617	0.0258067	0.0265387
618	0.0258029	0.0265344
619	0.025799	0.0265302
620	0.0257952	0.0265261
621	0.0257914	0.0265219
622	0.0257875	0.0265177
623	0.0257837	0.0265136
624	0.0257799	0.0265094
625	0.0257761	0.0265053
626	0.0257723	0.0265012
627	0.0257685	0.0264971
628	0.0257648	0.026493
629	0.025761	0.0264889
630	0.0257573	0.0264848
631	0.0257535	0.0264807
632	0.0257498	0.0264767
633	0.0257461	0.0264726
634	0.0257423	0.0264686
635	0.0257386	0.0264645
636	0.0257349	0.0264605
637	0.0257312	0.0264565
638	0.0257275	0.0264524
639	0.0257238	0.0264484
640	0.0257201	0.0264444
641	0.0257164	0.0264405
642	0.0257128	0.0264365
643	0.0257091	0.0264325
644	0.0257055	0.0264285
645	0.0257018	0.0264246
646	0.0256982	0.0264207
647	0.0256946	0.0264167
648	0.0256909	0.0264128
649	0.0256873	0.0264089
650	0.0256837	0.026405
651	0.0256801	0.026401
652	0.0256765	0.0263971
653	0.0256729	0.0263932
654	0.0256693	0.0263894
655	0.0256658	0.0263855
656	0.0256622	0.0263816
657	0.0256586	0.0263778
658	0.0256551	0.0263739
659	0.0256516	0.0263701
660	0.025648	0.0263662
661	0.0256445	0.0263624
662	0.0256409	0.0263586
663	0.0256374	0.0263548
664	0.0256339	0.026351
665	0.0256304	0.0263472
666	0.0256269	0.0263434
667	0.0256234	0.0263396
668	0.0256199	0.0263358
669	0.0256164	0.0263321
670	0.0256129	0.0263283
671	0.0256094	0.0263245
672	0.0256059	0.0263208
673	0.0256025	0.026317
674	0.025599	0.0263133
675	0.0255956	0.0263096
676	0.0255921	0.0263059
677	0.0255887	0.0263022
678	0.0255852	0.0262984
679	0.0255818	0.0262947
680	0.0255784	0.026291
681	0.0255749	0.0262873
682	0.0255715	0.0262837
683	0.0255681	0.02628
684	0.0255647	0.0262763
685	0.0255613	0.0262727
686	0.0255579	0.026269
687	0.0255545	0.0262653
688	0.0255511	0.0262617
689	0.0255478	0.026258
690	0.0255444	0.0262544
691	0.025541	0.0262508
692	0.0255377	0.0262471
693	0.0255343	0.0262435
694	0.0255309	0.0262399
695	0.0255276	0.0262363
696	0.0255242	0.0262327
697	0.0255209	0.0262291
698	0.0255175	0.0262255
699	0.0255142	0.0262219
700	0.0255109	0.0262184
701	0.0255076	0.0262148
702	0.0255042	0.0262112
703	0.0255009	0.0262076
704	0.0254976	0.0262041
705	0.0254943	0.0262006
706	0.025491	0.026197
707	0.0254877	0.0261935
708	0.0254844	0.0261899
709	0.0254811	0.0261864
710	0.0254779	0.0261829
711	0.0254746	0.0261794
712	0.0254713	0.0261758
713	0.025468	0.0261723
714	0.0254647	0.0261688
715	0.0254615	0.0261653
716	0.0254582	0.0261618
717	0.025455	0.0261584
718	0.0254517	0.0261549
719	0.0254485	0.0261514
720	0.0254452	0.0261479
721	0.025442	0.0261445
722	0.0254388	0.026141
723	0.0254355	0.0261375
724	0.0254323	0.0261341
725	0.0254291	0.0261306
726	0.0254259	0.0261272
727	0.0254227	0.0261237
728	0.0254194	0.0261203
729	0.0254162	0.0261168
730	0.025413	0.0261134
731	0.0254098	0.02611
732	0.0254066	0.0261066
733	0.0254034	0.0261032
734	0.0254002	0.0260998
735	0.0253971	0.0260964
736	0.0253939	0.026093
737	0.0253907	0.0260896
738	0.0253875	0.0260862
739	0.0253843	0.0260828
740	0.0253812	0.0260794
741	0.025378	0.026076
742	0.0253749	0.0260726
743	0.0253717	0.0260693
744	0.0253686	0.0260659
745	0.0253654	0.0260625
746	0.0253622	0.0260592
747	0.0253591	0.0260558
748	0.0253559	0.0260525
749	0.0253528	0.0260491
750	0.0253497	0.0260458
751	0.0253466	0.0260425
752	0.0253434	0.0260391
753	0.0253403	0.0260358
754	0.0253372	0.0260324
755	0.025334	0.0260291
756	0.0253309	0.0260258
757	0.0253278	0.0260225
758	0.0253247	0.0260192
759	0.0253216	0.0260159
760	0.0253185	0.0260126
761	0.0253154	0.0260093
762	0.0253123	0.026006
763	0.0253092	0.0260027
764	0.0253061	0.0259994
765	0.025303	0.0259961
766	0.0253	0.0259928
767	0.0252969	0.0259896
768	0.0252938	0.0259863
769	0.0252907	0.025983
770	0.0252876	0.0259798
771	0.0252846	0.0259765
772	0.0252815	0.0259732
773	0.0252784	0.02597
774	0.0252753	0.0259667
775	0.0252723	0.0259635
776	0.0252692	0.0259602
777	0.0252662	0.025957
778	0.0252631	0.0259537
779	0.0252601	0.0259505
780	0.025257	0.0259473
781	0.025254	0.025944
782	0.0252509	0.0259408
783	0.0252479	0.0259376
784	0.0252449	0.0259344
785	0.0252418	0.0259311
786	0.0252388	0.0259279
787	0.0252358	0.0259247
788	0.0252327	0.0259215
789	0.0252297	0.0259183
790	0.0252267	0.0259151
791	0.0252237	0.0259119
792	0.0252207	0.0259087
793	0.0252176	0.0259055
794	0.0252146	0.0259024
795	0.0252116	0.0258992
796	0.0252086	0.025896
797	0.0252056	0.0258928
798	0.0252026	0.0258896
799	0.0251996	0.0258864
800	0.0251966	0.0258833
801	0.0251936	0.0258801
802	0.0251906	0.0258769
803	0.0251877	0.0258738
804	0.0251846	0.0258706
805	0.0251816	0.0258675
806	0.0251787	0.0258643
807	0.0251757	0.0258611
808	0.0251727	0.025858
809	0.0251697	0.0258548
810	0.0251668	0.0258517
811	0.0251638	0.0258485
812	0.0251608	0.0258454
813	0.0251579	0.0258423
814	0.0251549	0.0258391
815	0.0251519	0.025836
816	0.025149	0.0258329
817	0.025146	0.0258298
818	0.0251431	0.0258267
819	0.0251401	0.0258236
820	0.0251371	0.0258205
821	0.0251342	0.0258173
822	0.0251312	0.0258142
823	0.0251283	0.0258111
824	0.0251253	0.025808
825	0.0251224	0.0258049
826	0.0251194	0.0258018
827	0.0251165	0.0257987
828	0.0251136	0.0257956
829	0.0251106	0.0257925
830	0.0251077	0.0257894
831	0.0251048	0.0257863
832	0.0251019	0.0257832
833	0.0250989	0.0257801
834	0.025096	0.0257771
835	0.0250931	0.025774
836	0.0250901	0.0257709
837	0.0250872	0.0257678
838	0.0250843	0.0257648
839	0.0250814	0.0257617
840	0.0250785	0.0257586
841	0.0250756	0.0257556
842	0.0250726	0.0257525
843	0.0250697	0.0257495
844	0.0250668	0.0257464
845	0.0250639	0.0257433
846	0.025061	0.0257403
847	0.0250581	0.0257372
848	0.0250552	0.0257342
849	0.0250523	0.0257311
850	0.0250494	0.0257281
851	0.0250465	0.0257251
852	0.0250436	0.025722
853	0.0250408	0.025719
854	0.0250379	0.025716
855	0.025035	0.0257129
856	0.0250321	0.0257099
857	0.0250292	0.0257069
858	0.0250263	0.0257039
859	0.0250234	0.0257008
860	0.0250206	0.0256978
861	0.0250177	0.0256948
862	0.0250148	0.0256918
863	0.0250119	0.0256887
864	0.0250091	0.0256858
865	0.0250062	0.0256827
866	0.0250033	0.0256797
867	0.0250004	0.0256767
868	0.0249976	0.0256737
