1	0.32709	0.315041
2	0.315036	0.303365
3	0.303354	0.292109
4	0.292098	0.281288
5	0.281276	0.270869
6	0.270859	0.260847
7	0.260838	0.251248
8	0.251238	0.242047
9	0.242038	0.23324
10	0.233239	0.224846
11	0.224845	0.216845
12	0.216843	0.209227
13	0.209228	0.201991
14	0.201988	0.195121
15	0.195119	0.188607
16	0.188602	0.18244
17	0.182437	0.176602
18	0.176597	0.171091
19	0.171086	0.165884
20	0.165881	0.160992
21	0.160988	0.156384
22	0.156382	0.15205
23	0.152046	0.147968
24	0.147961	0.144114
25	0.14411	0.140465
26	0.140461	0.137012
27	0.13701	0.133732
28	0.13373	0.130613
29	0.130611	0.127642
30	0.127641	0.124807
31	0.124804	0.122101
32	0.122098	0.119515
33	0.119514	0.117044
34	0.117041	0.114676
35	0.114676	0.112406
36	0.112406	0.110229
37	0.110228	0.108141
38	0.108138	0.106135
39	0.106133	0.104208
40	0.104207	0.102355
41	0.102354	0.100574
42	0.100572	0.0988608
43	0.0988593	0.0972117
44	0.0972086	0.0956227
45	0.0956211	0.0940948
46	0.0940925	0.092623
47	0.0926195	0.0912043
48	0.0912022	0.0898367
49	0.0898344	0.0885188
50	0.0885158	0.087248
51	0.0872461	0.0860213
52	0.0860197	0.084839
53	0.0848363	0.0836975
54	0.0836937	0.0825952
55	0.0825925	0.0815309
56	0.0815266	0.0805034
57	0.0805009	0.0795104
58	0.0795056	0.0785501
59	0.0785457	0.0776236
60	0.0776205	0.0767287
61	0.0767252	0.0758632
62	0.075858	0.0750258
63	0.0750214	0.0742159
64	0.0742109	0.0734316
65	0.0734272	0.0726737
66	0.0726699	0.0719405
67	0.0719364	0.0712304
68	0.0712265	0.0705441
69	0.0705399	0.0698777
70	0.0698747	0.0692327
71	0.0692284	0.0686079
72	0.0686046	0.0680033
73	0.0679988	0.0674156
74	0.0674123	0.0668493
75	0.0668445	0.0662977
76	0.0662934	0.0657628
77	0.0657601	0.0652443
78	0.0652404	0.0647416
79	0.0647383	0.0642525
80	0.064249	0.0637786
81	0.0637754	0.0633188
82	0.0633153	0.0628713
83	0.0628685	0.0624375
84	0.0624346	0.0620153
85	0.062012	0.0616052
86	0.0616025	0.0612073
87	0.0612052	0.0608202
88	0.0608175	0.0604435
89	0.0604411	0.0600779
90	0.0600748	0.0597218
91	0.0597185	0.0593747
92	0.0593716	0.0590379
93	0.0590351	0.0587091
94	0.0587057	0.0583898
95	0.0583873	0.0580781
96	0.058076	0.0577754
97	0.0577732	0.0574807
98	0.0574786	0.0571932
99	0.0571909	0.0569135
100	0.056911	0.056641
101	0.0566378	0.0563743
102	0.0563717	0.0561145
103	0.0561117	0.0558615
104	0.0558591	0.0556145
105	0.0556122	0.055373
106	0.0553715	0.0551382
107	0.0551366	0.0549092
108	0.0549072	0.0546852
109	0.0546826	0.0544665
110	0.0544649	0.054253
111	0.0542512	0.0540445
112	0.0540424	0.0538411
113	0.0538384	0.0536421
114	0.0536402	0.0534482
115	0.0534462	0.0532577
116	0.0532562	0.0530723
117	0.0530706	0.0528911
118	0.0528886	0.0527131
119	0.0527115	0.0525399
120	0.0525378	0.0523706
121	0.0523679	0.0522046
122	0.0522022	0.0520423
123	0.0520397	0.0518832
124	0.0518809	0.0517274
125	0.0517251	0.051575
126	0.0515733	0.0514261
127	0.0514231	0.0512798
128	0.0512781	0.0511375
129	0.0511344	0.0509977
130	0.0509947	0.0508599
131	0.0508575	0.0507256
132	0.0507229	0.0505944
133	0.0505915	0.0504654
134	0.0504623	0.0503388
135	0.0503361	0.0502151
136	0.0502124	0.0500936
137	0.0500918	0.0499744
138	0.0499719	0.0498575
139	0.0498542	0.0497429
140	0.0497399	0.0496303
141	0.0496276	0.0495203
142	0.0495176	0.0494125
143	0.0494092	0.0493059
144	0.0493028	0.0492022
145	0.0491993	0.0490994
146	0.0490957	0.0489992
147	0.048996	0.0489009
148	0.0488973	0.0488038
149	0.0488007	0.0487092
150	0.0487053	0.0486155
151	0.0486129	0.0485242
152	0.048521	0.0484343
153	0.0484302	0.0483456
154	0.0483424	0.0482593
155	0.0482557	0.0481737
156	0.0481701	0.0480895
157	0.0480863	0.0480067
158	0.0480043	0.047926
159	0.0479234	0.0478467
160	0.0478436	0.0477688
161	0.0477661	0.047692
162	0.0476881	0.0476165
163	0.0476124	0.0475413
164	0.0475384	0.0474683
165	0.0474649	0.0473965
166	0.0473933	0.0473254
167	0.0473223	0.047256
168	0.0472526	0.0471875
169	0.0471841	0.0471202
170	0.0471168	0.047054
171	0.0470504	0.0469887
172	0.046985	0.0469241
173	0.0469204	0.046861
174	0.0468579	0.046799
175	0.0467956	0.0467377
176	0.0467345	0.0466769
177	0.0466736	0.0466178
178	0.0466148	0.0465592
179	0.0465565	0.0465017
180	0.0464977	0.0464448
181	0.0464411	0.0463895
182	0.0463851	0.046334
183	0.0463306	0.0462802
184	0.046276	0.0462268
185	0.0462226	0.046174
186	0.0461701	0.0461223
187	0.0461187	0.0460707
188	0.0460674	0.0460202
189	0.0460167	0.0459707
190	0.0459674	0.045922
191	0.0459189	0.0458735
192	0.0458704	0.0458258
193	0.0458228	0.0457792
194	0.0457761	0.0457332
195	0.0457295	0.0456878
196	0.0456843	0.0456428
197	0.0456389	0.0455985
198	0.0455949	0.0455544
199	0.0455508	0.0455109
200	0.0455074	0.0454686
201	0.0454654	0.0454273
202	0.0454239	0.0453855
203	0.0453822	0.0453446
204	0.0453416	0.0453042
205	0.0453009	0.0452646
206	0.045261	0.0452254
207	0.0452223	0.0451867
208	0.0451832	0.0451486
209	0.0451445	0.0451107
210	0.0451065	0.0450731
211	0.0450696	0.0450363
212	0.0450331	0.0450004
213	0.0449971	0.0449649
214	0.0449611	0.0449293
215	0.0449255	0.0448943
216	0.0448903	0.0448597
217	0.0448561	0.0448258
218	0.0448222	0.044792
219	0.0447881	0.0447591
220	0.0447548	0.0447258
221	0.0447216	0.0446937
222	0.0446897	0.0446616
223	0.0446577	0.0446301
224	0.0446265	0.0445984
225	0.044594	0.0445675
226	0.0445631	0.044537
227	0.044533	0.0445069
228	0.0445028	0.044477
229	0.0444727	0.0444477
230	0.0444436	0.0444187
231	0.0444138	0.0443898
232	0.0443851	0.0443613
233	0.044357	0.0443332
234	0.0443293	0.0443057
235	0.0443013	0.0442784
236	0.0442732	0.0442512
237	0.0442468	0.0442241
238	0.0442194	0.0441976
239	0.0441934	0.0441713
240	0.0441663	0.0441454
241	0.0441407	0.0441197
242	0.0441151	0.0440941
243	0.0440897	0.0440692
244	0.0440639	0.0440444
245	0.0440397	0.0440197
246	0.0440152	0.0439953
247	0.0439908	0.0439715
248	0.043967	0.0439477
249	0.0439436	0.0439239
250	0.0439197	0.0439007
251	0.0438969	0.0438776
252	0.0438739	0.0438547
253	0.0438514	0.0438319
254	0.0438287	0.0438098
255	0.043806	0.043788
256	0.0437839	0.043766
257	0.0437617	0.0437445
258	0.0437402	0.043723
259	0.0437188	0.0437022
260	0.043698	0.0436815
261	0.0436771	0.0436609
262	0.0436562	0.0436402
263	0.0436356	0.0436196
264	0.0436154	0.0435995
265	0.0435943	0.043579
266	0.0435751	0.0435595
267	0.0435549	0.0435399
268	0.0435353	0.0435206
269	0.0435162	0.0435011
270	0.0434973	0.0434824
271	0.0434781	0.0434637
272	0.0434593	0.0434452
273	0.0434408	0.0434268
274	0.0434225	0.0434084
275	0.0434037	0.0433904
276	0.0433863	0.0433728
277	0.0433689	0.0433551
278	0.0433509	0.0433375
279	0.0433329	0.0433198
280	0.0433159	0.0433029
281	0.0432987	0.0432858
282	0.0432816	0.0432688
283	0.0432651	0.043252
284	0.0432474	0.0432355
285	0.0432308	0.0432189
286	0.0432145	0.0432026
287	0.0431982	0.0431863
288	0.0431825	0.0431699
289	0.0431663	0.043154
290	0.0431504	0.0431379
291	0.0431346	0.0431223
292	0.0431189	0.0431069
293	0.0431036	0.0430916
294	0.0430881	0.0430768
295	0.0430732	0.0430618
296	0.043058	0.0430469
297	0.043043	0.0430319
298	0.0430275	0.0430171
299	0.0430129	0.0430025
300	0.0429982	0.0429881
301	0.042984	0.0429736
302	0.0429692	0.0429596
303	0.0429552	0.0429458
304	0.0429411	0.0429317
305	0.0429275	0.042918
306	0.0429137	0.0429043
307	0.0429005	0.0428905
308	0.042886	0.0428769
309	0.0428726	0.0428633
310	0.0428585	0.04285
311	0.0428457	0.0428366
312	0.0428329	0.0428238
313	0.0428199	0.0428105
314	0.0428064	0.0427977
315	0.042794	0.0427848
316	0.0427813	0.0427722
317	0.0427687	0.0427597
318	0.0427557	0.0427474
319	0.0427433	0.042735
320	0.0427309	0.0427229
321	0.0427189	0.0427108
322	0.0427068	0.0426989
323	0.0426945	0.0426868
324	0.0426821	0.0426749
325	0.0426704	0.0426632
326	0.0426583	0.0426515
327	0.0426466	0.0426398
328	0.0426354	0.0426282
329	0.0426234	0.0426167
330	0.0426126	0.0426053
331	0.0426009	0.0425941
332	0.0425904	0.0425828
333	0.0425789	0.0425716
334	0.0425675	0.0425605
335	0.0425568	0.0425496
336	0.0425458	0.042539
337	0.0425348	0.0425284
338	0.0425242	0.0425174
339	0.0425132	0.0425068
340	0.0425026	0.0424964
341	0.0424917	0.042486
342	0.0424816	0.0424755
343	0.0424708	0.042465
344	0.0424608	0.0424548
345	0.0424509	0.0424448
346	0.0424403	0.0424345
347	0.0424301	0.0424246
348	0.0424201	0.0424146
349	0.0424105	0.0424048
350	0.0424	0.042395
351	0.042391	0.0423852
352	0.0423805	0.0423757
353	0.0423711	0.0423662
354	0.0423616	0.0423563
355	0.042352	0.0423466
356	0.0423421	0.0423372
357	0.0423328	0.0423278
358	0.0423235	0.0423183
359	0.0423145	0.0423091
360	0.0423059	0.0423
361	0.0422958	0.0422909
362	0.0422864	0.0422816
363	0.0422776	0.0422726
364	0.042269	0.0422638
365	0.04226	0.0422548
366	0.0422517	0.0422458
367	0.0422422	0.0422371
368	0.0422339	0.0422282
369	0.042225	0.0422197
370	0.0422164	0.0422109
371	0.0422073	0.0422025
372	0.0421988	0.0421941
373	0.0421908	0.0421858
374	0.0421827	0.0421773
375	0.0421737	0.0421691
376	0.042165	0.0421609
377	0.0421574	0.0421524
378	0.0421492	0.0421445
379	0.0421408	0.0421362
380	0.0421323	0.0421284
381	0.0421245	0.0421204
382	0.0421168	0.0421122
383	0.0421085	0.0421043
384	0.0421003	0.0420964
385	0.042093	0.0420887
386	0.0420851	0.0420811
387	0.0420763	0.0420735
388	0.0420693	0.0420657
389	0.0420613	0.0420581
390	0.0420538	0.0420504
391	0.0420463	0.042043
392	0.0420393	0.0420354
393	0.0420311	0.042028
394	0.0420238	0.0420207
395	0.0420162	0.0420133
396	0.0420091	0.0420061
397	0.0420017	0.0419988
398	0.0419944	0.0419914
399	0.0419869	0.0419842
400	0.0419803	0.0419771
401	0.0419729	0.04197
402	0.0419661	0.0419629
403	0.041959	0.0419556
404	0.0419519	0.0419485
405	0.0419451	0.0419417
406	0.0419375	0.0419347
407	0.0419311	0.0419278
408	0.0419238	0.041921
409	0.0419175	0.0419141
410	0.0419105	0.0419074
411	0.041904	0.0419006
412	0.0418968	0.0418938
413	0.0418898	0.0418872
414	0.0418842	0.0418808
415	0.041877	0.0418742
416	0.0418706	0.0418678
417	0.0418644	0.0418613
418	0.0418576	0.0418544
419	0.0418506	0.0418479
420	0.0418446	0.0418416
421	0.0418382	0.0418354
422	0.0418318	0.041829
423	0.0418253	0.0418229
424	0.0418192	0.0418167
425	0.0418137	0.0418102
426	0.0418067	0.0418043
427	0.0418006	0.041798
428	0.0417945	0.0417918
429	0.0417887	0.0417858
430	0.0417826	0.0417797
431	0.0417771	0.0417738
432	0.0417706	0.041768
433	0.0417646	0.0417621
434	0.0417585	0.0417561
435	0.0417525	0.0417503
436	0.0417469	0.0417445
437	0.0417414	0.0417388
438	0.0417351	0.041733
439	0.0417291	0.0417271
440	0.0417231	0.0417214
441	0.0417174	0.0417157
442	0.0417117	0.0417098
443	0.0417057	0.0417043
444	0.0417006	0.0416985
445	0.041695	0.041693
446	0.0416891	0.0416874
447	0.0416844	0.0416819
448	0.0416784	0.0416765
449	0.0416724	0.0416711
450	0.0416677	0.0416655
451	0.0416613	0.0416601
452	0.0416569	0.0416547
453	0.0416511	0.0416494
454	0.0416455	0.0416441
455	0.0416406	0.0416389
456	0.0416348	0.0416333
457	0.0416297	0.041628
458	0.0416247	0.0416228
459	0.0416192	0.0416175
460	0.0416142	0.0416123
461	0.041609	0.041607
462	0.041604	0.0416016
463	0.0415987	0.0415963
464	0.0415931	0.0415915
465	0.0415886	0.0415861
466	0.0415835	0.041581
467	0.0415781	0.0415761
468	0.0415734	0.0415712
469	0.0415691	0.0415663
470	0.041564	0.0415615
471	0.0415582	0.0415566
472	0.0415534	0.0415516
473	0.0415488	0.0415469
474	0.0415432	0.0415423
475	0.0415393	0.0415374
476	0.0415344	0.0415325
477	0.0415294	0.0415277
478	0.0415246	0.0415232
479	0.0415201	0.0415183
480	0.0415158	0.0415136
481	0.0415104	0.041509
482	0.0415061	0.0415042
483	0.041501	0.0414997
484	0.0414964	0.041495
485	0.0414914	0.0414903
486	0.0414869	0.0414857
487	0.0414823	0.0414811
488	0.0414779	0.0414765
489	0.0414736	0.0414719
490	0.0414689	0.0414675
491	0.0414642	0.0414632
492	0.0414605	0.0414588
493	0.0414553	0.0414544
494	0.0414512	0.0414501
495	0.0414463	0.0414457
496	0.0414427	0.0414412
497	0.0414383	0.041437
498	0.0414338	0.0414326
499	0.0414293	0.0414281
500	0.0414253	0.0414239
501	0.0414207	0.0414195
502	0.0414165	0.0414154
503	0.0414121	0.0414111
504	0.0414078	0.0414068
505	0.0414036	0.0414024
506	0.0414	0.0413982
507	0.041395	0.0413942
508	0.0413909	0.0413901
509	0.0413873	0.041386
510	0.0413825	0.0413818
511	0.0413789	0.0413779
512	0.0413753	0.0413738
513	0.0413705	0.0413697
514	0.0413662	0.0413657
515	0.0413624	0.0413616
516	0.0413587	0.0413577
517	0.0413543	0.0413538
518	0.0413504	0.0413499
519	0.0413467	0.041346
520	0.0413424	0.0413421
521	0.0413387	0.0413382
522	0.041335	0.0413343
523	0.0413308	0.0413305
524	0.0413273	0.0413267
525	0.0413229	0.0413227
526	0.0413194	0.0413189
527	0.0413156	0.041315
528	0.0413118	0.0413112
529	0.0413081	0.0413075
530	0.0413044	0.0413037
531	0.0413009	0.0413
532	0.0412966	0.0412962
533	0.0412926	0.0412924
534	0.0412892	0.0412888
535	0.0412853	0.0412853
536	0.0412816	0.0412817
537	0.0412787	0.0412778
538	0.0412743	0.041274
539	0.041271	0.0412704
540	0.0412673	0.0412669
541	0.0412629	0.0412633
542	0.0412598	0.0412599
543	0.0412569	0.0412564
544	0.0412531	0.0412528
545	0.0412494	0.0412493
546	0.0412462	0.0412459
547	0.0412423	0.0412424
548	0.0412388	0.041239
549	0.0412358	0.0412353
550	0.0412323	0.0412318
551	0.0412287	0.0412284
552	0.0412253	0.0412251
553	0.0412215	0.0412218
554	0.0412187	0.0412184
555	0.0412158	0.0412152
556	0.0412123	0.0412118
557	0.0412088	0.0412084
558	0.0412054	0.0412051
559	0.0412019	0.0412018
560	0.0411984	0.0411984
561	0.0411958	0.0411951
562	0.041192	0.0411919
563	0.0411885	0.0411886
564	0.0411853	0.0411854
565	0.041182	0.0411821
566	0.0411795	0.0411788
567	0.0411758	0.0411754
568	0.0411727	0.0411722
569	0.0411697	0.0411688
570	0.0411664	0.0411656
571	0.041163	0.0411624
572	0.0411596	0.0411593
573	0.0411571	0.0411562
574	0.0411539	0.0411532
575	0.0411507	0.0411501
576	0.0411479	0.0411472
577	0.0411448	0.0411441
578	0.0411418	0.0411409
579	0.0411382	0.041138
580	0.0411359	0.0411347
581	0.0411319	0.0411317
582	0.0411291	0.0411287
583	0.0411263	0.0411255
584	0.0411229	0.0411225
585	0.0411201	0.0411195
586	0.041117	0.0411166
587	0.0411139	0.0411137
588	0.041111	0.0411107
589	0.041108	0.0411078
590	0.0411047	0.0411046
591	0.0411019	0.0411015
592	0.041099	0.0410987
593	0.0410962	0.0410958
594	0.0410937	0.0410927
595	0.0410906	0.0410899
596	0.0410881	0.0410871
597	0.041085	0.0410844
598	0.0410818	0.0410818
599	0.0410792	0.0410787
600	0.0410763	0.0410758
601	0.0410731	0.041073
602	0.0410705	0.0410704
603	0.0410677	0.0410676
604	0.0410651	0.0410649
605	0.0410623	0.0410621
606	0.0410595	0.0410594
607	0.0410568	0.0410567
608	0.0410539	0.0410539
609	0.0410513	0.0410512
610	0.0410488	0.0410485
611	0.0410463	0.0410458
612	0.0410431	0.0410431
613	0.0410408	0.0410403
614	0.0410384	0.0410374
615	0.0410353	0.041035
616	0.0410322	0.0410324
617	0.0410301	0.0410298
618	0.0410267	0.0410271
619	0.0410241	0.0410245
620	0.0410214	0.041022
621	0.0410186	0.0410195
622	0.0410157	0.0410171
623	0.0410136	0.0410145
624	0.0410114	0.0410119
625	0.0410092	0.0410095
626	0.041006	0.041007
627	0.0410037	0.0410043
628	0.0410005	0.0410018
629	0.0409987	0.0409993
630	0.040996	0.0409969
631	0.0409935	0.0409943
632	0.0409907	0.0409919
633	0.0409884	0.0409894
634	0.040986	0.040987
635	0.0409836	0.0409845
636	0.0409817	0.040982
637	0.0409784	0.0409796
638	0.0409762	0.0409771
639	0.0409737	0.0409746
640	0.0409713	0.0409722
641	0.0409691	0.0409697
642	0.0409669	0.0409673
643	0.0409636	0.0409648
644	0.040962	0.0409622
645	0.0409588	0.0409598
646	0.0409562	0.0409575
647	0.040954	0.0409552
648	0.0409521	0.0409527
649	0.0409496	0.0409505
650	0.0409473	0.0409481
651	0.0409451	0.0409458
652	0.0409428	0.0409437
653	0.0409403	0.0409413
654	0.0409375	0.0409391
655	0.0409356	0.0409366
656	0.040933	0.0409343
657	0.0409315	0.0409319
658	0.0409288	0.0409295
659	0.0409266	0.0409272
660	0.0409241	0.0409249
661	0.0409222	0.0409225
662	0.0409194	0.0409203
663	0.0409174	0.0409181
664	0.0409146	0.0409159
665	0.0409131	0.0409135
666	0.0409111	0.0409112
667	0.0409088	0.040909
668	0.0409063	0.0409069
669	0.0409041	0.0409047
670	0.0409021	0.0409026
671	0.0408996	0.0409005
672	0.0408979	0.0408984
673	0.0408954	0.0408964
674	0.0408932	0.0408943
675	0.0408913	0.0408922
676	0.0408891	0.04089
677	0.0408873	0.0408878
678	0.0408847	0.0408858
679	0.0408827	0.0408835
680	0.0408806	0.0408814
681	0.0408784	0.0408792
682	0.0408756	0.0408772
683	0.0408736	0.0408749
684	0.0408718	0.0408728
685	0.0408695	0.0408707
686	0.0408675	0.0408686
687	0.0408655	0.0408665
688	0.0408636	0.0408644
689	0.0408619	0.0408623
690	0.0408592	0.0408602
691	0.0408578	0.0408581
692	0.0408552	0.0408561
693	0.0408536	0.0408541
694	0.0408513	0.040852
695	0.0408493	0.0408499
696	0.0408473	0.0408479
697	0.0408448	0.0408458
698	0.0408439	0.040844
699	0.0408407	0.0408421
700	0.0408397	0.0408401
701	0.0408376	0.0408381
702	0.0408358	0.0408362
703	0.0408334	0.0408342
704	0.0408317	0.0408323
705	0.04083	0.0408305
706	0.0408277	0.0408284
707	0.0408257	0.0408265
708	0.0408239	0.0408244
709	0.0408219	0.0408225
710	0.04082	0.0408206
711	0.0408179	0.0408187
712	0.040816	0.0408167
713	0.0408144	0.0408148
714	0.0408121	0.0408128
715	0.0408107	0.0408111
716	0.0408086	0.0408092
717	0.0408063	0.0408072
718	0.0408043	0.0408054
719	0.0408028	0.0408035
720	0.0408006	0.0408015
721	0.040799	0.0407996
722	0.0407974	0.0407978
723	0.0407958	0.0407958
724	0.0407938	0.040794
725	0.0407913	0.0407921
726	0.0407894	0.0407904
727	0.0407877	0.0407887
728	0.0407864	0.0407869
729	0.0407843	0.0407852
730	0.0407823	0.0407833
731	0.0407806	0.0407816
732	0.0407792	0.0407797
733	0.0407771	0.040778
734	0.0407754	0.040776
735	0.0407741	0.0407742
736	0.0407712	0.0407724
737	0.0407701	0.0407705
738	0.0407679	0.0407688
739	0.0407661	0.0407671
740	0.0407647	0.0407656
741	0.0407631	0.0407639
742	0.0407612	0.0407621
743	0.0407588	0.0407604
744	0.0407577	0.0407588
745	0.040756	0.0407571
746	0.0407533	0.0407554
747	0.0407525	0.0407536
748	0.0407509	0.0407519
749	0.0407485	0.0407502
750	0.0407473	0.0407485
751	0.0407456	0.0407468
752	0.040744	0.0407451
753	0.0407418	0.0407434
754	0.0407408	0.0407417
755	0.0407386	0.0407399
756	0.0407371	0.0407383
757	0.0407356	0.0407366
758	0.0407341	0.040735
759	0.0407318	0.0407333
760	0.0407302	0.0407318
761	0.0407287	0.0407302
762	0.0407268	0.0407287
763	0.0407258	0.0407271
764	0.0407238	0.0407254
765	0.0407219	0.0407237
766	0.0407204	0.040722
767	0.0407189	0.0407204
768	0.0407176	0.0407187
769	0.0407166	0.0407171
770	0.0407144	0.0407156
771	0.0407122	0.0407141
772	0.0407112	0.0407125
773	0.0407097	0.0407108
774	0.0407074	0.0407091
775	0.0407064	0.0407076
776	0.0407047	0.040706
777	0.0407031	0.0407045
778	0.040701	0.040703
779	0.0406995	0.0407014
780	0.0406987	0.0406998
781	0.0406961	0.0406982
782	0.0406947	0.0406966
783	0.0406933	0.040695
784	0.0406913	0.0406935
785	0.04069	0.0406919
786	0.0406887	0.0406904
787	0.0406876	0.0406889
788	0.0406858	0.0406874
789	0.0406846	0.0406859
790	0.0406827	0.0406844
791	0.0406814	0.0406829
792	0.0406793	0.0406813
793	0.0406784	0.0406799
794	0.0406769	0.0406783
795	0.0406754	0.0406769
796	0.0406734	0.0406753
797	0.0406727	0.0406737
798	0.0406708	0.0406721
799	0.0406691	0.0406708
800	0.0406678	0.0406693
801	0.0406668	0.0406679
802	0.0406646	0.0406664
803	0.0406636	0.040665
804	0.0406619	0.0406635
805	0.0406605	0.040662
806	0.040659	0.0406605
807	0.0406577	0.040659
808	0.0406563	0.0406577
809	0.0406544	0.0406562
810	0.0406532	0.0406548
811	0.040652	0.0406533
812	0.0406509	0.0406519
813	0.0406484	0.0406504
814	0.040647	0.0406489
815	0.040646	0.0406475
816	0.0406438	0.0406461
817	0.0406431	0.0406448
818	0.0406421	0.0406433
819	0.04064	0.0406418
820	0.040639	0.0406404
821	0.040637	0.0406391
822	0.0406357	0.0406377
823	0.0406348	0.0406364
824	0.0406335	0.0406351
825	0.0406322	0.0406337
826	0.0406302	0.0406323
827	0.0406294	0.0406308
828	0.0406276	0.0406295
829	0.0406269	0.0406279
830	0.0406251	0.0406266
831	0.0406235	0.0406252
832	0.0406222	0.0406238
833	0.040621	0.0406225
834	0.0406197	0.0406213
835	0.0406185	0.0406199
836	0.0406165	0.0406186
837	0.0406148	0.0406174
838	0.0406143	0.040616
839	0.0406124	0.0406147
840	0.0406114	0.0406135
841	0.0406096	0.0406121
842	0.0406085	0.0406107
843	0.0406072	0.0406093
844	0.0406057	0.0406079
845	0.0406046	0.0406066
846	0.0406032	0.0406053
847	0.0406019	0.0406038
848	0.0406007	0.0406025
849	0.0405994	0.0406011
850	0.0405986	0.0405997
851	0.0405969	0.0405983
852	0.0405954	0.0405971
853	0.0405945	0.0405959
854	0.040593	0.0405946
855	0.0405921	0.0405933
856	0.0405906	0.040592
857	0.0405897	0.0405907
858	0.0405874	0.0405894
859	0.0405868	0.0405881
860	0.0405855	0.0405868
861	0.0405836	0.0405856
862	0.0405825	0.0405843
863	0.0405809	0.0405831
864	0.0405807	0.0405817
865	0.040579	0.0405805
866	0.0405777	0.0405793
867	0.0405762	0.0405781
868	0.0405753	0.0405767
869	0.0405739	0.0405756
870	0.0405726	0.0405742
871	0.0405715	0.0405729
872	0.0405697	0.0405716
873	0.0405686	0.0405704
874	0.0405679	0.0405691
875	0.040566	0.0405678
876	0.0405646	0.0405666
877	0.0405639	0.0405654
878	0.0405625	0.0405642
879	0.0405607	0.040563
880	0.0405599	0.0405618
881	0.040559	0.0405606
882	0.0405581	0.0405595
883	0.040556	0.0405581
884	0.0405553	0.0405569
885	0.0405545	0.0405557
886	0.0405534	0.0405545
887	0.0405514	0.0405533
888	0.0405507	0.0405521
889	0.0405497	0.0405509
890	0.0405479	0.0405497
891	0.0405475	0.0405486
892	0.0405455	0.0405473
893	0.0405449	0.0405462
894	0.0405433	0.0405449
895	0.0405421	0.0405438
896	0.0405413	0.0405428
897	0.0405401	0.0405416
898	0.0405388	0.0405405
899	0.0405376	0.0405392
900	0.0405367	0.040538
901	0.0405351	0.0405367
902	0.0405338	0.0405356
903	0.0405322	0.0405344
904	0.0405318	0.0405331
905	0.0405307	0.0405321
906	0.0405296	0.0405309
907	0.0405285	0.0405297
908	0.0405272	0.0405285
909	0.0405258	0.0405274
910	0.0405244	0.0405263
911	0.0405245	0.0405253
912	0.0405226	0.0405241
913	0.0405213	0.040523
914	0.0405204	0.0405219
915	0.0405191	0.0405207
916	0.0405177	0.0405196
917	0.0405168	0.0405185
918	0.0405156	0.0405173
919	0.0405146	0.0405162
920	0.040514	0.0405151
921	0.0405124	0.040514
922	0.0405109	0.0405128
923	0.0405106	0.0405118
924	0.0405095	0.0405107
925	0.0405081	0.0405095
926	0.0405066	0.0405083
927	0.0405054	0.0405072
928	0.0405048	0.0405061
929	0.0405037	0.0405051
930	0.040503	0.0405039
931	0.0405013	0.0405028
932	0.0405003	0.0405017
933	0.0404993	0.0405006
934	0.0404976	0.0404994
935	0.0404972	0.0404983
936	0.0404959	0.0404972
937	0.0404944	0.0404961
938	0.0404936	0.040495
939	0.0404922	0.0404939
940	0.0404911	0.0404929
941	0.0404895	0.0404918
942	0.0404892	0.0404907
943	0.0404879	0.0404895
944	0.0404864	0.0404885
945	0.0404858	0.0404874
946	0.0404841	0.0404864
947	0.0404835	0.0404854
948	0.0404825	0.0404843
949	0.0404821	0.0404831
950	0.0404803	0.040482
951	0.0404794	0.0404809
952	0.0404779	0.0404798
953	0.0404766	0.0404788
954	0.0404767	0.0404777
955	0.0404754	0.0404767
956	0.0404748	0.0404756
957	0.0404735	0.0404746
958	0.0404723	0.0404737
959	0.0404711	0.0404727
960	0.0404696	0.0404716
961	0.0404687	0.0404705
962	0.0404682	0.0404694
963	0.040467	0.0404685
964	0.0404654	0.0404673
965	0.0404648	0.0404663
966	0.0404632	0.0404654
967	0.0404631	0.0404643
968	0.0404618	0.0404633
969	0.0404608	0.0404623
970	0.0404599	0.0404613
971	0.0404588	0.0404603
972	0.0404575	0.0404593
973	0.0404562	0.0404583
974	0.0404554	0.0404571
975	0.0404541	0.0404561
976	0.0404531	0.0404551
977	0.0404521	0.0404541
978	0.0404514	0.040453
979	0.0404503	0.0404519
980	0.040449	0.0404509
981	0.0404479	0.0404499
982	0.040447	0.0404489
983	0.0404461	0.0404478
984	0.0404447	0.0404468
985	0.040444	0.0404457
986	0.0404428	0.0404447
987	0.040442	0.0404437
988	0.0404406	0.0404427
989	0.0404401	0.0404417
990	0.0404386	0.0404407
991	0.0404378	0.0404397
992	0.040437	0.0404386
993	0.0404363	0.0404376
994	0.0404348	0.0404367
995	0.0404342	0.0404356
996	0.0404334	0.0404346
997	0.0404318	0.0404336
998	0.0404305	0.0404326
999	0.0404298	0.0404316
1000	0.0404289	0.0404306
1001	0.040428	0.0404296
1002	0.0404273	0.0404287
1003	0.0404261	0.0404277
1004	0.040425	0.0404267
1005	0.0404235	0.0404257
1006	0.0404229	0.0404248
1007	0.0404222	0.0404238
1008	0.0404206	0.0404227
1009	0.04042	0.0404217
1010	0.0404189	0.0404208
1011	0.040419	0.0404198
1012	0.040417	0.0404189
1013	0.0404162	0.0404178
1014	0.0404153	0.0404168
1015	0.0404141	0.0404158
1016	0.0404133	0.040415
1017	0.040412	0.040414
1018	0.0404112	0.0404131
1019	0.0404105	0.0404121
1020	0.0404097	0.0404112
1021	0.0404082	0.0404102
1022	0.0404073	0.0404092
1023	0.0404068	0.0404083
1024	0.0404058	0.0404073
1025	0.0404043	0.0404063
1026	0.040404	0.0404054
1027	0.040403	0.0404043
1028	0.0404022	0.0404033
1029	0.0404009	0.0404025
1030	0.0403999	0.0404015
1031	0.0403988	0.0404005
1032	0.0403985	0.0403994
1033	0.0403974	0.0403985
1034	0.0403956	0.0403975
1035	0.0403953	0.0403966
1036	0.0403944	0.0403957
1037	0.040393	0.0403947
1038	0.0403922	0.0403938
1039	0.0403913	0.0403929
1040	0.0403904	0.040392
1041	0.0403896	0.0403912
1042	0.0403887	0.0403902
1043	0.040388	0.0403893
1044	0.0403871	0.0403884
1045	0.0403859	0.0403874
1046	0.0403851	0.0403865
1047	0.0403842	0.0403857
1048	0.040383	0.0403847
1049	0.0403822	0.0403839
1050	0.040381	0.040383
1051	0.0403803	0.0403821
1052	0.0403799	0.0403812
1053	0.040379	0.0403803
1054	0.0403775	0.0403794
1055	0.0403766	0.0403784
1056	0.0403758	0.0403775
1057	0.0403747	0.0403766
1058	0.0403741	0.0403757
1059	0.0403731	0.0403747
1060	0.0403719	0.0403738
1061	0.0403713	0.0403729
1062	0.0403709	0.0403721
1063	0.0403696	0.0403712
1064	0.040369	0.0403703
1065	0.0403675	0.0403694
1066	0.0403673	0.0403686
1067	0.040366	0.0403678
1068	0.0403656	0.0403669
1069	0.0403639	0.040366
1070	0.0403637	0.0403651
1071	0.0403626	0.0403642
1072	0.0403618	0.0403634
1073	0.0403607	0.0403625
1074	0.0403597	0.0403616
1075	0.0403593	0.0403606
1076	0.040358	0.0403597
1077	0.0403566	0.0403589
1078	0.0403559	0.040358
1079	0.0403556	0.0403572
1080	0.0403547	0.0403562
1081	0.0403535	0.0403554
1082	0.0403531	0.0403546
1083	0.040352	0.0403537
1084	0.0403512	0.0403529
1085	0.0403505	0.040352
1086	0.0403493	0.0403511
1087	0.0403484	0.0403503
1088	0.0403476	0.0403494
1089	0.0403465	0.0403485
1090	0.0403461	0.0403476
1091	0.0403452	0.0403467
1092	0.0403435	0.0403459
1093	0.040343	0.040345
1094	0.0403422	0.0403441
1095	0.0403412	0.0403433
1096	0.0403411	0.0403424
1097	0.0403389	0.0403415
1098	0.0403387	0.0403406
1099	0.0403379	0.0403397
1100	0.040337	0.0403389
1101	0.0403363	0.0403379
1102	0.0403351	0.0403371
1103	0.0403347	0.0403362
1104	0.0403334	0.0403353
1105	0.0403322	0.0403345
1106	0.040332	0.0403336
1107	0.0403307	0.0403326
1108	0.0403302	0.0403318
1109	0.0403286	0.040331
1110	0.0403283	0.0403301
1111	0.0403278	0.0403292
1112	0.040327	0.0403284
1113	0.0403256	0.0403274
1114	0.0403245	0.0403266
1115	0.0403241	0.0403258
1116	0.0403228	0.0403249
1117	0.0403225	0.0403241
1118	0.0403217	0.0403232
1119	0.0403214	0.0403225
1120	0.0403199	0.0403217
1121	0.0403189	0.0403209
1122	0.0403179	0.0403202
1123	0.0403176	0.0403193
1124	0.0403165	0.0403186
1125	0.0403154	0.0403177
1126	0.0403147	0.0403169
1127	0.0403134	0.0403159
1128	0.0403128	0.0403151
1129	0.0403118	0.0403143
1130	0.0403111	0.0403136
1131	0.0403105	0.0403128
1132	0.0403097	0.0403119
1133	0.0403093	0.040311
1134	0.0403079	0.0403101
1135	0.0403074	0.0403092
1136	0.0403069	0.0403083
1137	0.0403053	0.0403075
1138	0.0403045	0.0403066
1139	0.0403041	0.0403058
1140	0.0403033	0.0403049
1141	0.0403022	0.040304
1142	0.040301	0.0403033
1143	0.0403007	0.0403024
1144	0.0403004	0.0403015
1145	0.040299	0.0403007
1146	0.0402984	0.0402998
1147	0.0402969	0.040299
1148	0.040296	0.0402982
1149	0.0402953	0.0402974
1150	0.0402946	0.0402965
1151	0.0402934	0.0402956
1152	0.0402931	0.0402949
1153	0.0402922	0.040294
1154	0.0402914	0.0402932
1155	0.0402905	0.0402925
1156	0.0402899	0.0402917
1157	0.040289	0.0402909
1158	0.0402882	0.0402901
1159	0.0402874	0.0402893
1160	0.0402865	0.0402885
1161	0.0402857	0.0402877
1162	0.0402855	0.040287
1163	0.0402849	0.0402861
1164	0.0402834	0.0402853
1165	0.0402824	0.0402844
1166	0.0402817	0.0402836
1167	0.0402806	0.0402828
1168	0.0402799	0.040282
1169	0.0402795	0.0402811
1170	0.0402785	0.0402803
1171	0.040278	0.0402796
1172	0.0402772	0.0402789
1173	0.0402762	0.0402781
1174	0.0402753	0.0402772
1175	0.0402748	0.0402764
1176	0.0402741	0.0402756
1177	0.0402731	0.0402748
1178	0.0402723	0.040274
1179	0.0402715	0.0402732
1180	0.0402704	0.0402724
1181	0.0402694	0.0402716
1182	0.0402691	0.0402708
1183	0.0402683	0.04027
1184	0.0402677	0.0402692
1185	0.0402667	0.0402685
1186	0.0402657	0.0402676
1187	0.0402656	0.0402669
1188	0.0402645	0.0402661
1189	0.0402633	0.0402654
1190	0.0402624	0.0402646
1191	0.0402624	0.0402639
1192	0.0402615	0.0402632
1193	0.0402605	0.0402624
1194	0.0402596	0.0402617
1195	0.0402591	0.0402609
1196	0.0402579	0.0402601
1197	0.0402575	0.0402593
1198	0.0402564	0.0402584
1199	0.0402556	0.0402577
1200	0.0402546	0.0402569
1201	0.0402537	0.0402562
1202	0.0402532	0.0402554
1203	0.0402524	0.0402546
1204	0.0402519	0.0402539
1205	0.0402507	0.0402531
1206	0.0402493	0.0402523
1207	0.0402491	0.0402516
1208	0.040249	0.0402508
1209	0.0402481	0.0402501
1210	0.0402468	0.0402493
1211	0.040247	0.0402485
1212	0.0402459	0.0402477
1213	0.0402443	0.040247
1214	0.0402445	0.0402462
1215	0.0402435	0.0402454
1216	0.0402426	0.0402447
1217	0.0402414	0.0402439
1218	0.040241	0.0402432
1219	0.0402407	0.0402424
1220	0.0402397	0.0402417
1221	0.0402389	0.040241
1222	0.0402381	0.0402401
1223	0.0402373	0.0402394
1224	0.0402364	0.0402386
1225	0.0402357	0.0402379
1226	0.0402352	0.0402371
1227	0.0402341	0.0402363
1228	0.0402331	0.0402355
1229	0.0402324	0.0402348
1230	0.0402319	0.040234
1231	0.0402308	0.0402332
1232	0.0402301	0.0402324
1233	0.0402294	0.0402317
1234	0.0402287	0.0402309
1235	0.0402279	0.0402302
1236	0.0402273	0.0402294
1237	0.0402259	0.0402286
1238	0.0402261	0.0402279
1239	0.040225	0.0402271
1240	0.0402245	0.0402264
1241	0.0402238	0.0402256
1242	0.0402226	0.0402249
1243	0.0402219	0.0402242
1244	0.0402208	0.0402234
1245	0.0402208	0.0402227
1246	0.0402196	0.0402219
1247	0.0402196	0.0402212
1248	0.0402182	0.0402203
1249	0.0402171	0.0402196
1250	0.0402166	0.0402188
1251	0.0402162	0.0402181
1252	0.040215	0.0402173
1253	0.0402148	0.0402166
1254	0.0402135	0.0402158
1255	0.0402127	0.040215
1256	0.0402125	0.0402142
1257	0.0402118	0.0402134
1258	0.040211	0.0402127
1259	0.0402099	0.040212
1260	0.0402093	0.0402112
1261	0.0402083	0.0402104
1262	0.0402077	0.0402098
1263	0.0402067	0.0402091
1264	0.0402062	0.0402083
1265	0.0402055	0.0402076
1266	0.0402054	0.0402068
1267	0.0402042	0.0402061
1268	0.0402032	0.0402054
1269	0.0402029	0.0402047
1270	0.0402017	0.0402038
1271	0.0402009	0.0402031
1272	0.0402007	0.0402024
1273	0.0401996	0.0402017
1274	0.0401992	0.040201
1275	0.0401977	0.0402002
1276	0.0401971	0.0401995
1277	0.0401969	0.0401988
1278	0.0401956	0.0401981
1279	0.0401954	0.0401973
1280	0.0401948	0.0401966
1281	0.0401938	0.0401959
1282	0.0401935	0.0401951
1283	0.0401926	0.0401943
1284	0.040192	0.0401936
1285	0.0401908	0.0401928
1286	0.0401907	0.0401921
1287	0.0401895	0.0401913
1288	0.0401885	0.0401906
1289	0.0401884	0.0401899
1290	0.0401872	0.0401891
1291	0.0401863	0.0401884
1292	0.0401858	0.0401876
1293	0.0401851	0.0401869
1294	0.0401844	0.0401862
1295	0.0401836	0.0401855
1296	0.0401829	0.0401847
1297	0.0401826	0.040184
1298	0.0401813	0.0401833
1299	0.0401811	0.0401825
1300	0.0401804	0.0401818
1301	0.0401793	0.0401811
1302	0.0401785	0.0401803
1303	0.0401777	0.0401796
1304	0.0401771	0.0401789
1305	0.0401764	0.0401782
1306	0.0401755	0.0401774
1307	0.0401741	0.0401767
1308	0.0401741	0.040176
1309	0.0401737	0.0401753
1310	0.0401731	0.0401745
1311	0.0401729	0.0401738
1312	0.0401716	0.040173
1313	0.0401707	0.0401723
1314	0.04017	0.0401716
1315	0.0401692	0.0401709
1316	0.0401683	0.0401702
1317	0.0401682	0.0401695
1318	0.0401671	0.0401688
1319	0.0401665	0.040168
1320	0.0401659	0.0401673
1321	0.0401645	0.0401666
1322	0.0401643	0.0401659
1323	0.0401634	0.0401652
1324	0.0401624	0.0401645
1325	0.0401622	0.0401638
1326	0.0401607	0.0401632
1327	0.0401603	0.0401625
1328	0.0401605	0.0401618
1329	0.0401596	0.0401611
1330	0.0401583	0.0401604
1331	0.040158	0.0401597
1332	0.0401575	0.0401591
1333	0.0401562	0.0401584
1334	0.0401557	0.0401578
1335	0.0401547	0.0401571
1336	0.0401546	0.0401563
1337	0.0401536	0.0401556
1338	0.0401527	0.0401549
1339	0.0401523	0.0401542
1340	0.0401517	0.0401534
1341	0.0401512	0.0401528
1342	0.0401503	0.0401521
1343	0.0401497	0.0401514
1344	0.0401488	0.0401507
1345	0.0401483	0.0401501
1346	0.0401473	0.0401493
1347	0.0401464	0.0401486
1348	0.0401458	0.0401479
1349	0.0401458	0.0401472
1350	0.0401454	0.0401465
1351	0.0401444	0.0401458
1352	0.0401433	0.0401451
1353	0.0401427	0.0401444
1354	0.0401417	0.0401438
1355	0.0401415	0.0401431
1356	0.0401406	0.0401424
1357	0.0401397	0.0401418
1358	0.0401392	0.040141
1359	0.0401386	0.0401404
1360	0.0401381	0.0401397
1361	0.0401372	0.040139
1362	0.0401359	0.0401384
1363	0.0401359	0.0401377
1364	0.0401352	0.040137
1365	0.0401342	0.0401362
1366	0.040133	0.0401356
1367	0.0401329	0.0401349
1368	0.0401318	0.0401342
1369	0.0401315	0.0401336
1370	0.0401309	0.0401329
1371	0.0401298	0.0401322
1372	0.0401291	0.0401315
1373	0.0401279	0.0401308
1374	0.0401281	0.0401301
1375	0.0401273	0.0401294
1376	0.0401265	0.0401288
1377	0.0401254	0.0401281
1378	0.0401252	0.0401275
1379	0.040125	0.0401269
1380	0.0401242	0.0401262
1381	0.0401236	0.0401255
1382	0.0401227	0.0401249
1383	0.0401222	0.0401242
1384	0.0401214	0.0401235
1385	0.0401202	0.0401228
1386	0.0401199	0.0401222
1387	0.0401191	0.0401215
1388	0.0401186	0.0401209
1389	0.0401174	0.0401202
1390	0.0401173	0.0401195
1391	0.0401163	0.0401188
1392	0.0401162	0.0401182
1393	0.0401149	0.0401176
1394	0.0401148	0.0401169
1395	0.0401139	0.0401162
1396	0.0401125	0.0401155
1397	0.0401123	0.0401148
1398	0.0401122	0.0401142
1399	0.0401112	0.0401135
1400	0.0401103	0.0401129
1401	0.0401099	0.0401122
1402	0.0401089	0.0401115
1403	0.0401084	0.0401108
1404	0.0401076	0.0401102
1405	0.040107	0.0401095
1406	0.0401063	0.0401088
1407	0.0401056	0.0401081
1408	0.0401045	0.0401074
1409	0.0401041	0.0401067
1410	0.0401032	0.0401061
1411	0.0401032	0.0401054
1412	0.0401022	0.0401048
1413	0.0401018	0.0401041
1414	0.0401007	0.0401034
1415	0.0401003	0.0401027
1416	0.0400996	0.040102
1417	0.0400993	0.0401013
1418	0.0400982	0.0401006
1419	0.0400977	0.0401
1420	0.0400967	0.0400993
1421	0.0400961	0.0400986
1422	0.0400957	0.0400979
1423	0.0400948	0.0400972
1424	0.0400947	0.0400966
1425	0.0400936	0.040096
1426	0.0400927	0.0400953
1427	0.0400927	0.0400946
1428	0.0400916	0.0400938
1429	0.0400912	0.0400932
1430	0.0400903	0.0400925
1431	0.04009	0.0400919
1432	0.0400891	0.0400912
1433	0.040088	0.0400905
1434	0.0400876	0.0400898
1435	0.040087	0.0400892
1436	0.0400865	0.0400886
1437	0.0400856	0.0400878
1438	0.0400845	0.0400871
1439	0.0400842	0.0400865
1440	0.040084	0.0400859
1441	0.0400828	0.0400852
1442	0.0400826	0.0400845
1443	0.0400817	0.0400838
1444	0.0400811	0.0400831
1445	0.0400808	0.0400825
1446	0.0400797	0.0400818
1447	0.0400789	0.0400811
1448	0.0400787	0.0400804
1449	0.0400777	0.0400798
1450	0.0400772	0.040079
1451	0.0400761	0.0400784
1452	0.0400755	0.0400777
1453	0.0400751	0.040077
1454	0.0400744	0.0400764
1455	0.0400739	0.0400757
1456	0.040073	0.040075
1457	0.0400725	0.0400744
1458	0.0400719	0.0400738
1459	0.040071	0.0400732
1460	0.0400707	0.0400725
1461	0.0400703	0.0400718
1462	0.0400693	0.0400712
1463	0.0400688	0.0400705
1464	0.0400675	0.0400698
1465	0.0400677	0.0400692
1466	0.040067	0.0400685
1467	0.0400662	0.0400679
1468	0.0400653	0.0400673
1469	0.0400643	0.0400666
1470	0.0400641	0.0400659
1471	0.0400632	0.0400653
1472	0.0400626	0.0400647
1473	0.0400622	0.040064
1474	0.0400615	0.0400633
1475	0.040061	0.0400627
1476	0.0400606	0.040062
1477	0.0400593	0.0400614
1478	0.0400596	0.0400608
1479	0.0400587	0.0400602
1480	0.0400573	0.0400596
1481	0.0400569	0.0400589
1482	0.0400564	0.0400583
1483	0.040056	0.0400577
1484	0.0400556	0.040057
1485	0.0400548	0.0400564
1486	0.0400541	0.0400558
1487	0.0400537	0.0400551
1488	0.0400533	0.0400546
1489	0.0400522	0.0400539
1490	0.0400513	0.0400533
1491	0.0400506	0.0400527
1492	0.0400502	0.0400521
1493	0.0400498	0.0400515
1494	0.040049	0.0400509
1495	0.040048	0.0400502
1496	0.0400478	0.0400496
1497	0.040047	0.040049
1498	0.0400463	0.0400484
1499	0.0400457	0.0400478
1500	0.0400452	0.0400473
1501	0.0400446	0.0400466
1502	0.0400445	0.040046
1503	0.0400434	0.0400454
1504	0.0400431	0.0400447
1505	0.0400419	0.0400441
1506	0.0400416	0.0400435
1507	0.0400407	0.0400429
1508	0.0400403	0.0400423
1509	0.0400397	0.0400416
1510	0.0400389	0.040041
1511	0.0400381	0.0400403
1512	0.0400374	0.0400396
1513	0.040037	0.040039
1514	0.0400368	0.0400384
1515	0.0400355	0.0400378
1516	0.0400347	0.0400372
1517	0.0400343	0.0400365
1518	0.0400336	0.0400358
1519	0.0400339	0.0400352
1520	0.0400328	0.0400346
1521	0.040032	0.040034
1522	0.0400317	0.0400334
1523	0.0400309	0.0400327
1524	0.0400306	0.0400321
1525	0.0400291	0.0400314
1526	0.0400291	0.0400308
1527	0.0400282	0.0400302
1528	0.0400283	0.0400295
1529	0.0400272	0.0400289
1530	0.0400263	0.0400283
1531	0.0400254	0.0400276
1532	0.0400256	0.040027
1533	0.0400246	0.0400264
1534	0.0400242	0.0400259
1535	0.0400241	0.0400253
1536	0.0400225	0.0400246
1537	0.0400222	0.040024
1538	0.0400216	0.0400234
1539	0.0400207	0.0400228
1540	0.0400207	0.0400222
1541	0.0400195	0.0400216
1542	0.0400189	0.040021
1543	0.0400183	0.0400203
1544	0.0400176	0.0400197
1545	0.0400176	0.0400191
1546	0.0400169	0.0400185
1547	0.0400157	0.0400178
1548	0.0400155	0.0400173
1549	0.0400146	0.0400166
1550	0.0400144	0.040016
1551	0.0400137	0.0400154
1552	0.0400134	0.0400148
1553	0.0400122	0.0400142
1554	0.040011	0.0400136
1555	0.0400111	0.040013
1556	0.0400105	0.0400124
1557	0.0400101	0.0400117
1558	0.0400092	0.0400112
1559	0.0400091	0.0400107
1560	0.0400081	0.04001
1561	0.0400077	0.0400094
1562	0.0400074	0.0400088
1563	0.040006	0.0400082
1564	0.0400063	0.0400076
1565	0.0400052	0.040007
1566	0.0400045	0.0400065
1567	0.0400037	0.0400058
1568	0.0400033	0.0400052
1569	0.040003	0.0400046
1570	0.0400018	0.040004
1571	0.0400015	0.0400034
1572	0.0400009	0.0400028
1573	0.0400001	0.0400022
1574	0.0399996	0.0400016
