1	0.180825	0.17153
2	0.171531	0.163648
3	0.163647	0.157082
4	0.157082	0.152033
5	0.152033	0.14747
6	0.14747	0.143214
7	0.143214	0.139208
8	0.139208	0.135422
9	0.135422	0.131818
10	0.131818	0.12838
11	0.128379	0.12509
12	0.12509	0.121939
13	0.121939	0.118903
14	0.118903	0.115973
15	0.115972	0.113139
16	0.113139	0.110395
17	0.110395	0.107736
18	0.107737	0.105158
19	0.105157	0.102655
20	0.102655	0.100226
21	0.100225	0.0978657
22	0.0978656	0.0955735
23	0.0955735	0.0933471
24	0.093347	0.0911842
25	0.0911842	0.0890832
26	0.0890833	0.0870429
27	0.087043	0.0850619
28	0.0850619	0.0831389
29	0.0831387	0.0812726
30	0.0812725	0.0794619
31	0.0794619	0.0777059
32	0.0777059	0.0760034
33	0.0760034	0.0743534
34	0.0743534	0.0727549
35	0.0727549	0.0712069
36	0.0712068	0.0697082
37	0.0697082	0.0682575
38	0.0682575	0.0668544
39	0.0668543	0.0654972
40	0.0654971	0.0641845
41	0.0641846	0.0629161
42	0.0629159	0.0616902
43	0.0616901	0.0605057
44	0.0605056	0.0593615
45	0.0593614	0.0582566
46	0.0582565	0.0571896
47	0.0571895	0.0561596
48	0.0561596	0.0551654
49	0.0551653	0.0542055
50	0.0542055	0.0532792
51	0.0532793	0.0523852
52	0.052385	0.0515224
53	0.0515224	0.0506898
54	0.0506899	0.0498864
55	0.0498864	0.049111
56	0.049111	0.0483626
57	0.0483627	0.0476405
58	0.0476405	0.0469436
59	0.0469434	0.0462706
60	0.0462706	0.0456211
61	0.0456211	0.0449941
62	0.044994	0.0443885
63	0.0443886	0.0438038
64	0.0438038	0.043239
65	0.043239	0.0426934
66	0.0426934	0.0421663
67	0.0421664	0.041657
68	0.0416571	0.0411647
69	0.0411646	0.0406888
70	0.0406889	0.0402287
71	0.0402287	0.0397838
72	0.0397838	0.0393535
73	0.0393534	0.0389371
74	0.0389371	0.0385343
75	0.0385343	0.0381444
76	0.0381443	0.0377669
77	0.0377669	0.0374015
78	0.0374014	0.0370475
79	0.0370475	0.0367045
80	0.0367044	0.0363723
81	0.0363723	0.0360503
82	0.0360502	0.0357381
83	0.0357381	0.0354355
84	0.0354355	0.0351419
85	0.0351419	0.0348573
86	0.0348573	0.0345811
87	0.0345811	0.034313
88	0.034313	0.0340527
89	0.0340527	0.0338
90	0.0338001	0.0335546
91	0.0335546	0.0333164
92	0.0333163	0.0330848
93	0.0330848	0.0328597
94	0.0328598	0.032641
95	0.032641	0.0324284
96	0.0324284	0.0322214
97	0.0322215	0.0320204
98	0.0320204	0.0318246
99	0.0318247	0.0316343
100	0.0316342	0.0314489
101	0.031449	0.0312686
102	0.0312685	0.0310929
103	0.031093	0.0309219
104	0.0309219	0.0307552
105	0.0307553	0.0305929
106	0.0305929	0.0304347
107	0.0304347	0.0302806
108	0.0302806	0.0301303
109	0.0301304	0.0299838
110	0.0299839	0.0298409
111	0.0298409	0.0297015
112	0.0297014	0.0295657
113	0.0295657	0.029433
114	0.029433	0.0293035
115	0.0293035	0.0291771
116	0.0291772	0.0290539
117	0.0290538	0.0289334
118	0.0289333	0.0288158
119	0.0288158	0.0287011
120	0.0287009	0.0285887
121	0.0285887	0.028479
122	0.028479	0.028372
123	0.0283719	0.0282672
124	0.0282672	0.0281648
125	0.0281648	0.0280648
126	0.0280647	0.0279669
127	0.0279669	0.0278712
128	0.0278712	0.0277776
129	0.0277776	0.027686
130	0.0276861	0.0275965
131	0.0275964	0.0275088
132	0.0275088	0.0274231
133	0.027423	0.0273391
134	0.027339	0.0272569
135	0.0272569	0.0271764
136	0.0271763	0.0270976
137	0.0270976	0.0270204
138	0.0270204	0.0269447
139	0.0269449	0.0268708
140	0.0268708	0.0267982
141	0.0267983	0.0267272
142	0.0267272	0.0266576
143	0.0266576	0.0265893
144	0.0265893	0.0265225
145	0.0265224	0.0264568
146	0.0264569	0.0263926
147	0.0263925	0.0263295
148	0.0263295	0.0262677
149	0.0262677	0.0262071
150	0.0262071	0.0261477
151	0.0261477	0.0260893
152	0.0260893	0.0260321
153	0.0260322	0.025976
154	0.0259759	0.0259208
155	0.0259209	0.0258668
156	0.0258668	0.0258137
157	0.0258137	0.0257617
158	0.0257617	0.0257105
159	0.0257105	0.0256604
160	0.0256603	0.0256111
161	0.0256111	0.0255626
162	0.0255627	0.0255152
163	0.0255151	0.0254685
164	0.0254685	0.0254227
165	0.0254226	0.0253777
166	0.0253777	0.0253334
167	0.0253334	0.0252899
168	0.02529	0.0252473
169	0.0252473	0.0252053
170	0.0252053	0.025164
171	0.025164	0.0251235
172	0.0251235	0.0250837
173	0.0250837	0.0250445
174	0.0250445	0.0250059
175	0.025006	0.0249682
176	0.0249682	0.024931
177	0.0249309	0.0248944
178	0.0248944	0.0248584
179	0.0248584	0.024823
180	0.0248229	0.0247883
181	0.0247882	0.024754
182	0.024754	0.0247203
183	0.0247203	0.0246871
184	0.0246871	0.0246546
185	0.0246546	0.0246226
186	0.0246226	0.0245909
187	0.024591	0.02456
188	0.0245599	0.0245293
189	0.0245294	0.0244993
190	0.0244993	0.0244697
191	0.0244697	0.0244405
192	0.0244405	0.0244119
193	0.0244118	0.0243836
194	0.0243837	0.0243558
195	0.0243558	0.0243284
196	0.0243284	0.0243016
197	0.0243015	0.024275
198	0.024275	0.0242488
199	0.0242488	0.0242231
200	0.0242231	0.0241977
201	0.0241977	0.0241728
202	0.0241728	0.0241482
203	0.0241481	0.0241239
204	0.0241239	0.0241001
205	0.0241	0.0240766
206	0.0240766	0.0240533
207	0.0240534	0.0240305
208	0.0240305	0.0240081
209	0.024008	0.0239859
210	0.0239858	0.0239641
211	0.023964	0.0239425
212	0.0239424	0.0239213
213	0.0239212	0.0239003
214	0.0239003	0.0238797
215	0.0238798	0.0238594
216	0.0238593	0.0238393
217	0.0238393	0.0238195
218	0.0238195	0.0238
219	0.0238001	0.0237808
220	0.0237809	0.0237619
221	0.0237619	0.0237432
222	0.0237432	0.0237248
223	0.0237248	0.0237067
224	0.0237066	0.0236886
225	0.0236887	0.0236711
226	0.023671	0.0236536
227	0.0236536	0.0236364
228	0.0236363	0.0236194
229	0.0236193	0.0236027
230	0.0236027	0.0235861
231	0.0235861	0.0235698
232	0.0235698	0.0235538
233	0.0235537	0.0235379
234	0.0235378	0.0235222
235	0.0235222	0.0235068
236	0.0235068	0.0234915
237	0.0234915	0.0234764
238	0.0234764	0.0234617
239	0.0234617	0.023447
240	0.0234469	0.0234324
241	0.0234324	0.0234182
242	0.0234182	0.0234041
243	0.0234041	0.0233902
244	0.0233902	0.0233764
245	0.0233764	0.0233629
246	0.0233629	0.0233495
247	0.0233495	0.0233362
248	0.0233362	0.0233231
249	0.0233231	0.0233102
250	0.0233102	0.0232975
251	0.0232975	0.0232849
252	0.0232849	0.0232725
253	0.0232725	0.0232602
254	0.0232602	0.023248
255	0.023248	0.0232361
256	0.0232361	0.0232242
257	0.0232242	0.0232125
258	0.0232125	0.023201
259	0.023201	0.0231896
260	0.0231896	0.0231783
261	0.0231783	0.0231672
262	0.0231672	0.0231561
263	0.0231561	0.0231453
264	0.0231453	0.0231345
265	0.0231345	0.0231239
266	0.0231239	0.0231134
267	0.0231134	0.0231031
268	0.023103	0.0230927
269	0.0230927	0.0230827
270	0.0230826	0.0230726
271	0.0230726	0.0230627
272	0.0230627	0.0230529
273	0.0230529	0.0230432
274	0.0230432	0.0230337
275	0.0230337	0.0230242
276	0.0230242	0.0230149
277	0.0230149	0.0230056
278	0.0230056	0.0229964
279	0.0229965	0.0229874
280	0.0229875	0.0229785
281	0.0229786	0.0229697
282	0.0229697	0.0229609
283	0.022961	0.0229523
284	0.0229523	0.0229438
285	0.0229437	0.0229353
286	0.0229353	0.0229269
287	0.0229269	0.0229186
288	0.0229186	0.0229105
289	0.0229104	0.0229023
290	0.0229024	0.0228944
291	0.0228943	0.0228864
292	0.0228864	0.0228786
293	0.0228786	0.0228709
294	0.0228709	0.0228631
295	0.0228632	0.0228556
296	0.0228556	0.0228481
297	0.0228481	0.0228406
298	0.0228406	0.0228332
299	0.0228333	0.0228259
300	0.022826	0.0228187
301	0.0228188	0.0228117
302	0.0228117	0.0228046
303	0.0228046	0.0227976
304	0.0227976	0.0227907
305	0.0227907	0.0227839
306	0.0227839	0.0227771
307	0.0227771	0.0227704
308	0.0227704	0.0227637
309	0.0227637	0.0227571
310	0.0227571	0.0227506
311	0.0227506	0.0227442
312	0.0227442	0.0227378
313	0.0227378	0.0227315
314	0.0227315	0.0227253
315	0.0227253	0.022719
316	0.022719	0.0227129
317	0.0227129	0.0227069
318	0.0227069	0.0227009
319	0.0227009	0.0226949
320	0.0226949	0.022689
321	0.022689	0.0226832
322	0.0226832	0.0226774
323	0.0226774	0.0226716
324	0.0226717	0.022666
325	0.022666	0.0226603
326	0.0226604	0.0226547
327	0.0226548	0.0226492
328	0.0226492	0.0226439
329	0.0226438	0.0226383
330	0.0226383	0.022633
331	0.022633	0.0226277
332	0.0226278	0.0226224
333	0.0226224	0.0226171
334	0.0226172	0.022612
335	0.022612	0.0226069
336	0.0226069	0.0226018
337	0.0226018	0.0225968
338	0.0225968	0.0225918
339	0.0225918	0.0225868
340	0.0225868	0.0225819
341	0.0225819	0.0225771
342	0.0225771	0.0225722
343	0.0225723	0.0225675
344	0.0225675	0.0225628
345	0.0225628	0.0225581
346	0.0225581	0.0225534
347	0.0225534	0.0225488
348	0.0225488	0.0225442
349	0.0225442	0.0225398
350	0.0225397	0.0225352
351	0.0225352	0.0225307
352	0.0225308	0.0225263
353	0.0225262	0.022522
354	0.022522	0.0225176
355	0.0225175	0.0225133
356	0.0225133	0.0225091
357	0.0225091	0.0225048
358	0.0225048	0.0225006
359	0.0225006	0.0224964
360	0.0224964	0.0224923
361	0.0224923	0.0224882
362	0.0224881	0.0224842
363	0.0224841	0.0224801
364	0.02248	0.0224761
365	0.0224761	0.0224721
366	0.0224721	0.0224682
367	0.0224682	0.0224643
368	0.0224642	0.0224604
369	0.0224604	0.0224566
370	0.0224566	0.0224527
371	0.0224527	0.0224489
372	0.0224489	0.0224452
373	0.0224452	0.0224415
374	0.0224414	0.0224378
375	0.0224378	0.022434
376	0.0224341	0.0224304
377	0.0224304	0.0224268
378	0.0224269	0.0224233
379	0.0224232	0.0224196
380	0.0224197	0.0224161
381	0.0224161	0.0224126
382	0.0224126	0.0224092
383	0.0224091	0.0224056
384	0.0224056	0.0224022
385	0.0224022	0.0223988
386	0.0223988	0.0223954
387	0.0223954	0.022392
388	0.0223921	0.0223887
389	0.0223887	0.0223854
390	0.0223854	0.0223821
391	0.0223821	0.0223789
392	0.0223789	0.0223757
393	0.0223757	0.0223725
394	0.0223724	0.0223692
395	0.0223692	0.0223661
396	0.0223661	0.0223629
397	0.0223629	0.0223597
398	0.0223597	0.0223567
399	0.0223567	0.0223535
400	0.0223536	0.0223504
401	0.0223505	0.0223474
402	0.0223474	0.0223444
403	0.0223444	0.0223414
404	0.0223414	0.0223384
405	0.0223384	0.0223354
406	0.0223354	0.0223325
407	0.0223324	0.0223296
408	0.0223296	0.0223267
409	0.0223266	0.0223238
410	0.0223238	0.0223209
411	0.0223209	0.0223181
412	0.0223181	0.0223152
413	0.0223152	0.0223124
414	0.0223124	0.0223096
415	0.0223096	0.0223068
416	0.0223068	0.0223041
417	0.0223041	0.0223013
418	0.0223013	0.0222986
419	0.0222986	0.0222959
420	0.0222959	0.0222931
421	0.0222932	0.0222905
422	0.0222905	0.0222879
423	0.0222879	0.0222852
424	0.0222852	0.0222826
425	0.0222826	0.0222799
426	0.0222799	0.0222774
427	0.0222774	0.0222747
428	0.0222747	0.0222722
429	0.0222722	0.0222696
430	0.0222696	0.0222671
431	0.0222671	0.0222646
432	0.0222646	0.0222621
433	0.022262	0.0222595
434	0.0222595	0.0222571
435	0.0222571	0.0222546
436	0.0222545	0.0222522
437	0.0222522	0.0222497
438	0.0222497	0.0222473
439	0.0222473	0.0222449
440	0.0222448	0.0222425
441	0.0222425	0.0222401
442	0.0222401	0.0222377
443	0.0222377	0.0222353
444	0.0222353	0.0222331
445	0.022233	0.0222306
446	0.0222306	0.0222283
447	0.0222283	0.022226
448	0.022226	0.0222237
449	0.0222237	0.0222214
450	0.0222214	0.0222192
451	0.0222192	0.0222169
452	0.0222169	0.0222147
453	0.0222147	0.0222124
454	0.0222124	0.0222102
455	0.0222102	0.0222079
456	0.022208	0.0222057
457	0.0222057	0.0222036
458	0.0222035	0.0222014
459	0.0222014	0.0221992
460	0.0221992	0.022197
461	0.022197	0.0221949
462	0.0221949	0.0221927
463	0.0221927	0.0221906
464	0.0221906	0.0221885
465	0.0221884	0.0221864
466	0.0221864	0.0221843
467	0.0221843	0.0221822
468	0.0221822	0.0221801
469	0.0221801	0.022178
470	0.022178	0.022176
471	0.0221759	0.0221739
472	0.0221739	0.0221718
473	0.0221718	0.0221698
474	0.0221698	0.0221678
475	0.0221678	0.0221658
476	0.0221658	0.0221638
477	0.0221638	0.0221617
478	0.0221617	0.0221598
479	0.0221598	0.0221578
480	0.0221578	0.0221558
481	0.0221558	0.0221538
482	0.0221539	0.0221519
483	0.0221519	0.02215
484	0.02215	0.0221481
485	0.0221481	0.0221461
486	0.0221461	0.0221442
487	0.0221442	0.0221423
488	0.0221422	0.0221403
489	0.0221403	0.0221385
490	0.0221385	0.0221366
491	0.0221366	0.0221347
492	0.0221347	0.0221328
493	0.0221328	0.022131
494	0.022131	0.0221291
495	0.0221291	0.0221273
496	0.0221272	0.0221254
497	0.0221254	0.0221236
498	0.0221236	0.0221217
499	0.0221217	0.02212
500	0.0221199	0.0221182
501	0.0221181	0.0221163
502	0.0221164	0.0221145
503	0.0221145	0.0221127
504	0.0221127	0.0221109
505	0.0221109	0.0221091
506	0.0221092	0.0221073
507	0.0221074	0.0221056
508	0.0221056	0.0221038
509	0.0221038	0.0221021
510	0.0221021	0.0221003
511	0.0221003	0.0220986
512	0.0220985	0.0220969
513	0.0220969	0.0220951
514	0.0220951	0.0220934
515	0.0220934	0.0220917
516	0.0220917	0.02209
517	0.02209	0.0220882
518	0.0220882	0.0220865
519	0.0220865	0.0220848
520	0.0220848	0.0220831
521	0.0220832	0.0220814
522	0.0220815	0.0220799
523	0.0220798	0.0220781
524	0.0220781	0.0220765
525	0.0220764	0.0220748
526	0.0220748	0.0220731
527	0.0220731	0.0220715
528	0.0220715	0.0220699
529	0.0220699	0.0220682
530	0.0220682	0.0220666
531	0.0220666	0.0220649
532	0.022065	0.0220633
533	0.0220633	0.0220617
534	0.0220617	0.0220601
535	0.0220601	0.0220585
536	0.0220585	0.0220569
537	0.0220568	0.0220553
538	0.0220553	0.0220537
539	0.0220537	0.0220521
540	0.0220522	0.0220506
541	0.0220505	0.0220489
542	0.0220489	0.0220474
543	0.0220474	0.0220458
544	0.0220458	0.0220442
545	0.0220442	0.0220427
546	0.0220427	0.0220411
547	0.0220411	0.0220396
548	0.0220396	0.0220381
549	0.0220381	0.0220365
550	0.0220365	0.022035
551	0.022035	0.0220334
552	0.0220334	0.0220319
553	0.0220318	0.0220304
554	0.0220304	0.0220288
555	0.0220289	0.0220273
556	0.0220273	0.0220258
557	0.0220258	0.0220243
558	0.0220243	0.0220227
559	0.0220227	0.0220212
560	0.0220213	0.0220198
561	0.0220198	0.0220182
562	0.0220183	0.0220168
563	0.0220168	0.0220153
564	0.0220153	0.0220139
565	0.0220139	0.0220124
566	0.0220124	0.0220109
567	0.0220109	0.0220095
568	0.0220094	0.0220079
569	0.022008	0.0220065
570	0.0220065	0.0220051
571	0.0220051	0.0220036
572	0.0220036	0.0220021
573	0.0220021	0.0220007
574	0.0220007	0.0219992
575	0.0219992	0.0219978
576	0.0219978	0.0219963
577	0.0219964	0.0219949
578	0.0219949	0.0219935
579	0.0219935	0.0219921
580	0.021992	0.0219906
581	0.0219906	0.0219892
582	0.0219892	0.0219878
583	0.0219878	0.0219864
584	0.0219864	0.0219849
585	0.021985	0.0219836
586	0.0219836	0.0219822
587	0.0219822	0.0219808
588	0.0219808	0.0219794
589	0.0219794	0.021978
590	0.021978	0.0219766
591	0.0219766	0.0219752
592	0.0219752	0.0219738
593	0.0219738	0.0219724
594	0.0219724	0.021971
595	0.021971	0.0219696
596	0.0219697	0.0219683
597	0.0219683	0.0219669
598	0.0219669	0.0219655
599	0.0219655	0.0219641
600	0.0219641	0.0219628
601	0.0219628	0.0219614
602	0.0219614	0.02196
603	0.02196	0.0219588
604	0.0219587	0.0219574
605	0.0219574	0.021956
606	0.021956	0.0219547
607	0.0219547	0.0219533
608	0.0219533	0.021952
609	0.021952	0.0219506
610	0.0219506	0.0219493
611	0.0219494	0.021948
612	0.021948	0.0219466
613	0.0219467	0.0219453
614	0.0219453	0.021944
615	0.021944	0.0219426
616	0.0219426	0.0219413
617	0.0219413	0.0219399
618	0.02194	0.0219387
619	0.0219386	0.0219374
620	0.0219374	0.0219361
621	0.0219361	0.0219347
622	0.0219347	0.0219334
623	0.0219334	0.0219321
624	0.0219321	0.0219309
625	0.0219309	0.0219296
626	0.0219296	0.0219283
627	0.0219283	0.0219269
628	0.0219269	0.0219257
629	0.0219257	0.0219243
630	0.0219244	0.021923
631	0.021923	0.0219217
632	0.0219217	0.0219205
633	0.0219205	0.0219192
634	0.0219192	0.0219179
635	0.0219179	0.0219167
636	0.0219167	0.0219154
637	0.0219154	0.0219141
638	0.0219141	0.0219128
639	0.0219128	0.0219115
640	0.0219115	0.0219103
641	0.0219103	0.021909
642	0.021909	0.0219078
643	0.0219078	0.0219065
644	0.0219065	0.0219052
645	0.0219052	0.0219039
646	0.0219039	0.0219027
647	0.0219027	0.0219015
648	0.0219014	0.0219002
649	0.0219002	0.0218989
650	0.0218989	0.0218976
651	0.0218977	0.0218964
652	0.0218964	0.0218952
653	0.0218952	0.0218939
654	0.0218939	0.0218927
655	0.0218927	0.0218915
656	0.0218914	0.0218902
657	0.0218902	0.021889
658	0.021889	0.0218877
659	0.0218877	0.0218865
660	0.0218865	0.0218852
661	0.0218853	0.021884
662	0.0218841	0.0218828
663	0.0218828	0.0218816
664	0.0218816	0.0218804
665	0.0218803	0.0218791
666	0.0218791	0.021878
667	0.0218779	0.0218767
668	0.0218767	0.0218754
669	0.0218755	0.0218743
670	0.0218743	0.0218731
671	0.0218731	0.0218718
672	0.0218718	0.0218706
673	0.0218706	0.0218694
674	0.0218694	0.0218682
675	0.0218682	0.021867
676	0.021867	0.0218658
677	0.0218658	0.0218646
678	0.0218646	0.0218634
679	0.0218634	0.0218622
680	0.0218622	0.021861
681	0.021861	0.0218598
682	0.0218598	0.0218586
683	0.0218585	0.0218574
684	0.0218573	0.0218562
685	0.0218562	0.021855
686	0.021855	0.0218539
687	0.0218538	0.0218526
688	0.0218526	0.0218515
689	0.0218514	0.0218503
690	0.0218503	0.0218491
691	0.021849	0.0218479
692	0.0218479	0.0218467
693	0.0218466	0.0218455
694	0.0218454	0.0218443
695	0.0218443	0.0218432
696	0.0218432	0.021842
697	0.0218419	0.0218407
698	0.0218408	0.0218396
699	0.0218396	0.0218385
700	0.0218384	0.0218373
701	0.0218372	0.0218361
702	0.0218361	0.0218349
703	0.0218349	0.0218338
704	0.0218337	0.0218327
705	0.0218326	0.0218314
706	0.0218314	0.0218302
707	0.0218302	0.0218291
708	0.0218291	0.021828
709	0.0218279	0.0218268
710	0.0218267	0.0218256
711	0.0218256	0.0218244
712	0.0218244	0.0218233
713	0.0218233	0.0218222
714	0.0218221	0.021821
715	0.0218209	0.0218198
716	0.0218198	0.0218187
717	0.0218187	0.0218175
718	0.0218175	0.0218164
719	0.0218163	0.0218152
720	0.0218152	0.021814
721	0.021814	0.0218129
722	0.0218129	0.0218117
723	0.0218117	0.0218106
724	0.0218106	0.0218095
725	0.0218095	0.0218083
726	0.0218084	0.0218072
727	0.0218072	0.0218061
728	0.021806	0.0218049
729	0.0218049	0.0218038
730	0.0218037	0.0218026
731	0.0218026	0.0218014
732	0.0218015	0.0218004
733	0.0218003	0.0217992
734	0.0217992	0.0217981
735	0.0217981	0.021797
736	0.021797	0.0217958
737	0.0217959	0.0217948
738	0.0217948	0.0217936
739	0.0217935	0.0217925
740	0.0217925	0.0217913
741	0.0217913	0.0217902
742	0.0217902	0.0217891
743	0.021789	0.021788
744	0.0217879	0.0217868
745	0.0217868	0.0217857
746	0.0217857	0.0217846
747	0.0217845	0.0217835
748	0.0217834	0.0217824
749	0.0217824	0.0217813
750	0.0217812	0.0217801
751	0.0217801	0.021779
752	0.021779	0.0217779
753	0.0217779	0.0217768
754	0.0217768	0.0217757
755	0.0217757	0.0217746
756	0.0217746	0.0217734
757	0.0217734	0.0217723
758	0.0217724	0.0217712
759	0.0217712	0.0217701
760	0.0217701	0.021769
761	0.0217691	0.0217679
762	0.0217679	0.0217668
763	0.0217668	0.0217657
764	0.0217657	0.0217646
765	0.0217646	0.0217635
766	0.0217635	0.0217624
767	0.0217624	0.0217613
768	0.0217613	0.0217602
769	0.0217602	0.0217591
770	0.0217591	0.021758
771	0.021758	0.0217569
772	0.0217569	0.0217558
773	0.0217558	0.0217547
774	0.0217546	0.0217536
775	0.0217536	0.0217525
776	0.0217525	0.0217514
777	0.0217514	0.0217503
778	0.0217503	0.0217492
779	0.0217492	0.0217481
780	0.0217481	0.021747
781	0.0217471	0.0217459
782	0.021746	0.0217448
783	0.0217449	0.0217438
784	0.0217438	0.0217427
785	0.0217427	0.0217416
786	0.0217416	0.0217405
787	0.0217405	0.0217395
788	0.0217394	0.0217383
789	0.0217383	0.0217373
790	0.0217373	0.0217362
791	0.0217362	0.0217351
792	0.0217351	0.021734
793	0.021734	0.021733
794	0.0217329	0.0217318
795	0.0217318	0.0217308
796	0.0217307	0.0217296
797	0.0217296	0.0217286
798	0.0217287	0.0217275
799	0.0217275	0.0217265
800	0.0217264	0.0217254
801	0.0217254	0.0217244
802	0.0217243	0.0217233
803	0.0217232	0.0217222
804	0.0217222	0.0217212
805	0.0217211	0.02172
806	0.02172	0.021719
807	0.021719	0.0217179
808	0.0217179	0.0217169
809	0.0217168	0.0217158
810	0.0217157	0.0217147
811	0.0217147	0.0217136
812	0.0217136	0.0217125
813	0.0217126	0.0217115
814	0.0217115	0.0217105
815	0.0217105	0.0217093
816	0.0217094	0.0217083
817	0.0217083	0.0217072
818	0.0217073	0.0217062
819	0.0217062	0.0217051
820	0.0217051	0.021704
821	0.021704	0.021703
822	0.021703	0.0217019
823	0.021702	0.0217009
824	0.0217009	0.0216998
825	0.0216999	0.0216988
826	0.0216988	0.0216977
827	0.0216977	0.0216966
828	0.0216967	0.0216956
829	0.0216956	0.0216945
830	0.0216945	0.0216935
831	0.0216935	0.0216924
832	0.0216924	0.0216914
833	0.0216914	0.0216903
834	0.0216903	0.0216892
835	0.0216893	0.0216882
836	0.0216882	0.0216871
837	0.0216872	0.0216861
838	0.0216861	0.0216851
839	0.0216851	0.021684
840	0.021684	0.0216829
841	0.0216829	0.0216819
842	0.021682	0.0216808
843	0.0216809	0.0216798
844	0.0216798	0.0216787
845	0.0216788	0.0216777
846	0.0216777	0.0216767
847	0.0216767	0.0216757
848	0.0216757	0.0216746
849	0.0216746	0.0216736
850	0.0216736	0.0216726
851	0.0216725	0.0216715
852	0.0216715	0.0216704
853	0.0216704	0.0216693
854	0.0216694	0.0216683
855	0.0216683	0.0216673
856	0.0216674	0.0216663
857	0.0216663	0.0216653
858	0.0216653	0.0216642
859	0.0216642	0.0216632
860	0.0216632	0.0216621
861	0.0216622	0.0216611
862	0.0216611	0.02166
863	0.0216601	0.021659
864	0.021659	0.021658
865	0.0216579	0.021657
866	0.021657	0.021656
867	0.0216559	0.021655
868	0.0216549	0.0216539
869	0.0216539	0.0216529
870	0.0216529	0.0216518
871	0.0216518	0.0216508
872	0.0216507	0.0216497
873	0.0216497	0.0216487
874	0.0216488	0.0216477
875	0.0216477	0.0216467
876	0.0216467	0.0216457
877	0.0216457	0.0216447
878	0.0216446	0.0216437
879	0.0216436	0.0216426
880	0.0216426	0.0216416
881	0.0216416	0.0216405
882	0.0216405	0.0216395
883	0.0216395	0.0216385
884	0.0216385	0.0216374
885	0.0216375	0.0216364
886	0.0216365	0.0216354
887	0.0216355	0.0216344
888	0.0216344	0.0216334
889	0.0216333	0.0216324
890	0.0216323	0.0216313
891	0.0216313	0.0216303
892	0.0216303	0.0216293
893	0.0216293	0.0216283
894	0.0216283	0.0216272
895	0.0216273	0.0216263
896	0.0216263	0.0216253
897	0.0216253	0.0216243
898	0.0216242	0.0216232
899	0.0216232	0.0216222
900	0.0216222	0.0216211
901	0.0216212	0.0216201
902	0.0216202	0.0216191
903	0.0216192	0.0216182
904	0.0216181	0.0216171
905	0.0216171	0.0216161
906	0.0216161	0.0216151
907	0.0216151	0.0216141
908	0.0216141	0.0216131
909	0.0216131	0.0216121
910	0.0216121	0.0216111
911	0.0216111	0.0216101
912	0.0216101	0.021609
913	0.021609	0.021608
914	0.0216081	0.021607
915	0.021607	0.021606
916	0.021606	0.021605
917	0.021605	0.021604
918	0.021604	0.021603
919	0.021603	0.021602
920	0.021602	0.021601
921	0.021601	0.0216
922	0.0215999	0.0215989
923	0.021599	0.021598
924	0.021598	0.021597
925	0.021597	0.021596
926	0.021596	0.021595
927	0.0215949	0.021594
928	0.021594	0.021593
929	0.021593	0.021592
930	0.021592	0.021591
931	0.0215909	0.02159
932	0.02159	0.0215889
933	0.021589	0.021588
934	0.021588	0.0215869
935	0.021587	0.021586
936	0.021586	0.021585
937	0.021585	0.021584
938	0.021584	0.021583
939	0.021583	0.0215819
940	0.021582	0.021581
941	0.0215811	0.02158
942	0.02158	0.021579
943	0.021579	0.021578
944	0.021578	0.021577
945	0.021577	0.021576
946	0.0215761	0.021575
947	0.0215751	0.0215741
948	0.021574	0.021573
949	0.0215731	0.0215721
950	0.0215721	0.021571
951	0.0215711	0.02157
952	0.0215701	0.0215691
953	0.0215691	0.0215681
954	0.0215681	0.0215671
955	0.0215671	0.0215661
956	0.0215662	0.0215651
957	0.0215652	0.0215641
958	0.0215642	0.0215632
959	0.0215632	0.0215622
960	0.0215622	0.0215612
961	0.0215613	0.0215603
962	0.0215602	0.0215593
963	0.0215593	0.0215583
964	0.0215583	0.0215572
965	0.0215573	0.0215563
966	0.0215563	0.0215552
967	0.0215553	0.0215543
968	0.0215543	0.0215533
969	0.0215534	0.0215523
970	0.0215524	0.0215513
971	0.0215514	0.0215504
972	0.0215504	0.0215494
973	0.0215494	0.0215485
974	0.0215484	0.0215475
975	0.0215475	0.0215465
976	0.0215465	0.0215455
977	0.0215455	0.0215445
978	0.0215446	0.0215436
979	0.0215436	0.0215426
980	0.0215426	0.0215416
981	0.0215416	0.0215406
982	0.0215406	0.0215397
983	0.0215396	0.0215387
984	0.0215387	0.0215378
985	0.0215377	0.0215368
986	0.0215367	0.0215358
987	0.0215357	0.0215349
988	0.0215348	0.0215338
989	0.0215338	0.0215329
990	0.0215328	0.0215319
991	0.0215318	0.0215309
992	0.0215309	0.0215299
993	0.0215299	0.0215289
994	0.0215289	0.021528
995	0.0215279	0.021527
996	0.0215271	0.021526
997	0.021526	0.021525
998	0.021525	0.0215241
999	0.0215241	0.0215231
1000	0.0215231	0.0215221
1001	0.0215221	0.0215212
1002	0.0215212	0.0215202
1003	0.0215202	0.0215193
1004	0.0215192	0.0215183
1005	0.0215183	0.0215173
1006	0.0215172	0.0215163
1007	0.0215163	0.0215153
1008	0.0215154	0.0215144
1009	0.0215144	0.0215134
1010	0.0215135	0.0215124
1011	0.0215124	0.0215115
1012	0.0215115	0.0215105
1013	0.0215105	0.0215096
1014	0.0215096	0.0215086
1015	0.0215086	0.0215077
1016	0.0215076	0.0215066
1017	0.0215067	0.0215057
1018	0.0215057	0.0215048
1019	0.0215048	0.0215038
1020	0.0215038	0.0215029
1021	0.0215029	0.0215019
1022	0.0215019	0.0215009
1023	0.0215009	0.0215
1024	0.0214999	0.021499
1025	0.0214989	0.021498
1026	0.021498	0.0214971
1027	0.0214971	0.0214961
1028	0.0214961	0.0214951
1029	0.0214951	0.0214942
1030	0.0214942	0.0214932
1031	0.0214932	0.0214923
1032	0.0214923	0.0214914
1033	0.0214913	0.0214904
1034	0.0214904	0.0214895
1035	0.0214894	0.0214885
1036	0.0214885	0.0214876
1037	0.0214876	0.0214866
1038	0.0214866	0.0214856
1039	0.0214856	0.0214847
1040	0.0214846	0.0214837
1041	0.0214837	0.0214828
1042	0.0214827	0.0214818
1043	0.0214818	0.0214809
1044	0.0214808	0.0214799
1045	0.0214799	0.0214789
1046	0.0214789	0.021478
1047	0.0214779	0.0214771
1048	0.021477	0.0214762
1049	0.0214761	0.0214751
1050	0.0214751	0.0214742
1051	0.0214742	0.0214732
1052	0.0214732	0.0214722
1053	0.0214722	0.0214713
1054	0.0214713	0.0214704
1055	0.0214703	0.0214694
1056	0.0214695	0.0214684
1057	0.0214685	0.0214675
1058	0.0214676	0.0214665
1059	0.0214667	0.0214656
1060	0.0214656	0.0214647
1061	0.0214647	0.0214638
1062	0.0214638	0.0214628
1063	0.0214628	0.0214618
1064	0.0214618	0.0214609
1065	0.0214609	0.0214599
1066	0.02146	0.021459
1067	0.021459	0.021458
1068	0.021458	0.0214571
1069	0.0214571	0.0214561
1070	0.0214562	0.0214552
1071	0.0214552	0.0214542
1072	0.0214543	0.0214533
1073	0.0214534	0.0214524
1074	0.0214524	0.0214514
1075	0.0214515	0.0214505
1076	0.0214505	0.0214495
1077	0.0214496	0.0214486
1078	0.0214486	0.0214477
1079	0.0214477	0.0214468
1080	0.0214468	0.0214458
1081	0.0214459	0.0214449
1082	0.0214449	0.0214439
1083	0.0214439	0.021443
1084	0.021443	0.0214421
1085	0.0214421	0.0214411
1086	0.0214411	0.0214402
1087	0.0214401	0.0214392
1088	0.0214392	0.0214383
1089	0.0214383	0.0214374
1090	0.0214374	0.0214365
1091	0.0214365	0.0214355
1092	0.0214355	0.0214346
1093	0.0214346	0.0214336
1094	0.0214336	0.0214327
1095	0.0214327	0.0214318
1096	0.0214318	0.0214308
1097	0.0214308	0.0214299
1098	0.0214299	0.021429
1099	0.021429	0.021428
1100	0.021428	0.0214271
1101	0.0214271	0.0214261
1102	0.0214262	0.0214252
1103	0.0214253	0.0214243
1104	0.0214243	0.0214233
1105	0.0214234	0.0214224
1106	0.0214225	0.0214215
1107	0.0214215	0.0214206
1108	0.0214206	0.0214196
1109	0.0214197	0.0214187
1110	0.0214187	0.0214177
1111	0.0214177	0.0214168
1112	0.0214168	0.0214159
1113	0.0214159	0.021415
1114	0.021415	0.0214141
1115	0.0214141	0.0214131
1116	0.0214131	0.0214122
1117	0.0214122	0.0214113
1118	0.0214113	0.0214104
1119	0.0214104	0.0214094
1120	0.0214094	0.0214085
1121	0.0214086	0.0214076
1122	0.0214076	0.0214067
1123	0.0214067	0.0214057
1124	0.0214058	0.0214048
1125	0.0214049	0.0214039
1126	0.0214039	0.021403
1127	0.021403	0.021402
1128	0.0214021	0.0214011
1129	0.0214011	0.0214001
1130	0.0214002	0.0213992
1131	0.0213993	0.0213983
1132	0.0213983	0.0213974
1133	0.0213974	0.0213965
1134	0.0213965	0.0213956
1135	0.0213956	0.0213946
1136	0.0213947	0.0213937
1137	0.0213938	0.0213928
1138	0.0213928	0.0213919
1139	0.0213919	0.021391
1140	0.021391	0.02139
1141	0.02139	0.0213892
1142	0.0213892	0.0213882
1143	0.0213882	0.0213873
1144	0.0213874	0.0213864
1145	0.0213864	0.0213855
1146	0.0213854	0.0213846
1147	0.0213846	0.0213837
1148	0.0213836	0.0213828
1149	0.0213827	0.0213819
1150	0.0213818	0.0213809
1151	0.0213809	0.02138
1152	0.02138	0.021379
1153	0.0213791	0.0213781
1154	0.0213781	0.0213772
1155	0.0213772	0.0213763
1156	0.0213763	0.0213754
1157	0.0213754	0.0213745
1158	0.0213745	0.0213736
1159	0.0213735	0.0213726
1160	0.0213727	0.0213717
1161	0.0213717	0.0213708
1162	0.0213708	0.0213699
1163	0.0213699	0.021369
1164	0.021369	0.0213681
1165	0.0213681	0.0213672
1166	0.0213671	0.0213663
1167	0.0213663	0.0213654
1168	0.0213654	0.0213644
1169	0.0213645	0.0213635
1170	0.0213635	0.0213625
1171	0.0213626	0.0213617
1172	0.0213617	0.0213608
1173	0.0213608	0.0213598
1174	0.0213599	0.021359
1175	0.021359	0.021358
1176	0.021358	0.0213571
1177	0.0213572	0.0213562
1178	0.0213562	0.0213553
1179	0.0213553	0.0213544
1180	0.0213544	0.0213535
1181	0.0213535	0.0213526
1182	0.0213526	0.0213517
1183	0.0213517	0.0213508
1184	0.0213508	0.0213499
1185	0.0213499	0.021349
1186	0.021349	0.0213481
1187	0.0213481	0.0213472
1188	0.0213471	0.0213463
1189	0.0213463	0.0213454
1190	0.0213453	0.0213445
1191	0.0213445	0.0213435
1192	0.0213435	0.0213427
1193	0.0213427	0.0213417
1194	0.0213418	0.0213408
1195	0.0213408	0.0213399
1196	0.0213399	0.021339
1197	0.021339	0.0213381
1198	0.0213381	0.0213372
1199	0.0213373	0.0213363
1200	0.0213363	0.0213355
1201	0.0213355	0.0213345
1202	0.0213346	0.0213337
1203	0.0213337	0.0213327
1204	0.0213327	0.0213318
1205	0.0213318	0.021331
1206	0.021331	0.0213301
1207	0.02133	0.0213291
1208	0.0213291	0.0213282
1209	0.0213283	0.0213274
1210	0.0213274	0.0213264
1211	0.0213264	0.0213255
1212	0.0213255	0.0213246
1213	0.0213246	0.0213238
1214	0.0213237	0.0213229
1215	0.0213229	0.021322
1216	0.0213219	0.0213211
1217	0.0213211	0.0213202
1218	0.0213202	0.0213193
1219	0.0213193	0.0213183
1220	0.0213183	0.0213174
1221	0.0213175	0.0213165
1222	0.0213166	0.0213156
1223	0.0213157	0.0213148
1224	0.0213148	0.0213139
1225	0.0213139	0.021313
1226	0.021313	0.0213121
1227	0.0213121	0.0213112
1228	0.0213112	0.0213103
1229	0.0213103	0.0213094
1230	0.0213094	0.0213085
1231	0.0213085	0.0213077
1232	0.0213077	0.0213068
1233	0.0213067	0.0213059
1234	0.0213058	0.021305
1235	0.0213049	0.0213042
1236	0.0213041	0.0213032
1237	0.0213032	0.0213023
1238	0.0213023	0.0213014
1239	0.0213014	0.0213005
1240	0.0213005	0.0212996
1241	0.0212996	0.0212987
1242	0.0212987	0.0212978
1243	0.0212978	0.0212969
1244	0.021297	0.0212961
1245	0.0212961	0.0212952
1246	0.0212952	0.0212943
1247	0.0212943	0.0212934
1248	0.0212934	0.0212925
1249	0.0212925	0.0212916
1250	0.0212916	0.0212907
1251	0.0212907	0.0212898
1252	0.0212899	0.0212889
1253	0.0212889	0.0212881
1254	0.0212881	0.0212872
1255	0.0212871	0.0212862
1256	0.0212863	0.0212854
1257	0.0212854	0.0212845
1258	0.0212845	0.0212836
1259	0.0212837	0.0212827
1260	0.0212827	0.0212818
1261	0.0212818	0.021281
1262	0.021281	0.0212801
1263	0.0212801	0.0212791
1264	0.0212791	0.0212783
1265	0.0212783	0.0212774
1266	0.0212774	0.0212765
1267	0.0212765	0.0212757
1268	0.0212757	0.0212748
1269	0.0212748	0.0212739
1270	0.0212739	0.021273
1271	0.021273	0.0212721
1272	0.021272	0.0212712
1273	0.0212712	0.0212704
1274	0.0212704	0.0212695
1275	0.0212695	0.0212686
1276	0.0212686	0.0212678
1277	0.0212677	0.0212669
1278	0.0212668	0.021266
1279	0.021266	0.021265
1280	0.0212651	0.0212642
1281	0.0212642	0.0212633
1282	0.0212633	0.0212625
1283	0.0212624	0.0212616
1284	0.0212616	0.0212607
1285	0.0212607	0.0212598
1286	0.0212598	0.0212589
1287	0.0212589	0.0212581
1288	0.021258	0.0212572
1289	0.0212572	0.0212563
1290	0.0212563	0.0212554
1291	0.0212555	0.0212546
1292	0.0212545	0.0212537
1293	0.0212537	0.0212528
1294	0.0212528	0.0212519
1295	0.0212519	0.021251
1296	0.021251	0.0212502
1297	0.0212502	0.0212493
1298	0.0212492	0.0212484
1299	0.0212484	0.0212475
1300	0.0212475	0.0212466
1301	0.0212467	0.0212458
1302	0.0212458	0.0212449
1303	0.0212449	0.021244
1304	0.0212441	0.0212431
1305	0.0212432	0.0212423
1306	0.0212423	0.0212414
1307	0.0212414	0.0212406
1308	0.0212405	0.0212397
1309	0.0212396	0.0212388
1310	0.0212388	0.0212379
1311	0.0212379	0.021237
1312	0.021237	0.0212362
1313	0.0212362	0.0212353
1314	0.0212353	0.0212345
1315	0.0212344	0.0212336
1316	0.0212336	0.0212327
1317	0.0212327	0.0212318
1318	0.0212318	0.021231
1319	0.0212309	0.0212301
1320	0.0212301	0.0212292
1321	0.0212292	0.0212283
1322	0.0212284	0.0212275
1323	0.0212275	0.0212266
1324	0.0212266	0.0212257
1325	0.0212258	0.0212248
1326	0.0212249	0.021224
1327	0.021224	0.0212231
1328	0.0212231	0.0212223
1329	0.0212222	0.0212214
1330	0.0212214	0.0212206
1331	0.0212205	0.0212196
1332	0.0212197	0.0212188
1333	0.0212188	0.021218
1334	0.0212179	0.0212171
1335	0.0212171	0.0212162
1336	0.0212162	0.0212153
1337	0.0212154	0.0212145
1338	0.0212145	0.0212136
1339	0.0212136	0.0212127
1340	0.0212127	0.0212119
1341	0.0212119	0.021211
1342	0.021211	0.0212102
1343	0.0212101	0.0212093
1344	0.0212093	0.0212084
1345	0.0212084	0.0212075
1346	0.0212075	0.0212067
1347	0.0212067	0.0212058
1348	0.0212058	0.021205
1349	0.021205	0.0212041
1350	0.0212041	0.0212033
1351	0.0212032	0.0212024
1352	0.0212024	0.0212015
1353	0.0212015	0.0212007
1354	0.0212006	0.0211999
1355	0.0211999	0.021199
1356	0.0211989	0.0211981
1357	0.0211981	0.0211973
1358	0.0211972	0.0211964
1359	0.0211964	0.0211955
1360	0.0211955	0.0211946
1361	0.0211946	0.0211938
1362	0.0211938	0.0211929
1363	0.0211929	0.021192
1364	0.021192	0.0211912
1365	0.0211912	0.0211903
1366	0.0211903	0.0211895
1367	0.0211895	0.0211886
1368	0.0211886	0.0211878
1369	0.0211877	0.0211869
1370	0.0211869	0.021186
1371	0.021186	0.0211852
1372	0.0211852	0.0211843
1373	0.0211843	0.0211835
1374	0.0211835	0.0211826
1375	0.0211826	0.0211817
1376	0.0211818	0.0211809
1377	0.0211809	0.02118
1378	0.0211801	0.0211792
1379	0.0211792	0.0211783
1380	0.0211783	0.0211775
1381	0.0211775	0.0211766
1382	0.0211766	0.0211758
1383	0.0211758	0.0211749
1384	0.021175	0.0211741
1385	0.0211741	0.0211732
1386	0.0211732	0.0211723
1387	0.0211723	0.0211715
1388	0.0211715	0.0211706
1389	0.0211706	0.0211698
1390	0.0211698	0.0211689
1391	0.0211689	0.0211681
1392	0.0211681	0.0211672
1393	0.0211672	0.0211663
1394	0.0211664	0.0211656
1395	0.0211656	0.0211647
1396	0.0211646	0.0211638
1397	0.0211638	0.021163
1398	0.021163	0.0211621
1399	0.0211622	0.0211613
1400	0.0211613	0.0211604
1401	0.0211604	0.0211595
1402	0.0211595	0.0211587
1403	0.0211587	0.0211579
1404	0.0211578	0.021157
1405	0.021157	0.0211562
1406	0.0211562	0.0211553
1407	0.0211553	0.0211544
1408	0.0211544	0.0211536
1409	0.0211536	0.0211528
1410	0.0211528	0.0211519
1411	0.021152	0.021151
1412	0.0211511	0.0211502
1413	0.0211502	0.0211494
1414	0.0211494	0.0211485
1415	0.0211485	0.0211477
1416	0.0211477	0.0211468
1417	0.0211469	0.021146
1418	0.021146	0.0211452
1419	0.0211452	0.0211443
1420	0.0211443	0.0211435
1421	0.0211434	0.0211426
1422	0.0211426	0.0211417
1423	0.0211418	0.0211409
1424	0.0211409	0.0211401
1425	0.0211401	0.0211392
1426	0.0211392	0.0211384
1427	0.0211384	0.0211375
1428	0.0211375	0.0211367
1429	0.0211367	0.0211359
1430	0.0211358	0.021135
1431	0.021135	0.0211342
1432	0.0211342	0.0211333
1433	0.0211333	0.0211325
1434	0.0211325	0.0211317
1435	0.0211317	0.0211308
1436	0.0211308	0.02113
1437	0.0211299	0.0211291
1438	0.0211291	0.0211283
1439	0.0211283	0.0211274
1440	0.0211274	0.0211266
1441	0.0211266	0.0211257
1442	0.0211257	0.0211249
1443	0.0211249	0.021124
1444	0.0211241	0.0211232
1445	0.0211232	0.0211224
1446	0.0211224	0.0211215
1447	0.0211215	0.0211207
1448	0.0211207	0.0211199
1449	0.0211198	0.021119
1450	0.021119	0.0211182
1451	0.0211182	0.0211174
1452	0.0211173	0.0211165
1453	0.0211165	0.0211157
1454	0.0211156	0.0211148
1455	0.0211148	0.021114
1456	0.021114	0.0211132
1457	0.0211131	0.0211123
1458	0.0211123	0.0211115
1459	0.0211114	0.0211106
1460	0.0211106	0.0211098
1461	0.0211098	0.0211089
1462	0.021109	0.0211081
1463	0.0211081	0.0211072
1464	0.0211072	0.0211064
1465	0.0211064	0.0211056
1466	0.0211056	0.0211048
1467	0.0211047	0.0211039
1468	0.0211039	0.0211031
1469	0.021103	0.0211022
1470	0.0211022	0.0211014
1471	0.0211014	0.0211005
1472	0.0211006	0.0210997
1473	0.0210997	0.0210989
1474	0.0210989	0.0210981
1475	0.0210981	0.0210973
1476	0.0210972	0.0210964
1477	0.0210964	0.0210956
1478	0.0210956	0.0210947
1479	0.0210947	0.0210939
1480	0.0210939	0.0210931
1481	0.021093	0.0210922
1482	0.0210922	0.0210914
1483	0.0210914	0.0210905
1484	0.0210906	0.0210897
1485	0.0210897	0.0210889
1486	0.0210889	0.0210881
1487	0.0210881	0.0210872
1488	0.0210872	0.0210864
1489	0.0210864	0.0210856
1490	0.0210856	0.0210848
1491	0.0210847	0.021084
1492	0.0210839	0.0210831
1493	0.0210831	0.0210823
1494	0.0210822	0.0210814
1495	0.0210814	0.0210806
1496	0.0210806	0.0210798
1497	0.0210798	0.0210789
1498	0.0210789	0.0210781
1499	0.0210781	0.0210773
1500	0.0210772	0.0210765
1501	0.0210764	0.0210756
1502	0.0210756	0.0210748
1503	0.0210748	0.0210739
1504	0.021074	0.0210731
1505	0.0210731	0.0210723
1506	0.0210723	0.0210715
1507	0.0210715	0.0210706
1508	0.0210706	0.0210698
1509	0.0210697	0.0210689
1510	0.021069	0.0210681
1511	0.0210681	0.0210673
1512	0.0210673	0.0210665
1513	0.0210665	0.0210656
1514	0.0210656	0.0210648
1515	0.0210648	0.0210639
1516	0.021064	0.0210631
1517	0.0210632	0.0210623
1518	0.0210624	0.0210615
1519	0.0210615	0.0210608
1520	0.0210607	0.0210599
1521	0.0210599	0.021059
1522	0.021059	0.0210582
1523	0.0210582	0.0210574
1524	0.0210574	0.0210566
1525	0.0210566	0.0210557
1526	0.0210558	0.0210549
1527	0.0210549	0.021054
1528	0.0210541	0.0210532
1529	0.0210532	0.0210525
1530	0.0210524	0.0210517
1531	0.0210516	0.0210508
1532	0.0210508	0.02105
1533	0.02105	0.0210491
1534	0.0210491	0.0210484
1535	0.0210484	0.0210475
1536	0.0210475	0.0210467
1537	0.0210467	0.0210458
1538	0.0210459	0.0210451
1539	0.0210451	0.0210443
1540	0.0210442	0.0210434
1541	0.0210434	0.0210426
1542	0.0210426	0.0210418
1543	0.0210418	0.0210409
1544	0.0210409	0.0210401
1545	0.0210402	0.0210393
1546	0.0210393	0.0210385
1547	0.0210385	0.0210377
1548	0.0210377	0.0210368
1549	0.0210369	0.021036
1550	0.021036	0.0210352
1551	0.0210352	0.0210343
1552	0.0210344	0.0210335
1553	0.0210336	0.0210328
1554	0.0210328	0.0210319
1555	0.0210319	0.0210311
1556	0.0210311	0.0210303
1557	0.0210303	0.0210294
1558	0.0210294	0.0210286
1559	0.0210286	0.0210279
1560	0.0210278	0.021027
1561	0.0210271	0.0210262
1562	0.0210262	0.0210253
1563	0.0210253	0.0210245
1564	0.0210245	0.0210237
1565	0.0210237	0.0210229
1566	0.0210229	0.0210221
1567	0.0210221	0.0210213
1568	0.0210212	0.0210204
1569	0.0210204	0.0210196
1570	0.0210197	0.0210188
1571	0.0210189	0.021018
1572	0.021018	0.0210172
1573	0.0210172	0.0210164
1574	0.0210164	0.0210156
1575	0.0210156	0.0210148
1576	0.0210148	0.0210139
1577	0.0210139	0.0210131
1578	0.0210131	0.0210123
1579	0.0210123	0.0210115
1580	0.0210115	0.0210107
1581	0.0210107	0.0210099
1582	0.0210099	0.0210091
1583	0.0210091	0.0210083
1584	0.0210082	0.0210074
1585	0.0210074	0.0210066
1586	0.0210066	0.0210058
1587	0.0210058	0.021005
1588	0.021005	0.0210041
1589	0.0210041	0.0210033
1590	0.0210033	0.0210025
1591	0.0210025	0.0210018
1592	0.0210017	0.0210009
1593	0.0210009	0.0210001
1594	0.0210001	0.0209993
1595	0.0209993	0.0209985
1596	0.0209984	0.0209977
1597	0.0209977	0.0209968
1598	0.0209968	0.020996
1599	0.0209961	0.0209952
1600	0.0209952	0.0209944
1601	0.0209944	0.0209936
1602	0.0209936	0.0209928
1603	0.0209928	0.020992
1604	0.020992	0.0209912
1605	0.0209912	0.0209904
1606	0.0209904	0.0209896
1607	0.0209895	0.0209887
1608	0.0209887	0.0209879
1609	0.0209879	0.0209871
1610	0.020987	0.0209863
1611	0.0209863	0.0209855
1612	0.0209855	0.0209847
1613	0.0209847	0.0209839
1614	0.0209839	0.0209831
1615	0.0209831	0.0209823
1616	0.0209823	0.0209814
1617	0.0209814	0.0209806
1618	0.0209806	0.0209798
1619	0.0209798	0.020979
1620	0.020979	0.0209782
1621	0.0209782	0.0209774
1622	0.0209774	0.0209766
1623	0.0209766	0.0209758
1624	0.0209758	0.020975
1625	0.020975	0.0209742
1626	0.0209741	0.0209734
1627	0.0209734	0.0209726
1628	0.0209726	0.0209718
1629	0.0209718	0.020971
1630	0.020971	0.0209702
1631	0.0209701	0.0209694
1632	0.0209693	0.0209686
1633	0.0209686	0.0209678
1634	0.0209677	0.020967
1635	0.0209669	0.0209661
1636	0.0209661	0.0209653
1637	0.0209653	0.0209645
1638	0.0209645	0.0209637
1639	0.0209637	0.0209629
1640	0.0209629	0.0209621
1641	0.0209621	0.0209613
1642	0.0209612	0.0209605
1643	0.0209605	0.0209597
1644	0.0209597	0.0209589
1645	0.0209589	0.0209581
1646	0.020958	0.0209573
1647	0.0209574	0.0209565
1648	0.0209565	0.0209557
1649	0.0209556	0.0209549
1650	0.0209549	0.0209541
1651	0.0209541	0.0209533
1652	0.0209532	0.0209525
1653	0.0209525	0.0209517
1654	0.0209517	0.0209509
1655	0.0209509	0.0209501
1656	0.02095	0.0209493
1657	0.0209493	0.0209485
1658	0.0209485	0.0209477
1659	0.0209476	0.0209469
1660	0.0209468	0.0209461
1661	0.0209461	0.0209453
1662	0.0209452	0.0209445
1663	0.0209445	0.0209437
1664	0.0209437	0.0209429
1665	0.0209428	0.020942
1666	0.020942	0.0209412
1667	0.0209413	0.0209404
1668	0.0209404	0.0209396
1669	0.0209396	0.0209389
1670	0.0209389	0.020938
1671	0.020938	0.0209373
1672	0.0209372	0.0209365
1673	0.0209364	0.0209357
1674	0.0209356	0.0209349
1675	0.0209349	0.0209341
1676	0.0209341	0.0209333
1677	0.0209332	0.0209324
1678	0.0209325	0.0209316
1679	0.0209316	0.0209309
1680	0.0209308	0.02093
1681	0.02093	0.0209293
1682	0.0209293	0.0209285
1683	0.0209284	0.0209277
1684	0.0209276	0.0209269
1685	0.0209268	0.0209261
1686	0.020926	0.0209253
1687	0.0209252	0.0209245
1688	0.0209245	0.0209237
1689	0.0209237	0.0209229
1690	0.0209229	0.0209221
1691	0.020922	0.0209213
1692	0.0209213	0.0209205
1693	0.0209205	0.0209197
1694	0.0209197	0.0209189
1695	0.0209189	0.0209181
1696	0.0209182	0.0209174
1697	0.0209173	0.0209166
1698	0.0209166	0.0209157
1699	0.0209157	0.020915
1700	0.020915	0.0209142
1701	0.0209142	0.0209134
1702	0.0209134	0.0209126
1703	0.0209126	0.0209118
1704	0.0209117	0.020911
1705	0.020911	0.0209102
1706	0.0209101	0.0209094
1707	0.0209093	0.0209086
1708	0.0209086	0.0209078
1709	0.0209078	0.020907
1710	0.020907	0.0209062
1711	0.0209062	0.0209054
1712	0.0209054	0.0209046
1713	0.0209046	0.0209039
1714	0.0209038	0.0209031
1715	0.020903	0.0209023
1716	0.0209022	0.0209015
1717	0.0209014	0.0209007
1718	0.0209007	0.0208999
1719	0.0208999	0.0208991
1720	0.0208991	0.0208983
1721	0.0208983	0.0208975
1722	0.0208975	0.0208967
1723	0.0208967	0.0208959
1724	0.020896	0.0208951
1725	0.0208951	0.0208943
1726	0.0208943	0.0208935
1727	0.0208935	0.0208927
1728	0.0208927	0.0208919
1729	0.0208919	0.0208911
1730	0.0208911	0.0208903
1731	0.0208904	0.0208895
1732	0.0208896	0.0208887
1733	0.0208888	0.020888
1734	0.020888	0.0208872
1735	0.0208872	0.0208863
1736	0.0208864	0.0208856
1737	0.0208857	0.0208848
1738	0.0208848	0.0208841
1739	0.020884	0.0208833
1740	0.0208833	0.0208825
1741	0.0208825	0.0208817
1742	0.0208817	0.0208809
1743	0.0208809	0.0208801
1744	0.0208801	0.0208793
1745	0.0208793	0.0208785
1746	0.0208786	0.0208778
1747	0.0208778	0.020877
1748	0.020877	0.0208762
1749	0.0208762	0.0208754
1750	0.0208754	0.0208746
1751	0.0208746	0.0208738
1752	0.0208738	0.020873
1753	0.020873	0.0208723
1754	0.0208722	0.0208714
1755	0.0208714	0.0208707
1756	0.0208707	0.0208699
1757	0.0208699	0.0208691
1758	0.0208691	0.0208683
1759	0.0208683	0.0208676
1760	0.0208676	0.0208667
1761	0.0208668	0.020866
1762	0.0208659	0.0208652
1763	0.0208652	0.0208643
1764	0.0208644	0.0208636
1765	0.0208636	0.0208628
1766	0.0208628	0.020862
1767	0.0208621	0.0208613
1768	0.0208612	0.0208605
1769	0.0208605	0.0208597
1770	0.0208597	0.0208589
1771	0.020859	0.0208581
1772	0.0208581	0.0208574
1773	0.0208573	0.0208566
1774	0.0208566	0.0208558
1775	0.0208558	0.020855
1776	0.020855	0.0208543
1777	0.0208542	0.0208535
1778	0.0208534	0.0208527
1779	0.0208526	0.0208518
1780	0.0208518	0.0208511
1781	0.0208511	0.0208503
1782	0.0208503	0.0208496
1783	0.0208495	0.0208488
1784	0.0208487	0.0208479
1785	0.0208479	0.0208472
1786	0.0208472	0.0208464
1787	0.0208464	0.0208456
1788	0.0208456	0.0208448
1789	0.0208448	0.020844
1790	0.020844	0.0208433
1791	0.0208432	0.0208425
1792	0.0208425	0.0208417
1793	0.0208416	0.0208409
1794	0.0208409	0.0208401
1795	0.0208401	0.0208393
1796	0.0208393	0.0208386
1797	0.0208385	0.0208378
1798	0.0208377	0.020837
1799	0.020837	0.0208362
1800	0.0208362	0.0208354
1801	0.0208354	0.0208347
1802	0.0208346	0.0208339
1803	0.0208339	0.0208331
1804	0.0208331	0.0208323
1805	0.0208323	0.0208316
1806	0.0208316	0.0208308
1807	0.0208308	0.02083
1808	0.02083	0.0208292
1809	0.0208292	0.0208284
1810	0.0208284	0.0208276
1811	0.0208277	0.0208269
1812	0.0208269	0.0208261
1813	0.0208261	0.0208253
1814	0.0208253	0.0208246
1815	0.0208246	0.0208238
1816	0.0208238	0.020823
1817	0.020823	0.0208222
1818	0.0208222	0.0208214
1819	0.0208215	0.0208207
1820	0.0208206	0.0208199
1821	0.0208198	0.0208191
1822	0.0208191	0.0208183
1823	0.0208183	0.0208175
1824	0.0208175	0.0208168
1825	0.0208167	0.020816
1826	0.020816	0.0208153
1827	0.0208152	0.0208144
1828	0.0208145	0.0208137
1829	0.0208137	0.0208129
1830	0.0208129	0.0208121
1831	0.0208121	0.0208113
1832	0.0208113	0.0208105
1833	0.0208105	0.0208097
1834	0.0208098	0.0208089
1835	0.0208089	0.0208082
1836	0.0208082	0.0208074
1837	0.0208074	0.0208066
1838	0.0208066	0.0208059
1839	0.0208059	0.0208051
1840	0.0208051	0.0208043
1841	0.0208044	0.0208036
1842	0.0208036	0.0208028
1843	0.0208028	0.020802
1844	0.020802	0.0208013
1845	0.0208013	0.0208005
1846	0.0208005	0.0207996
1847	0.0207997	0.0207989
1848	0.0207989	0.0207981
1849	0.0207982	0.0207973
1850	0.0207974	0.0207965
1851	0.0207966	0.0207957
1852	0.0207958	0.020795
1853	0.0207951	0.0207942
1854	0.0207943	0.0207935
1855	0.0207935	0.0207927
1856	0.0207928	0.0207919
1857	0.020792	0.0207911
1858	0.0207912	0.0207904
1859	0.0207904	0.0207896
1860	0.0207897	0.0207889
1861	0.0207889	0.0207882
1862	0.0207881	0.0207874
1863	0.0207874	0.0207866
1864	0.0207866	0.0207858
1865	0.0207858	0.020785
1866	0.0207851	0.0207843
1867	0.0207842	0.0207835
1868	0.0207834	0.0207827
1869	0.0207828	0.0207819
1870	0.0207819	0.0207812
1871	0.0207812	0.0207804
1872	0.0207805	0.0207796
1873	0.0207796	0.0207788
1874	0.0207788	0.0207781
1875	0.0207781	0.0207774
1876	0.0207773	0.0207766
1877	0.0207765	0.0207758
1878	0.0207758	0.0207751
1879	0.020775	0.0207743
1880	0.0207742	0.0207735
1881	0.0207735	0.0207727
1882	0.0207727	0.0207719
1883	0.020772	0.0207712
1884	0.0207712	0.0207705
1885	0.0207704	0.0207696
1886	0.0207697	0.0207689
1887	0.0207688	0.0207681
1888	0.0207681	0.0207673
1889	0.0207673	0.0207665
1890	0.0207666	0.0207658
1891	0.0207658	0.020765
1892	0.020765	0.0207642
1893	0.0207643	0.0207635
1894	0.0207635	0.0207627
1895	0.0207627	0.020762
1896	0.020762	0.0207612
1897	0.0207612	0.0207605
1898	0.0207605	0.0207596
1899	0.0207597	0.0207589
1900	0.0207589	0.0207581
1901	0.0207581	0.0207573
1902	0.0207574	0.0207565
1903	0.0207566	0.0207558
1904	0.0207558	0.0207551
1905	0.0207551	0.0207543
1906	0.0207543	0.0207535
1907	0.0207535	0.0207528
1908	0.0207528	0.020752
1909	0.020752	0.0207513
1910	0.0207513	0.0207506
1911	0.0207505	0.0207498
1912	0.0207497	0.020749
1913	0.020749	0.0207482
1914	0.0207482	0.0207474
1915	0.0207474	0.0207467
1916	0.0207467	0.0207459
1917	0.0207459	0.0207451
1918	0.0207451	0.0207444
1919	0.0207444	0.0207436
1920	0.0207436	0.0207428
1921	0.0207428	0.0207421
1922	0.0207421	0.0207413
1923	0.0207413	0.0207406
1924	0.0207405	0.0207398
1925	0.0207398	0.020739
1926	0.0207391	0.0207383
1927	0.0207382	0.0207374
1928	0.0207374	0.0207367
1929	0.0207367	0.020736
1930	0.0207359	0.0207352
1931	0.0207352	0.0207344
1932	0.0207344	0.0207337
1933	0.0207337	0.0207329
1934	0.0207329	0.0207321
1935	0.0207322	0.0207313
1936	0.0207314	0.0207306
1937	0.0207306	0.0207299
1938	0.0207299	0.0207291
1939	0.0207291	0.0207283
1940	0.0207283	0.0207275
1941	0.0207276	0.0207268
1942	0.0207268	0.0207261
1943	0.0207261	0.0207253
1944	0.0207253	0.0207245
1945	0.0207246	0.0207238
1946	0.0207238	0.0207231
1947	0.020723	0.0207223
1948	0.0207222	0.0207215
1949	0.0207215	0.0207208
1950	0.0207207	0.02072
1951	0.0207199	0.0207192
1952	0.0207192	0.0207185
1953	0.0207184	0.0207177
1954	0.0207177	0.0207169
1955	0.0207169	0.0207162
1956	0.0207162	0.0207154
1957	0.0207154	0.0207146
1958	0.0207147	0.0207139
1959	0.0207139	0.0207131
1960	0.0207131	0.0207124
1961	0.0207124	0.0207116
1962	0.0207116	0.0207109
1963	0.0207109	0.0207101
1964	0.0207101	0.0207094
1965	0.0207093	0.0207087
1966	0.0207086	0.0207079
1967	0.0207078	0.0207071
1968	0.020707	0.0207063
1969	0.0207063	0.0207056
1970	0.0207056	0.0207048
1971	0.0207048	0.0207041
1972	0.020704	0.0207033
1973	0.0207033	0.0207026
1974	0.0207025	0.0207018
1975	0.0207018	0.0207011
1976	0.020701	0.0207003
1977	0.0207003	0.0206995
1978	0.0206995	0.0206987
1979	0.0206987	0.0206979
1980	0.020698	0.0206972
1981	0.0206972	0.0206965
1982	0.0206964	0.0206957
1983	0.0206957	0.0206949
1984	0.020695	0.0206942
1985	0.0206942	0.0206934
1986	0.0206934	0.0206927
1987	0.0206927	0.0206919
1988	0.0206919	0.0206911
1989	0.0206912	0.0206904
1990	0.0206903	0.0206896
1991	0.0206897	0.0206889
1992	0.0206889	0.0206882
1993	0.0206882	0.0206874
1994	0.0206873	0.0206866
1995	0.0206867	0.0206859
1996	0.0206859	0.0206851
1997	0.0206852	0.0206844
1998	0.0206844	0.0206836
1999	0.0206837	0.0206828
2000	0.0206828	0.0206821
2001	0.0206821	0.0206813
2002	0.0206813	0.0206805
2003	0.0206806	0.0206798
2004	0.0206798	0.020679
2005	0.0206791	0.0206783
2006	0.0206784	0.0206776
2007	0.0206776	0.0206768
2008	0.0206768	0.0206761
2009	0.0206761	0.0206753
2010	0.0206754	0.0206746
2011	0.0206746	0.0206738
2012	0.0206738	0.020673
2013	0.0206731	0.0206722
2014	0.0206723	0.0206715
2015	0.0206715	0.0206708
2016	0.0206708	0.02067
2017	0.0206701	0.0206693
2018	0.0206694	0.0206686
2019	0.0206686	0.0206678
2020	0.0206678	0.020667
2021	0.0206671	0.0206663
2022	0.0206663	0.0206655
2023	0.0206656	0.0206648
2024	0.0206648	0.020664
2025	0.020664	0.0206633
2026	0.0206633	0.0206625
2027	0.0206625	0.0206618
2028	0.0206618	0.020661
2029	0.0206611	0.0206603
2030	0.0206603	0.0206595
2031	0.0206596	0.0206588
2032	0.0206588	0.0206581
2033	0.020658	0.0206573
2034	0.0206573	0.0206565
2035	0.0206566	0.0206558
2036	0.0206558	0.020655
2037	0.020655	0.0206543
2038	0.0206543	0.0206535
2039	0.0206534	0.0206528
2040	0.0206528	0.0206521
2041	0.020652	0.0206513
2042	0.0206513	0.0206506
2043	0.0206506	0.0206498
2044	0.0206498	0.0206491
2045	0.020649	0.0206483
2046	0.0206483	0.0206476
2047	0.0206476	0.0206468
2048	0.0206468	0.0206461
2049	0.0206461	0.0206454
2050	0.0206453	0.0206446
2051	0.0206445	0.0206439
2052	0.0206438	0.0206431
2053	0.020643	0.0206423
2054	0.0206423	0.0206416
2055	0.0206415	0.0206408
2056	0.0206408	0.0206401
2057	0.0206401	0.0206393
2058	0.0206393	0.0206386
2059	0.0206386	0.0206378
2060	0.0206378	0.0206371
2061	0.0206371	0.0206363
2062	0.0206364	0.0206356
2063	0.0206356	0.0206349
2064	0.0206349	0.0206341
2065	0.0206341	0.0206334
2066	0.0206334	0.0206326
2067	0.0206326	0.0206319
2068	0.0206318	0.0206311
2069	0.0206311	0.0206304
2070	0.0206304	0.0206296
2071	0.0206296	0.0206289
2072	0.0206289	0.0206282
2073	0.0206282	0.0206274
2074	0.0206274	0.0206267
2075	0.0206267	0.0206259
2076	0.020626	0.0206252
2077	0.0206252	0.0206244
2078	0.0206244	0.0206237
2079	0.0206237	0.020623
2080	0.020623	0.0206222
2081	0.0206222	0.0206215
2082	0.0206215	0.0206207
2083	0.0206207	0.02062
2084	0.0206199	0.0206192
2085	0.0206192	0.0206186
2086	0.0206185	0.0206177
2087	0.0206177	0.020617
2088	0.020617	0.0206162
2089	0.0206162	0.0206155
2090	0.0206155	0.0206147
2091	0.0206148	0.020614
2092	0.020614	0.0206133
2093	0.0206133	0.0206125
2094	0.0206125	0.0206118
2095	0.0206118	0.0206111
2096	0.020611	0.0206103
2097	0.0206104	0.0206096
2098	0.0206095	0.0206088
2099	0.0206088	0.0206081
2100	0.020608	0.0206073
2101	0.0206073	0.0206066
2102	0.0206066	0.0206058
2103	0.0206059	0.0206051
2104	0.0206051	0.0206043
2105	0.0206044	0.0206036
2106	0.0206036	0.0206028
2107	0.0206029	0.0206021
2108	0.0206021	0.0206014
2109	0.0206014	0.0206007
2110	0.0206007	0.0206
2111	0.0205999	0.0205992
2112	0.0205992	0.0205985
2113	0.0205985	0.0205977
2114	0.0205977	0.020597
2115	0.020597	0.0205962
2116	0.0205962	0.0205955
2117	0.0205955	0.0205947
2118	0.0205947	0.020594
2119	0.0205941	0.0205933
2120	0.0205933	0.0205925
2121	0.0205925	0.0205917
2122	0.0205918	0.020591
2123	0.020591	0.0205903
2124	0.0205903	0.0205896
2125	0.0205896	0.0205889
2126	0.0205889	0.0205881
2127	0.0205881	0.0205874
2128	0.0205874	0.0205866
2129	0.0205866	0.0205859
2130	0.0205859	0.0205851
2131	0.0205851	0.0205843
2132	0.0205843	0.0205836
2133	0.0205836	0.0205829
2134	0.0205829	0.0205821
2135	0.0205821	0.0205814
2136	0.0205814	0.0205807
2137	0.0205806	0.0205799
2138	0.02058	0.0205792
2139	0.0205792	0.0205785
2140	0.0205784	0.0205777
2141	0.0205777	0.020577
2142	0.020577	0.0205763
2143	0.0205763	0.0205755
2144	0.0205755	0.0205748
2145	0.0205748	0.0205741
2146	0.0205741	0.0205733
2147	0.0205733	0.0205726
2148	0.0205726	0.0205718
2149	0.0205719	0.0205711
2150	0.0205711	0.0205704
2151	0.0205704	0.0205697
2152	0.0205696	0.0205689
2153	0.0205689	0.0205682
2154	0.0205681	0.0205674
2155	0.0205674	0.0205667
2156	0.0205667	0.020566
2157	0.020566	0.0205653
2158	0.0205653	0.0205645
2159	0.0205645	0.0205638
2160	0.0205638	0.020563
2161	0.020563	0.0205623
2162	0.0205623	0.0205615
2163	0.0205616	0.0205608
2164	0.0205608	0.02056
2165	0.0205601	0.0205593
2166	0.0205593	0.0205586
2167	0.0205586	0.0205578
2168	0.0205579	0.0205571
2169	0.0205572	0.0205564
2170	0.0205564	0.0205557
2171	0.0205557	0.0205549
2172	0.0205549	0.0205542
2173	0.0205542	0.0205534
2174	0.0205535	0.0205527
2175	0.0205527	0.020552
2176	0.020552	0.0205513
2177	0.0205513	0.0205505
2178	0.0205506	0.0205498
2179	0.0205498	0.0205491
2180	0.0205491	0.0205483
2181	0.0205483	0.0205476
2182	0.0205476	0.0205469
2183	0.0205469	0.0205462
2184	0.0205461	0.0205454
2185	0.0205454	0.0205447
2186	0.0205447	0.0205439
2187	0.0205439	0.0205432
2188	0.0205432	0.0205425
2189	0.0205424	0.0205418
2190	0.0205418	0.020541
2191	0.020541	0.0205403
2192	0.0205403	0.0205396
2193	0.0205395	0.0205388
2194	0.0205388	0.0205381
2195	0.0205381	0.0205374
2196	0.0205373	0.0205366
2197	0.0205366	0.0205359
2198	0.0205359	0.0205352
2199	0.0205352	0.0205344
2200	0.0205344	0.0205338
2201	0.0205337	0.020533
2202	0.020533	0.0205323
2203	0.0205322	0.0205315
2204	0.0205315	0.0205308
2205	0.0205308	0.02053
2206	0.0205301	0.0205293
2207	0.0205294	0.0205286
2208	0.0205286	0.0205279
2209	0.0205279	0.0205272
2210	0.0205271	0.0205264
2211	0.0205264	0.0205257
2212	0.0205257	0.020525
2213	0.0205249	0.0205243
2214	0.0205242	0.0205235
2215	0.0205235	0.0205228
2216	0.0205228	0.020522
2217	0.0205221	0.0205213
2218	0.0205214	0.0205206
2219	0.0205206	0.0205199
2220	0.0205199	0.0205192
2221	0.0205192	0.0205184
2222	0.0205184	0.0205177
2223	0.0205177	0.020517
2224	0.0205169	0.0205162
2225	0.0205162	0.0205155
2226	0.0205155	0.0205147
2227	0.0205148	0.020514
2228	0.0205141	0.0205133
2229	0.0205133	0.0205125
2230	0.0205126	0.0205118
2231	0.0205119	0.0205111
2232	0.0205112	0.0205104
2233	0.0205104	0.0205097
2234	0.0205097	0.020509
2235	0.0205089	0.0205083
2236	0.0205082	0.0205075
2237	0.0205075	0.0205068
2238	0.0205068	0.020506
2239	0.020506	0.0205053
2240	0.0205054	0.0205046
2241	0.0205046	0.0205039
2242	0.0205039	0.0205032
2243	0.0205032	0.0205025
2244	0.0205024	0.0205017
2245	0.0205017	0.020501
2246	0.0205009	0.0205003
2247	0.0205003	0.0204996
2248	0.0204996	0.0204988
2249	0.0204988	0.0204981
2250	0.0204981	0.0204974
2251	0.0204974	0.0204966
2252	0.0204966	0.0204959
2253	0.0204959	0.0204952
2254	0.0204952	0.0204945
2255	0.0204945	0.0204938
2256	0.0204937	0.020493
2257	0.020493	0.0204923
2258	0.0204923	0.0204915
2259	0.0204916	0.0204908
2260	0.0204909	0.0204901
2261	0.0204901	0.0204894
2262	0.0204894	0.0204886
2263	0.0204887	0.0204879
2264	0.020488	0.0204872
2265	0.0204872	0.0204865
2266	0.0204865	0.0204858
2267	0.0204858	0.0204851
2268	0.0204851	0.0204844
2269	0.0204844	0.0204836
2270	0.0204836	0.0204829
2271	0.0204829	0.0204822
2272	0.0204822	0.0204815
2273	0.0204815	0.0204807
2274	0.0204808	0.02048
2275	0.02048	0.0204793
2276	0.0204792	0.0204786
2277	0.0204786	0.0204778
2278	0.0204779	0.0204771
2279	0.0204772	0.0204764
2280	0.0204764	0.0204757
2281	0.0204757	0.020475
2282	0.020475	0.0204742
2283	0.0204742	0.0204735
2284	0.0204735	0.0204728
2285	0.0204728	0.020472
2286	0.0204721	0.0204713
2287	0.0204714	0.0204706
2288	0.0204707	0.0204699
2289	0.0204699	0.0204692
2290	0.0204692	0.0204685
2291	0.0204685	0.0204677
2292	0.0204677	0.020467
2293	0.0204671	0.0204663
2294	0.0204663	0.0204656
2295	0.0204656	0.0204649
2296	0.0204649	0.0204642
2297	0.0204642	0.0204634
2298	0.0204634	0.0204627
2299	0.0204627	0.020462
2300	0.020462	0.0204612
2301	0.0204613	0.0204605
2302	0.0204605	0.0204598
2303	0.0204599	0.0204591
2304	0.0204592	0.0204584
2305	0.0204585	0.0204577
2306	0.0204577	0.020457
2307	0.020457	0.0204563
2308	0.0204563	0.0204555
2309	0.0204556	0.0204548
2310	0.0204548	0.0204542
2311	0.0204541	0.0204534
2312	0.0204534	0.0204527
2313	0.0204527	0.020452
2314	0.020452	0.0204513
2315	0.0204512	0.0204506
2316	0.0204505	0.0204498
2317	0.0204498	0.0204491
2318	0.0204491	0.0204484
2319	0.0204484	0.0204477
2320	0.0204476	0.020447
2321	0.020447	0.0204462
2322	0.0204463	0.0204455
2323	0.0204455	0.0204448
2324	0.0204448	0.0204441
2325	0.0204441	0.0204433
2326	0.0204434	0.0204426
2327	0.0204427	0.0204419
2328	0.020442	0.0204412
2329	0.0204412	0.0204405
2330	0.0204405	0.0204398
2331	0.0204398	0.0204391
2332	0.0204391	0.0204384
2333	0.0204384	0.0204377
2334	0.0204377	0.0204369
2335	0.0204369	0.0204362
2336	0.0204363	0.0204355
2337	0.0204355	0.0204348
2338	0.0204348	0.0204341
2339	0.0204342	0.0204334
2340	0.0204334	0.0204327
2341	0.0204326	0.020432
2342	0.020432	0.0204312
2343	0.0204312	0.0204305
2344	0.0204305	0.0204298
2345	0.0204298	0.0204291
2346	0.0204291	0.0204284
2347	0.0204284	0.0204277
2348	0.0204276	0.020427
2349	0.0204269	0.0204263
2350	0.0204262	0.0204256
2351	0.0204255	0.0204249
2352	0.0204248	0.0204241
2353	0.0204241	0.0204234
2354	0.0204234	0.0204226
2355	0.0204227	0.0204219
2356	0.0204219	0.0204212
2357	0.0204212	0.0204205
2358	0.0204205	0.0204198
2359	0.0204198	0.0204191
2360	0.0204191	0.0204184
2361	0.0204184	0.0204177
2362	0.0204177	0.0204169
2363	0.020417	0.0204162
2364	0.0204163	0.0204155
2365	0.0204156	0.0204148
2366	0.0204149	0.0204141
2367	0.0204142	0.0204135
2368	0.0204134	0.0204127
2369	0.0204127	0.020412
2370	0.020412	0.0204113
2371	0.0204114	0.0204106
2372	0.0204106	0.0204099
2373	0.0204099	0.0204092
2374	0.0204092	0.0204085
2375	0.0204085	0.0204078
2376	0.0204078	0.0204071
2377	0.0204071	0.0204063
2378	0.0204064	0.0204056
2379	0.0204056	0.0204049
2380	0.0204049	0.0204042
2381	0.0204042	0.0204035
2382	0.0204035	0.0204028
2383	0.0204028	0.0204021
2384	0.0204021	0.0204014
2385	0.0204014	0.0204006
2386	0.0204007	0.0204
2387	0.0204	0.0203993
2388	0.0203993	0.0203985
2389	0.0203986	0.0203978
2390	0.0203978	0.0203971
2391	0.0203972	0.0203965
2392	0.0203965	0.0203957
2393	0.0203958	0.020395
2394	0.020395	0.0203943
2395	0.0203944	0.0203936
2396	0.0203936	0.0203929
2397	0.0203929	0.0203922
2398	0.0203922	0.0203914
2399	0.0203915	0.0203908
2400	0.0203908	0.02039
2401	0.0203901	0.0203893
2402	0.0203894	0.0203886
2403	0.0203887	0.020388
2404	0.020388	0.0203873
2405	0.0203873	0.0203866
2406	0.0203865	0.0203858
2407	0.0203858	0.0203851
2408	0.0203851	0.0203844
2409	0.0203845	0.0203838
2410	0.0203837	0.0203831
2411	0.020383	0.0203823
2412	0.0203823	0.0203816
2413	0.0203816	0.0203809
2414	0.0203809	0.0203802
2415	0.0203803	0.0203795
2416	0.0203795	0.0203788
2417	0.0203788	0.0203781
2418	0.0203781	0.0203774
2419	0.0203774	0.0203767
2420	0.0203767	0.020376
2421	0.020376	0.0203753
2422	0.0203753	0.0203746
2423	0.0203746	0.0203739
2424	0.0203739	0.0203732
2425	0.0203731	0.0203725
2426	0.0203724	0.0203717
2427	0.0203718	0.020371
2428	0.020371	0.0203704
2429	0.0203704	0.0203696
2430	0.0203696	0.020369
2431	0.020369	0.0203682
2432	0.0203683	0.0203676
2433	0.0203676	0.0203668
2434	0.0203668	0.0203662
2435	0.0203662	0.0203654
2436	0.0203655	0.0203648
2437	0.0203647	0.0203641
2438	0.0203641	0.0203634
2439	0.0203633	0.0203627
2440	0.0203627	0.020362
2441	0.020362	0.0203612
2442	0.0203612	0.0203605
2443	0.0203605	0.0203598
2444	0.0203599	0.0203591
2445	0.0203592	0.0203584
2446	0.0203585	0.0203577
2447	0.0203578	0.020357
2448	0.0203571	0.0203563
2449	0.0203563	0.0203556
2450	0.0203556	0.0203549
2451	0.0203549	0.0203542
2452	0.0203543	0.0203536
2453	0.0203535	0.0203528
2454	0.0203528	0.0203522
2455	0.0203521	0.0203514
2456	0.0203514	0.0203508
2457	0.0203508	0.02035
2458	0.02035	0.0203493
2459	0.0203494	0.0203486
2460	0.0203486	0.0203479
2461	0.0203479	0.0203473
2462	0.0203473	0.0203466
2463	0.0203465	0.0203459
2464	0.0203459	0.0203452
2465	0.0203452	0.0203445
2466	0.0203445	0.0203438
2467	0.0203438	0.0203431
2468	0.0203431	0.0203424
2469	0.0203424	0.0203417
2470	0.0203417	0.020341
2471	0.020341	0.0203403
2472	0.0203403	0.0203396
2473	0.0203396	0.0203389
2474	0.0203389	0.0203383
2475	0.0203382	0.0203375
2476	0.0203375	0.0203368
2477	0.0203368	0.0203361
2478	0.0203361	0.0203354
2479	0.0203354	0.0203348
2480	0.0203347	0.0203341
2481	0.020334	0.0203334
2482	0.0203334	0.0203327
2483	0.0203326	0.020332
2484	0.0203319	0.0203313
2485	0.0203313	0.0203306
2486	0.0203305	0.0203299
2487	0.0203299	0.0203292
2488	0.0203292	0.0203285
2489	0.0203285	0.0203278
2490	0.0203278	0.0203271
2491	0.020327	0.0203264
2492	0.0203264	0.0203257
2493	0.0203257	0.020325
2494	0.020325	0.0203243
2495	0.0203243	0.0203236
2496	0.0203236	0.0203229
2497	0.0203229	0.0203222
2498	0.0203223	0.0203215
2499	0.0203216	0.0203208
2500	0.0203208	0.0203202
2501	0.0203202	0.0203194
2502	0.0203194	0.0203187
2503	0.0203188	0.0203181
2504	0.0203181	0.0203174
2505	0.0203174	0.0203167
2506	0.0203167	0.020316
2507	0.0203159	0.0203153
2508	0.0203153	0.0203146
2509	0.0203146	0.0203139
2510	0.0203139	0.0203132
2511	0.0203132	0.0203125
2512	0.0203125	0.0203118
2513	0.0203118	0.0203112
2514	0.0203112	0.0203105
2515	0.0203105	0.0203098
2516	0.0203098	0.0203091
2517	0.0203091	0.0203084
2518	0.0203084	0.0203077
2519	0.0203077	0.020307
2520	0.020307	0.0203063
2521	0.0203063	0.0203056
2522	0.0203056	0.0203049
2523	0.020305	0.0203042
2524	0.0203043	0.0203036
2525	0.0203036	0.0203029
2526	0.0203029	0.0203022
2527	0.0203022	0.0203015
2528	0.0203016	0.0203008
2529	0.0203008	0.0203001
2530	0.0203001	0.0202995
2531	0.0202994	0.0202988
2532	0.0202987	0.0202981
2533	0.0202981	0.0202974
2534	0.0202974	0.0202967
2535	0.0202967	0.020296
2536	0.020296	0.0202953
2537	0.0202953	0.0202946
2538	0.0202946	0.0202939
2539	0.0202939	0.0202932
2540	0.0202932	0.0202925
2541	0.0202925	0.0202918
2542	0.0202919	0.0202912
2543	0.0202912	0.0202905
2544	0.0202905	0.0202898
2545	0.0202898	0.0202891
2546	0.0202891	0.0202884
2547	0.0202885	0.0202878
2548	0.0202877	0.020287
2549	0.0202871	0.0202863
2550	0.0202863	0.0202856
2551	0.0202856	0.020285
2552	0.020285	0.0202843
2553	0.0202843	0.0202836
2554	0.0202836	0.020283
2555	0.0202829	0.0202823
2556	0.0202823	0.0202815
2557	0.0202816	0.0202809
2558	0.0202809	0.0202801
2559	0.0202802	0.0202795
2560	0.0202795	0.0202789
2561	0.0202789	0.0202782
2562	0.0202782	0.0202774
2563	0.0202775	0.0202767
2564	0.0202768	0.0202761
2565	0.0202761	0.0202754
2566	0.0202754	0.0202747
2567	0.0202748	0.020274
2568	0.0202741	0.0202734
2569	0.0202734	0.0202727
2570	0.0202726	0.020272
2571	0.020272	0.0202713
2572	0.0202713	0.0202706
2573	0.0202706	0.02027
2574	0.0202699	0.0202693
2575	0.0202693	0.0202686
2576	0.0202686	0.0202679
2577	0.0202679	0.0202672
2578	0.0202672	0.0202665
2579	0.0202666	0.0202659
2580	0.0202659	0.0202652
2581	0.0202652	0.0202645
2582	0.0202645	0.0202638
2583	0.0202639	0.0202632
2584	0.0202632	0.0202624
2585	0.0202625	0.0202618
2586	0.0202618	0.0202611
2587	0.0202611	0.0202604
2588	0.0202604	0.0202597
2589	0.0202597	0.020259
2590	0.0202591	0.0202584
2591	0.0202584	0.0202577
2592	0.0202577	0.020257
2593	0.020257	0.0202564
2594	0.0202563	0.0202557
2595	0.0202556	0.020255
2596	0.020255	0.0202543
2597	0.0202543	0.0202536
2598	0.0202537	0.0202529
2599	0.020253	0.0202523
2600	0.0202523	0.0202516
2601	0.0202516	0.0202509
2602	0.0202509	0.0202502
2603	0.0202503	0.0202495
2604	0.0202495	0.0202488
2605	0.0202488	0.0202482
2606	0.0202482	0.0202475
2607	0.0202475	0.0202468
2608	0.0202469	0.0202462
2609	0.0202462	0.0202455
2610	0.0202455	0.0202448
2611	0.0202448	0.0202441
2612	0.0202442	0.0202434
2613	0.0202435	0.0202428
2614	0.0202428	0.0202421
2615	0.0202421	0.0202415
2616	0.0202414	0.0202408
2617	0.0202408	0.0202401
2618	0.0202401	0.0202394
2619	0.0202394	0.0202387
2620	0.0202387	0.0202381
2621	0.020238	0.0202375
2622	0.0202374	0.0202367
2623	0.0202367	0.0202361
2624	0.020236	0.0202354
2625	0.0202354	0.0202347
2626	0.0202347	0.020234
2627	0.020234	0.0202333
2628	0.0202333	0.0202327
2629	0.0202327	0.020232
2630	0.020232	0.0202313
2631	0.0202313	0.0202306
2632	0.0202307	0.02023
2633	0.02023	0.0202293
2634	0.0202293	0.0202286
2635	0.0202286	0.020228
2636	0.0202279	0.0202273
2637	0.0202273	0.0202266
2638	0.0202266	0.0202259
2639	0.0202259	0.0202253
2640	0.0202252	0.0202246
2641	0.0202246	0.0202239
2642	0.0202239	0.0202233
2643	0.0202233	0.0202226
2644	0.0202226	0.0202219
2645	0.020222	0.0202212
2646	0.0202213	0.0202206
2647	0.0202206	0.0202199
2648	0.0202199	0.0202192
2649	0.0202192	0.0202185
2650	0.0202186	0.0202178
2651	0.0202178	0.0202172
2652	0.0202172	0.0202165
2653	0.0202165	0.0202158
2654	0.0202159	0.0202152
2655	0.0202152	0.0202145
2656	0.0202145	0.0202138
2657	0.0202139	0.0202132
2658	0.0202132	0.0202125
2659	0.0202125	0.0202118
2660	0.0202119	0.0202111
2661	0.0202111	0.0202105
2662	0.0202105	0.0202098
2663	0.0202098	0.0202091
2664	0.0202092	0.0202085
2665	0.0202085	0.0202078
2666	0.0202078	0.0202071
2667	0.0202071	0.0202065
2668	0.0202065	0.0202058
2669	0.0202058	0.0202051
2670	0.0202052	0.0202045
2671	0.0202046	0.0202038
2672	0.0202038	0.0202032
2673	0.0202032	0.0202025
2674	0.0202025	0.0202018
2675	0.0202019	0.0202011
2676	0.0202012	0.0202005
2677	0.0202005	0.0201998
2678	0.0201998	0.0201992
2679	0.0201991	0.0201985
2680	0.0201985	0.0201978
2681	0.0201978	0.0201972
2682	0.0201971	0.0201965
2683	0.0201965	0.0201958
2684	0.0201958	0.0201951
2685	0.0201951	0.0201944
2686	0.0201945	0.0201938
2687	0.0201938	0.0201931
2688	0.0201931	0.0201924
2689	0.0201924	0.0201918
2690	0.0201918	0.0201911
2691	0.0201912	0.0201905
2692	0.0201905	0.0201898
2693	0.0201898	0.0201892
2694	0.0201892	0.0201885
2695	0.0201885	0.0201878
2696	0.0201878	0.0201872
2697	0.0201872	0.0201865
2698	0.0201865	0.0201858
2699	0.0201859	0.0201852
2700	0.0201852	0.0201846
2701	0.0201845	0.0201839
2702	0.0201838	0.0201832
2703	0.0201832	0.0201825
2704	0.0201826	0.0201819
2705	0.0201818	0.0201812
2706	0.0201812	0.0201805
2707	0.0201805	0.0201799
2708	0.0201799	0.0201792
2709	0.0201792	0.0201785
2710	0.0201785	0.0201779
2711	0.0201779	0.0201772
2712	0.0201773	0.0201765
2713	0.0201766	0.0201759
2714	0.0201759	0.0201752
2715	0.0201753	0.0201746
2716	0.0201745	0.0201739
2717	0.0201739	0.0201732
2718	0.0201733	0.0201725
2719	0.0201726	0.0201719
2720	0.020172	0.0201712
2721	0.0201713	0.0201706
2722	0.0201706	0.02017
2723	0.02017	0.0201693
2724	0.0201694	0.0201687
2725	0.0201687	0.020168
2726	0.020168	0.0201673
2727	0.0201674	0.0201667
2728	0.0201667	0.020166
2729	0.020166	0.0201654
2730	0.0201654	0.0201648
2731	0.0201647	0.0201641
2732	0.0201641	0.0201634
2733	0.0201634	0.0201627
2734	0.0201627	0.0201621
2735	0.0201621	0.0201614
2736	0.0201615	0.0201608
2737	0.0201608	0.0201601
2738	0.0201602	0.0201595
2739	0.0201595	0.0201588
2740	0.0201589	0.0201581
2741	0.0201581	0.0201575
2742	0.0201575	0.0201568
2743	0.0201568	0.0201562
2744	0.0201562	0.0201555
2745	0.0201555	0.0201548
2746	0.0201548	0.0201541
2747	0.0201542	0.0201535
2748	0.0201535	0.0201529
2749	0.0201529	0.0201522
2750	0.0201522	0.0201516
2751	0.0201516	0.0201509
2752	0.0201509	0.0201503
2753	0.0201503	0.0201496
2754	0.0201496	0.0201489
2755	0.020149	0.0201483
2756	0.0201483	0.0201477
2757	0.0201477	0.020147
2758	0.020147	0.0201464
2759	0.0201463	0.0201457
2760	0.0201457	0.0201451
2761	0.020145	0.0201444
2762	0.0201444	0.0201438
2763	0.0201438	0.0201431
2764	0.0201431	0.0201425
2765	0.0201424	0.0201418
2766	0.0201418	0.0201411
2767	0.0201412	0.0201405
2768	0.0201405	0.0201398
2769	0.0201398	0.0201392
2770	0.0201392	0.0201385
2771	0.0201385	0.0201379
2772	0.0201379	0.0201373
2773	0.0201372	0.0201366
2774	0.0201366	0.0201359
2775	0.020136	0.0201353
2776	0.0201353	0.0201346
2777	0.0201346	0.020134
2778	0.020134	0.0201333
2779	0.0201333	0.0201326
2780	0.0201326	0.0201319
2781	0.020132	0.0201313
2782	0.0201313	0.0201306
2783	0.0201307	0.02013
2784	0.02013	0.0201293
2785	0.0201294	0.0201287
2786	0.0201288	0.0201281
2787	0.0201281	0.0201274
2788	0.0201274	0.0201268
2789	0.0201268	0.0201261
2790	0.0201262	0.0201255
2791	0.0201255	0.0201249
2792	0.0201249	0.0201242
2793	0.0201242	0.0201235
2794	0.0201236	0.0201229
2795	0.0201229	0.0201223
2796	0.0201223	0.0201216
2797	0.0201216	0.020121
2798	0.020121	0.0201204
2799	0.0201203	0.0201197
2800	0.0201197	0.020119
2801	0.0201191	0.0201184
2802	0.0201184	0.0201177
2803	0.0201178	0.0201171
2804	0.0201171	0.0201165
2805	0.0201165	0.0201158
2806	0.0201158	0.0201151
2807	0.0201151	0.0201145
2808	0.0201145	0.0201139
2809	0.0201139	0.0201132
2810	0.0201133	0.0201126
2811	0.0201126	0.0201119
2812	0.0201119	0.0201113
2813	0.0201113	0.0201106
2814	0.0201107	0.02011
2815	0.02011	0.0201094
2816	0.0201093	0.0201087
2817	0.0201087	0.020108
2818	0.0201081	0.0201074
2819	0.0201074	0.0201068
2820	0.0201068	0.0201061
2821	0.0201061	0.0201055
2822	0.0201055	0.0201049
2823	0.0201049	0.0201042
2824	0.0201043	0.0201036
2825	0.0201035	0.020103
2826	0.0201029	0.0201023
2827	0.0201023	0.0201016
2828	0.0201016	0.020101
2829	0.020101	0.0201004
2830	0.0201004	0.0200997
2831	0.0200997	0.0200991
2832	0.0200991	0.0200985
2833	0.0200984	0.0200978
2834	0.0200978	0.0200972
2835	0.0200972	0.0200965
2836	0.0200965	0.0200959
2837	0.0200959	0.0200953
2838	0.0200953	0.0200947
2839	0.0200947	0.020094
2840	0.020094	0.0200934
2841	0.0200934	0.0200928
2842	0.0200927	0.0200921
2843	0.0200921	0.0200915
2844	0.0200914	0.0200908
2845	0.0200908	0.0200902
2846	0.0200902	0.0200895
2847	0.0200895	0.0200889
2848	0.0200888	0.0200882
2849	0.0200882	0.0200876
2850	0.0200876	0.020087
2851	0.020087	0.0200863
2852	0.0200864	0.0200857
2853	0.0200857	0.0200851
2854	0.0200851	0.0200844
2855	0.0200844	0.0200837
2856	0.0200838	0.0200831
2857	0.0200831	0.0200825
2858	0.0200825	0.0200818
2859	0.0200819	0.0200812
2860	0.0200812	0.0200806
2861	0.0200806	0.0200799
2862	0.02008	0.0200793
2863	0.0200793	0.0200786
2864	0.0200787	0.0200781
2865	0.0200781	0.0200774
2866	0.0200774	0.0200768
2867	0.0200768	0.0200761
2868	0.0200762	0.0200755
2869	0.0200755	0.0200748
2870	0.0200749	0.0200742
2871	0.0200743	0.0200736
2872	0.0200736	0.020073
2873	0.020073	0.0200723
2874	0.0200723	0.0200717
2875	0.0200718	0.0200711
2876	0.0200711	0.0200705
2877	0.0200705	0.0200698
2878	0.0200699	0.0200692
2879	0.0200692	0.0200685
2880	0.0200686	0.0200679
2881	0.0200679	0.0200673
2882	0.0200673	0.0200666
2883	0.0200666	0.020066
2884	0.0200661	0.0200654
2885	0.0200654	0.0200647
2886	0.0200648	0.0200641
2887	0.0200641	0.0200635
2888	0.0200635	0.0200628
2889	0.0200628	0.0200622
2890	0.0200622	0.0200616
2891	0.0200616	0.020061
2892	0.020061	0.0200604
2893	0.0200604	0.0200597
2894	0.0200597	0.0200591
2895	0.0200591	0.0200585
2896	0.0200584	0.0200578
2897	0.0200578	0.0200572
2898	0.0200572	0.0200566
2899	0.0200566	0.0200559
2900	0.0200559	0.0200553
2901	0.0200553	0.0200547
2902	0.0200547	0.020054
2903	0.020054	0.0200534
2904	0.0200534	0.0200527
2905	0.0200528	0.0200522
2906	0.0200521	0.0200515
2907	0.0200515	0.0200509
2908	0.0200509	0.0200503
2909	0.0200503	0.0200497
2910	0.0200497	0.0200491
2911	0.0200491	0.0200484
2912	0.0200484	0.0200478
2913	0.0200478	0.0200472
2914	0.0200471	0.0200465
2915	0.0200465	0.0200459
2916	0.0200459	0.0200452
2917	0.0200453	0.0200446
2918	0.0200446	0.020044
2919	0.020044	0.0200434
2920	0.0200434	0.0200427
2921	0.0200428	0.0200421
2922	0.0200421	0.0200415
2923	0.0200415	0.0200409
2924	0.0200409	0.0200403
2925	0.0200403	0.0200397
2926	0.0200397	0.0200391
2927	0.0200391	0.0200384
2928	0.0200384	0.0200378
2929	0.0200378	0.0200372
2930	0.0200372	0.0200366
2931	0.0200366	0.0200359
2932	0.020036	0.0200352
2933	0.0200353	0.0200347
2934	0.0200347	0.020034
2935	0.0200341	0.0200334
2936	0.0200334	0.0200328
2937	0.0200328	0.0200322
2938	0.0200322	0.0200316
2939	0.0200316	0.020031
2940	0.020031	0.0200303
2941	0.0200304	0.0200297
2942	0.0200298	0.0200291
2943	0.0200291	0.0200285
2944	0.0200285	0.0200279
2945	0.0200279	0.0200272
2946	0.0200272	0.0200266
2947	0.0200266	0.020026
2948	0.020026	0.0200254
2949	0.0200254	0.0200248
2950	0.0200248	0.0200242
2951	0.0200242	0.0200235
2952	0.0200235	0.0200229
2953	0.020023	0.0200223
2954	0.0200223	0.0200216
2955	0.0200217	0.020021
2956	0.020021	0.0200204
2957	0.0200204	0.0200198
2958	0.0200198	0.0200192
2959	0.0200192	0.0200186
2960	0.0200186	0.020018
2961	0.020018	0.0200174
2962	0.0200174	0.0200167
2963	0.0200167	0.0200161
2964	0.0200161	0.0200155
2965	0.0200155	0.0200149
2966	0.0200149	0.0200143
2967	0.0200143	0.0200136
2968	0.0200137	0.020013
2969	0.0200131	0.0200124
2970	0.0200125	0.0200118
2971	0.0200118	0.0200112
2972	0.0200112	0.0200106
2973	0.0200106	0.0200099
2974	0.0200099	0.0200094
2975	0.0200094	0.0200087
2976	0.0200087	0.0200081
2977	0.0200081	0.0200075
2978	0.0200075	0.0200068
2979	0.0200069	0.0200062
2980	0.0200063	0.0200056
2981	0.0200057	0.020005
2982	0.020005	0.0200044
2983	0.0200044	0.0200038
2984	0.0200038	0.0200032
2985	0.0200032	0.0200026
2986	0.0200026	0.0200019
2987	0.0200019	0.0200013
2988	0.0200014	0.0200007
2989	0.0200008	0.0200001
2990	0.0200001	0.0199995
2991	0.0199995	0.0199989
