-0.000366777 0.124102 -0.0889556
-0.629575 1.39482 -0.629564
-0.000366777 0.124102 -0.0889556
-0.629575 1.39482 -0.629564
-0.000417829 0.128042 -0.0951682
-0.734504 1.28989 -0.734491
-0.000463426 0.131308 -0.101758
-0.839434 1.18496 -0.839418
-0.000366777 0.124102 -0.0889556
-0.629575 1.39482 -0.629564
-0.000417829 0.128042 -0.0951682
-0.734504 1.28989 -0.734491
-0.000417829 0.128042 -0.0951682
-0.734504 1.28989 -0.734491
-0.000463426 0.131308 -0.101758
-0.839434 1.18496 -0.839418
-0.000366777 0.124102 -0.0889556
-0.629575 1.39482 -0.629564
-0.000417829 0.128042 -0.0951682
-0.734504 1.28989 -0.734491
-0.000463426 0.131308 -0.101758
-0.839434 1.18496 -0.839418
-0.000463426 0.131308 -0.101758
-0.839434 1.18496 -0.839418
-0.000366777 0.124102 -0.0889556
-0.629575 1.39482 -0.629564
-0.000417829 0.128042 -0.0951682
-0.734504 1.28989 -0.734491
-0.000417829 0.128042 -0.0951682
-0.734504 1.28989 -0.734491
-0.000463426 0.131308 -0.101758
-0.839434 1.18496 -0.839418
-0.000366777 0.124102 -0.0889556
-0.629575 1.39482 -0.629564
-0.000366777 0.124102 -0.0889556
-0.629575 1.39482 -0.629564
-0.000417829 0.128042 -0.0951682
-0.734504 1.28989 -0.734491
-0.000463426 0.131308 -0.101758
-0.839434 1.18496 -0.839418
-0.000366777 0.124102 -0.0889556
-0.629575 1.39482 -0.629564
-0.000417829 0.128042 -0.0951682
-0.734504 1.28989 -0.734491
-0.000417829 0.128042 -0.0951682
-0.734504 1.28989 -0.734491
-0.000463426 0.131308 -0.101758
-0.839434 1.18496 -0.839418
-0.000366777 0.124102 -0.0889556
-0.629575 1.39482 -0.629564
-0.000417829 0.128042 -0.0951682
-0.734504 1.28989 -0.734491
-0.000417829 0.128042 -0.0951682
-0.734504 1.28989 -0.734491
-0.000463426 0.131308 -0.101758
-0.839434 1.18496 -0.839418
-0.000365406 0.124133 -0.0889119
-0.629575 1.39527 -0.629564
-0.000365406 0.124133 -0.0889119
-0.629575 1.39527 -0.629564
-0.000416398 0.128077 -0.095123
-0.734504 1.29035 -0.734491
-0.000416398 0.128077 -0.095123
-0.734504 1.29035 -0.734491
-0.000462115 0.131345 -0.101712
-0.839433 1.18542 -0.839418
-0.000462115 0.131345 -0.101712
-0.839433 1.18542 -0.839418
-0.000366777 0.124102 -0.0889556
-0.629575 1.39482 -0.629564
-0.000417829 0.128042 -0.0951682
-0.734504 1.28989 -0.734491
-0.000417829 0.128042 -0.0951682
-0.734504 1.28989 -0.734491
-0.000463426 0.131308 -0.101758
-0.839434 1.18496 -0.839418
-0.000366777 0.124102 -0.0889556
-0.629575 1.39482 -0.629564
-0.000366777 0.124102 -0.0889556
-0.629575 1.39482 -0.629564
-0.000417829 0.128042 -0.0951682
-0.734504 1.28989 -0.734491
-0.000463426 0.131308 -0.101758
-0.839434 1.18496 -0.839418
-0.000366777 0.124102 -0.0889556
-0.629575 1.39482 -0.629564
-0.000366777 0.124102 -0.0889556
-0.629575 1.39482 -0.629564
-0.000417829 0.128042 -0.0951682
-0.734504 1.28989 -0.734491
-0.000463426 0.131308 -0.101758
-0.839434 1.18496 -0.839418
-0.000367075 0.124099 -0.0889582
-0.629575 1.39478 -0.629563
-0.000418365 0.128039 -0.0951709
-0.734504 1.28985 -0.734491
-0.000463963 0.131304 -0.101761
-0.839434 1.18492 -0.839418
-0.000367075 0.124099 -0.0889582
-0.629575 1.39478 -0.629563
-0.000367075 0.124099 -0.0889582
-0.629575 1.39478 -0.629563
-0.000418365 0.128039 -0.0951709
-0.734504 1.28985 -0.734491
-0.000463963 0.131304 -0.101761
-0.839434 1.18492 -0.839418
-0.000366777 0.124102 -0.0889556
-0.629575 1.39482 -0.629564
-0.000417829 0.128042 -0.0951682
-0.734504 1.28989 -0.734491
-0.000463426 0.131308 -0.101758
-0.839434 1.18496 -0.839418
-0.000367075 0.124099 -0.0889582
-0.629575 1.39478 -0.629563
-0.000418365 0.128039 -0.0951709
-0.734504 1.28985 -0.734491
-0.000463963 0.131304 -0.101761
-0.839434 1.18492 -0.839418
-0.000366777 0.124102 -0.0889556
-0.629575 1.39482 -0.629564
-0.000417829 0.128042 -0.0951682
-0.734504 1.28989 -0.734491
-0.000463426 0.131308 -0.101758
-0.839434 1.18496 -0.839418
-0.000366777 0.124102 -0.0889556
-0.629575 1.39482 -0.629564
-0.000417829 0.128042 -0.0951682
-0.734504 1.28989 -0.734491
-0.000463426 0.131308 -0.101758
-0.839434 1.18496 -0.839418
-0.000367075 0.124099 -0.0889582
-0.629575 1.39478 -0.629563
-0.000418365 0.128039 -0.0951709
-0.734504 1.28985 -0.734491
-0.000463963 0.131304 -0.101761
-0.839434 1.18492 -0.839418
-0.000366777 0.124102 -0.0889556
-0.629575 1.39482 -0.629564
-0.000417829 0.128042 -0.0951682
-0.734504 1.28989 -0.734491
-0.000463426 0.131308 -0.101758
-0.839434 1.18496 -0.839418
-0.000367075 0.124099 -0.0889582
-0.629575 1.39478 -0.629563
-0.000418365 0.128039 -0.0951709
-0.734504 1.28985 -0.734491
-0.000463963 0.131304 -0.101761
-0.839434 1.18492 -0.839418
-0.000463963 0.131304 -0.101761
-0.839434 1.18492 -0.839418
-0.000367075 0.124099 -0.0889582
-0.629575 1.39478 -0.629563
-0.000418365 0.128039 -0.0951709
-0.734504 1.28985 -0.734491
-0.000463963 0.131304 -0.101761
-0.839434 1.18492 -0.839418
-0.000366777 0.124102 -0.0889556
-0.629575 1.39482 -0.629564
-0.000417829 0.128042 -0.0951682
-0.734504 1.28989 -0.734491
-0.000463426 0.131308 -0.101758
-0.839434 1.18496 -0.839418
-0.000366777 0.124102 -0.0889556
-0.629575 1.39482 -0.629564
-0.000417829 0.128042 -0.0951682
-0.734504 1.28989 -0.734491
-0.000463426 0.131308 -0.101758
-0.839434 1.18496 -0.839418
-0.000481099 0.133847 -0.108653
-0.90655 1.08003 -0.944346
-0.000366777 0.124102 -0.0889556
-0.629575 1.39482 -0.629564
-0.000417829 0.128042 -0.0951682
-0.734504 1.28989 -0.734491
-0.000417829 0.128042 -0.0951682
-0.734504 1.28989 -0.734491
-0.000455111 0.131301 -0.101758
-0.825636 1.18496 -0.839418
-0.000455201 0.133835 -0.108653
-0.861952 1.08003 -0.944347
-0.000366777 0.124102 -0.0889556
-0.629575 1.39482 -0.629564
-0.000417292 0.128042 -0.0951682
-0.733641 1.28989 -0.734491
-0.000433385 0.131289 -0.101758
-0.790088 1.18496 -0.839419
-0.000424773 0.133824 -0.108653
-0.80977 1.08003 -0.944349
-0.000366777 0.124102 -0.0889556
-0.629575 1.39482 -0.629564
-0.000403881 0.128032 -0.0951683
-0.712267 1.28989 -0.734491
-0.000404537 0.131276 -0.101758
-0.742848 1.18496 -0.83942
-0.000391871 0.133813 -0.108653
-0.753511 1.08003 -0.94435
