0.185186 -0.0664786 -0.120675
-1.91986 0.000256189 -2.89318
0.184782 -0.066362 -0.11827
-1.91986 -0.0567494 -2.99811
0.181372 -0.0653031 -0.123201
-1.91986 -0.0872656 -2.99556
0.180449 -0.0649835 -0.125125
-1.91986 -0.0872661 -2.97757
0.180107 -0.0648742 -0.125793
-1.91986 -0.0872663 -2.97129
0.179974 -0.0648408 -0.126026
-1.91986 -0.0872663 -2.9691
0.177133 -0.0638251 -0.13141
-1.91986 -0.0872664 -2.91747
0.180475 -0.0657088 -0.126602
-1.91986 -0.0283616 -2.88028
0.180815 -0.0658322 -0.125952
-1.91986 -0.0283616 -2.8865
0.18097 -0.0658887 -0.125642
-1.91986 -0.0283616 -2.88942
0.183626 -0.0668557 -0.120227
-1.91986 -0.0283616 -2.94056
0.184486 -0.0671688 -0.118303
-1.91986 -0.0283616 -2.95839
0.184163 -0.0670511 -0.121777
-1.91986 0.0305433 -2.8391
0.183196 -0.0666989 -0.12364
-1.91986 0.0305433 -2.82127
0.182727 -0.0665283 -0.124508
-1.91986 0.0305433 -2.81289
0.182683 -0.0665122 -0.124585
-1.91986 0.0305433 -2.81213
0.179691 -0.065423 -0.129791
-1.91986 0.0305433 -2.761
0.17859 -0.0650222 -0.131569
-1.91986 0.0305433 -2.74317
0.178059 -0.064829 -0.132395
-1.91986 0.0305433 -2.73478
0.17801 -0.0648109 -0.132468
-1.91986 0.0305433 -2.73403
0.177503 -0.0646265 -0.134001
-1.91986 0.0894481 -2.62814
0.178696 -0.0650609 -0.13229
-1.91986 0.0894481 -2.64597
0.179244 -0.0652605 -0.131473
-1.91986 0.0894481 -2.65436
0.179292 -0.065278 -0.131397
-1.91986 0.0894481 -2.65511
0.182521 -0.0664537 -0.126348
-1.91986 0.0894481 -2.70625
0.183586 -0.0668411 -0.124543
-1.91986 0.0894481 -2.72408
0.184115 -0.0670335 -0.123604
-1.91986 0.0894481 -2.73322
0.184115 -0.0670335 -0.123604
-1.91986 0.0894481 -2.73322
0.184128 -0.0670386 -0.123574
-1.91986 0.0894481 -2.73348
0.186967 -0.068072 -0.118289
-1.91986 0.0894481 -2.78444
0.187011 -0.0680876 -0.119424
-1.91986 0.148353 -2.68289
0.185977 -0.0677111 -0.121246
-1.91986 0.148353 -2.66506
0.185429 -0.0675119 -0.12217
-1.91986 0.148353 -2.65592
0.185429 -0.0675119 -0.12217
-1.91986 0.148353 -2.65592
0.182245 -0.0663529 -0.12726
-1.91986 0.148353 -2.6047
0.181085 -0.0659303 -0.128985
-1.91986 0.148353 -2.58693
0.180526 -0.0657271 -0.129787
-1.91986 0.148353 -2.57857
0.180474 -0.0657079 -0.129858
-1.91986 0.148353 -2.57782
0.176952 -0.0644259 -0.134679
-1.91986 0.148353 -2.52668
0.180688 -0.0657859 -0.129305
-1.91986 0.207258 -2.48977
0.181117 -0.0659423 -0.128719
-1.91986 0.207258 -2.49598
0.181315 -0.0660146 -0.128438
-1.91986 0.207258 -2.49891
0.184725 -0.0672556 -0.123524
-1.91986 0.207258 -2.55004
0.185853 -0.0676664 -0.121764
-1.91986 0.207258 -2.56787
0.186371 -0.0678548 -0.120925
-1.91986 0.207258 -2.57625
0.186415 -0.0678711 -0.120847
-1.91986 0.207258 -2.57701
0.187864 -0.0683981 -0.118176
-1.91986 0.266163 -2.50882
0.187335 -0.0682057 -0.119001
-1.91986 0.266163 -2.50047
0.187286 -0.0681877 -0.119074
-1.91986 0.266163 -2.49971
0.183946 -0.0669719 -0.12404
-1.91986 0.266163 -2.44858
0.182719 -0.0665255 -0.125722
-1.91986 0.266163 -2.43075
0.182129 -0.0663107 -0.126503
-1.91986 0.266163 -2.42237
0.182074 -0.0662907 -0.126572
-1.91986 0.266163 -2.42161
0.178363 -0.0649398 -0.131227
-1.91986 0.266163 -2.37048
0.177018 -0.0644499 -0.132802
-1.91986 0.266163 -2.35265
0.180472 -0.0657078 -0.127294
-1.91986 0.325068 -2.31573
0.181785 -0.0661856 -0.125686
-1.91986 0.325068 -2.33356
0.182391 -0.0664061 -0.124916
-1.91986 0.325068 -2.34194
0.186028 -0.0677301 -0.120073
-1.91986 0.325068 -2.39383
0.187219 -0.0681636 -0.118361
-1.91986 0.325068 -2.41166
0.183409 -0.0667766 -0.121856
-1.91986 0.383972 -2.27454
0.182792 -0.0665519 -0.122613
-1.91986 0.383972 -2.26616
0.182734 -0.066531 -0.12268
-1.91986 0.383972 -2.2654
0.17886 -0.065121 -0.127181
-1.91986 0.383972 -2.21427
0.177459 -0.0646107 -0.128701
-1.91986 0.383972 -2.19644
0.176788 -0.0643665 -0.129405
-1.91986 0.383972 -2.18806
0.176726 -0.0643441 -0.129467
-1.91986 0.383972 -2.1873
0.176703 -0.0643357 -0.129489
-1.91986 0.383972 -2.18704
0.180574 -0.065745 -0.123063
-1.91986 0.442877 -2.15961
0.181939 -0.066242 -0.121515
-1.91986 0.442877 -2.17738
0.182625 -0.0664916 -0.120704
-1.91986 0.442877 -2.18649
0.182644 -0.0664984 -0.120678
-1.91986 0.442877 -2.18676
0.18244 -0.0664242 -0.118309
-1.91986 0.501782 -2.1092
0.18244 -0.0664242 -0.118309
-1.91986 0.501782 -2.1092
0.178398 -0.0649529 -0.122656
-1.91986 0.501782 -2.05797
0.176947 -0.0644247 -0.124113
-1.91986 0.501782 -2.0402
0.17695 -0.0644261 -0.117724
-1.91986 0.619592 -1.90176
0.179711 -0.059281 -0.120227
-1.88932 0.560687 -1.97996
0.178213 -0.0587871 -0.121658
-1.88932 0.560687 -1.96213
0.177497 -0.058551 -0.12232
-1.88932 0.560687 -1.95375
0.177431 -0.0585292 -0.122378
-1.88932 0.560687 -1.95299
0.177202 -0.0584539 -0.125749
-1.88932 0.501782 -2.02114
0.177726 -0.0586266 -0.12525
-1.88932 0.501782 -2.02736
0.177907 -0.0586864 -0.125073
-1.88932 0.501782 -2.02953
0.182152 -0.0600862 -0.120823
-1.88932 0.501782 -2.08116
0.183578 -0.0605567 -0.119283
-1.88932 0.501782 -2.09916
0.184237 -0.060774 -0.118545
-1.88932 0.501782 -2.10762
0.184295 -0.0607932 -0.118475
-1.88932 0.501782 -2.10838
0.186698 -0.0615849 -0.118142
-1.88932 0.442877 -2.21427
0.185368 -0.0611463 -0.119747
-1.88932 0.442877 -2.19644
0.184729 -0.0609358 -0.120491
-1.88932 0.442877 -2.18806
0.18467 -0.060916 -0.120557
-1.88932 0.442877 -2.1873
0.180673 -0.0595982 -0.124979
-1.88932 0.442877 -2.13617
0.180673 -0.0595982 -0.124979
-1.88932 0.442877 -2.13617
0.179229 -0.0591216 -0.12647
-1.88932 0.442877 -2.11834
0.178537 -0.0588936 -0.12716
-1.88932 0.442877 -2.10995
0.178473 -0.0588726 -0.127221
-1.88932 0.442877 -2.1092
0.177781 -0.0586445 -0.130406
-1.88932 0.383972 -2.17735
0.178461 -0.0588688 -0.129703
-1.88932 0.383972 -2.18574
0.178461 -0.0588688 -0.129703
-1.88932 0.383972 -2.18574
0.178521 -0.0588885 -0.129637
-1.88932 0.383972 -2.18649
0.182566 -0.0602227 -0.125258
-1.88932 0.383972 -2.23763
0.183923 -0.06067 -0.123676
-1.88932 0.383972 -2.25546
0.184548 -0.0608763 -0.122919
-1.88932 0.383972 -2.26384
0.184603 -0.0608944 -0.122848
-1.88932 0.383972 -2.2646
0.188312 -0.0621175 -0.11815
-1.88932 0.383972 -2.31573
0.186409 -0.0614896 -0.122198
-1.88932 0.325068 -2.37048
0.185139 -0.0610708 -0.123855
-1.88932 0.325068 -2.35265
0.184529 -0.0608694 -0.124624
-1.88932 0.325068 -2.34426
0.184472 -0.0608505 -0.124693
-1.88932 0.325068 -2.34351
0.184472 -0.0608505 -0.124693
-1.88932 0.325068 -2.34351
0.180643 -0.0595879 -0.129277
-1.88932 0.325068 -2.29237
0.179254 -0.0591299 -0.130824
-1.88932 0.325068 -2.27455
0.178589 -0.0589105 -0.131541
-1.88932 0.325068 -2.26616
0.178527 -0.05889 -0.131605
-1.88932 0.325068 -2.2654
0.177394 -0.0585167 -0.134554
-1.88932 0.266163 -2.33356
0.178048 -0.0587322 -0.133823
-1.88932 0.266163 -2.34194
0.178105 -0.0587513 -0.133755
-1.88932 0.266163 -2.3427
0.181988 -0.0600318 -0.129216
-1.88932 0.266163 -2.39383
0.183286 -0.0604597 -0.127581
-1.88932 0.266163 -2.41166
0.18373 -0.0606063 -0.127003
-1.88932 0.266163 -2.41788
0.183883 -0.0606568 -0.126799
-1.88932 0.266163 -2.42005
0.187454 -0.0618347 -0.12191
-1.88932 0.266163 -2.47167
0.188638 -0.0622251 -0.120157
-1.88932 0.266163 -2.48967
0.189182 -0.0624043 -0.11932
-1.88932 0.266163 -2.49814
0.189229 -0.0624198 -0.119242
-1.88932 0.266163 -2.4989
0.190111 -0.0627106 -0.117987
-1.88932 0.207258 -2.60479
0.189033 -0.0623548 -0.119788
-1.88932 0.207258 -2.58696
0.188512 -0.0621831 -0.120626
-1.88932 0.207258 -2.57857
0.188463 -0.0621669 -0.120701
-1.88932 0.207258 -2.57782
0.185159 -0.0610771 -0.125715
-1.88932 0.207258 -2.52668
0.18395 -0.0606787 -0.127422
-1.88932 0.207258 -2.50886
0.183521 -0.0605369 -0.128011
-1.88932 0.207258 -2.50264
0.183369 -0.0604869 -0.128215
-1.88932 0.207258 -2.50047
0.179696 -0.0592754 -0.133016
-1.88932 0.207258 -2.44885
0.178351 -0.0588321 -0.134635
-1.88932 0.207258 -2.43084
0.177706 -0.0586191 -0.135384
-1.88932 0.207258 -2.42238
0.177646 -0.0585993 -0.135451
-1.88932 0.207258 -2.42162
0.177646 -0.0585993 -0.135451
-1.88932 0.207258 -2.42162
0.176712 -0.0582915 -0.137344
-1.88932 0.148353 -2.49815
0.180464 -0.0595292 -0.132608
-1.88932 0.148353 -2.54978
0.181713 -0.0599411 -0.130906
-1.88932 0.148353 -2.56778
0.182288 -0.0601306 -0.130092
-1.88932 0.148353 -2.57624
0.182338 -0.0601473 -0.130017
-1.88932 0.148353 -2.57701
0.182338 -0.0601473 -0.130017
-1.88932 0.148353 -2.57701
0.185693 -0.061254 -0.125033
-1.88932 0.148353 -2.62814
0.186802 -0.0616194 -0.12325
-1.88932 0.148353 -2.64597
0.187309 -0.0617867 -0.1224
-1.88932 0.148353 -2.65436
0.187353 -0.0618012 -0.122321
-1.88932 0.148353 -2.65511
0.187663 -0.0619033 -0.12068
-1.88932 0.0894482 -2.761
0.186652 -0.0615696 -0.122523
-1.88932 0.0894482 -2.74317
0.186162 -0.0614081 -0.123382
-1.88932 0.0894482 -2.73478
0.186162 -0.0614081 -0.123382
-1.88932 0.0894482 -2.73478
0.186117 -0.0613932 -0.123458
-1.88932 0.0894482 -2.73403
0.183019 -0.0603715 -0.128619
-1.88932 0.0894482 -2.68289
0.181874 -0.0599938 -0.130374
-1.88932 0.0894482 -2.66506
0.181322 -0.0598116 -0.131189
-1.88932 0.0894482 -2.65668
0.18127 -0.0597945 -0.131262
-1.88932 0.0894482 -2.65592
0.177781 -0.058644 -0.136136
-1.88932 0.0894482 -2.60479
0.177781 -0.058644 -0.136136
-1.88932 0.0894482 -2.60479
0.178084 -0.0587442 -0.135285
-1.88932 0.0305433 -2.70598
0.17927 -0.0591355 -0.133533
-1.88932 0.0305433 -2.72398
0.179675 -0.059269 -0.132915
-1.88932 0.0305433 -2.73026
0.179814 -0.0593149 -0.132697
-1.88932 0.0305433 -2.73245
0.179862 -0.0593305 -0.13262
-1.88932 0.0305433 -2.73321
0.183033 -0.0603765 -0.127504
-1.88932 0.0305433 -2.78435
0.184076 -0.0607204 -0.125677
-1.88932 0.0305433 -2.80218
0.184552 -0.0608774 -0.124808
-1.88932 0.0305433 -2.81056
0.184552 -0.0608774 -0.124808
-1.88932 0.0305433 -2.81056
0.184593 -0.0608908 -0.124727
-1.88932 0.0305433 -2.81132
0.187375 -0.0618086 -0.119367
-1.88932 0.0305433 -2.86245
0.184382 -0.060821 -0.122683
-1.88932 -0.0283615 -2.9172
0.183438 -0.0605095 -0.124565
-1.88932 -0.0283616 -2.89937
0.18298 -0.0603587 -0.125442
-1.88932 -0.0283616 -2.89099
0.182937 -0.0603445 -0.12552
-1.88932 -0.0283616 -2.89023
0.180009 -0.059379 -0.130787
-1.88932 -0.0283616 -2.8391
0.180009 -0.059379 -0.130787
-1.88932 -0.0283616 -2.8391
0.178929 -0.0590228 -0.132586
-1.88932 -0.0283616 -2.82127
0.178408 -0.0588508 -0.133423
-1.88932 -0.0283616 -2.81289
0.178359 -0.0588347 -0.133497
-1.88932 -0.0283616 -2.81213
0.176576 -0.0582469 -0.134461
-1.88932 -0.0872664 -2.88942
0.179559 -0.0592306 -0.129221
-1.88932 -0.0872664 -2.94056
0.180534 -0.0595523 -0.127354
-1.88932 -0.0872664 -2.95839
0.180978 -0.0596986 -0.126466
-1.88932 -0.0872664 -2.96677
0.181016 -0.0597112 -0.126384
-1.88932 -0.0872664 -2.96753
0.181016 -0.0597112 -0.126384
-1.88932 -0.0872664 -2.96753
0.183601 -0.0605637 -0.120915
-1.88932 -0.0872664 -3.01866
0.184435 -0.0608388 -0.118973
-1.88932 -0.0872664 -3.03649
0.184812 -0.0609632 -0.118051
-1.88932 -0.0872664 -3.04488
0.184843 -0.0609735 -0.117966
-1.88932 -0.0872664 -3.04563
0.188893 -0.0550781 -0.120675
-1.85878 0.000256226 -2.89318
0.188893 -0.0550781 -0.120675
-1.85878 0.000256226 -2.89318
0.188483 -0.054986 -0.118271
-1.85878 -0.0567493 -2.99811
0.184984 -0.0541361 -0.123231
-1.85878 -0.0872661 -2.9953
0.184052 -0.0538753 -0.125137
-1.85878 -0.0872662 -2.97748
0.183707 -0.0537873 -0.125798
-1.85878 -0.0872663 -2.97126
0.183575 -0.0537615 -0.126029
-1.85878 -0.0872663 -2.96909
0.180696 -0.0529257 -0.131425
-1.85878 -0.0872663 -2.91747
0.179615 -0.0526194 -0.133267
-1.85878 -0.0872664 -2.89947
0.179219 -0.052515 -0.133905
-1.85878 -0.0872664 -2.89319
0.17907 -0.0524831 -0.134129
-1.85878 -0.0872664 -2.891
0.178299 -0.0528347 -0.136317
-1.85878 -0.0283616 -2.78435
0.179453 -0.0531766 -0.134558
-1.85878 -0.0283616 -2.80218
0.179847 -0.0532932 -0.133938
-1.85878 -0.0283616 -2.8084
0.179982 -0.0533332 -0.133719
-1.85878 -0.0283616 -2.81056
0.183122 -0.0542635 -0.128493
-1.85878 -0.0283616 -2.86219
0.184151 -0.0545684 -0.126628
-1.85878 -0.0283616 -2.88019
0.1845 -0.0546719 -0.125971
-1.85878 -0.0283616 -2.88647
0.18462 -0.0547074 -0.12574
-1.85878 -0.0283616 -2.88866
0.187359 -0.055519 -0.120273
-1.85878 -0.0283616 -2.94029
0.188245 -0.0557817 -0.11833
-1.85878 -0.0283616 -2.95829
0.187907 -0.0556813 -0.12178
-1.85878 0.0305433 -2.8391
0.18692 -0.0553889 -0.123643
-1.85878 0.0305433 -2.82127
0.186567 -0.0552842 -0.124287
-1.85878 0.0305433 -2.81505
0.186442 -0.0552473 -0.124511
-1.85878 0.0305433 -2.81289
0.186397 -0.0552339 -0.124587
-1.85878 0.0305433 -2.81213
0.183365 -0.0543356 -0.12981
-1.85878 0.0305433 -2.761
0.182241 -0.0540026 -0.131587
-1.85878 0.0305433 -2.74317
0.181698 -0.0538418 -0.132412
-1.85878 0.0305433 -2.73478
0.181698 -0.0538418 -0.132412
-1.85878 0.0305433 -2.73478
0.181648 -0.0538268 -0.132485
-1.85878 0.0305433 -2.73403
0.178218 -0.0528107 -0.137431
-1.85878 0.0305433 -2.68289
0.176965 -0.0524394 -0.139112
-1.85878 0.0305433 -2.66506
0.176783 -0.0523859 -0.139616
-1.85878 0.0894482 -2.56787
0.177402 -0.052569 -0.138848
-1.85878 0.0894482 -2.57625
0.177402 -0.052569 -0.138848
-1.85878 0.0894482 -2.57625
0.177456 -0.0525852 -0.138776
-1.85878 0.0894482 -2.57701
0.181119 -0.0536704 -0.134009
-1.85878 0.0894482 -2.62814
0.182336 -0.0540312 -0.132298
-1.85878 0.0894482 -2.64597
0.182896 -0.054197 -0.131481
-1.85878 0.0894482 -2.65436
0.182896 -0.054197 -0.131481
-1.85878 0.0894482 -2.65436
0.182945 -0.0542113 -0.131405
-1.85878 0.0894482 -2.65511
0.18624 -0.0551878 -0.126355
-1.85878 0.0894482 -2.70625
0.187326 -0.0555095 -0.12455
-1.85878 0.0894482 -2.72408
0.187822 -0.0556565 -0.12369
-1.85878 0.0894482 -2.73246
0.187822 -0.0556565 -0.12369
-1.85878 0.0894482 -2.73246
0.187865 -0.0556693 -0.12361
-1.85878 0.0894482 -2.73322
0.190773 -0.0565305 -0.118308
-1.85878 0.0894482 -2.78435
0.190811 -0.056542 -0.119421
-1.85878 0.148353 -2.68289
0.189756 -0.0562294 -0.121243
-1.85878 0.148353 -2.66506
0.18938 -0.0561177 -0.121873
-1.85878 0.148353 -2.65885
0.189246 -0.0560781 -0.122091
-1.85878 0.148353 -2.65668
0.185996 -0.0551152 -0.12724
-1.85878 0.148353 -2.60505
0.184796 -0.0547597 -0.128988
-1.85878 0.148353 -2.58705
0.184369 -0.0546333 -0.129591
-1.85878 0.148353 -2.58077
0.184218 -0.0545884 -0.1298
-1.85878 0.148353 -2.57859
0.180573 -0.0535087 -0.134651
-1.85878 0.148353 -2.52695
0.179247 -0.0531156 -0.136297
-1.85878 0.148353 -2.50895
0.178609 -0.0529268 -0.137059
-1.85878 0.148353 -2.50048
0.178609 -0.0529268 -0.137059
-1.85878 0.148353 -2.50048
0.17855 -0.0529092 -0.137127
-1.85878 0.148353 -2.49972
0.177149 -0.0524943 -0.13796
-1.85878 0.207258 -2.39383
0.178549 -0.0529091 -0.136408
-1.85878 0.207258 -2.41166
0.17903 -0.0530515 -0.135859
-1.85878 0.207258 -2.41788
0.179196 -0.0531006 -0.135665
-1.85878 0.207258 -2.42005
0.179253 -0.0531176 -0.135595
-1.85878 0.207258 -2.4208
0.183088 -0.0542539 -0.130978
-1.85878 0.207258 -2.47194
0.184368 -0.0546331 -0.129317
-1.85878 0.207258 -2.48977
0.184806 -0.054763 -0.12873
-1.85878 0.207258 -2.49598
0.184957 -0.0548076 -0.128523
-1.85878 0.207258 -2.49815
0.188472 -0.055849 -0.123563
-1.85878 0.207258 -2.54978
0.189635 -0.0561934 -0.121786
-1.85878 0.207258 -2.56778
0.190168 -0.0563513 -0.120939
-1.85878 0.207258 -2.57624
0.190168 -0.0563513 -0.120939
-1.85878 0.207258 -2.57624
0.190214 -0.056365 -0.12086
-1.85878 0.207258 -2.57701
0.191697 -0.056804 -0.118177
-1.85878 0.266163 -2.50886
0.191156 -0.0566437 -0.119005
-1.85878 0.266163 -2.50047
0.191105 -0.0566288 -0.119079
-1.85878 0.266163 -2.49972
0.1877 -0.0556199 -0.124046
-1.85878 0.266163 -2.44858
0.1877 -0.0556199 -0.124046
-1.85878 0.266163 -2.44858
0.186448 -0.0552491 -0.125729
-1.85878 0.266163 -2.43075
0.185846 -0.0550706 -0.126509
-1.85878 0.266163 -2.42237
0.185789 -0.0550538 -0.126579
-1.85878 0.266163 -2.42161
0.182004 -0.0539324 -0.131234
-1.85878 0.266163 -2.37048
0.18063 -0.0535256 -0.13281
-1.85878 0.266163 -2.35265
0.180144 -0.0533813 -0.133352
-1.85878 0.266163 -2.34643
0.179972 -0.0533304 -0.13354
-1.85878 0.266163 -2.34426
0.177957 -0.0527339 -0.134049
-1.85878 0.325068 -2.23762
0.179413 -0.0531654 -0.132553
-1.85878 0.325068 -2.25546
0.180087 -0.0533649 -0.131836
-1.85878 0.325068 -2.26384
0.180087 -0.0533649 -0.131836
-1.85878 0.325068 -2.26384
0.180146 -0.0533824 -0.131769
-1.85878 0.325068 -2.2646
0.184149 -0.0545685 -0.127309
-1.85878 0.325068 -2.31573
0.185489 -0.0549653 -0.1257
-1.85878 0.325068 -2.33356
0.186107 -0.0551484 -0.12493
-1.85878 0.325068 -2.34194
0.186107 -0.0551484 -0.12493
-1.85878 0.325068 -2.34194
0.186161 -0.0551644 -0.124858
-1.85878 0.325068 -2.3427
0.189818 -0.0562479 -0.120086
-1.85878 0.325068 -2.39383
0.191033 -0.056608 -0.118373
-1.85878 0.325068 -2.41166
0.188459 -0.0558449 -0.120223
-1.85878 0.383972 -2.29237
0.187146 -0.0554561 -0.121854
-1.85878 0.383972 -2.27455
0.186516 -0.0552695 -0.122612
-1.85878 0.383972 -2.26616
0.186458 -0.0552522 -0.122679
-1.85878 0.383972 -2.2654
0.186458 -0.0552522 -0.122679
-1.85878 0.383972 -2.2654
0.182509 -0.0540824 -0.127185
-1.85878 0.383972 -2.21427
0.181079 -0.0536586 -0.128704
-1.85878 0.383972 -2.19644
0.180394 -0.0534558 -0.129408
-1.85878 0.383972 -2.18806
0.180331 -0.053437 -0.12947
-1.85878 0.383972 -2.1873
0.180331 -0.053437 -0.12947
-1.85878 0.383972 -2.1873
0.17781 -0.0526907 -0.129573
-1.85878 0.442877 -2.08142
0.17932 -0.053138 -0.128138
-1.85878 0.442877 -2.09925
0.18002 -0.0533452 -0.127448
-1.85878 0.442877 -2.10763
0.180082 -0.0533636 -0.127383
-1.85878 0.442877 -2.10839
0.184245 -0.0545973 -0.123087
-1.85878 0.442877 -2.15952
0.184245 -0.0545973 -0.123087
-1.85878 0.442877 -2.15952
0.185644 -0.0550113 -0.121533
-1.85878 0.442877 -2.17735
0.186289 -0.0552027 -0.120788
-1.85878 0.442877 -2.18574
0.186346 -0.0552194 -0.120719
-1.85878 0.442877 -2.18649
0.1864 -0.0552352 -0.118065
-1.85878 0.501782 -2.11212
0.186228 -0.0551843 -0.118253
-1.85878 0.501782 -2.10995
0.182076 -0.0539542 -0.122639
-1.85878 0.501782 -2.05833
0.180577 -0.0535099 -0.124115
-1.85878 0.501782 -2.04033
0.180046 -0.0533526 -0.124621
-1.85878 0.501782 -2.03405
0.179859 -0.0532973 -0.124797
-1.85878 0.501782 -2.03186
0.179792 -0.0532774 -0.124857
-1.85878 0.501782 -2.0311
0.176675 -0.0523546 -0.124645
-1.85878 0.560687 -1.92521
0.176675 -0.0523546 -0.124645
-1.85878 0.560687 -1.92521
0.178237 -0.0528173 -0.123271
-1.85878 0.560687 -1.94304
0.178961 -0.053032 -0.12261
-1.85878 0.560687 -1.95143
0.179025 -0.0530508 -0.122547
-1.85878 0.560687 -1.95218
0.183344 -0.0543304 -0.118421
-1.85878 0.560687 -2.00332
0.183344 -0.0543304 -0.118421
-1.85878 0.560687 -2.00332
0.179044 -0.053056 -0.119116
-1.85878 0.619592 -1.88412
0.178302 -0.0528362 -0.11977
-1.85878 0.619592 -1.87565
0.178302 -0.0528362 -0.11977
-1.85878 0.619592 -1.87565
0.178233 -0.0528158 -0.119827
-1.85878 0.619592 -1.87489
0.177237 -0.046684 -0.122042
-1.82823 0.619592 -1.84711
0.178837 -0.0471054 -0.120699
-1.82823 0.619592 -1.86494
0.17958 -0.0473007 -0.120053
-1.82823 0.619592 -1.87332
0.179645 -0.047318 -0.119991
-1.82823 0.619592 -1.87408
0.182999 -0.0482004 -0.12023
-1.82823 0.560687 -1.97996
0.182999 -0.0482004 -0.12023
-1.82823 0.560687 -1.97996
0.181474 -0.0477988 -0.121661
-1.82823 0.560687 -1.96213
0.180745 -0.0476068 -0.122322
-1.82823 0.560687 -1.95375
0.180677 -0.047589 -0.122381
-1.82823 0.560687 -1.95299
0.178892 -0.0471193 -0.12716
-1.82823 0.501782 -2.00332
0.178892 -0.0471193 -0.12716
-1.82823 0.501782 -2.00332
0.180441 -0.0475274 -0.125754
-1.82823 0.501782 -2.02114
0.181159 -0.0477165 -0.125079
-1.82823 0.501782 -2.02953
0.181223 -0.047733 -0.125015
-1.82823 0.501782 -2.03029
0.185502 -0.0488598 -0.120803
-1.82823 0.501782 -2.08142
0.18694 -0.0492386 -0.119278
-1.82823 0.501782 -2.09925
0.187434 -0.0493688 -0.118737
-1.82823 0.501782 -2.10547
0.187605 -0.0494136 -0.118546
-1.82823 0.501782 -2.10763
0.190102 -0.0500707 -0.118132
-1.82823 0.442877 -2.21427
0.188749 -0.0497142 -0.119736
-1.82823 0.442877 -2.19644
0.188268 -0.0495877 -0.120289
-1.82823 0.442877 -2.19022
0.188099 -0.0495431 -0.120481
-1.82823 0.442877 -2.18806
0.183994 -0.0484623 -0.124949
-1.82823 0.442877 -2.13643
0.182509 -0.0480712 -0.126454
-1.82823 0.442877 -2.11843
0.181799 -0.047884 -0.127151
-1.82823 0.442877 -2.10996
0.181799 -0.047884 -0.127151
-1.82823 0.442877 -2.10996
0.181733 -0.0478667 -0.127212
-1.82823 0.442877 -2.1092
0.177345 -0.0467114 -0.131296
-1.82823 0.442877 -2.05807
0.179534 -0.0472884 -0.131876
-1.82823 0.383972 -2.15952
0.18103 -0.0476824 -0.13041
-1.82823 0.383972 -2.17735
0.181723 -0.0478645 -0.129706
-1.82823 0.383972 -2.18574
0.181784 -0.0478806 -0.12964
-1.82823 0.383972 -2.18649
0.181784 -0.0478806 -0.12964
-1.82823 0.383972 -2.18649
0.185903 -0.0489653 -0.125262
-1.82823 0.383972 -2.23763
0.187284 -0.049329 -0.12368
-1.82823 0.383972 -2.25546
0.187921 -0.0494967 -0.122922
-1.82823 0.383972 -2.26384
0.187977 -0.0495115 -0.122851
-1.82823 0.383972 -2.2646
0.191754 -0.0505059 -0.118153
-1.82823 0.383972 -2.31573
0.189838 -0.0500009 -0.122175
-1.82823 0.325068 -2.37074
0.188533 -0.0496572 -0.123848
-1.82823 0.325068 -2.35274
0.187905 -0.0494921 -0.124625
-1.82823 0.325068 -2.34428
0.187847 -0.0494765 -0.124694
-1.82823 0.325068 -2.34351
0.187847 -0.0494765 -0.124694
-1.82823 0.325068 -2.34351
0.183944 -0.0484487 -0.129274
-1.82823 0.325068 -2.29238
0.18253 -0.0480764 -0.130822
-1.82823 0.325068 -2.27455
0.181852 -0.0478979 -0.131539
-1.82823 0.325068 -2.26616
0.181789 -0.0478812 -0.131602
-1.82823 0.325068 -2.2654
0.177555 -0.0467663 -0.135855
-1.82823 0.325068 -2.21427
0.179194 -0.0471986 -0.136078
-1.82823 0.266163 -2.31573
0.180635 -0.0475779 -0.134554
-1.82823 0.266163 -2.33356
0.1813 -0.0477532 -0.133824
-1.82823 0.266163 -2.34194
0.1813 -0.0477532 -0.133824
-1.82823 0.266163 -2.34194
0.181359 -0.0477684 -0.133755
-1.82823 0.266163 -2.3427
0.185313 -0.0488097 -0.129216
-1.82823 0.266163 -2.39383
0.186634 -0.0491575 -0.127581
-1.82823 0.266163 -2.41166
0.187243 -0.0493178 -0.126799
-1.82823 0.266163 -2.42005
0.187243 -0.0493178 -0.126799
-1.82823 0.266163 -2.42005
0.187296 -0.0493319 -0.126726
-1.82823 0.266163 -2.4208
0.190895 -0.0502796 -0.121882
-1.82823 0.266163 -2.47194
0.192089 -0.050594 -0.120145
-1.82823 0.266163 -2.48977
0.192637 -0.0507383 -0.119316
-1.82823 0.266163 -2.49815
0.192684 -0.0507508 -0.119239
-1.82823 0.266163 -2.49891
0.192684 -0.0507508 -0.119239
-1.82823 0.266163 -2.49891
0.193597 -0.0509907 -0.117956
-1.82823 0.207258 -2.60505
0.192489 -0.050699 -0.119775
-1.82823 0.207258 -2.58705
0.191954 -0.0505579 -0.120621
-1.82823 0.207258 -2.57859
0.191903 -0.0505447 -0.120697
-1.82823 0.207258 -2.57782
0.191903 -0.0505447 -0.120697
-1.82823 0.207258 -2.57782
0.188543 -0.0496599 -0.125715
-1.82823 0.207258 -2.52669
0.187313 -0.049336 -0.127422
-1.82823 0.207258 -2.50886
0.186721 -0.0491799 -0.128215
-1.82823 0.207258 -2.50047
0.186666 -0.0491653 -0.128286
-1.82823 0.207258 -2.49972
0.182955 -0.0481883 -0.133036
-1.82823 0.207258 -2.44858
0.181599 -0.0478313 -0.134638
-1.82823 0.207258 -2.43075
0.181118 -0.0477045 -0.13519
-1.82823 0.207258 -2.42454
0.180948 -0.04766 -0.135381
-1.82823 0.207258 -2.42237
0.176837 -0.0465774 -0.139843
-1.82823 0.207258 -2.37074
0.177918 -0.0468625 -0.13968
-1.82823 0.148353 -2.47194
0.179301 -0.0472269 -0.1381
-1.82823 0.148353 -2.48977
0.17994 -0.0473946 -0.137344
-1.82823 0.148353 -2.49815
0.17994 -0.0473946 -0.137344
-1.82823 0.148353 -2.49815
0.179996 -0.0474094 -0.137273
-1.82823 0.148353 -2.49891
0.183778 -0.0484056 -0.132581
-1.82823 0.148353 -2.55004
0.185038 -0.0487371 -0.130894
-1.82823 0.148353 -2.56787
0.185617 -0.0488897 -0.130089
-1.82823 0.148353 -2.57625
0.185667 -0.0489029 -0.130014
-1.82823 0.148353 -2.57701
0.185667 -0.0489029 -0.130014
-1.82823 0.148353 -2.57701
0.189084 -0.0498028 -0.12503
-1.82823 0.148353 -2.62814
0.190213 -0.0500999 -0.123247
-1.82823 0.148353 -2.64597
0.190729 -0.0502359 -0.122397
-1.82823 0.148353 -2.65436
0.190774 -0.0502478 -0.122319
-1.82823 0.148353 -2.65511
0.191093 -0.0503313 -0.120681
-1.82823 0.0894482 -2.761
0.190063 -0.0500604 -0.122524
-1.82823 0.0894482 -2.74317
0.189695 -0.0499633 -0.123161
-1.82823 0.0894482 -2.73695
0.189565 -0.049929 -0.123382
-1.82823 0.0894482 -2.73478
0.186383 -0.0490912 -0.128595
-1.82823 0.0894482 -2.68316
0.185206 -0.0487809 -0.130366
-1.82823 0.0894482 -2.66515
0.184786 -0.0486706 -0.130978
-1.82823 0.0894482 -2.65888
0.184638 -0.0486315 -0.131189
-1.82823 0.0894482 -2.65669
0.184585 -0.0486175 -0.131262
-1.82823 0.0894482 -2.65593
0.181035 -0.0476827 -0.13614
-1.82823 0.0894482 -2.60479
0.17974 -0.0473417 -0.137795
-1.82823 0.0894482 -2.58696
0.179118 -0.0471778 -0.138563
-1.82823 0.0894482 -2.57857
0.179118 -0.0471778 -0.138563
-1.82823 0.0894482 -2.57857
0.17906 -0.0471626 -0.138631
-1.82823 0.0894482 -2.57782
0.177082 -0.0466422 -0.140967
-1.82823 0.0305433 -2.64588
0.17754 -0.0467626 -0.140384
-1.82823 0.0305433 -2.65216
0.177697 -0.0468042 -0.140178
-1.82823 0.0305433 -2.65435
0.18134 -0.0477635 -0.135293
-1.82823 0.0305433 -2.70598
0.182548 -0.0480819 -0.133541
-1.82823 0.0305433 -2.72398
0.182961 -0.0481903 -0.132923
-1.82823 0.0305433 -2.73026
0.183103 -0.0482276 -0.132705
-1.82823 0.0305433 -2.73245
0.183151 -0.0482404 -0.132627
-1.82823 0.0305433 -2.73321
0.18638 -0.0490908 -0.127511
-1.82823 0.0305433 -2.78435
0.187442 -0.0493705 -0.125684
-1.82823 0.0305433 -2.80218
0.187803 -0.0494654 -0.125041
-1.82823 0.0305433 -2.8084
0.187927 -0.0494979 -0.124814
-1.82823 0.0305433 -2.81056
0.19079 -0.050252 -0.119404
-1.82823 0.0305433 -2.86219
0.187753 -0.0494517 -0.122687
-1.82823 -0.0283616 -2.9172
0.186792 -0.0491987 -0.124569
-1.82823 -0.0283616 -2.89937
0.186325 -0.0490759 -0.125446
-1.82823 -0.0283616 -2.89099
0.186325 -0.0490759 -0.125446
-1.82823 -0.0283616 -2.89099
0.186282 -0.0490643 -0.125523
-1.82823 -0.0283616 -2.89023
0.183291 -0.0482771 -0.130784
-1.82823 -0.0283616 -2.8391
0.182192 -0.0479876 -0.132583
-1.82823 -0.0283616 -2.82127
0.1818 -0.0478843 -0.133204
-1.82823 -0.0283616 -2.81505
0.181661 -0.0478479 -0.13342
-1.82823 -0.0283616 -2.81289
0.181612 -0.0478349 -0.133494
-1.82823 -0.0283616 -2.81213
0.178264 -0.0469531 -0.138523
-1.82823 -0.0283616 -2.761
0.177032 -0.0466285 -0.140228
-1.82823 -0.0283616 -2.74317
0.176593 -0.0465129 -0.140816
-1.82823 -0.0283616 -2.73695
0.178111 -0.0469131 -0.137177
-1.82823 -0.0872664 -2.86245
0.179242 -0.047211 -0.135395
-1.82823 -0.0872664 -2.88028
0.179628 -0.0473125 -0.134767
-1.82823 -0.0872664 -2.8865
0.17976 -0.0473473 -0.134546
-1.82823 -0.0872664 -2.88867
0.182829 -0.0481556 -0.129257
-1.82823 -0.0872664 -2.94029
0.183832 -0.0484196 -0.127372
-1.82823 -0.0872664 -2.9583
0.184172 -0.048509 -0.126708
-1.82823 -0.0872664 -2.96457
0.184288 -0.0485397 -0.126474
-1.82823 -0.0872664 -2.96676
0.186949 -0.0492404 -0.120953
-1.82823 -0.0872664 -3.01839
0.187806 -0.0494665 -0.118993
-1.82823 -0.0872664 -3.0364
0.188096 -0.0495425 -0.118303
-1.82823 -0.0872664 -3.04268
0.188194 -0.0495683 -0.118061
-1.82823 -0.0872664 -3.04486
0.193357 -0.0438505 -0.117759
-1.79769 0.00438389 -2.91421
0.187943 -0.0427974 -0.123205
-1.79769 -0.0872661 -2.99557
0.186988 -0.0425905 -0.125128
-1.79769 -0.0872663 -2.97757
0.186635 -0.0425216 -0.125796
-1.79769 -0.0872663 -2.97129
0.186501 -0.0425029 -0.126029
-1.79769 -0.0872664 -2.9691
0.183577 -0.0418417 -0.131426
-1.79769 -0.0872664 -2.91747
0.182479 -0.0416004 -0.133268
-1.79769 -0.0872664 -2.89947
0.182078 -0.0415194 -0.133907
-1.79769 -0.0872664 -2.89319
0.181927 -0.0414958 -0.134129
-1.79769 -0.0872664 -2.891
0.178588 -0.0407375 -0.139264
-1.79769 -0.0872664 -2.83937
0.177355 -0.0404641 -0.141015
-1.79769 -0.0872664 -2.82136
0.176908 -0.0403714 -0.14162
-1.79769 -0.0872664 -2.81509
0.176741 -0.0403432 -0.14183
-1.79769 -0.0872664 -2.8129
0.177001 -0.0408836 -0.142097
-1.79769 -0.0283616 -2.72408
0.177447 -0.0409864 -0.141511
-1.79769 -0.0283616 -2.73029
0.1776 -0.041022 -0.141304
-1.79769 -0.0283616 -2.73246
0.181178 -0.0418483 -0.136348
-1.79769 -0.0283616 -2.78409
0.182363 -0.0421217 -0.134573
-1.79769 -0.0283616 -2.80209
0.182767 -0.042215 -0.133947
-1.79769 -0.0283616 -2.80837
0.182905 -0.0422469 -0.133726
-1.79769 -0.0283616 -2.81055
0.182952 -0.042258 -0.133647
-1.79769 -0.0283616 -2.81132
0.18611 -0.042987 -0.128468
-1.79769 -0.0283616 -2.86245
0.187145 -0.0432262 -0.126621
-1.79769 -0.0283616 -2.88028
0.187497 -0.0433074 -0.12597
-1.79769 -0.0283616 -2.8865
0.187617 -0.0433352 -0.125741
-1.79769 -0.0283616 -2.88867
0.1904 -0.0439781 -0.120275
-1.79769 -0.0283616 -2.94029
0.191301 -0.0441859 -0.118331
-1.79769 -0.0283616 -2.9583
0.190952 -0.044105 -0.121776
-1.79769 0.0305433 -2.8391
0.189949 -0.0438735 -0.123639
-1.79769 0.0305433 -2.82127
0.189463 -0.0437613 -0.124507
-1.79769 0.0305433 -2.81289
0.189418 -0.043751 -0.124584
-1.79769 0.0305433 -2.81213
0.189418 -0.043751 -0.124584
-1.79769 0.0305433 -2.81213
0.186336 -0.043039 -0.129806
-1.79769 0.0305433 -2.761
0.185194 -0.0427754 -0.131583
-1.79769 0.0305433 -2.74317
0.184643 -0.0426482 -0.132409
-1.79769 0.0305433 -2.73478
0.184591 -0.0426362 -0.132482
-1.79769 0.0305433 -2.73403
0.184591 -0.0426362 -0.132482
-1.79769 0.0305433 -2.73403
0.181102 -0.0418307 -0.137424
-1.79769 0.0305433 -2.68289
0.179829 -0.0415365 -0.139105
-1.79769 0.0305433 -2.66506
0.179217 -0.0413953 -0.139884
-1.79769 0.0305433 -2.65668
0.17916 -0.0413822 -0.139953
-1.79769 0.0305433 -2.65592
0.17916 -0.0413822 -0.139953
-1.79769 0.0305433 -2.65592
0.17827 -0.0411771 -0.141262
-1.79769 0.0894482 -2.54977
0.179647 -0.0414951 -0.139639
-1.79769 0.0894482 -2.56778
0.180119 -0.0416041 -0.139065
-1.79769 0.0894482 -2.57405
0.180282 -0.0416418 -0.138862
-1.79769 0.0894482 -2.57624
0.184044 -0.0425103 -0.134051
-1.79769 0.0894482 -2.62788
0.185294 -0.042799 -0.132322
-1.79769 0.0894482 -2.64588
0.185721 -0.0428976 -0.131712
-1.79769 0.0894482 -2.65216
0.185868 -0.0429315 -0.131497
-1.79769 0.0894482 -2.65435
0.189252 -0.043713 -0.126398
-1.79769 0.0894482 -2.70598
0.189252 -0.043713 -0.126398
-1.79769 0.0894482 -2.70598
0.190366 -0.0439704 -0.124576
-1.79769 0.0894482 -2.72398
0.190876 -0.0440881 -0.123707
-1.79769 0.0894482 -2.73245
0.19092 -0.0440981 -0.123626
-1.79769 0.0894482 -2.73321
0.19092 -0.0440981 -0.123626
-1.79769 0.0894482 -2.73321
0.193875 -0.0447806 -0.118322
-1.79769 0.0894482 -2.78435
0.193928 -0.0447927 -0.1194
-1.79769 0.148353 -2.68316
0.193928 -0.0447927 -0.1194
-1.79769 0.148353 -2.68316
0.192846 -0.0445428 -0.121241
-1.79769 0.148353 -2.66516
0.19246 -0.0444534 -0.121876
-1.79769 0.148353 -2.65888
0.192323 -0.0444218 -0.122097
-1.79769 0.148353 -2.65669
0.192323 -0.0444218 -0.122097
-1.79769 0.148353 -2.65669
0.189017 -0.0436584 -0.127244
-1.79769 0.148353 -2.60506
0.189017 -0.0436584 -0.127244
-1.79769 0.148353 -2.60506
0.187798 -0.0433768 -0.128992
-1.79769 0.148353 -2.58705
0.187363 -0.0432765 -0.129595
-1.79769 0.148353 -2.58078
0.18721 -0.0432411 -0.129804
-1.79769 0.148353 -2.57859
0.18721 -0.0432411 -0.129804
-1.79769 0.148353 -2.57859
0.183517 -0.0423884 -0.134666
-1.79769 0.148353 -2.52695
0.182168 -0.0420769 -0.136311
-1.79769 0.148353 -2.50895
0.18169 -0.0419665 -0.136878
-1.79769 0.148353 -2.50267
0.18169 -0.0419665 -0.136878
-1.79769 0.148353 -2.50267
0.18152 -0.0419273 -0.137073
-1.79769 0.148353 -2.50048
0.18152 -0.0419273 -0.137073
-1.79769 0.148353 -2.50048
0.177466 -0.0409913 -0.141623
-1.79769 0.148353 -2.44885
0.177466 -0.0409913 -0.141623
-1.79769 0.148353 -2.44885
0.180006 -0.041578 -0.138011
-1.79769 0.207258 -2.39357
0.181443 -0.0419097 -0.136443
-1.79769 0.207258 -2.41157
0.181936 -0.0420235 -0.135888
-1.79769 0.207258 -2.41785
0.181936 -0.0420235 -0.135888
-1.79769 0.207258 -2.41785
0.182106 -0.0420628 -0.135691
-1.79769 0.207258 -2.42004
0.186045 -0.0429725 -0.13103
-1.79769 0.207258 -2.47167
0.186045 -0.0429725 -0.13103
-1.79769 0.207258 -2.47167
0.187359 -0.0432758 -0.129352
-1.79769 0.207258 -2.48967
0.187808 -0.0433795 -0.128759
-1.79769 0.207258 -2.49595
0.187963 -0.0434154 -0.12855
-1.79769 0.207258 -2.49814
0.187963 -0.0434154 -0.12855
-1.79769 0.207258 -2.49814
0.191536 -0.0442404 -0.123588
-1.79769 0.207258 -2.54977
0.192718 -0.0445132 -0.12181
-1.79769 0.207258 -2.56778
0.193121 -0.0446063 -0.121183
-1.79769 0.207258 -2.57405
0.193259 -0.0446383 -0.120961
-1.79769 0.207258 -2.57624
0.193259 -0.0446383 -0.120961
-1.79769 0.207258 -2.57624
0.194821 -0.0449987 -0.118177
-1.79769 0.266163 -2.50895
0.194411 -0.044904 -0.118797
-1.79769 0.266163 -2.50267
0.194265 -0.0448702 -0.119012
-1.79769 0.266163 -2.50048
0.194265 -0.0448702 -0.119012
-1.79769 0.266163 -2.50048
0.190772 -0.0440637 -0.124028
-1.79769 0.266163 -2.44885
0.190772 -0.0440637 -0.124028
-1.79769 0.266163 -2.44885
0.189488 -0.043767 -0.125727
-1.79769 0.266163 -2.43085
0.189031 -0.0436616 -0.126313
-1.79769 0.266163 -2.42457
0.188869 -0.0436241 -0.126515
-1.79769 0.266163 -2.42238
0.184989 -0.0427284 -0.13122
-1.79769 0.266163 -2.37075
0.184989 -0.0427284 -0.13122
-1.79769 0.266163 -2.37075
0.18358 -0.042403 -0.132811
-1.79769 0.266163 -2.35274
0.18308 -0.0422876 -0.133359
-1.79769 0.266163 -2.34646
0.182904 -0.0422469 -0.133548
-1.79769 0.266163 -2.34428
0.182904 -0.0422469 -0.133548
-1.79769 0.266163 -2.34428
0.178679 -0.0412712 -0.137928
-1.79769 0.266163 -2.29264
0.178679 -0.0412712 -0.137928
-1.79769 0.266163 -2.29264
0.177153 -0.0409188 -0.139402
-1.79769 0.266163 -2.27464
0.176613 -0.0407942 -0.139908
-1.79769 0.266163 -2.26836
0.180824 -0.0417672 -0.134094
-1.79769 0.325068 -2.23736
0.180824 -0.0417672 -0.134094
-1.79769 0.325068 -2.23736
0.182318 -0.0421122 -0.132584
-1.79769 0.325068 -2.25536
0.182832 -0.0422308 -0.132049
-1.79769 0.325068 -2.26164
0.183009 -0.0422718 -0.131859
-1.79769 0.325068 -2.26383
0.187119 -0.0432211 -0.127357
-1.79769 0.325068 -2.31546
0.187119 -0.0432211 -0.127357
-1.79769 0.325068 -2.31546
0.188495 -0.0435385 -0.125732
-1.79769 0.325068 -2.33347
0.188966 -0.0436473 -0.125157
-1.79769 0.325068 -2.33974
0.189129 -0.0436848 -0.124954
-1.79769 0.325068 -2.34193
0.189129 -0.0436848 -0.124954
-1.79769 0.325068 -2.34193
0.192885 -0.044552 -0.120136
-1.79769 0.325068 -2.39357
0.194132 -0.04484 -0.118406
-1.79769 0.325068 -2.41157
0.194558 -0.0449387 -0.117795
-1.79769 0.325068 -2.41785
0.191559 -0.0442456 -0.120217
-1.79769 0.383972 -2.29264
0.190213 -0.0439346 -0.121864
-1.79769 0.383972 -2.27464
0.189734 -0.0438241 -0.122432
-1.79769 0.383972 -2.26836
0.189565 -0.0437852 -0.122628
-1.79769 0.383972 -2.26617
0.189565 -0.0437852 -0.122628
-1.79769 0.383972 -2.26617
0.185511 -0.042849 -0.127176
-1.79769 0.383972 -2.21454
0.184044 -0.0425102 -0.12871
-1.79769 0.383972 -2.19653
0.183524 -0.04239 -0.129238
-1.79769 0.383972 -2.19026
0.183524 -0.04239 -0.129238
-1.79769 0.383972 -2.19026
0.18334 -0.0423477 -0.12942
-1.79769 0.383972 -2.18807
0.178955 -0.0413353 -0.133633
-1.79769 0.383972 -2.13643
0.178955 -0.0413353 -0.133633
-1.79769 0.383972 -2.13643
0.177376 -0.0409704 -0.135045
-1.79769 0.383972 -2.11843
0.176817 -0.0408414 -0.13553
-1.79769 0.383972 -2.11215
0.17662 -0.0407959 -0.135697
-1.79769 0.383972 -2.10997
0.180675 -0.0417328 -0.129599
-1.79769 0.442877 -2.08116
0.182225 -0.0420907 -0.12815
-1.79769 0.442877 -2.09916
0.182758 -0.0422138 -0.127636
-1.79769 0.442877 -2.10543
0.182942 -0.0422562 -0.127454
-1.79769 0.442877 -2.10762
0.187217 -0.0432437 -0.123118
-1.79769 0.442877 -2.15926
0.188652 -0.0435749 -0.121549
-1.79769 0.442877 -2.17726
0.189145 -0.0436886 -0.120993
-1.79769 0.442877 -2.18354
0.189315 -0.0437278 -0.120797
-1.79769 0.442877 -2.18572
0.189373 -0.0437411 -0.120726
-1.79769 0.442877 -2.18649
0.189441 -0.0437564 -0.118064
-1.79769 0.501782 -2.11215
0.189264 -0.0437157 -0.118253
-1.79769 0.501782 -2.10997
0.189264 -0.0437157 -0.118253
-1.79769 0.501782 -2.10997
0.185044 -0.0427412 -0.122641
-1.79769 0.501782 -2.05833
0.18352 -0.0423891 -0.124116
-1.79769 0.501782 -2.04033
0.18298 -0.0422646 -0.124623
-1.79769 0.501782 -2.03405
0.18298 -0.0422646 -0.124623
-1.79769 0.501782 -2.03405
0.18279 -0.0422207 -0.124798
-1.79769 0.501782 -2.03186
0.178251 -0.0411728 -0.128837
-1.79769 0.501782 -1.98023
0.178251 -0.0411728 -0.128837
-1.79769 0.501782 -1.98023
0.176619 -0.0407959 -0.130186
-1.79769 0.501782 -1.96222
0.17952 -0.0414667 -0.124689
-1.79769 0.560687 -1.92494
0.181123 -0.0418367 -0.123301
-1.79769 0.560687 -1.94295
0.181675 -0.0419642 -0.122808
-1.79769 0.560687 -1.94923
0.181866 -0.0420082 -0.122633
-1.79769 0.560687 -1.95141
0.181866 -0.0420082 -0.122633
-1.79769 0.560687 -1.95141
0.186301 -0.0430322 -0.118468
-1.79769 0.560687 -2.00305
0.181963 -0.0420301 -0.119117
-1.79769 0.619592 -1.88412
0.181405 -0.0419012 -0.119602
-1.79769 0.619592 -1.87784
0.181208 -0.0418558 -0.11977
-1.79769 0.619592 -1.87565
0.177333 -0.040962 -0.119408
-1.79769 0.678497 -1.76874
0.178987 -0.0413439 -0.118084
-1.79769 0.678497 -1.78674
0.179735 -0.0357728 -0.122085
-1.76715 0.619592 -1.84684
0.181375 -0.0360989 -0.120729
-1.76715 0.619592 -1.86484
0.18194 -0.0362113 -0.120247
-1.76715 0.619592 -1.87112
0.182135 -0.0362502 -0.120076
-1.76715 0.619592 -1.87331
0.182135 -0.0362502 -0.120076
-1.76715 0.619592 -1.87331
0.185637 -0.036946 -0.120209
-1.76715 0.560687 -1.98023
0.184076 -0.0366353 -0.121655
-1.76715 0.560687 -1.96222
0.183523 -0.0365254 -0.122151
-1.76715 0.560687 -1.95595
0.183328 -0.0364865 -0.122323
-1.76715 0.560687 -1.95376
0.178686 -0.035563 -0.126272
-1.76715 0.560687 -1.90212
0.178686 -0.035563 -0.126272
-1.76715 0.560687 -1.90212
0.177018 -0.0352312 -0.127589
-1.76715 0.560687 -1.88412
0.176718 -0.0351721 -0.131098
-1.76715 0.501782 -1.95141
0.181415 -0.0361066 -0.127208
-1.76715 0.501782 -2.00305
0.181415 -0.0361066 -0.127208
-1.76715 0.501782 -2.00305
0.183002 -0.0364224 -0.125789
-1.76715 0.501782 -2.02105
0.183548 -0.0365309 -0.125284
-1.76715 0.501782 -2.02733
0.183737 -0.0365686 -0.125105
-1.76715 0.501782 -2.02952
0.183737 -0.0365686 -0.125105
-1.76715 0.501782 -2.02952
0.188121 -0.037441 -0.120853
-1.76715 0.501782 -2.08115
0.189595 -0.0377339 -0.119312
-1.76715 0.501782 -2.09916
0.190101 -0.0378347 -0.118766
-1.76715 0.501782 -2.10543
0.190276 -0.0378695 -0.118573
-1.76715 0.501782 -2.10762
0.190276 -0.0378695 -0.118573
-1.76715 0.501782 -2.10762
0.192838 -0.0383784 -0.118112
-1.76715 0.442877 -2.21454
0.191452 -0.0381026 -0.119733
-1.76715 0.442877 -2.19653
0.19096 -0.0380049 -0.120291
-1.76715 0.442877 -2.19026
0.190786 -0.0379702 -0.120485
-1.76715 0.442877 -2.18807
0.190786 -0.0379702 -0.120485
-1.76715 0.442877 -2.18807
0.186622 -0.0371417 -0.124953
-1.76715 0.442877 -2.13643
0.185116 -0.0368421 -0.126459
-1.76715 0.442877 -2.11843
0.184583 -0.036736 -0.126976
-1.76715 0.442877 -2.11215
0.184583 -0.036736 -0.126976
-1.76715 0.442877 -2.11215
0.184395 -0.0366986 -0.127155
-1.76715 0.442877 -2.10997
0.179904 -0.0358052 -0.131282
-1.76715 0.442877 -2.05833
0.179904 -0.0358052 -0.131282
-1.76715 0.442877 -2.05833
0.178287 -0.0354836 -0.132663
-1.76715 0.442877 -2.04033
0.177716 -0.0353699 -0.133136
-1.76715 0.442877 -2.03405
0.177514 -0.0353298 -0.1333
-1.76715 0.442877 -2.03186
0.176759 -0.0351799 -0.136646
-1.76715 0.383972 -2.09916
0.177324 -0.0352924 -0.136164
-1.76715 0.383972 -2.10543
0.17752 -0.0353312 -0.135993
-1.76715 0.383972 -2.10762
0.182066 -0.0362361 -0.131922
-1.76715 0.383972 -2.15926
0.182066 -0.0362361 -0.131922
-1.76715 0.383972 -2.15926
0.183599 -0.0365407 -0.130442
-1.76715 0.383972 -2.17726
0.184126 -0.0366456 -0.129917
-1.76715 0.383972 -2.18354
0.184308 -0.0366819 -0.12973
-1.76715 0.383972 -2.18572
0.184308 -0.0366819 -0.12973
-1.76715 0.383972 -2.18572
0.18853 -0.0375219 -0.12531
-1.76715 0.383972 -2.23736
0.189944 -0.0378031 -0.123713
-1.76715 0.383972 -2.25536
0.190429 -0.0378999 -0.123147
-1.76715 0.383972 -2.26164
0.190597 -0.037933 -0.122947
-1.76715 0.383972 -2.26383
0.190597 -0.037933 -0.122947
-1.76715 0.383972 -2.26383
0.194467 -0.0387031 -0.118204
-1.76715 0.383972 -2.31546
0.192544 -0.0383197 -0.122177
-1.76715 0.325068 -2.37075
0.19122 -0.0380562 -0.123851
-1.76715 0.325068 -2.35274
0.190749 -0.0379625 -0.124428
-1.76715 0.325068 -2.34646
0.190583 -0.0379295 -0.124627
-1.76715 0.325068 -2.34428
0.190583 -0.0379295 -0.124627
-1.76715 0.325068 -2.34428
0.186589 -0.0371351 -0.129254
-1.76715 0.325068 -2.29264
0.185141 -0.0368471 -0.130817
-1.76715 0.325068 -2.27464
0.184628 -0.0367449 -0.131355
-1.76715 0.325068 -2.26836
0.184447 -0.0367088 -0.131541
-1.76715 0.325068 -2.26617
0.184447 -0.0367088 -0.131541
-1.76715 0.325068 -2.26617
0.180131 -0.0358501 -0.135862
-1.76715 0.325068 -2.21454
0.178567 -0.0355389 -0.137305
-1.76715 0.325068 -2.19653
0.178014 -0.0354289 -0.1378
-1.76715 0.325068 -2.19026
0.177818 -0.0353899 -0.137971
-1.76715 0.325068 -2.18807
0.177818 -0.0353899 -0.137971
-1.76715 0.325068 -2.18807
0.176597 -0.0351476 -0.141057
-1.76715 0.266163 -2.25536
0.177144 -0.0352563 -0.140553
-1.76715 0.266163 -2.26164
0.177333 -0.035294 -0.140374
-1.76715 0.266163 -2.26383
0.177333 -0.035294 -0.140374
-1.76715 0.266163 -2.26383
0.181723 -0.0361674 -0.136129
-1.76715 0.266163 -2.31546
0.181723 -0.0361674 -0.136129
-1.76715 0.266163 -2.31546
0.183199 -0.0364611 -0.13459
-1.76715 0.266163 -2.33347
0.183705 -0.0365619 -0.134044
-1.76715 0.266163 -2.33974
0.183881 -0.0365966 -0.133851
-1.76715 0.266163 -2.34193
0.183881 -0.0365966 -0.133851
-1.76715 0.266163 -2.34193
0.187932 -0.0374027 -0.129269
-1.76715 0.266163 -2.39357
0.189286 -0.037672 -0.127617
-1.76715 0.266163 -2.41157
0.189749 -0.0377644 -0.127033
-1.76715 0.266163 -2.41785
0.189909 -0.037796 -0.126826
-1.76715 0.266163 -2.42004
0.189909 -0.037796 -0.126826
-1.76715 0.266163 -2.42004
0.193598 -0.0385301 -0.121936
-1.76715 0.266163 -2.47167
0.193598 -0.0385301 -0.121936
-1.76715 0.266163 -2.47167
0.194821 -0.0387732 -0.120181
-1.76715 0.266163 -2.48967
0.195238 -0.0388562 -0.119562
-1.76715 0.266163 -2.49595
0.195382 -0.0388848 -0.119343
-1.76715 0.266163 -2.49814
0.196352 -0.0390775 -0.117963
-1.76715 0.207258 -2.60505
0.195228 -0.0388539 -0.119781
-1.76715 0.207258 -2.58705
0.194827 -0.0387742 -0.12041
-1.76715 0.207258 -2.58077
0.194827 -0.0387742 -0.12041
-1.76715 0.207258 -2.58077
0.194685 -0.0387457 -0.120627
-1.76715 0.207258 -2.57859
0.191266 -0.0380656 -0.125713
-1.76715 0.207258 -2.52695
0.191266 -0.0380656 -0.125713
-1.76715 0.207258 -2.52695
0.190006 -0.0378148 -0.127437
-1.76715 0.207258 -2.50895
0.189558 -0.0377256 -0.128031
-1.76715 0.207258 -2.50267
0.189399 -0.037694 -0.128237
-1.76715 0.207258 -2.50048
0.189399 -0.037694 -0.128237
-1.76715 0.207258 -2.50048
0.185582 -0.0369348 -0.133017
-1.76715 0.207258 -2.44885
0.184194 -0.0366584 -0.134635
-1.76715 0.207258 -2.43085
0.183701 -0.0365603 -0.135193
-1.76715 0.207258 -2.42457
0.183527 -0.0365257 -0.135385
-1.76715 0.207258 -2.42238
0.183527 -0.0365257 -0.135385
-1.76715 0.207258 -2.42238
0.179361 -0.0356971 -0.139853
-1.76715 0.207258 -2.37075
0.179361 -0.0356971 -0.139853
-1.76715 0.207258 -2.37075
0.177853 -0.0353969 -0.141357
-1.76715 0.207258 -2.35274
0.177319 -0.0352908 -0.141873
-1.76715 0.207258 -2.34646
0.177131 -0.0352532 -0.142051
-1.76715 0.207258 -2.34428
0.177064 -0.0352399 -0.142112
-1.76715 0.207258 -2.34351
0.177064 -0.0352399 -0.142112
-1.76715 0.207258 -2.34351
0.180447 -0.0359133 -0.139678
-1.76715 0.148353 -2.47194
0.18185 -0.0361923 -0.138098
-1.76715 0.148353 -2.48977
0.182497 -0.036321 -0.137342
-1.76715 0.148353 -2.49815
0.182554 -0.0363324 -0.137271
-1.76715 0.148353 -2.49891
0.182554 -0.0363324 -0.137271
-1.76715 0.148353 -2.49891
0.18639 -0.0370956 -0.132579
-1.76715 0.148353 -2.55004
0.187668 -0.0373499 -0.130892
-1.76715 0.148353 -2.56787
0.188255 -0.0374667 -0.130087
-1.76715 0.148353 -2.57625
0.188306 -0.0374769 -0.130012
-1.76715 0.148353 -2.57701
0.188306 -0.0374769 -0.130012
-1.76715 0.148353 -2.57701
0.191772 -0.0381664 -0.125029
-1.76715 0.148353 -2.62814
0.192916 -0.0383942 -0.123246
-1.76715 0.148353 -2.64597
0.19344 -0.0384984 -0.122396
-1.76715 0.148353 -2.65436
0.193486 -0.0385073 -0.122317
-1.76715 0.148353 -2.65511
0.193486 -0.0385073 -0.122317
-1.76715 0.148353 -2.65511
0.193821 -0.0385738 -0.120688
-1.76715 0.0894482 -2.761
0.192776 -0.0383658 -0.122531
-1.76715 0.0894482 -2.74317
0.192403 -0.0382916 -0.123168
-1.76715 0.0894482 -2.73695
0.19227 -0.0382652 -0.123389
-1.76715 0.0894482 -2.73478
0.189029 -0.0376203 -0.128591
-1.76715 0.0894482 -2.68316
0.187835 -0.0373827 -0.130363
-1.76715 0.0894482 -2.66515
0.18741 -0.0372981 -0.130974
-1.76715 0.0894482 -2.65888
0.187259 -0.0372682 -0.131186
-1.76715 0.0894482 -2.65669
0.187205 -0.0372575 -0.131259
-1.76715 0.0894482 -2.65593
0.183602 -0.0365404 -0.136132
-1.76715 0.0894482 -2.60479
0.182289 -0.0362792 -0.137788
-1.76715 0.0894482 -2.58696
0.181822 -0.0361864 -0.138358
-1.76715 0.0894482 -2.58074
0.181658 -0.0361536 -0.138556
-1.76715 0.0894482 -2.57857
0.181599 -0.036142 -0.138624
-1.76715 0.0894482 -2.57782
0.177654 -0.0353572 -0.143219
-1.76715 0.0894482 -2.52668
0.178261 -0.0354783 -0.142585
-1.76715 0.0305433 -2.62814
0.179603 -0.0357454 -0.140951
-1.76715 0.0305433 -2.64597
0.180063 -0.0358367 -0.140374
-1.76715 0.0305433 -2.65219
0.180221 -0.0358684 -0.14017
-1.76715 0.0305433 -2.65436
0.183916 -0.0366033 -0.135286
-1.76715 0.0305433 -2.70598
0.185141 -0.0368472 -0.133534
-1.76715 0.0305433 -2.72398
0.185559 -0.0369303 -0.132916
-1.76715 0.0305433 -2.73026
0.185703 -0.0369591 -0.132699
-1.76715 0.0305433 -2.73245
0.185752 -0.0369687 -0.132621
-1.76715 0.0305433 -2.73321
0.189027 -0.0376204 -0.127505
-1.76715 0.0305433 -2.78435
0.190104 -0.0378346 -0.125679
-1.76715 0.0305433 -2.80218
0.19047 -0.0379074 -0.125035
-1.76715 0.0305433 -2.8084
0.190596 -0.0379324 -0.124809
-1.76715 0.0305433 -2.81056
0.190638 -0.0379408 -0.124728
-1.76715 0.0305433 -2.81132
0.193511 -0.0385126 -0.119368
-1.76715 0.0305433 -2.86245
0.190421 -0.0378975 -0.122684
-1.76715 -0.0283615 -2.9172
0.189446 -0.0377036 -0.124567
-1.76715 -0.0283616 -2.89937
0.188973 -0.0376094 -0.125443
-1.76715 -0.0283616 -2.89099
0.188973 -0.0376094 -0.125443
-1.76715 -0.0283616 -2.89099
0.188929 -0.0376004 -0.125521
-1.76715 -0.0283616 -2.89023
0.185901 -0.036998 -0.130785
-1.76715 -0.0283616 -2.8391
0.184785 -0.0367761 -0.132584
-1.76715 -0.0283616 -2.82127
0.184247 -0.036669 -0.133421
-1.76715 -0.0283616 -2.81289
0.184247 -0.036669 -0.133421
-1.76715 -0.0283616 -2.81289
0.184197 -0.0366589 -0.133495
-1.76715 -0.0283616 -2.81213
0.180802 -0.0359834 -0.138524
-1.76715 -0.0283616 -2.761
0.179551 -0.0357345 -0.14023
-1.76715 -0.0283616 -2.74317
0.17895 -0.0356147 -0.141021
-1.76715 -0.0283616 -2.73478
0.17895 -0.0356147 -0.141021
-1.76715 -0.0283616 -2.73478
0.178894 -0.0356038 -0.141091
-1.76715 -0.0283616 -2.73403
0.176967 -0.0352207 -0.142436
-1.76715 -0.0872664 -2.8084
0.177118 -0.0352507 -0.142226
-1.76715 -0.0872664 -2.81056
0.180625 -0.0359486 -0.137201
-1.76715 -0.0872664 -2.86219
0.181784 -0.0361791 -0.135402
-1.76715 -0.0872664 -2.88019
0.182178 -0.0362575 -0.134768
-1.76715 -0.0872664 -2.88647
0.182314 -0.0362846 -0.134545
-1.76715 -0.0872664 -2.88866
0.18236 -0.0362936 -0.134465
-1.76715 -0.0872664 -2.88942
0.18544 -0.0369066 -0.129225
-1.76715 -0.0872664 -2.94056
0.186447 -0.037107 -0.127358
-1.76715 -0.0872664 -2.95839
0.186789 -0.037175 -0.126701
-1.76715 -0.0872664 -2.9646
0.186905 -0.0371982 -0.126469
-1.76715 -0.0872664 -2.96677
0.186945 -0.0372059 -0.126387
-1.76715 -0.0872664 -2.96753
0.189615 -0.0377374 -0.120918
-1.76715 -0.0872664 -3.01866
0.190476 -0.0379087 -0.118976
-1.76715 -0.0872664 -3.03649
0.190865 -0.0379861 -0.118054
-1.76715 -0.0872664 -3.04488
0.190865 -0.0379861 -0.118054
-1.76715 -0.0872664 -3.04488
0.190898 -0.0379926 -0.117969
-1.76715 -0.0872664 -3.04563
0.195668 -0.0319967 -0.117759
-1.7366 0.00438385 -2.91421
0.190219 -0.0312593 -0.123204
-1.7366 -0.0872655 -2.99556
0.189253 -0.0311104 -0.125127
-1.7366 -0.0872661 -2.97757
0.188897 -0.0310629 -0.125795
-1.7366 -0.0872663 -2.97129
0.188762 -0.031052 -0.126028
-1.7366 -0.0872663 -2.9691
0.185812 -0.0305714 -0.131432
-1.7366 -0.0872664 -2.91747
0.184701 -0.0303971 -0.133274
-1.7366 -0.0872664 -2.89947
0.184295 -0.0303402 -0.133912
-1.7366 -0.0872664 -2.89319
0.184143 -0.0303255 -0.134135
-1.7366 -0.0872664 -2.891
0.180764 -0.029772 -0.139271
-1.7366 -0.0872664 -2.83937
0.179515 -0.029574 -0.14102
-1.7366 -0.0872664 -2.82136
0.179063 -0.0295084 -0.141625
-1.7366 -0.0872664 -2.81509
0.178895 -0.0294902 -0.141836
-1.7366 -0.0872664 -2.8129
0.177846 -0.0297806 -0.143748
-1.7366 -0.0283616 -2.70625
0.179165 -0.0300012 -0.142089
-1.7366 -0.0283616 -2.72408
0.179616 -0.0300769 -0.141503
-1.7366 -0.0283616 -2.73029
0.179771 -0.0301029 -0.141296
-1.7366 -0.0283616 -2.73246
0.183393 -0.0307093 -0.136341
-1.7366 -0.0283616 -2.78409
0.184592 -0.0309098 -0.134565
-1.7366 -0.0283616 -2.80209
0.185141 -0.0310017 -0.133719
-1.7366 -0.0283616 -2.81055
0.185141 -0.0310017 -0.133719
-1.7366 -0.0283616 -2.81055
0.185189 -0.0310099 -0.13364
-1.7366 -0.0283616 -2.81132
0.188385 -0.0315446 -0.128462
-1.7366 -0.0283616 -2.86245
0.189433 -0.0317203 -0.126614
-1.7366 -0.0283616 -2.88028
0.189911 -0.0318003 -0.125735
-1.7366 -0.0283616 -2.88867
0.189952 -0.0318071 -0.125653
-1.7366 -0.0283616 -2.88942
0.19274 -0.0322739 -0.120238
-1.7366 -0.0283616 -2.94056
0.19274 -0.0322739 -0.120238
-1.7366 -0.0283616 -2.94056
0.193642 -0.032425 -0.118314
-1.7366 -0.0283616 -2.95839
0.193289 -0.0323657 -0.121775
-1.7366 0.0305433 -2.8391
0.192274 -0.0321958 -0.123638
-1.7366 0.0305433 -2.82127
0.191782 -0.0321135 -0.124506
-1.7366 0.0305433 -2.81289
0.191737 -0.0321058 -0.124583
-1.7366 0.0305433 -2.81213
0.188617 -0.0315835 -0.129805
-1.7366 0.0305433 -2.761
0.188617 -0.0315835 -0.129805
-1.7366 0.0305433 -2.761
0.187461 -0.0313899 -0.131582
-1.7366 0.0305433 -2.74317
0.186903 -0.0312967 -0.132408
-1.7366 0.0305433 -2.73478
0.186851 -0.0312879 -0.132481
-1.7366 0.0305433 -2.73403
0.18332 -0.0306968 -0.137423
-1.7366 0.0305433 -2.68289
0.182031 -0.030481 -0.139104
-1.7366 0.0305433 -2.66506
0.181573 -0.0304043 -0.139683
-1.7366 0.0305433 -2.65885
0.181412 -0.0303773 -0.139884
-1.7366 0.0305433 -2.65668
0.181354 -0.0303677 -0.139953
-1.7366 0.0305433 -2.65592
0.17746 -0.029716 -0.144608
-1.7366 0.0305433 -2.60479
0.18047 -0.0302202 -0.141225
-1.7366 0.0894482 -2.55004
0.18185 -0.0304513 -0.139618
-1.7366 0.0894482 -2.56787
0.182487 -0.0305579 -0.13885
-1.7366 0.0894482 -2.57625
0.182543 -0.0305672 -0.138778
-1.7366 0.0894482 -2.57701
0.186311 -0.031198 -0.134011
-1.7366 0.0894482 -2.62814
0.186311 -0.031198 -0.134011
-1.7366 0.0894482 -2.62814
0.187563 -0.0314076 -0.1323
-1.7366 0.0894482 -2.64597
0.188138 -0.0315038 -0.131483
-1.7366 0.0894482 -2.65436
0.188189 -0.0315122 -0.131407
-1.7366 0.0894482 -2.65511
0.191578 -0.0320798 -0.126356
-1.7366 0.0894482 -2.70625
0.192695 -0.0322667 -0.124551
-1.7366 0.0894482 -2.72408
0.193076 -0.0323303 -0.123915
-1.7366 0.0894482 -2.73029
0.193206 -0.0323521 -0.123691
-1.7366 0.0894482 -2.73246
0.19325 -0.0323595 -0.123612
-1.7366 0.0894482 -2.73322
0.196241 -0.0328602 -0.118309
-1.7366 0.0894482 -2.78435
0.196285 -0.0328672 -0.119424
-1.7366 0.148353 -2.68289
0.195199 -0.0326855 -0.121246
-1.7366 0.148353 -2.66506
0.194674 -0.0325976 -0.122094
-1.7366 0.148353 -2.65668
0.194625 -0.0325894 -0.12217
-1.7366 0.148353 -2.65592
0.191289 -0.0320309 -0.127249
-1.7366 0.148353 -2.60479
0.190067 -0.0318264 -0.12898
-1.7366 0.148353 -2.58696
0.189632 -0.0317535 -0.129578
-1.7366 0.148353 -2.58074
0.189479 -0.0317279 -0.129785
-1.7366 0.148353 -2.57857
0.185757 -0.0311049 -0.134661
-1.7366 0.148353 -2.52695
0.184392 -0.0308762 -0.136306
-1.7366 0.148353 -2.50895
0.183907 -0.0307952 -0.136872
-1.7366 0.148353 -2.50267
0.183736 -0.0307665 -0.137068
-1.7366 0.148353 -2.50048
0.179627 -0.0300788 -0.141611
-1.7366 0.148353 -2.44885
0.178139 -0.0298297 -0.143144
-1.7366 0.148353 -2.43085
0.177612 -0.0297415 -0.14367
-1.7366 0.148353 -2.42457
0.177426 -0.0297104 -0.143852
-1.7366 0.148353 -2.42238
0.177153 -0.0296652 -0.143
-1.7366 0.207258 -2.33356
0.177689 -0.0297549 -0.142491
-1.7366 0.207258 -2.33978
0.177874 -0.0297858 -0.142311
-1.7366 0.207258 -2.34194
0.182206 -0.030511 -0.137982
-1.7366 0.207258 -2.39357
0.18366 -0.0307544 -0.136416
-1.7366 0.207258 -2.41157
0.184332 -0.0308668 -0.135665
-1.7366 0.207258 -2.42004
0.184391 -0.0308767 -0.135595
-1.7366 0.207258 -2.4208
0.188337 -0.0315373 -0.130978
-1.7366 0.207258 -2.47194
0.188337 -0.0315373 -0.130978
-1.7366 0.207258 -2.47194
0.189653 -0.0317576 -0.129317
-1.7366 0.207258 -2.48977
0.190259 -0.031859 -0.128523
-1.7366 0.207258 -2.49815
0.190312 -0.0318677 -0.128449
-1.7366 0.207258 -2.49891
0.19389 -0.0324669 -0.123534
-1.7366 0.207258 -2.55004
0.195075 -0.0326652 -0.121774
-1.7366 0.207258 -2.56787
0.195618 -0.0327561 -0.120934
-1.7366 0.207258 -2.57625
0.195665 -0.0327639 -0.120856
-1.7366 0.207258 -2.57701
0.197191 -0.033019 -0.118177
-1.7366 0.266163 -2.50886
0.196634 -0.0329258 -0.119005
-1.7366 0.266163 -2.50047
0.196582 -0.032917 -0.119079
-1.7366 0.266163 -2.49972
0.193061 -0.0323276 -0.124029
-1.7366 0.266163 -2.44858
0.193061 -0.0323276 -0.124029
-1.7366 0.266163 -2.44858
0.191774 -0.0321122 -0.125712
-1.7366 0.266163 -2.43075
0.191156 -0.0320086 -0.126493
-1.7366 0.266163 -2.42237
0.191098 -0.0319991 -0.126562
-1.7366 0.266163 -2.42161
0.187225 -0.0313507 -0.13124
-1.7366 0.266163 -2.37048
0.185812 -0.0311142 -0.132815
-1.7366 0.266163 -2.35265
0.185134 -0.0310008 -0.133544
-1.7366 0.266163 -2.34426
0.185134 -0.0310008 -0.133544
-1.7366 0.266163 -2.34426
0.185071 -0.0309902 -0.133609
-1.7366 0.266163 -2.34351
0.180833 -0.0302809 -0.137945
-1.7366 0.266163 -2.29237
0.179303 -0.0300246 -0.139404
-1.7366 0.266163 -2.27455
0.178571 -0.0299022 -0.140078
-1.7366 0.266163 -2.26616
0.178503 -0.0298909 -0.140138
-1.7366 0.266163 -2.2654
0.177796 -0.0297732 -0.138887
-1.7366 0.325068 -2.17735
0.17835 -0.0298657 -0.138399
-1.7366 0.325068 -2.18357
0.178542 -0.029898 -0.138227
-1.7366 0.325068 -2.18574
0.183035 -0.03065 -0.134069
-1.7366 0.325068 -2.23736
0.184548 -0.0309031 -0.13256
-1.7366 0.325068 -2.25536
0.185247 -0.0310203 -0.131836
-1.7366 0.325068 -2.26383
0.185309 -0.0310305 -0.131768
-1.7366 0.325068 -2.26459
0.189427 -0.0317198 -0.127308
-1.7366 0.325068 -2.31573
0.190805 -0.0319506 -0.125699
-1.7366 0.325068 -2.33356
0.191278 -0.0320297 -0.12513
-1.7366 0.325068 -2.33978
0.19144 -0.0320568 -0.124929
-1.7366 0.325068 -2.34194
0.195241 -0.0326931 -0.120113
-1.7366 0.325068 -2.39357
0.196504 -0.0329044 -0.118384
-1.7366 0.325068 -2.41157
0.193866 -0.0324624 -0.12023
-1.7366 0.383972 -2.29237
0.193866 -0.0324624 -0.12023
-1.7366 0.383972 -2.29237
0.192516 -0.0322364 -0.121861
-1.7366 0.383972 -2.27455
0.191868 -0.0321281 -0.122619
-1.7366 0.383972 -2.26616
0.191807 -0.0321177 -0.122686
-1.7366 0.383972 -2.2654
0.187742 -0.0314372 -0.127188
-1.7366 0.383972 -2.21427
0.186271 -0.031191 -0.128708
-1.7366 0.383972 -2.19644
0.185566 -0.031073 -0.129411
-1.7366 0.383972 -2.18806
0.185566 -0.031073 -0.129411
-1.7366 0.383972 -2.18806
0.185501 -0.0310622 -0.129473
-1.7366 0.383972 -2.1873
0.181104 -0.0303262 -0.133643
-1.7366 0.383972 -2.13617
0.17952 -0.030061 -0.135041
-1.7366 0.383972 -2.11834
0.178763 -0.0299344 -0.135687
-1.7366 0.383972 -2.10995
0.178693 -0.0299225 -0.135744
-1.7366 0.383972 -2.1092
0.177467 -0.0297181 -0.134204
-1.7366 0.442877 -2.02114
0.178237 -0.0298471 -0.133574
-1.7366 0.442877 -2.02953
0.178305 -0.0298585 -0.133514
-1.7366 0.442877 -2.03029
0.182906 -0.0306287 -0.12957
-1.7366 0.442877 -2.08142
0.18446 -0.0308886 -0.128134
-1.7366 0.442877 -2.09925
0.185179 -0.0310091 -0.127445
-1.7366 0.442877 -2.10763
0.185179 -0.0310091 -0.127445
-1.7366 0.442877 -2.10763
0.185243 -0.0310195 -0.12738
-1.7366 0.442877 -2.10839
0.189526 -0.0317366 -0.123084
-1.7366 0.442877 -2.15952
0.190964 -0.0319772 -0.12153
-1.7366 0.442877 -2.17735
0.191628 -0.0320884 -0.120785
-1.7366 0.442877 -2.18574
0.191687 -0.0320981 -0.120716
-1.7366 0.442877 -2.18649
0.191571 -0.0320784 -0.118258
-1.7366 0.501782 -2.10995
0.191507 -0.0320678 -0.118323
-1.7366 0.501782 -2.1092
0.187266 -0.031358 -0.122655
-1.7366 0.501782 -2.05806
0.185738 -0.0311022 -0.124116
-1.7366 0.501782 -2.04023
0.185198 -0.0310116 -0.124618
-1.7366 0.501782 -2.03402
0.185007 -0.0309798 -0.124792
-1.7366 0.501782 -2.03185
0.180414 -0.0302111 -0.12883
-1.7366 0.501782 -1.98022
0.178763 -0.0299346 -0.130179
-1.7366 0.501782 -1.96222
0.177975 -0.0298027 -0.130801
-1.7366 0.501782 -1.95376
0.177902 -0.0297905 -0.130855
-1.7366 0.501782 -1.95299
0.177902 -0.0297905 -0.130855
-1.7366 0.501782 -1.95299
0.176921 -0.029627 -0.128458
-1.7366 0.560687 -1.87332
0.176991 -0.0296387 -0.128401
-1.7366 0.560687 -1.87408
0.181738 -0.0304332 -0.124639
-1.7366 0.560687 -1.92521
0.183344 -0.0307022 -0.123265
-1.7366 0.560687 -1.94304
0.184089 -0.0308268 -0.122603
-1.7366 0.560687 -1.95143
0.184155 -0.0308378 -0.122541
-1.7366 0.560687 -1.95218
0.184155 -0.0308378 -0.122541
-1.7366 0.560687 -1.95218
0.188598 -0.0315815 -0.118415
-1.7366 0.560687 -2.00332
0.185744 -0.0311033 -0.117717
-1.7366 0.619592 -1.90186
0.184162 -0.0308386 -0.119118
-1.7366 0.619592 -1.88403
0.183406 -0.0307119 -0.119765
-1.7366 0.619592 -1.87564
0.183406 -0.0307119 -0.119765
-1.7366 0.619592 -1.87564
0.183336 -0.0307002 -0.119823
-1.7366 0.619592 -1.87489
0.178638 -0.029914 -0.123642
-1.7366 0.619592 -1.82375
0.176953 -0.0296318 -0.124914
-1.7366 0.619592 -1.80592
0.179525 -0.0300632 -0.119359
-1.7366 0.678497 -1.769
0.181183 -0.0303406 -0.118048
-1.7366 0.678497 -1.78683
