3.01786e-05 0.0189023 0.160844
-1.91986 2.13058 -3.124
3.02233e-05 0.016515 0.160544
-1.91986 2.14396 -3.12409
3.01339e-05 0.0156836 0.160431
-1.91986 2.14862 -3.12412
3.00258e-05 0.0153935 0.16039
-1.91986 2.15025 -3.12413
3.00519e-05 0.0162919 0.162746
-1.91986 2.21002 -3.01866
3.01525e-05 0.0143282 0.16213
-1.91986 2.21002 -3.03649
2.99737e-05 0.0134078 0.161826
-1.91986 2.21002 -3.04488
2.99737e-05 0.0134078 0.161826
-1.91986 2.21002 -3.04488
3.00221e-05 0.0133241 0.161797
-1.91986 2.21002 -3.04563
2.99886e-05 0.00777176 0.159803
-1.91986 2.21002 -3.09677
2.98284e-05 0.00586212 0.159035
-1.91986 2.21002 -3.11459
8.76226e-05 0.0140877 0.16208
-1.88932 2.21002 -3.04137
9.75952e-05 0.00823098 0.159952
-1.88932 2.21002 -3.09528
9.98266e-05 0.0062114 0.159141
-1.88932 2.21002 -3.11408
9.98266e-05 0.0062114 0.159141
-1.88932 2.21002 -3.11408
9.96664e-05 0.00550663 0.158847
-1.88932 2.21002 -3.12063
9.72338e-05 0.00516635 0.158702
-1.88932 2.21002 -3.12371
9.5848e-05 0.00513062 0.158687
-1.88932 2.21002 -3.12399
8.57823e-05 0.0105667 0.160853
-1.88932 2.21002 -3.07322
8.13939e-05 0.0124844 0.161537
-1.88932 2.21002 -3.05551
7.92295e-05 0.0131526 0.161765
-1.88932 2.21002 -3.04934
7.77654e-05 0.0133823 0.161842
-1.88932 2.21002 -3.04719
6.79865e-05 0.0190636 0.16361
-1.88932 2.21002 -2.99557
3.01078e-05 0.0182318 0.161371
-1.88932 2.15112 -3.09677
3.01674e-05 0.0162804 0.160716
-1.88932 2.15112 -3.11459
3.0037e-05 0.0156026 0.160479
-1.88932 2.15112 -3.12081
2.99849e-05 0.0153663 0.160394
-1.88932 2.15112 -3.12298
3.04356e-05 0.0189455 0.160861
-1.85878 2.13058 -3.12373
3.03388e-05 0.0165391 0.160555
-1.85878 2.14396 -3.124
3.01898e-05 0.0157005 0.16044
-1.85878 2.14862 -3.12409
3.01301e-05 0.0154078 0.160397
-1.85878 2.15025 -3.12412
3.01301e-05 0.0154078 0.160397
-1.85878 2.15025 -3.12412
3.02345e-05 0.0163262 0.162777
-1.85878 2.21002 -3.01839
3.02345e-05 0.0143431 0.162154
-1.85878 2.21002 -3.0364
3.00966e-05 0.0136541 0.161927
-1.85878 2.21002 -3.04268
3.0078e-05 0.0134135 0.161846
-1.85878 2.21002 -3.04486
3.0078e-05 0.0134135 0.161846
-1.85878 2.21002 -3.04486
3.01972e-05 0.00781298 0.159806
-1.85878 2.21002 -3.0965
3.00929e-05 0.00588462 0.159031
-1.85878 2.21002 -3.1145
6.39036e-05 0.0141012 0.162067
-1.82823 2.21002 -3.04137
6.39036e-05 0.0141012 0.162067
-1.82823 2.21002 -3.04137
7.42003e-05 0.00823686 0.159968
-1.82823 2.21002 -3.09528
7.67894e-05 0.00621697 0.159157
-1.82823 2.21002 -3.11408
7.67894e-05 0.00621697 0.159157
-1.82823 2.21002 -3.11408
7.71396e-05 0.00551224 0.158862
-1.82823 2.21002 -3.12063
7.65882e-05 0.00526261 0.158756
-1.82823 2.21002 -3.12292
7.56085e-05 0.00517145 0.158717
-1.82823 2.21002 -3.12371
7.56085e-05 0.00517145 0.158717
-1.82823 2.21002 -3.12371
6.58445e-05 0.0105888 0.160874
-1.82823 2.21002 -3.07312
6.19702e-05 0.0124999 0.161556
-1.82823 2.21002 -3.05548
6.01932e-05 0.0131655 0.161783
-1.82823 2.21002 -3.04933
5.90049e-05 0.013394 0.161858
-1.82823 2.21002 -3.04718
5.90049e-05 0.013394 0.161858
-1.82823 2.21002 -3.04718
4.95389e-05 0.0190776 0.163617
-1.82823 2.21002 -2.99557
4.95389e-05 0.0190776 0.163617
-1.82823 2.21002 -2.99557
3.01003e-05 0.0182722 0.161411
-1.82823 2.15112 -3.0965
3.01003e-05 0.0182722 0.161411
-1.82823 2.15112 -3.0965
3.02158e-05 0.0163012 0.16075
-1.82823 2.15112 -3.1145
3.0119e-05 0.0156164 0.160509
-1.82823 2.15112 -3.12078
2.99998e-05 0.0153776 0.160423
-1.82823 2.15112 -3.12297
2.99998e-05 0.0153776 0.160423
-1.82823 2.15112 -3.12297
3.02382e-05 0.0189461 0.160858
-1.79769 2.13058 -3.12373
3.0268e-05 0.0165398 0.160553
-1.79769 2.14396 -3.124
3.01227e-05 0.0157015 0.160437
-1.79769 2.14862 -3.12409
3.01935e-05 0.0154085 0.160395
-1.79769 2.15025 -3.12412
3.01935e-05 0.0154085 0.160395
-1.79769 2.15025 -3.12412
3.01786e-05 0.0163261 0.162778
-1.79769 2.21002 -3.01839
3.01003e-05 0.0143428 0.162156
-1.79769 2.21002 -3.0364
3.00556e-05 0.0136537 0.161929
-1.79769 2.21002 -3.04268
2.9996e-05 0.013413 0.161848
-1.79769 2.21002 -3.04486
2.9996e-05 0.013413 0.161848
-1.79769 2.21002 -3.04486
3.00482e-05 0.00781286 0.159806
-1.79769 2.21002 -3.0965
3.00482e-05 0.00781286 0.159806
-1.79769 2.21002 -3.0965
2.99811e-05 0.00588432 0.159032
-1.79769 2.21002 -3.1145
4.24124e-05 0.0141082 0.162076
-1.76715 2.21002 -3.04137
4.24124e-05 0.0141082 0.162076
-1.76715 2.21002 -3.04137
5.28283e-05 0.00824335 0.159977
-1.76715 2.21002 -3.09528
5.28283e-05 0.00824335 0.159977
-1.76715 2.21002 -3.09528
5.58123e-05 0.00623119 0.159138
-1.76715 2.21002 -3.11408
5.65723e-05 0.00552604 0.158844
-1.76715 2.21002 -3.12063
5.63636e-05 0.00527641 0.158738
-1.76715 2.21002 -3.12292
5.58048e-05 0.00518507 0.158699
-1.76715 2.21002 -3.12371
5.58048e-05 0.00518507 0.158699
-1.76715 2.21002 -3.12371
4.67449e-05 0.0106011 0.160857
-1.76715 2.21002 -3.07312
4.31724e-05 0.0125118 0.161539
-1.76715 2.21002 -3.05548
4.1727e-05 0.0131769 0.161766
-1.76715 2.21002 -3.04933
4.1727e-05 0.0131769 0.161766
-1.76715 2.21002 -3.04933
4.12315e-05 0.0134054 0.161842
-1.76715 2.21002 -3.04718
4.12315e-05 0.0134054 0.161842
-1.76715 2.21002 -3.04718
3.22461e-05 0.0190858 0.163611
-1.76715 2.21002 -2.99557
3.0078e-05 0.0182782 0.161383
-1.76715 2.15112 -3.0965
3.0078e-05 0.0182782 0.161383
-1.76715 2.15112 -3.0965
3.00072e-05 0.0163077 0.160723
-1.76715 2.15112 -3.1145
3.0145e-05 0.0156227 0.160483
-1.76715 2.15112 -3.12078
3.00631e-05 0.0153838 0.160398
-1.76715 2.15112 -3.12297
3.00631e-05 0.0153838 0.160398
-1.76715 2.15112 -3.12297
3.02345e-05 0.0189001 0.160847
-1.7366 2.13058 -3.124
3.00705e-05 0.0165181 0.160527
-1.7366 2.14396 -3.12409
2.99513e-05 0.0153964 0.160373
-1.7366 2.15025 -3.12413
2.99588e-05 0.015295 0.160357
-1.7366 2.15082 -3.12414
3.00407e-05 0.0162799 0.162759
-1.7366 2.21002 -3.01866
2.9847e-05 0.0143164 0.162142
-1.7366 2.21002 -3.03649
2.98843e-05 0.0133962 0.161838
-1.7366 2.21002 -3.04488
2.98396e-05 0.0133131 0.161808
-1.7366 2.21002 -3.04563
2.98843e-05 0.00776824 0.159784
-1.7366 2.21002 -3.09677
2.97651e-05 0.00585887 0.159016
-1.7366 2.21002 -3.11459
2.30595e-05 0.0141155 0.162078
-1.70606 2.21002 -3.04137
3.36915e-05 0.00825822 0.15995
-1.70606 2.21002 -3.09528
3.70517e-05 0.00623816 0.159139
-1.70606 2.21002 -3.11408
3.81395e-05 0.00553298 0.158844
-1.70606 2.21002 -3.12063
3.82513e-05 0.0051915 0.1587
-1.70606 2.21002 -3.12371
3.79905e-05 0.00515532 0.158685
-1.70606 2.21002 -3.12399
2.95117e-05 0.0105905 0.160851
-1.70606 2.21002 -3.07322
2.65688e-05 0.012508 0.161536
-1.70606 2.21002 -3.05551
2.55108e-05 0.0131755 0.161764
-1.70606 2.21002 -3.04934
2.52202e-05 0.0134048 0.16184
-1.70606 2.21002 -3.04719
1.71289e-05 0.0190855 0.16361
-1.70606 2.21002 -2.99557
2.99439e-05 0.0182291 0.161382
-1.70606 2.15112 -3.09677
2.98023e-05 0.0162776 0.160728
-1.70606 2.15112 -3.11459
2.98843e-05 0.0153636 0.160405
-1.70606 2.15112 -3.12298
2.97725e-05 0.0152809 0.160374
-1.70606 2.15112 -3.12373
3.01301e-05 0.0189033 0.160828
-1.67552 2.13058 -3.124
2.99215e-05 0.0165168 0.160529
-1.67552 2.14396 -3.12409
2.99439e-05 0.0153948 0.160375
-1.67552 2.15025 -3.12413
2.99439e-05 0.0152935 0.160359
-1.67552 2.15082 -3.12414
2.99141e-05 0.0162835 0.16275
-1.67552 2.21002 -3.01866
2.98172e-05 0.0143197 0.162134
-1.67552 2.21002 -3.03649
2.97949e-05 0.0133998 0.161829
-1.67552 2.21002 -3.04488
2.98247e-05 0.0133165 0.1618
-1.67552 2.21002 -3.04563
2.97204e-05 0.00776392 0.159806
-1.67552 2.21002 -3.09677
2.97651e-05 0.00585437 0.159038
-1.67552 2.21002 -3.11459
6.18398e-06 0.0141242 0.162074
-1.64497 2.21002 -3.04137
1.68979e-05 0.0082593 0.159975
-1.64497 2.21002 -3.09528
2.03028e-05 0.00624675 0.159136
-1.64497 2.21002 -3.11408
2.16439e-05 0.0055415 0.158842
-1.64497 2.21002 -3.12063
2.25455e-05 0.00519961 0.158697
-1.64497 2.21002 -3.12371
2.27466e-05 0.00516334 0.158682
-1.64497 2.21002 -3.12399
1.47745e-05 0.0105981 0.160848
-1.64497 2.21002 -3.07322
1.22264e-05 0.0125153 0.161533
-1.64497 2.21002 -3.05551
1.14366e-05 0.0134118 0.161838
-1.64497 2.21002 -3.04719
1.16006e-05 0.0134878 0.161862
-1.64497 2.21002 -3.04644
4.13507e-06 0.0191157 0.163612
-1.64497 2.21002 -2.99531
2.99215e-05 0.0182297 0.161379
-1.64497 2.15112 -3.09677
2.98172e-05 0.0162784 0.160724
-1.64497 2.15112 -3.11459
2.98545e-05 0.0153642 0.160402
-1.64497 2.15112 -3.12298
2.97874e-05 0.0152816 0.160371
-1.64497 2.15112 -3.12373
3.00035e-05 0.0189003 0.160846
-1.61443 2.13058 -3.124
2.99811e-05 0.0165133 0.160547
-1.61443 2.14396 -3.12409
2.98023e-05 0.0153917 0.160392
-1.61443 2.15025 -3.12413
2.97427e-05 0.0152903 0.160376
-1.61443 2.15082 -3.12414
2.9847e-05 0.0162805 0.162757
-1.61443 2.21002 -3.01866
2.98694e-05 0.0143168 0.16214
-1.61443 2.21002 -3.03649
2.9698e-05 0.0133968 0.161836
-1.61443 2.21002 -3.04488
2.9698e-05 0.0132842 0.161796
-1.61443 2.21002 -3.04589
2.96682e-05 0.00775844 0.159778
-1.61443 2.21002 -3.09686
2.95714e-05 0.00585568 0.159013
-1.61443 2.21002 -3.11463
-8.76188e-06 0.0141325 0.16207
-1.58389 2.21002 -3.04137
2.02656e-06 0.00826734 0.159971
-1.58389 2.21002 -3.09528
5.7891e-06 0.00624686 0.159159
-1.58389 2.21002 -3.11408
7.43568e-06 0.00554132 0.158864
-1.58389 2.21002 -3.12063
8.9556e-06 0.00519958 0.158718
-1.58389 2.21002 -3.12371
9.20892e-06 0.00516307 0.158703
-1.58389 2.21002 -3.12399
1.72853e-06 0.0106016 0.16086
-1.58389 2.21002 -3.07322
-4.02331e-07 0.012519 0.161544
-1.58389 2.21002 -3.05551
-5.28991e-07 0.0134153 0.161849
-1.58389 2.21002 -3.04719
-1.56462e-07 0.0134913 0.161873
-1.58389 2.21002 -3.04644
-7.27177e-06 0.0191216 0.163612
-1.58389 2.21002 -2.99531
2.9996e-05 0.0182214 0.161363
-1.58389 2.15112 -3.09686
2.98098e-05 0.0162768 0.160711
-1.58389 2.15112 -3.11463
2.97874e-05 0.0153657 0.16039
-1.58389 2.15112 -3.12298
2.98396e-05 0.0152835 0.16036
-1.58389 2.15112 -3.12374
3.00556e-05 0.0189041 0.160826
-1.55334 2.13058 -3.124
2.99364e-05 0.0165175 0.160527
-1.55334 2.14396 -3.12409
2.9847e-05 0.0153956 0.160373
-1.55334 2.15025 -3.12413
2.98321e-05 0.0152943 0.160357
-1.55334 2.15082 -3.12414
2.98917e-05 0.0162811 0.162748
-1.55334 2.21002 -3.01866
2.98619e-05 0.0143178 0.162131
-1.55334 2.21002 -3.03649
2.97129e-05 0.0133977 0.161827
-1.55334 2.21002 -3.04488
2.97874e-05 0.0133144 0.161798
-1.55334 2.21002 -3.04563
2.97427e-05 0.00776225 0.159803
-1.55334 2.21002 -3.09677
2.96384e-05 0.00585255 0.159035
-1.55334 2.21002 -3.11459
-2.15247e-05 0.0141404 0.162064
-1.5228 2.21002 -3.04137
-1.08853e-05 0.00827551 0.159964
-1.5228 2.21002 -3.09528
-6.71297e-06 0.00625479 0.159152
-1.5228 2.21002 -3.11408
-4.90993e-06 0.00554925 0.158858
-1.5228 2.21002 -3.12063
-3.20375e-06 0.00520721 0.158712
-1.5228 2.21002 -3.12371
-2.35438e-06 0.00517052 0.158697
-1.5228 2.21002 -3.12399
-9.39518e-06 0.0106062 0.160864
-1.5228 2.21002 -3.07322
-1.13547e-05 0.0125284 0.161527
-1.5228 2.21002 -3.05551
-1.11163e-05 0.0134243 0.161832
-1.5228 2.21002 -3.04719
-1.03638e-05 0.0135002 0.161857
-1.5228 2.21002 -3.04644
-1.69724e-05 0.0191275 0.163607
-1.5228 2.21002 -2.99531
2.97725e-05 0.0182312 0.161367
-1.5228 2.15112 -3.09677
2.98321e-05 0.0162799 0.160713
-1.5228 2.15112 -3.11459
2.96235e-05 0.015366 0.160391
-1.5228 2.15112 -3.12298
2.97725e-05 0.0152833 0.160361
-1.5228 2.15112 -3.12373
2.99215e-05 0.0188919 0.160825
-1.49226 2.13058 -3.12409
2.97725e-05 0.0165117 0.160528
-1.49226 2.14396 -3.12412
2.97725e-05 0.0153932 0.160375
-1.49226 2.15025 -3.12414
2.97278e-05 0.0152921 0.16036
-1.49226 2.15082 -3.12414
2.9847e-05 0.0162808 0.162748
-1.49226 2.21002 -3.01866
2.96682e-05 0.0143171 0.162132
-1.49226 2.21002 -3.03649
2.9698e-05 0.0133971 0.161827
-1.49226 2.21002 -3.04488
2.9698e-05 0.0133139 0.161798
-1.49226 2.21002 -3.04563
2.95937e-05 0.00585216 0.159035
-1.49226 2.21002 -3.11459
-3.19928e-05 0.0141436 0.162079
-1.46171 2.21002 -3.04137
-2.14875e-05 0.00828546 0.15995
-1.46171 2.21002 -3.09528
-1.75238e-05 0.00626507 0.159139
-1.46171 2.21002 -3.11408
-1.52141e-05 0.00555918 0.158844
-1.46171 2.21002 -3.12063
-1.29342e-05 0.00521679 0.1587
-1.46171 2.21002 -3.12371
-1.2055e-05 0.0051799 0.158684
-1.46171 2.21002 -3.12399
-1.88947e-05 0.0106148 0.160852
-1.46171 2.21002 -3.07322
-2.03699e-05 0.0125317 0.161536
-1.46171 2.21002 -3.05551
-1.96695e-05 0.0134275 0.161841
-1.46171 2.21002 -3.04719
-1.885e-05 0.0135031 0.161866
-1.46171 2.21002 -3.04644
-2.49892e-05 0.0191307 0.163615
-1.46171 2.21002 -2.99531
2.97427e-05 0.0182315 0.161368
-1.46171 2.15112 -3.09677
2.97576e-05 0.0162801 0.160713
-1.46171 2.15112 -3.11459
2.96831e-05 0.0152834 0.160361
-1.46171 2.15112 -3.12373
2.96682e-05 0.0152544 0.16035
-1.46171 2.15112 -3.124
2.97278e-05 0.0189019 0.16083
-1.43117 2.13058 -3.124
2.96235e-05 0.0165154 0.16053
-1.43117 2.14396 -3.12409
2.96682e-05 0.0153936 0.160376
-1.43117 2.15025 -3.12413
2.95639e-05 0.0152922 0.160361
-1.43117 2.15082 -3.12414
2.97576e-05 0.0162695 0.162753
-1.43117 2.21002 -3.01875
2.96235e-05 0.0143126 0.162139
-1.43117 2.21002 -3.03652
2.95639e-05 0.0133956 0.161835
-1.43117 2.21002 -3.04488
2.95937e-05 0.0133127 0.161806
-1.43117 2.21002 -3.04563
2.95341e-05 0.00776803 0.159782
-1.43117 2.21002 -3.09677
2.94149e-05 0.00585891 0.159014
-1.43117 2.21002 -3.11459
-4.08739e-05 0.014155 0.162053
-1.40063 2.21002 -3.04137
-3.0309e-05 0.00829047 0.159953
-1.40063 2.21002 -3.09528
-2.61366e-05 0.00626986 0.159141
-1.40063 2.21002 -3.11408
-2.40654e-05 0.005564 0.158847
-1.40063 2.21002 -3.12063
-2.1562e-05 0.00522117 0.158702
-1.40063 2.21002 -3.12371
-2.04742e-05 0.00518447 0.158687
-1.40063 2.21002 -3.12399
-2.65092e-05 0.0106191 0.160854
-1.40063 2.21002 -3.07322
-2.79695e-05 0.0125359 0.161539
-1.40063 2.21002 -3.05551
-2.68072e-05 0.0134316 0.161843
-1.40063 2.21002 -3.04719
-2.58982e-05 0.0135072 0.161868
-1.40063 2.21002 -3.04644
-3.16352e-05 0.0191349 0.163618
-1.40063 2.21002 -2.99531
2.9698e-05 0.0182313 0.161368
-1.40063 2.15112 -3.09677
2.96831e-05 0.01628 0.160713
-1.40063 2.15112 -3.11459
2.95937e-05 0.0153659 0.160392
-1.40063 2.15112 -3.12298
2.96384e-05 0.0152832 0.160361
-1.40063 2.15112 -3.12373
2.95192e-05 0.0189044 0.16083
-1.37008 2.13058 -3.124
2.95043e-05 0.0165177 0.160532
-1.37008 2.14396 -3.12409
2.9549e-05 0.0153958 0.160377
-1.37008 2.15025 -3.12413
2.94745e-05 0.0152944 0.160362
-1.37008 2.15082 -3.12414
2.95192e-05 0.0162711 0.162754
-1.37008 2.21002 -3.01875
2.95192e-05 0.0143141 0.162139
-1.37008 2.21002 -3.03652
2.95192e-05 0.0133969 0.161836
-1.37008 2.21002 -3.04488
2.94596e-05 0.0133142 0.161807
-1.37008 2.21002 -3.04563
2.93851e-05 0.00776953 0.159783
-1.37008 2.21002 -3.09677
2.91169e-05 0.00586011 0.159015
-1.37008 2.21002 -3.11459
-4.77284e-05 0.014155 0.162079
-1.33954 2.21002 -3.04137
-3.74168e-05 0.00829664 0.159951
-1.33954 2.21002 -3.09528
-3.33637e-05 0.0062758 0.159139
-1.33954 2.21002 -3.11408
-3.09944e-05 0.00556999 0.158845
-1.33954 2.21002 -3.12063
-2.81483e-05 0.00522695 0.1587
-1.33954 2.21002 -3.12371
-2.6986e-05 0.00518996 0.158685
-1.33954 2.21002 -3.12399
-3.27975e-05 0.0106244 0.160852
-1.33954 2.21002 -3.07322
-3.38852e-05 0.0125411 0.161537
-1.33954 2.21002 -3.05551
-3.24398e-05 0.0134365 0.161841
-1.33954 2.21002 -3.04719
-3.13073e-05 0.0135121 0.161866
-1.33954 2.21002 -3.04644
-3.67463e-05 0.0191396 0.163616
-1.33954 2.21002 -2.99531
2.96384e-05 0.0182313 0.161368
-1.33954 2.15112 -3.09677
2.94149e-05 0.01628 0.160714
-1.33954 2.15112 -3.11459
2.93553e-05 0.0153658 0.160392
-1.33954 2.15112 -3.12298
2.94e-05 0.0152832 0.160362
-1.33954 2.15112 -3.12373
2.95341e-05 0.018892 0.160827
-1.309 2.13058 -3.12409
2.94298e-05 0.0165116 0.160531
-1.309 2.14396 -3.12412
2.94447e-05 0.0153931 0.160378
-1.309 2.15025 -3.12414
2.94149e-05 0.0152919 0.160362
-1.309 2.15082 -3.12414
2.94894e-05 0.0162675 0.162765
-1.309 2.21002 -3.01875
2.94894e-05 0.0143106 0.16215
-1.309 2.21002 -3.03652
2.94e-05 0.0133935 0.161845
-1.309 2.21002 -3.04488
2.93702e-05 0.0133107 0.161816
-1.309 2.21002 -3.04563
2.93404e-05 0.00776571 0.159791
-1.309 2.21002 -3.09677
2.91914e-05 0.00585625 0.159023
-1.309 2.21002 -3.11459
-5.29438e-05 0.0141618 0.162071
-1.27845 2.21002 -3.04137
-4.27812e-05 0.00829618 0.159971
-1.27845 2.21002 -3.09528
-3.8594e-05 0.00627497 0.159159
-1.27845 2.21002 -3.11408
-3.63886e-05 0.00556898 0.158865
-1.27845 2.21002 -3.12063
-3.31104e-05 0.00522596 0.158719
-1.27845 2.21002 -3.12371
-3.19928e-05 0.00518899 0.158703
-1.27845 2.21002 -3.12399
-3.7238e-05 0.0106271 0.16086
-1.27845 2.21002 -3.07322
-3.83854e-05 0.0125438 0.161545
-1.27845 2.21002 -3.05551
-3.66271e-05 0.013439 0.161849
-1.27845 2.21002 -3.04719
-3.55244e-05 0.0135147 0.161874
-1.27845 2.21002 -3.04644
-4.0561e-05 0.0191445 0.163613
-1.27845 2.21002 -2.99531
2.95341e-05 0.0182318 0.161366
-1.27845 2.15112 -3.09677
2.93851e-05 0.0162806 0.160713
-1.27845 2.15112 -3.11459
2.92808e-05 0.0153664 0.16039
-1.27845 2.15112 -3.12298
2.93851e-05 0.0152837 0.16036
-1.27845 2.15112 -3.12373
2.92957e-05 0.0165141 0.160538
-1.24791 2.14396 -3.12409
2.92957e-05 0.0153923 0.160383
-1.24791 2.15025 -3.12413
2.93553e-05 0.0152907 0.160368
-1.24791 2.15082 -3.12414
2.94596e-05 0.01627 0.162755
-1.24791 2.21002 -3.01875
2.94745e-05 0.014313 0.16214
-1.24791 2.21002 -3.03652
2.93404e-05 0.013396 0.161837
-1.24791 2.21002 -3.04488
2.93553e-05 0.013313 0.161808
-1.24791 2.21002 -3.04563
2.92957e-05 0.00776844 0.159784
-1.24791 2.21002 -3.09677
2.93255e-05 0.00585899 0.159016
-1.24791 2.21002 -3.11459
-5.62072e-05 0.0141664 0.162074
-1.21737 2.21002 -3.04137
-4.65959e-05 0.00830056 0.159973
-1.21737 2.21002 -3.09528
-4.24087e-05 0.00628738 0.159134
-1.21737 2.21002 -3.11408
-3.995e-05 0.00558122 0.15884
-1.21737 2.21002 -3.12063
-3.68208e-05 0.00523782 0.158695
-1.21737 2.21002 -3.12371
-3.54648e-05 0.00520068 0.15868
-1.21737 2.21002 -3.12399
-4.04865e-05 0.0106345 0.160847
-1.21737 2.21002 -3.07322
-4.13954e-05 0.012551 0.161532
-1.21737 2.21002 -3.05551
-3.96371e-05 0.0134459 0.161837
-1.21737 2.21002 -3.04719
-3.8296e-05 0.0135214 0.161861
-1.21737 2.21002 -3.04644
-4.29302e-05 0.0191483 0.163612
-1.21737 2.21002 -2.99531
2.94745e-05 0.0182317 0.161369
-1.21737 2.15112 -3.09677
2.93702e-05 0.0162805 0.160715
-1.21737 2.15112 -3.11459
2.94447e-05 0.0153663 0.160393
-1.21737 2.15112 -3.12298
2.93106e-05 0.0152835 0.160363
-1.21737 2.15112 -3.12373
2.92808e-05 0.018901 0.160834
-1.18683 2.13058 -3.124
2.93553e-05 0.0165144 0.160536
-1.18683 2.14396 -3.12409
2.91914e-05 0.0153926 0.160381
-1.18683 2.15025 -3.12413
2.92957e-05 0.0152913 0.160366
-1.18683 2.15082 -3.12414
2.93106e-05 0.0162793 0.162759
-1.18683 2.21002 -3.01866
2.92659e-05 0.0143157 0.162142
-1.18683 2.21002 -3.03649
2.94596e-05 0.0133956 0.161837
-1.18683 2.21002 -3.04488
2.92957e-05 0.0133124 0.161808
-1.18683 2.21002 -3.04563
2.91467e-05 0.00776784 0.159784
-1.18683 2.21002 -3.09677
2.92659e-05 0.00585847 0.159016
-1.18683 2.21002 -3.11459
-5.8189e-05 0.0141713 0.162072
-1.15628 2.21002 -3.04137
-4.87119e-05 0.00830542 0.159972
-1.15628 2.21002 -3.09528
-4.46588e-05 0.00628407 0.15916
-1.15628 2.21002 -3.11408
-4.21852e-05 0.00557779 0.158865
-1.15628 2.21002 -3.12063
-3.89814e-05 0.00523457 0.15872
-1.15628 2.21002 -3.12371
-3.74466e-05 0.00519745 0.158704
-1.15628 2.21002 -3.12399
-4.23044e-05 0.0106352 0.160861
-1.15628 2.21002 -3.07322
-4.29451e-05 0.0125519 0.161546
-1.15628 2.21002 -3.05551
-4.09931e-05 0.0134469 0.16185
-1.15628 2.21002 -3.04719
-3.96222e-05 0.0135222 0.161874
-1.15628 2.21002 -3.04644
-4.42117e-05 0.0191518 0.163613
-1.15628 2.21002 -2.99531
2.92957e-05 0.0182309 0.16137
-1.15628 2.15112 -3.09677
2.92361e-05 0.0162796 0.160716
-1.15628 2.15112 -3.11459
2.9251e-05 0.0153655 0.160394
-1.15628 2.15112 -3.12298
2.92808e-05 0.0152828 0.160363
-1.15628 2.15112 -3.12373
2.92063e-05 0.0189012 0.160838
-1.12574 2.13058 -3.124
2.90573e-05 0.0165142 0.160538
-1.12574 2.14396 -3.12409
2.92063e-05 0.0153926 0.160384
-1.12574 2.15025 -3.12413
2.91616e-05 0.0152912 0.160368
-1.12574 2.15082 -3.12414
2.9102e-05 0.0143156 0.162143
-1.12574 2.21002 -3.03649
2.91765e-05 0.0133956 0.161838
-1.12574 2.21002 -3.04488
2.93702e-05 0.0133123 0.161809
-1.12574 2.21002 -3.04563
2.91169e-05 0.00776768 0.159784
-1.12574 2.21002 -3.09677
2.90424e-05 0.00585838 0.159016
-1.12574 2.21002 -3.11459
-5.84573e-05 0.0141773 0.162066
-1.0952 2.21002 -3.04137
-4.94272e-05 0.00831166 0.159966
-1.0952 2.21002 -3.09528
-4.53889e-05 0.0062902 0.159154
-1.0952 2.21002 -3.11408
-4.31091e-05 0.00558385 0.158859
-1.0952 2.21002 -3.12063
-3.96967e-05 0.00524031 0.158714
-1.0952 2.21002 -3.12371
-3.82364e-05 0.0052031 0.158698
-1.0952 2.21002 -3.12399
-4.27663e-05 0.0106426 0.160847
-1.0952 2.21002 -3.07322
-4.3273e-05 0.0125588 0.161532
-1.0952 2.21002 -3.05551
-4.11868e-05 0.0134536 0.161837
-1.0952 2.21002 -3.04719
-3.98159e-05 0.0135288 0.161861
-1.0952 2.21002 -3.04644
-4.40627e-05 0.0191556 0.163611
-1.0952 2.21002 -2.99531
2.92361e-05 0.0182313 0.161368
-1.0952 2.15112 -3.09677
2.90722e-05 0.0162799 0.160713
-1.0952 2.15112 -3.11459
2.92212e-05 0.0153657 0.160392
-1.0952 2.15112 -3.12298
2.91616e-05 0.0152833 0.160361
-1.0952 2.15112 -3.12373
2.90573e-05 0.0165162 0.160528
-1.06465 2.14396 -3.12409
2.90871e-05 0.0153946 0.160374
-1.06465 2.15025 -3.12413
2.91169e-05 0.015293 0.160359
-1.06465 2.15082 -3.12414
2.93106e-05 0.016269 0.162757
-1.06465 2.21002 -3.01875
2.91765e-05 0.014312 0.162141
-1.06465 2.21002 -3.03652
2.91169e-05 0.0133951 0.161838
-1.06465 2.21002 -3.04488
2.9251e-05 0.0133121 0.161809
-1.06465 2.21002 -3.04563
2.91467e-05 0.00776748 0.159784
-1.06465 2.21002 -3.09677
2.90573e-05 0.00585835 0.159016
-1.06465 2.21002 -3.11459
-5.73993e-05 0.0141812 0.162066
-1.03411 2.21002 -3.04137
-4.89354e-05 0.00831553 0.159966
-1.03411 2.21002 -3.09528
-4.48376e-05 0.00629416 0.159154
-1.03411 2.21002 -3.11408
-4.2662e-05 0.00558765 0.15886
-1.03411 2.21002 -3.12063
-3.94285e-05 0.00524397 0.158714
-1.03411 2.21002 -3.12371
-3.79384e-05 0.00520654 0.158698
-1.03411 2.21002 -3.12399
-4.20213e-05 0.0106466 0.160845
-1.03411 2.21002 -3.07322
-4.2513e-05 0.0125628 0.16153
-1.03411 2.21002 -3.05551
-4.06355e-05 0.0134572 0.161835
-1.03411 2.21002 -3.04719
-3.92646e-05 0.0135324 0.161859
-1.03411 2.21002 -3.04644
-4.30346e-05 0.0191591 0.163609
-1.03411 2.21002 -2.99531
2.91616e-05 0.0182159 0.161385
-1.03411 2.15112 -3.09686
2.90126e-05 0.0162711 0.160732
-1.03411 2.15112 -3.11463
2.9102e-05 0.01536 0.160411
-1.03411 2.15112 -3.12298
2.90424e-05 0.0152777 0.16038
-1.03411 2.15112 -3.12374
2.92063e-05 0.0189025 0.160826
-1.00357 2.13058 -3.124
2.91467e-05 0.0165159 0.160527
-1.00357 2.14396 -3.12409
2.9102e-05 0.0153944 0.160373
-1.00357 2.15025 -3.12413
2.9102e-05 0.0152928 0.160358
-1.00357 2.15082 -3.12414
2.91616e-05 0.0162787 0.162759
-1.00357 2.21002 -3.01866
2.90126e-05 0.0143151 0.162142
-1.00357 2.21002 -3.03649
2.90722e-05 0.0133949 0.161837
-1.00357 2.21002 -3.04488
2.89679e-05 0.0133118 0.161808
-1.00357 2.21002 -3.04563
2.88785e-05 0.00776725 0.159783
-1.00357 2.21002 -3.09677
2.88934e-05 0.00585809 0.159016
-1.00357 2.21002 -3.11459
-5.48065e-05 0.0141831 0.162075
-0.973023 2.21002 -3.04137
-4.67002e-05 0.00831693 0.159976
-0.973023 2.21002 -3.09528
-4.30793e-05 0.00629523 0.159164
-0.973023 2.21002 -3.11408
-4.08888e-05 0.00559652 0.158843
-0.973023 2.21002 -3.12063
-3.92497e-05 0.00534518 0.158737
-0.973023 2.21002 -3.12292
-3.77297e-05 0.00525253 0.158698
-0.973023 2.21002 -3.12371
-4.15146e-05 0.0106671 0.160857
-0.973023 2.21002 -3.07312
-4.19617e-05 0.0125762 0.161539
-0.973023 2.21002 -3.05548
-3.98457e-05 0.0134671 0.161842
-0.973023 2.21002 -3.04718
-3.86387e-05 0.0135418 0.161866
-0.973023 2.21002 -3.04644
-3.71486e-05 0.0135633 0.161873
-0.973023 2.21002 -3.04618
-4.09484e-05 0.0191716 0.163616
-0.973023 2.21002 -2.99521
2.90573e-05 0.0182154 0.161385
-0.973023 2.15112 -3.09686
2.90275e-05 0.0162705 0.160732
-0.973023 2.15112 -3.11463
2.89679e-05 0.0153596 0.160411
-0.973023 2.15112 -3.12298
2.88785e-05 0.0152772 0.16038
-0.973023 2.15112 -3.12374
2.90573e-05 0.0189017 0.160827
-0.942479 2.13058 -3.124
2.89679e-05 0.0165149 0.160528
-0.942479 2.14396 -3.12409
2.89083e-05 0.0152919 0.160358
-0.942479 2.15082 -3.12414
2.90573e-05 0.0152563 0.160352
-0.942479 2.15101 -3.12414
2.89083e-05 0.0162811 0.162747
-0.942479 2.21002 -3.01866
2.89083e-05 0.0143176 0.16213
-0.942479 2.21002 -3.03649
2.89977e-05 0.0133976 0.161826
-0.942479 2.21002 -3.04488
2.89679e-05 0.0133145 0.161797
-0.942479 2.21002 -3.04563
2.8789e-05 0.00776234 0.159802
-0.942479 2.21002 -3.09677
2.86996e-05 0.00519012 0.158757
-0.942479 2.21002 -3.12081
-5.11408e-05 0.0141906 0.162056
-0.911936 2.21002 -3.04137
-4.34816e-05 0.00832543 0.159958
-0.911936 2.21002 -3.09528
-4.00245e-05 0.00630383 0.159146
-0.911936 2.21002 -3.11408
-3.78489e-05 0.00559716 0.158851
-0.911936 2.21002 -3.12063
-3.47495e-05 0.00525311 0.158707
-0.911936 2.21002 -3.12371
-3.35574e-05 0.00521563 0.158691
-0.911936 2.21002 -3.12399
-3.71635e-05 0.0106496 0.160858
-0.911936 2.21002 -3.07322
-3.75211e-05 0.012566 0.161542
-0.911936 2.21002 -3.05551
-3.55542e-05 0.0134604 0.161846
-0.911936 2.21002 -3.04719
-3.43323e-05 0.0135355 0.161871
-0.911936 2.21002 -3.04644
-3.76403e-05 0.0191627 0.16362
-0.911936 2.21002 -2.99531
2.90275e-05 0.0182206 0.161364
-0.911936 2.15112 -3.09686
2.89977e-05 0.0162759 0.160712
-0.911936 2.15112 -3.11463
2.88188e-05 0.0153648 0.160391
-0.911936 2.15112 -3.12298
2.90871e-05 0.0152826 0.160361
-0.911936 2.15112 -3.12374
2.91169e-05 0.0189018 0.160835
-0.881393 2.13058 -3.124
2.88785e-05 0.0165149 0.160536
-0.881393 2.14396 -3.12409
2.89679e-05 0.0153934 0.160381
-0.881393 2.15025 -3.12413
2.89381e-05 0.0152919 0.160366
-0.881393 2.15082 -3.12414
2.90871e-05 0.0162783 0.162759
-0.881393 2.21002 -3.01866
2.89679e-05 0.0143147 0.162142
-0.881393 2.21002 -3.03649
2.8789e-05 0.0133946 0.161837
-0.881393 2.21002 -3.04488
2.89381e-05 0.0133115 0.161808
-0.881393 2.21002 -3.04563
2.86996e-05 0.00585751 0.159016
-0.881393 2.21002 -3.11459
-4.6283e-05 0.0141913 0.162068
-0.85085 2.21002 -3.04137
-3.91603e-05 0.00832561 0.159969
-0.85085 2.21002 -3.09528
-3.60012e-05 0.00630377 0.159157
-0.85085 2.21002 -3.11408
-3.40044e-05 0.00559707 0.158863
-0.85085 2.21002 -3.12063
-3.1203e-05 0.00525302 0.158717
-0.85085 2.21002 -3.12371
-2.99811e-05 0.00521559 0.158701
-0.85085 2.21002 -3.12399
-3.32594e-05 0.0106502 0.160868
-0.85085 2.21002 -3.07322
-3.34084e-05 0.0125664 0.161552
-0.85085 2.21002 -3.05551
-3.17395e-05 0.013461 0.161856
-0.85085 2.21002 -3.04719
-3.0458e-05 0.0135361 0.16188
-0.85085 2.21002 -3.04644
-3.36468e-05 0.0191657 0.163618
-0.85085 2.21002 -2.99531
2.89381e-05 0.018226 0.161389
-0.85085 2.15112 -3.09677
2.88486e-05 0.0162744 0.160735
-0.85085 2.15112 -3.11459
2.87592e-05 0.0153603 0.160412
-0.85085 2.15112 -3.12298
2.89977e-05 0.0152778 0.160381
-0.85085 2.15112 -3.12373
2.90275e-05 0.0189 0.160833
-0.820306 2.13058 -3.124
2.89977e-05 0.0165132 0.160534
-0.820306 2.14396 -3.12409
2.90573e-05 0.0152902 0.160364
-0.820306 2.15082 -3.12414
2.88785e-05 0.0152546 0.160358
-0.820306 2.15101 -3.12414
2.89977e-05 0.0162794 0.162759
-0.820306 2.21002 -3.01866
2.89679e-05 0.0143159 0.162143
-0.820306 2.21002 -3.03649
2.89381e-05 0.0133126 0.161809
-0.820306 2.21002 -3.04563
2.89679e-05 0.0132833 0.161798
-0.820306 2.21002 -3.04589
2.8789e-05 0.00775758 0.159779
-0.820306 2.21002 -3.09686
2.87592e-05 0.00585476 0.159014
-0.820306 2.21002 -3.11463
-4.02033e-05 0.0141913 0.162082
-0.789763 2.21002 -3.04137
-3.37064e-05 0.00833262 0.159954
-0.789763 2.21002 -3.09528
-3.06368e-05 0.00631114 0.159143
-0.789763 2.21002 -3.11408
-2.89381e-05 0.00560432 0.158849
-0.789763 2.21002 -3.12063
-2.63453e-05 0.00526006 0.158704
-0.789763 2.21002 -3.12371
-2.5183e-05 0.0052222 0.158688
-0.789763 2.21002 -3.12399
-2.83122e-05 0.0106561 0.160855
-0.789763 2.21002 -3.07322
-2.8491e-05 0.012572 0.161539
-0.789763 2.21002 -3.05551
-2.67029e-05 0.0134663 0.161843
-0.789763 2.21002 -3.04719
-2.563e-05 0.0135412 0.161868
-0.789763 2.21002 -3.04644
-2.85804e-05 0.0191682 0.163617
-0.789763 2.21002 -2.99531
-2.85804e-05 0.0191682 0.163617
-0.789763 2.21002 -2.99531
2.88188e-05 0.01823 0.161368
-0.789763 2.15112 -3.09677
2.88188e-05 0.0162788 0.160714
-0.789763 2.15112 -3.11459
2.8789e-05 0.0153647 0.160392
-0.789763 2.15112 -3.12298
2.87294e-05 0.0152822 0.160362
-0.789763 2.15112 -3.12373
2.90275e-05 0.0189003 0.160833
-0.75922 2.13058 -3.124
2.88486e-05 0.0165136 0.160534
-0.75922 2.14396 -3.12409
2.89977e-05 0.015392 0.16038
-0.75922 2.15025 -3.12413
2.90275e-05 0.0152906 0.160364
-0.75922 2.15082 -3.12414
2.90871e-05 0.0162783 0.162767
-0.75922 2.21002 -3.01866
2.91467e-05 0.0143147 0.16215
-0.75922 2.21002 -3.03649
2.91169e-05 0.0133114 0.161816
-0.75922 2.21002 -3.04563
2.90275e-05 0.0132821 0.161805
-0.75922 2.21002 -3.04589
2.89381e-05 0.00775642 0.159785
-0.75922 2.21002 -3.09686
2.86698e-05 0.00585341 0.159019
-0.75922 2.21002 -3.11463
-3.32296e-05 0.0141932 0.162086
-0.728676 2.21002 -3.04137
-2.71797e-05 0.00833396 0.159959
-0.728676 2.21002 -3.09528
-2.47359e-05 0.00631219 0.159148
-0.728676 2.21002 -3.11408
-2.30968e-05 0.0056055 0.158853
-0.728676 2.21002 -3.12063
-2.08616e-05 0.005261 0.158708
-0.728676 2.21002 -3.12371
-1.97291e-05 0.00522327 0.158693
-0.728676 2.21002 -3.12399
-2.25306e-05 0.0106572 0.160859
-0.728676 2.21002 -3.07322
-2.27392e-05 0.0125734 0.161543
-0.728676 2.21002 -3.05551
-2.11596e-05 0.0134677 0.161847
-0.728676 2.21002 -3.04719
-2.0206e-05 0.0135424 0.161871
-0.728676 2.21002 -3.04644
-2.2918e-05 0.0191696 0.16362
-0.728676 2.21002 -2.99531
2.89083e-05 0.016279 0.160713
-0.728676 2.15112 -3.11459
2.88486e-05 0.0153651 0.160391
-0.728676 2.15112 -3.12298
2.88486e-05 0.0152824 0.160361
-0.728676 2.15112 -3.12373
