1	0.237277	0.227891
2	0.227891	0.219179
3	0.219179	0.211204
4	0.211204	0.203162
5	0.203162	0.195062
6	0.195062	0.186967
7	0.186967	0.179392
8	0.179392	0.174509
9	0.174509	0.169916
10	0.169916	0.165546
11	0.165546	0.161369
12	0.161369	0.157369
13	0.157369	0.153532
14	0.153532	0.149847
15	0.149847	0.146306
16	0.146306	0.1429
17	0.1429	0.139622
18	0.139622	0.136465
19	0.136466	0.133423
20	0.133423	0.13049
21	0.13049	0.127659
22	0.127659	0.124926
23	0.124926	0.122287
24	0.122287	0.119737
25	0.119737	0.117271
26	0.117271	0.114886
27	0.114886	0.112579
28	0.112579	0.110346
29	0.110346	0.108184
30	0.108184	0.106091
31	0.106091	0.104064
32	0.104065	0.102101
33	0.102101	0.1002
34	0.1002	0.0983572
35	0.0983572	0.0965725
36	0.0965724	0.0948433
37	0.0948432	0.0931681
38	0.0931681	0.0915452
39	0.0915452	0.0899727
40	0.0899727	0.0884495
41	0.0884495	0.0869738
42	0.0869738	0.0855444
43	0.0855443	0.0841594
44	0.0841594	0.0828179
45	0.082818	0.0815183
46	0.0815183	0.0802593
47	0.0802594	0.0790396
48	0.0790396	0.0778578
49	0.0778578	0.0767129
50	0.0767129	0.0756034
51	0.0756034	0.0745282
52	0.0745283	0.0734862
53	0.0734861	0.0724761
54	0.0724762	0.0714969
55	0.071497	0.0705474
56	0.0705475	0.0696267
57	0.0696267	0.0687335
58	0.0687335	0.067867
59	0.067867	0.0670262
60	0.0670262	0.0662102
61	0.0662101	0.0654179
62	0.0654179	0.0646487
63	0.0646486	0.0639015
64	0.0639015	0.0631756
65	0.0631756	0.0624703
66	0.0624704	0.0617848
67	0.0617848	0.0611183
68	0.0611183	0.0604701
69	0.0604701	0.0598397
70	0.0598397	0.0592261
71	0.0592261	0.0586292
72	0.0586292	0.058048
73	0.058048	0.0574821
74	0.0574822	0.056931
75	0.056931	0.0563941
76	0.0563941	0.0558708
77	0.0558708	0.0553608
78	0.0553608	0.0548636
79	0.0548635	0.0543787
80	0.0543787	0.0539057
81	0.0539057	0.0534443
82	0.0534443	0.0529939
83	0.0529939	0.0525544
84	0.0525544	0.0521252
85	0.0521251	0.0517061
86	0.0517061	0.0512967
87	0.0512967	0.0508968
88	0.0508968	0.050506
89	0.050506	0.0501238
90	0.0501239	0.0497505
91	0.0497505	0.0493853
92	0.0493853	0.0490282
93	0.0490282	0.0486788
94	0.0486788	0.048337
95	0.048337	0.0480024
96	0.0480025	0.0476751
97	0.0476751	0.0473546
98	0.0473546	0.0470408
99	0.0470408	0.0467335
100	0.0467336	0.0464325
101	0.0464326	0.0461376
102	0.0461376	0.0458488
103	0.0458488	0.0455657
104	0.0455657	0.0452882
105	0.0452882	0.0450162
106	0.0450162	0.0447495
107	0.0447495	0.044488
108	0.044488	0.0442315
109	0.0442315	0.0439799
110	0.0439799	0.0437331
111	0.0437331	0.043491
112	0.043491	0.0432533
113	0.0432534	0.0430202
114	0.0430202	0.0427913
115	0.0427913	0.0425665
116	0.0425665	0.0423459
117	0.0423459	0.0421293
118	0.0421293	0.0419165
119	0.0419165	0.0417075
120	0.0417075	0.0415022
121	0.0415022	0.0413006
122	0.0413006	0.0411024
123	0.0411024	0.0409076
124	0.0409077	0.0407163
125	0.0407163	0.0405281
126	0.0405281	0.0403432
127	0.0403432	0.0401614
128	0.0401615	0.0399827
129	0.0399827	0.039807
130	0.0398069	0.0396341
131	0.0396341	0.039464
132	0.0394641	0.0392968
133	0.0392969	0.0391324
134	0.0391324	0.0389705
135	0.0389705	0.0388113
136	0.0388113	0.0386546
137	0.0386546	0.0385004
138	0.0385004	0.0383486
139	0.0383486	0.0381992
140	0.0381992	0.0380522
141	0.0380522	0.0379074
142	0.0379074	0.0377649
143	0.0377649	0.0376245
144	0.0376245	0.0374863
145	0.0374863	0.0373502
146	0.0373502	0.0372162
147	0.0372162	0.0370842
148	0.0370841	0.0369541
149	0.0369541	0.036826
150	0.036826	0.0366997
151	0.0366997	0.0365754
152	0.0365754	0.0364529
153	0.0364528	0.0363321
154	0.0363321	0.0362131
155	0.0362131	0.0360957
156	0.0360958	0.0359801
157	0.0359802	0.0358662
158	0.0358661	0.0357538
159	0.0357538	0.0356431
160	0.035643	0.0355339
161	0.0355339	0.0354262
162	0.0354262	0.03532
163	0.03532	0.0352153
164	0.0352153	0.0351121
165	0.0351121	0.0350102
166	0.0350102	0.0349098
167	0.0349098	0.0348107
168	0.0348107	0.0347129
169	0.0347129	0.0346165
170	0.0346165	0.0345213
171	0.0345214	0.0344275
172	0.0344275	0.0343349
173	0.0343349	0.0342435
174	0.0342435	0.0341533
175	0.0341533	0.0340643
176	0.0340644	0.0339765
177	0.0339765	0.0338898
178	0.0338898	0.0338042
179	0.0338042	0.0337197
180	0.0337197	0.0336363
181	0.0336364	0.0335541
182	0.033554	0.0334728
183	0.0334728	0.0333926
184	0.0333925	0.0333133
185	0.0333133	0.0332351
186	0.0332351	0.0331578
187	0.0331578	0.0330815
188	0.0330815	0.0330062
189	0.0330062	0.0329317
190	0.0329317	0.0328582
191	0.0328582	0.0327856
192	0.0327856	0.0327139
193	0.0327139	0.0326431
194	0.0326431	0.0325731
195	0.0325731	0.0325039
196	0.0325039	0.0324357
197	0.0324356	0.0323681
198	0.0323681	0.0323014
199	0.0323014	0.0322355
200	0.0322355	0.0321704
201	0.0321704	0.032106
202	0.032106	0.0320424
203	0.0320424	0.0319796
204	0.0319796	0.0319175
205	0.0319174	0.031856
206	0.031856	0.0317953
207	0.0317954	0.0317354
208	0.0317353	0.031676
209	0.031676	0.0316174
210	0.0316174	0.0315594
211	0.0315594	0.0315021
212	0.0315021	0.0314455
213	0.0314454	0.0313894
214	0.0313894	0.031334
215	0.031334	0.0312792
216	0.0312792	0.031225
217	0.031225	0.0311715
218	0.0311715	0.0311185
219	0.0311185	0.0310661
220	0.0310661	0.0310143
221	0.0310143	0.030963
222	0.030963	0.0309123
223	0.0309123	0.0308622
224	0.0308621	0.0308126
225	0.0308126	0.0307635
226	0.0307635	0.0307149
227	0.0307149	0.0306669
228	0.0306669	0.0306194
229	0.0306194	0.0305724
230	0.0305724	0.0305259
231	0.0305259	0.0304799
232	0.0304798	0.0304343
233	0.0304343	0.0303892
234	0.0303893	0.0303446
235	0.0303446	0.0303005
236	0.0303005	0.0302568
237	0.0302568	0.0302136
238	0.0302136	0.0301708
239	0.0301708	0.0301285
240	0.0301285	0.0300866
241	0.0300865	0.0300451
242	0.0300451	0.030004
243	0.030004	0.0299634
244	0.0299634	0.0299231
