1	0.21503	0.20404
2	0.204041	0.194519
3	0.194519	0.186469
4	0.186469	0.179435
5	0.179435	0.173239
6	0.173239	0.167803
7	0.167804	0.16305
8	0.16305	0.158909
9	0.158909	0.155176
10	0.155176	0.151797
11	0.151797	0.148748
12	0.148748	0.145955
13	0.145955	0.143383
14	0.143383	0.141
15	0.141	0.138783
16	0.138783	0.136708
17	0.136708	0.134758
18	0.134758	0.132918
19	0.132918	0.131173
20	0.131173	0.129513
21	0.129513	0.127928
22	0.127928	0.126409
23	0.126409	0.124949
24	0.124949	0.123542
25	0.123543	0.122183
26	0.122183	0.120866
27	0.120866	0.119594
28	0.119594	0.118356
29	0.118356	0.117151
30	0.117151	0.115974
31	0.115974	0.114823
32	0.114823	0.113696
33	0.113696	0.11259
34	0.11259	0.111504
35	0.111504	0.110436
36	0.110436	0.109384
37	0.109384	0.108347
38	0.108347	0.107325
39	0.107325	0.106315
40	0.106315	0.105318
41	0.105318	0.104332
42	0.104332	0.103357
43	0.103358	0.102393
44	0.102393	0.101438
45	0.101438	0.100492
46	0.100492	0.099555
47	0.099555	0.0986264
48	0.0986265	0.0977058
49	0.0977057	0.0967934
50	0.0967932	0.095888
51	0.095888	0.0949902
52	0.0949903	0.0940995
53	0.0940995	0.0932161
54	0.093216	0.0923394
55	0.0923394	0.0914696
56	0.0914697	0.0906066
57	0.0906066	0.0897501
58	0.0897503	0.0889003
59	0.0889005	0.0880572
60	0.0880572	0.0872205
61	0.0872206	0.0863907
62	0.0863907	0.0855672
63	0.0855671	0.0847502
64	0.0847502	0.08394
65	0.0839399	0.0831365
66	0.0831364	0.0823398
67	0.0823396	0.0815495
68	0.0815493	0.0807661
69	0.080766	0.0799895
70	0.0799897	0.07922
71	0.07922	0.0784573
72	0.0784573	0.0777016
73	0.0777017	0.0769531
74	0.0769532	0.0762117
75	0.0762117	0.0754775
76	0.0754775	0.0747507
77	0.0747507	0.0740313
78	0.0740313	0.0733191
79	0.073319	0.0726145
80	0.0726146	0.0719175
81	0.0719175	0.0712282
82	0.0712282	0.0705464
83	0.0705464	0.0698723
84	0.0698722	0.0692062
85	0.0692061	0.0685475
86	0.0685476	0.0678972
87	0.0678972	0.0672544
88	0.0672544	0.0666197
89	0.0666197	0.065993
90	0.065993	0.0653742
91	0.0653743	0.0647635
92	0.0647635	0.0641609
93	0.0641609	0.0635663
94	0.0635662	0.0629797
95	0.0629797	0.0624012
96	0.0624012	0.0618307
97	0.0618306	0.0612684
98	0.0612683	0.0607139
99	0.0607139	0.0601676
100	0.0601675	0.0596292
101	0.0596291	0.0590988
102	0.0590988	0.0585764
103	0.0585763	0.0580617
104	0.0580617	0.057555
105	0.057555	0.0570561
106	0.057056	0.0565649
107	0.0565649	0.0560814
108	0.0560815	0.0556056
109	0.0556056	0.0551374
110	0.0551373	0.0546767
111	0.0546767	0.0542234
112	0.0542234	0.0537775
113	0.0537775	0.053339
114	0.0533391	0.0529077
115	0.0529078	0.0524836
116	0.0524835	0.0520665
117	0.0520665	0.0516565
118	0.0516565	0.0512534
119	0.0512534	0.0508572
120	0.0508572	0.0504676
121	0.0504676	0.0500847
122	0.0500848	0.0497085
123	0.0497085	0.0493388
124	0.0493388	0.0489753
125	0.0489754	0.0486183
126	0.0486182	0.0482675
127	0.0482674	0.0479227
128	0.0479227	0.0475841
129	0.0475841	0.0472514
130	0.0472514	0.0469245
131	0.0469245	0.0466034
132	0.0466034	0.0462881
133	0.0462881	0.0459782
134	0.0459782	0.0456739
135	0.0456738	0.045375
136	0.045375	0.0450813
137	0.0450814	0.0447929
138	0.0447929	0.0445097
139	0.0445098	0.0442314
140	0.0442315	0.0439582
141	0.0439582	0.0436898
142	0.0436899	0.0434262
143	0.0434262	0.0431674
144	0.0431673	0.0429131
145	0.042913	0.0426633
146	0.0426633	0.0424181
147	0.0424181	0.0421771
148	0.0421772	0.0419405
149	0.0419405	0.0417081
150	0.0417081	0.0414798
151	0.0414798	0.0412556
152	0.0412556	0.0410353
153	0.0410353	0.0408189
154	0.0408189	0.0406065
155	0.0406064	0.0403977
156	0.0403977	0.0401925
157	0.0401925	0.0399911
158	0.0399911	0.0397932
159	0.0397933	0.0395987
160	0.0395988	0.0394078
161	0.0394077	0.03922
162	0.03922	0.0390357
163	0.0390356	0.0388544
164	0.0388544	0.0386763
165	0.0386763	0.0385014
166	0.0385015	0.0383295
167	0.0383295	0.0381605
168	0.0381605	0.0379944
169	0.0379944	0.0378312
170	0.0378312	0.0376708
171	0.0376709	0.0375132
172	0.0375131	0.0373582
173	0.0373581	0.0372058
174	0.0372058	0.0370561
175	0.0370561	0.0369088
176	0.0369088	0.036764
177	0.036764	0.0366217
178	0.0366217	0.0364817
179	0.0364818	0.0363442
180	0.0363441	0.0362088
181	0.0362088	0.0360758
182	0.0360758	0.0359448
183	0.0359449	0.0358162
184	0.0358162	0.0356895
185	0.0356895	0.035565
186	0.035565	0.0354425
187	0.0354425	0.035322
188	0.0353219	0.0352033
189	0.0352035	0.0350867
190	0.0350867	0.0349719
191	0.0349719	0.034859
192	0.0348589	0.0347478
193	0.0347479	0.0346384
194	0.0346384	0.0345307
195	0.0345308	0.0344248
196	0.0344249	0.0343205
197	0.0343205	0.0342178
198	0.0342178	0.0341168
199	0.0341167	0.0340172
200	0.0340172	0.0339193
201	0.0339193	0.0338228
202	0.0338228	0.0337279
203	0.0337278	0.0336343
204	0.0336343	0.0335422
205	0.0335423	0.0334515
206	0.0334515	0.0333622
207	0.0333622	0.0332742
208	0.0332741	0.0331875
209	0.0331874	0.0331021
210	0.0331021	0.033018
211	0.0330179	0.0329351
212	0.032935	0.0328534
213	0.0328534	0.0327729
214	0.0327729	0.0326936
215	0.0326936	0.0326155
216	0.0326155	0.0325384
217	0.0325384	0.0324625
218	0.0324625	0.0323877
219	0.0323877	0.0323139
220	0.0323139	0.0322412
221	0.0322412	0.0321695
222	0.0321695	0.0320988
223	0.0320989	0.0320291
224	0.0320291	0.0319604
225	0.0319604	0.0318926
226	0.0318926	0.0318258
227	0.0318258	0.0317599
228	0.0317599	0.0316949
229	0.0316949	0.0316308
230	0.0316307	0.0315675
231	0.0315674	0.0315051
232	0.0315051	0.0314435
233	0.0314436	0.0313828
234	0.0313828	0.0313228
235	0.0313228	0.0312638
236	0.0312638	0.0312056
237	0.0312055	0.031148
238	0.031148	0.0310913
239	0.0310913	0.0310353
240	0.0310352	0.03098
241	0.03098	0.0309255
242	0.0309254	0.0308716
243	0.0308716	0.0308184
244	0.0308184	0.0307659
245	0.0307659	0.0307141
246	0.030714	0.0306629
247	0.0306628	0.0306123
248	0.0306123	0.0305624
249	0.0305625	0.0305132
250	0.0305131	0.0304644
251	0.0304644	0.0304163
252	0.0304163	0.0303688
253	0.0303689	0.0303219
254	0.0303219	0.0302756
255	0.0302756	0.0302298
256	0.0302298	0.0301846
257	0.0301846	0.0301398
258	0.0301397	0.0300957
259	0.0300956	0.030052
260	0.030052	0.0300089
261	0.0300089	0.0299662
262	0.0299662	0.0299241
263	0.0299241	0.0298824
264	0.0298825	0.0298413
265	0.0298412	0.0298006
266	0.0298006	0.0297603
267	0.0297604	0.0297206
268	0.0297205	0.0296813
269	0.0296812	0.0296424
270	0.0296423	0.0296039
271	0.0296039	0.0295659
272	0.0295659	0.0295284
273	0.0295284	0.0294912
274	0.0294912	0.0294544
275	0.0294544	0.0294181
276	0.029418	0.0293821
277	0.0293821	0.0293465
278	0.0293465	0.0293114
279	0.0293114	0.0292765
280	0.0292765	0.0292421
281	0.0292422	0.0292081
282	0.0292081	0.0291744
283	0.0291744	0.0291411
284	0.0291411	0.0291082
285	0.0291083	0.0290756
286	0.0290756	0.0290434
287	0.0290434	0.0290115
288	0.0290115	0.0289799
289	0.0289799	0.0289487
290	0.0289487	0.0289178
291	0.0289177	0.0288872
292	0.0288871	0.0288568
293	0.0288568	0.0288268
294	0.0288269	0.0287972
295	0.0287972	0.0287678
296	0.0287678	0.0287387
297	0.0287387	0.0287099
298	0.0287099	0.0286814
299	0.0286814	0.0286531
300	0.0286531	0.0286251
301	0.0286252	0.0285974
302	0.0285975	0.0285701
303	0.0285701	0.0285429
304	0.0285429	0.028516
305	0.0285161	0.0284894
306	0.0284894	0.028463
307	0.028463	0.0284369
308	0.0284369	0.028411
309	0.028411	0.0283854
310	0.0283854	0.02836
311	0.02836	0.0283348
312	0.0283348	0.0283099
313	0.0283099	0.0282852
314	0.0282852	0.0282607
315	0.0282607	0.0282365
316	0.0282364	0.0282124
317	0.0282124	0.0281887
318	0.0281886	0.0281651
319	0.0281651	0.0281417
320	0.0281417	0.0281185
321	0.0281185	0.0280956
322	0.0280955	0.0280729
323	0.0280728	0.0280503
324	0.0280503	0.0280279
325	0.028028	0.0280058
326	0.0280058	0.0279838
327	0.0279838	0.0279621
328	0.027962	0.0279405
329	0.0279405	0.0279191
330	0.0279191	0.0278979
331	0.0278978	0.0278768
332	0.0278768	0.027856
333	0.0278561	0.0278353
334	0.0278353	0.0278149
335	0.0278148	0.0277945
336	0.0277945	0.0277744
337	0.0277743	0.0277544
338	0.0277544	0.0277345
339	0.0277345	0.0277149
340	0.027715	0.0276954
341	0.0276954	0.0276761
342	0.0276761	0.0276569
343	0.0276569	0.0276379
344	0.0276378	0.027619
345	0.027619	0.0276003
346	0.0276003	0.0275817
347	0.0275817	0.0275633
348	0.0275634	0.027545
349	0.027545	0.0275269
350	0.0275269	0.0275089
351	0.0275089	0.027491
352	0.0274911	0.0274734
353	0.0274734	0.0274558
354	0.0274558	0.0274384
355	0.0274384	0.0274211
356	0.0274211	0.0274039
357	0.0274039	0.0273869
358	0.0273869	0.02737
359	0.02737	0.0273532
360	0.0273532	0.0273366
361	0.0273366	0.02732
362	0.0273201	0.0273037
363	0.0273036	0.0272874
364	0.0272874	0.0272712
365	0.0272713	0.0272552
366	0.0272553	0.0272393
367	0.0272393	0.0272235
368	0.0272235	0.0272078
369	0.0272078	0.0271922
370	0.0271922	0.0271768
371	0.0271768	0.0271614
372	0.0271614	0.0271463
373	0.0271462	0.0271311
374	0.0271311	0.0271161
375	0.0271161	0.0271011
376	0.0271011	0.0270864
377	0.0270863	0.0270717
378	0.0270717	0.0270571
379	0.027057	0.0270425
380	0.0270425	0.0270282
381	0.0270282	0.0270138
382	0.0270138	0.0269996
383	0.0269997	0.0269856
384	0.0269856	0.0269715
385	0.0269715	0.0269576
386	0.0269576	0.0269438
387	0.0269438	0.0269301
388	0.0269301	0.0269165
389	0.0269164	0.0269029
390	0.026903	0.0268895
391	0.0268895	0.0268761
392	0.0268761	0.0268628
393	0.0268628	0.0268496
394	0.0268496	0.0268365
395	0.0268366	0.0268235
396	0.0268235	0.0268106
397	0.0268106	0.0267977
398	0.0267977	0.0267849
399	0.0267849	0.0267723
400	0.0267723	0.0267596
401	0.0267597	0.0267471
402	0.0267471	0.0267347
403	0.0267347	0.0267223
404	0.0267223	0.0267101
405	0.02671	0.0266978
406	0.0266978	0.0266857
407	0.0266857	0.0266736
408	0.0266736	0.0266616
409	0.0266616	0.0266497
410	0.0266497	0.0266379
411	0.0266379	0.0266261
412	0.0266261	0.0266144
413	0.0266144	0.0266027
414	0.0266027	0.0265912
415	0.0265912	0.0265797
416	0.0265797	0.0265683
417	0.0265683	0.0265569
418	0.0265569	0.0265456
419	0.0265456	0.0265344
420	0.0265344	0.0265232
421	0.0265233	0.0265121
422	0.0265121	0.0265011
423	0.0265011	0.0264901
424	0.0264901	0.0264792
425	0.0264792	0.0264684
426	0.0264684	0.0264576
427	0.0264576	0.0264468
428	0.0264468	0.0264362
429	0.0264362	0.0264257
430	0.0264256	0.0264151
431	0.0264151	0.0264046
432	0.0264045	0.0263942
433	0.0263941	0.0263838
434	0.0263838	0.0263735
435	0.0263735	0.0263633
436	0.0263632	0.026353
437	0.0263531	0.0263429
438	0.0263429	0.0263328
439	0.0263328	0.0263228
440	0.0263227	0.0263127
441	0.0263128	0.0263028
442	0.0263028	0.026293
443	0.0262929	0.0262831
444	0.0262832	0.0262734
445	0.0262733	0.0262636
446	0.0262636	0.026254
447	0.026254	0.0262444
448	0.0262443	0.0262348
449	0.0262348	0.0262252
450	0.0262252	0.0262158
451	0.0262158	0.0262063
452	0.0262063	0.026197
453	0.0261969	0.0261876
454	0.0261876	0.0261783
455	0.0261783	0.0261691
456	0.0261691	0.0261599
457	0.0261599	0.0261507
458	0.0261508	0.0261417
459	0.0261416	0.0261326
460	0.0261325	0.0261236
461	0.0261236	0.0261146
462	0.0261146	0.0261057
463	0.0261057	0.0260968
464	0.0260967	0.0260879
465	0.0260879	0.0260791
466	0.0260791	0.0260703
467	0.0260704	0.0260616
468	0.0260616	0.026053
469	0.026053	0.0260443
470	0.0260443	0.0260357
471	0.0260357	0.0260272
472	0.0260271	0.0260186
473	0.0260186	0.0260102
474	0.0260102	0.0260017
475	0.0260018	0.0259933
476	0.0259933	0.0259849
477	0.025985	0.0259767
478	0.0259766	0.0259684
479	0.0259683	0.0259601
480	0.0259601	0.0259519
481	0.0259519	0.0259438
482	0.0259437	0.0259356
483	0.0259355	0.0259275
484	0.0259274	0.0259194
485	0.0259194	0.0259113
486	0.0259114	0.0259033
487	0.0259033	0.0258954
488	0.0258954	0.0258875
489	0.0258874	0.0258796
490	0.0258795	0.0258717
491	0.0258717	0.0258638
492	0.0258638	0.0258561
493	0.0258561	0.0258483
494	0.0258483	0.0258405
495	0.0258405	0.0258329
496	0.0258328	0.0258252
497	0.0258251	0.0258175
498	0.0258175	0.0258099
499	0.0258099	0.0258024
500	0.0258024	0.0257948
501	0.0257948	0.0257873
502	0.0257873	0.0257798
503	0.0257798	0.0257723
504	0.0257723	0.0257649
505	0.0257649	0.0257575
506	0.0257575	0.0257502
507	0.0257502	0.0257428
508	0.0257428	0.0257355
509	0.0257355	0.0257282
510	0.0257282	0.025721
511	0.025721	0.0257138
512	0.0257138	0.0257066
513	0.0257066	0.0256994
514	0.0256994	0.0256922
515	0.0256923	0.0256851
516	0.0256851	0.025678
517	0.025678	0.0256709
518	0.0256709	0.0256639
519	0.0256639	0.0256569
520	0.0256569	0.0256499
521	0.0256499	0.025643
522	0.025643	0.0256361
523	0.0256361	0.0256292
524	0.0256292	0.0256222
525	0.0256222	0.0256154
526	0.0256154	0.0256086
527	0.0256085	0.0256017
528	0.0256017	0.025595
529	0.025595	0.0255882
530	0.0255882	0.0255815
531	0.0255815	0.0255748
532	0.0255747	0.0255681
533	0.0255681	0.0255614
534	0.0255614	0.0255548
535	0.0255548	0.0255481
536	0.0255481	0.0255415
537	0.0255415	0.025535
538	0.025535	0.0255284
539	0.0255284	0.0255219
540	0.0255219	0.0255154
541	0.0255154	0.0255089
542	0.0255089	0.0255024
543	0.0255024	0.0254959
544	0.0254959	0.0254896
545	0.0254896	0.0254832
546	0.0254832	0.0254768
547	0.0254767	0.0254704
548	0.0254703	0.0254641
549	0.025464	0.0254577
550	0.0254578	0.0254514
551	0.0254514	0.0254452
552	0.0254452	0.0254389
553	0.0254389	0.0254327
554	0.0254327	0.0254265
555	0.0254265	0.0254203
556	0.0254203	0.0254141
557	0.0254141	0.0254079
558	0.025408	0.0254018
559	0.0254018	0.0253956
560	0.0253956	0.0253896
561	0.0253895	0.0253835
562	0.0253835	0.0253774
563	0.0253774	0.0253714
564	0.0253714	0.0253653
565	0.0253654	0.0253593
566	0.0253593	0.0253533
567	0.0253533	0.0253474
568	0.0253473	0.0253414
569	0.0253414	0.0253354
570	0.0253354	0.0253295
571	0.0253295	0.0253236
572	0.0253236	0.0253177
573	0.0253177	0.0253118
574	0.0253118	0.025306
575	0.025306	0.0253001
576	0.0253001	0.0252943
577	0.0252944	0.0252885
578	0.0252886	0.0252827
579	0.0252828	0.025277
580	0.025277	0.0252712
581	0.0252712	0.0252655
582	0.0252655	0.0252597
583	0.0252597	0.025254
584	0.0252541	0.0252484
585	0.0252484	0.0252427
586	0.0252426	0.025237
587	0.025237	0.0252314
588	0.0252314	0.0252257
589	0.0252258	0.0252201
590	0.0252201	0.0252145
591	0.0252145	0.025209
592	0.0252089	0.0252033
593	0.0252033	0.0251978
594	0.0251978	0.0251922
595	0.0251923	0.0251867
596	0.0251867	0.0251812
597	0.0251812	0.0251757
598	0.0251757	0.0251702
599	0.0251702	0.0251648
600	0.0251648	0.0251593
601	0.0251593	0.0251538
602	0.0251539	0.0251484
603	0.0251484	0.025143
604	0.025143	0.0251376
605	0.0251376	0.0251322
606	0.0251322	0.0251268
607	0.0251268	0.0251215
608	0.0251215	0.0251161
609	0.0251161	0.0251108
610	0.0251108	0.0251055
611	0.0251055	0.0251002
612	0.0251002	0.0250949
613	0.0250949	0.0250896
614	0.0250896	0.0250843
615	0.0250843	0.0250791
616	0.0250791	0.0250738
617	0.0250738	0.0250686
618	0.0250686	0.0250634
619	0.0250634	0.0250582
620	0.0250582	0.025053
621	0.025053	0.0250478
622	0.0250478	0.0250426
623	0.0250426	0.0250375
624	0.0250375	0.0250323
625	0.0250323	0.0250272
626	0.0250271	0.0250221
627	0.0250221	0.0250169
628	0.0250169	0.0250119
629	0.0250118	0.0250068
630	0.0250067	0.0250017
631	0.0250016	0.0249966
632	0.0249966	0.0249915
633	0.0249916	0.0249865
634	0.0249865	0.0249814
635	0.0249814	0.0249764
636	0.0249764	0.0249714
637	0.0249714	0.0249664
638	0.0249664	0.0249614
639	0.0249614	0.0249564
640	0.0249564	0.0249514
641	0.0249514	0.0249465
642	0.0249465	0.0249416
643	0.0249415	0.0249366
644	0.0249367	0.0249317
645	0.0249317	0.0249268
646	0.0249268	0.0249218
647	0.0249218	0.024917
648	0.0249169	0.0249121
649	0.0249121	0.0249072
650	0.0249072	0.0249023
651	0.0249023	0.0248975
652	0.0248975	0.0248926
653	0.0248927	0.0248878
654	0.0248878	0.024883
655	0.024883	0.0248782
656	0.0248782	0.0248734
657	0.0248733	0.0248686
658	0.0248686	0.0248638
659	0.0248637	0.024859
660	0.024859	0.0248542
661	0.0248542	0.0248495
662	0.0248494	0.0248447
663	0.0248447	0.0248399
664	0.02484	0.0248352
665	0.0248352	0.0248305
666	0.0248305	0.0248258
667	0.0248258	0.0248211
668	0.024821	0.0248164
669	0.0248164	0.0248117
670	0.0248117	0.024807
671	0.024807	0.0248024
672	0.0248024	0.0247977
673	0.0247977	0.024793
674	0.024793	0.0247884
675	0.0247884	0.0247838
676	0.0247837	0.0247791
677	0.0247792	0.0247745
678	0.0247745	0.0247699
679	0.0247699	0.0247653
680	0.0247653	0.0247607
681	0.0247607	0.0247561
682	0.0247561	0.0247516
683	0.0247516	0.024747
684	0.024747	0.0247425
685	0.0247424	0.0247379
686	0.0247379	0.0247333
687	0.0247333	0.0247288
688	0.0247288	0.0247242
689	0.0247243	0.0247197
690	0.0247197	0.0247152
691	0.0247152	0.0247107
692	0.0247107	0.0247062
693	0.0247062	0.0247017
694	0.0247017	0.0246972
695	0.0246972	0.0246928
696	0.0246928	0.0246883
697	0.0246883	0.0246839
698	0.0246839	0.0246794
699	0.0246794	0.024675
700	0.0246749	0.0246705
701	0.0246705	0.0246661
702	0.024666	0.0246617
703	0.0246617	0.0246573
704	0.0246573	0.0246529
705	0.0246528	0.0246485
706	0.0246485	0.0246441
707	0.0246441	0.0246397
708	0.0246397	0.0246353
709	0.0246353	0.024631
710	0.0246309	0.0246265
711	0.0246266	0.0246222
712	0.0246222	0.0246179
713	0.0246179	0.0246135
714	0.0246135	0.0246092
715	0.0246092	0.0246049
716	0.0246049	0.0246005
717	0.0246005	0.0245962
718	0.0245962	0.0245919
719	0.0245919	0.0245876
720	0.0245876	0.0245833
721	0.0245833	0.024579
722	0.024579	0.0245748
723	0.0245748	0.0245705
724	0.0245705	0.0245662
725	0.0245662	0.024562
726	0.024562	0.0245577
727	0.0245577	0.0245535
728	0.0245534	0.0245492
729	0.0245492	0.0245449
730	0.024545	0.0245407
731	0.0245407	0.0245365
732	0.0245365	0.0245323
733	0.0245323	0.0245281
734	0.0245281	0.0245239
735	0.0245239	0.0245197
736	0.0245197	0.0245155
737	0.0245155	0.0245113
738	0.0245113	0.0245071
739	0.0245071	0.024503
740	0.024503	0.0244988
741	0.0244988	0.0244947
742	0.0244946	0.0244905
743	0.0244905	0.0244863
744	0.0244864	0.0244822
745	0.0244822	0.0244781
746	0.0244781	0.0244739
747	0.0244739	0.0244698
748	0.0244698	0.0244656
749	0.0244657	0.0244615
750	0.0244615	0.0244575
751	0.0244574	0.0244533
752	0.0244534	0.0244493
753	0.0244493	0.0244452
754	0.0244452	0.0244411
755	0.0244411	0.024437
756	0.024437	0.0244329
757	0.024433	0.0244289
758	0.0244289	0.0244248
759	0.0244248	0.0244207
760	0.0244207	0.0244167
761	0.0244167	0.0244127
762	0.0244127	0.0244086
763	0.0244086	0.0244046
764	0.0244046	0.0244006
765	0.0244005	0.0243966
766	0.0243965	0.0243925
767	0.0243925	0.0243885
768	0.0243885	0.0243845
769	0.0243845	0.0243805
770	0.0243805	0.0243765
771	0.0243765	0.0243725
772	0.0243725	0.0243685
773	0.0243686	0.0243646
774	0.0243646	0.0243606
775	0.0243606	0.0243566
776	0.0243566	0.0243526
777	0.0243527	0.0243487
778	0.0243487	0.0243447
779	0.0243447	0.0243408
780	0.0243408	0.0243368
781	0.0243368	0.0243329
782	0.0243329	0.0243289
783	0.024329	0.024325
784	0.024325	0.0243211
785	0.0243211	0.0243172
786	0.0243172	0.0243133
787	0.0243133	0.0243093
788	0.0243094	0.0243055
789	0.0243055	0.0243015
790	0.0243016	0.0242977
791	0.0242977	0.0242938
792	0.0242937	0.0242899
793	0.0242899	0.024286
794	0.024286	0.0242821
795	0.0242821	0.0242782
796	0.0242782	0.0242744
797	0.0242744	0.0242705
798	0.0242705	0.0242667
799	0.0242667	0.0242629
800	0.0242628	0.024259
801	0.024259	0.0242551
802	0.0242552	0.0242513
803	0.0242513	0.0242475
804	0.0242475	0.0242436
805	0.0242436	0.0242398
806	0.0242399	0.024236
807	0.024236	0.0242322
808	0.0242322	0.0242284
809	0.0242284	0.0242246
810	0.0242245	0.0242208
811	0.0242208	0.024217
812	0.024217	0.0242132
813	0.0242132	0.0242094
814	0.0242093	0.0242056
815	0.0242056	0.0242019
816	0.0242019	0.0241981
817	0.0241981	0.0241943
818	0.0241943	0.0241905
819	0.0241905	0.0241868
820	0.0241868	0.024183
821	0.0241831	0.0241793
822	0.0241793	0.0241755
823	0.0241755	0.0241718
824	0.0241718	0.024168
825	0.024168	0.0241643
826	0.0241643	0.0241606
827	0.0241606	0.0241569
828	0.0241568	0.0241532
829	0.0241532	0.0241494
830	0.0241494	0.0241457
831	0.0241457	0.024142
832	0.024142	0.0241383
833	0.0241383	0.0241346
834	0.0241346	0.0241309
835	0.0241309	0.0241272
836	0.0241272	0.0241235
837	0.0241235	0.0241199
838	0.0241199	0.0241161
839	0.0241161	0.0241125
840	0.0241125	0.0241088
841	0.0241088	0.0241051
842	0.0241052	0.0241015
843	0.0241015	0.0240979
844	0.0240978	0.0240942
845	0.0240942	0.0240906
846	0.0240905	0.0240869
847	0.0240869	0.0240832
848	0.0240832	0.0240796
849	0.0240796	0.0240759
850	0.0240759	0.0240724
851	0.0240723	0.0240687
852	0.0240687	0.0240651
853	0.0240651	0.0240615
854	0.0240615	0.0240579
855	0.0240579	0.0240543
856	0.0240542	0.0240506
857	0.0240507	0.0240471
858	0.024047	0.0240434
859	0.0240434	0.0240399
860	0.0240398	0.0240362
861	0.0240363	0.0240327
862	0.0240327	0.0240291
863	0.0240291	0.0240256
864	0.0240255	0.0240219
865	0.0240219	0.0240184
866	0.0240184	0.0240148
867	0.0240148	0.0240113
868	0.0240112	0.0240077
869	0.0240077	0.0240041
870	0.0240041	0.0240006
871	0.0240006	0.023997
872	0.023997	0.0239935
873	0.0239935	0.0239899
874	0.02399	0.0239864
875	0.0239864	0.0239829
876	0.0239828	0.0239793
877	0.0239793	0.0239758
878	0.0239758	0.0239723
879	0.0239723	0.0239688
880	0.0239688	0.0239653
881	0.0239653	0.0239617
882	0.0239618	0.0239582
883	0.0239583	0.0239547
884	0.0239547	0.0239512
885	0.0239512	0.0239477
886	0.0239478	0.0239443
887	0.0239442	0.0239407
888	0.0239408	0.0239373
889	0.0239373	0.0239338
890	0.0239338	0.0239303
891	0.0239303	0.0239268
892	0.0239268	0.0239233
893	0.0239233	0.0239199
894	0.0239199	0.0239164
895	0.0239165	0.0239129
896	0.0239129	0.0239095
897	0.0239095	0.0239061
898	0.0239061	0.0239026
899	0.0239026	0.0238992
900	0.0238991	0.0238957
901	0.0238957	0.0238923
902	0.0238923	0.0238889
903	0.0238888	0.0238854
904	0.0238854	0.023882
905	0.0238819	0.0238786
906	0.0238785	0.0238751
907	0.0238751	0.0238717
908	0.0238717	0.0238683
909	0.0238683	0.0238649
910	0.0238649	0.0238615
911	0.0238615	0.0238581
912	0.0238581	0.0238547
913	0.0238547	0.0238513
914	0.0238512	0.0238478
915	0.0238479	0.0238445
916	0.0238445	0.0238411
917	0.0238411	0.0238377
918	0.0238377	0.0238343
919	0.0238343	0.023831
920	0.0238309	0.0238276
921	0.0238276	0.0238242
922	0.0238242	0.0238208
923	0.0238208	0.0238174
924	0.0238174	0.0238141
925	0.0238141	0.0238107
926	0.0238107	0.0238074
927	0.0238074	0.023804
928	0.023804	0.0238007
929	0.0238007	0.0237973
930	0.0237973	0.023794
931	0.023794	0.0237906
932	0.0237907	0.0237873
933	0.0237873	0.023784
934	0.023784	0.0237807
935	0.0237807	0.0237773
936	0.0237773	0.023774
937	0.023774	0.0237707
938	0.0237707	0.0237674
939	0.0237674	0.023764
940	0.023764	0.0237608
941	0.0237607	0.0237574
942	0.0237574	0.0237541
943	0.0237541	0.0237508
944	0.0237508	0.0237475
945	0.0237476	0.0237443
946	0.0237443	0.0237409
947	0.0237409	0.0237377
948	0.0237377	0.0237344
949	0.0237343	0.0237311
950	0.0237311	0.0237278
951	0.0237278	0.0237245
952	0.0237245	0.0237213
953	0.0237213	0.023718
954	0.023718	0.0237148
955	0.0237147	0.0237115
956	0.0237115	0.0237082
957	0.0237083	0.023705
958	0.023705	0.0237017
959	0.0237017	0.0236985
960	0.0236985	0.0236952
961	0.0236952	0.0236919
962	0.0236919	0.0236887
963	0.0236887	0.0236855
964	0.0236855	0.0236823
965	0.0236823	0.0236791
966	0.0236791	0.0236758
967	0.0236758	0.0236726
968	0.0236726	0.0236693
969	0.0236694	0.0236661
970	0.0236661	0.0236629
971	0.0236629	0.0236597
972	0.0236597	0.0236565
973	0.0236565	0.0236533
974	0.0236533	0.0236501
975	0.02365	0.0236469
976	0.0236469	0.0236437
977	0.0236437	0.0236405
978	0.0236405	0.0236373
979	0.0236373	0.0236341
980	0.0236341	0.0236309
981	0.023631	0.0236277
982	0.0236277	0.0236246
983	0.0236246	0.0236214
984	0.0236214	0.0236182
985	0.0236182	0.0236151
986	0.0236151	0.0236119
987	0.0236119	0.0236087
988	0.0236087	0.0236056
989	0.0236056	0.0236024
990	0.0236024	0.0235992
991	0.0235992	0.023596
992	0.023596	0.0235929
993	0.0235929	0.0235898
994	0.0235898	0.0235866
995	0.0235866	0.0235835
996	0.0235835	0.0235803
997	0.0235803	0.0235772
998	0.0235772	0.023574
999	0.023574	0.0235709
1000	0.0235709	0.0235678
1001	0.0235678	0.0235647
1002	0.0235647	0.0235616
1003	0.0235616	0.0235585
1004	0.0235585	0.0235553
1005	0.0235553	0.0235522
1006	0.0235522	0.0235491
1007	0.0235491	0.023546
1008	0.023546	0.0235429
1009	0.0235429	0.0235398
1010	0.0235398	0.0235367
1011	0.0235367	0.0235336
1012	0.0235336	0.0235305
1013	0.0235305	0.0235274
1014	0.0235275	0.0235243
1015	0.0235244	0.0235213
1016	0.0235213	0.0235182
1017	0.0235182	0.0235151
1018	0.0235151	0.023512
1019	0.023512	0.0235089
1020	0.0235089	0.0235059
1021	0.0235058	0.0235028
1022	0.0235028	0.0234997
1023	0.0234997	0.0234967
1024	0.0234967	0.0234936
1025	0.0234936	0.0234905
1026	0.0234905	0.0234875
1027	0.0234875	0.0234844
1028	0.0234844	0.0234814
1029	0.0234814	0.0234784
1030	0.0234783	0.0234753
1031	0.0234753	0.0234723
1032	0.0234722	0.0234693
1033	0.0234693	0.0234662
1034	0.0234662	0.0234632
1035	0.0234631	0.0234601
1036	0.0234602	0.0234571
1037	0.0234571	0.0234541
1038	0.023454	0.023451
1039	0.0234511	0.023448
1040	0.023448	0.023445
1041	0.023445	0.023442
1042	0.023442	0.023439
1043	0.023439	0.023436
1044	0.023436	0.023433
1045	0.023433	0.02343
1046	0.02343	0.023427
1047	0.023427	0.023424
1048	0.023424	0.023421
1049	0.023421	0.023418
1050	0.023418	0.023415
1051	0.023415	0.023412
1052	0.023412	0.023409
1053	0.023409	0.0234061
1054	0.0234061	0.0234031
1055	0.0234031	0.0234001
1056	0.0234001	0.0233971
1057	0.0233971	0.0233941
1058	0.0233941	0.0233912
1059	0.0233912	0.0233882
1060	0.0233882	0.0233853
1061	0.0233853	0.0233823
1062	0.0233823	0.0233793
1063	0.0233794	0.0233764
1064	0.0233764	0.0233735
1065	0.0233735	0.0233705
1066	0.0233705	0.0233675
1067	0.0233676	0.0233646
1068	0.0233646	0.0233617
1069	0.0233617	0.0233587
1070	0.0233588	0.0233558
1071	0.0233558	0.0233529
1072	0.0233529	0.02335
1073	0.0233499	0.023347
1074	0.023347	0.0233441
1075	0.023344	0.0233411
1076	0.0233412	0.0233382
1077	0.0233382	0.0233353
1078	0.0233353	0.0233324
1079	0.0233324	0.0233295
1080	0.0233294	0.0233266
1081	0.0233266	0.0233237
1082	0.0233237	0.0233207
1083	0.0233208	0.0233179
1084	0.0233179	0.023315
1085	0.0233149	0.0233121
1086	0.0233121	0.0233092
1087	0.0233092	0.0233063
1088	0.0233063	0.0233034
1089	0.0233034	0.0233005
1090	0.0233005	0.0232976
1091	0.0232976	0.0232947
1092	0.0232947	0.0232919
1093	0.0232919	0.023289
1094	0.023289	0.0232861
1095	0.0232861	0.0232833
1096	0.0232832	0.0232804
1097	0.0232804	0.0232775
1098	0.0232775	0.0232746
1099	0.0232746	0.0232718
1100	0.0232718	0.0232689
1101	0.0232689	0.023266
1102	0.0232661	0.0232632
1103	0.0232632	0.0232604
1104	0.0232604	0.0232575
1105	0.0232575	0.0232547
1106	0.0232547	0.0232518
1107	0.0232518	0.023249
1108	0.023249	0.0232461
1109	0.0232462	0.0232433
1110	0.0232433	0.0232405
1111	0.0232405	0.0232376
1112	0.0232376	0.0232348
1113	0.0232348	0.023232
1114	0.023232	0.0232291
1115	0.0232291	0.0232264
1116	0.0232263	0.0232235
1117	0.0232235	0.0232207
1118	0.0232207	0.0232179
1119	0.0232179	0.0232151
1120	0.0232151	0.0232123
1121	0.0232123	0.0232095
1122	0.0232095	0.0232067
1123	0.0232067	0.0232039
1124	0.0232038	0.0232011
1125	0.0232011	0.0231982
1126	0.0231983	0.0231955
1127	0.0231955	0.0231927
1128	0.0231927	0.0231899
1129	0.0231899	0.0231871
1130	0.0231871	0.0231843
1131	0.0231843	0.0231815
1132	0.0231815	0.0231787
1133	0.0231788	0.023176
1134	0.023176	0.0231732
1135	0.0231732	0.0231704
1136	0.0231704	0.0231677
1137	0.0231677	0.0231649
1138	0.0231649	0.0231621
1139	0.0231621	0.0231593
1140	0.0231593	0.0231566
1141	0.0231566	0.0231539
1142	0.0231538	0.0231511
1143	0.0231511	0.0231483
1144	0.0231483	0.0231456
1145	0.0231456	0.0231429
1146	0.0231429	0.0231401
1147	0.0231401	0.0231373
1148	0.0231373	0.0231346
1149	0.0231347	0.0231319
1150	0.0231319	0.0231292
1151	0.0231291	0.0231264
1152	0.0231264	0.0231237
1153	0.0231237	0.023121
1154	0.0231209	0.0231182
1155	0.0231182	0.0231155
1156	0.0231155	0.0231128
1157	0.0231127	0.0231101
1158	0.02311	0.0231074
1159	0.0231073	0.0231046
1160	0.0231046	0.0231019
1161	0.0231019	0.0230992
1162	0.0230992	0.0230965
1163	0.0230965	0.0230938
1164	0.0230938	0.0230911
1165	0.0230911	0.0230884
1166	0.0230884	0.0230857
1167	0.0230857	0.023083
1168	0.023083	0.0230803
1169	0.0230803	0.0230776
1170	0.0230776	0.0230749
1171	0.0230749	0.0230722
1172	0.0230722	0.0230695
1173	0.0230695	0.0230669
1174	0.0230669	0.0230642
1175	0.0230642	0.0230615
1176	0.0230615	0.0230588
1177	0.0230588	0.0230562
1178	0.0230562	0.0230535
1179	0.0230535	0.0230508
1180	0.0230508	0.0230482
1181	0.0230481	0.0230455
1182	0.0230455	0.0230428
1183	0.0230428	0.0230402
1184	0.0230401	0.0230375
1185	0.0230375	0.0230349
1186	0.0230349	0.0230322
1187	0.0230322	0.0230296
1188	0.0230295	0.0230269
1189	0.0230269	0.0230243
1190	0.0230243	0.0230216
1191	0.0230216	0.023019
1192	0.023019	0.0230163
1193	0.0230163	0.0230137
1194	0.0230137	0.0230111
1195	0.0230111	0.0230084
1196	0.0230084	0.0230058
1197	0.0230058	0.0230032
1198	0.0230032	0.0230006
1199	0.0230006	0.0229979
1200	0.0229979	0.0229953
1201	0.0229953	0.0229927
1202	0.0229927	0.0229901
1203	0.02299	0.0229875
1204	0.0229875	0.0229849
1205	0.0229848	0.0229823
1206	0.0229822	0.0229796
1207	0.0229796	0.022977
1208	0.022977	0.0229744
1209	0.0229744	0.0229718
1210	0.0229718	0.0229692
1211	0.0229692	0.0229667
1212	0.0229666	0.022964
1213	0.022964	0.0229614
1214	0.0229614	0.0229589
1215	0.0229588	0.0229563
1216	0.0229563	0.0229537
1217	0.0229537	0.0229511
1218	0.022951	0.0229485
1219	0.0229485	0.022946
1220	0.0229459	0.0229434
1221	0.0229433	0.0229408
1222	0.0229408	0.0229382
1223	0.0229382	0.0229357
1224	0.0229357	0.0229331
1225	0.0229331	0.0229305
1226	0.0229305	0.022928
1227	0.0229279	0.0229254
1228	0.0229254	0.0229228
1229	0.0229228	0.0229203
1230	0.0229203	0.0229177
1231	0.0229177	0.0229152
1232	0.0229152	0.0229126
1233	0.0229127	0.0229101
1234	0.0229101	0.0229075
1235	0.0229075	0.022905
1236	0.022905	0.0229024
1237	0.0229024	0.0228999
1238	0.0228999	0.0228973
1239	0.0228973	0.0228948
1240	0.0228948	0.0228923
1241	0.0228923	0.0228898
1242	0.0228898	0.0228872
1243	0.0228872	0.0228847
1244	0.0228847	0.0228822
1245	0.0228821	0.0228796
1246	0.0228797	0.0228772
1247	0.0228772	0.0228746
1248	0.0228746	0.0228721
1249	0.0228721	0.0228696
1250	0.0228696	0.0228671
1251	0.0228671	0.0228646
1252	0.0228646	0.0228621
1253	0.022862	0.0228596
1254	0.0228596	0.022857
1255	0.022857	0.0228546
1256	0.0228546	0.022852
1257	0.0228521	0.0228496
1258	0.0228496	0.0228471
1259	0.0228471	0.0228446
1260	0.0228446	0.0228421
1261	0.0228421	0.0228396
1262	0.0228396	0.0228371
1263	0.0228371	0.0228346
1264	0.0228346	0.0228321
1265	0.0228321	0.0228296
1266	0.0228297	0.0228272
1267	0.0228272	0.0228247
1268	0.0228247	0.0228222
1269	0.0228223	0.0228197
1270	0.0228197	0.0228173
1271	0.0228173	0.0228148
1272	0.0228148	0.0228124
1273	0.0228124	0.0228099
1274	0.0228099	0.0228074
1275	0.0228074	0.022805
1276	0.022805	0.0228025
1277	0.0228025	0.0228001
1278	0.0228001	0.0227976
1279	0.0227976	0.0227952
1280	0.0227951	0.0227927
1281	0.0227927	0.0227902
1282	0.0227902	0.0227878
1283	0.0227878	0.0227854
1284	0.0227854	0.0227829
1285	0.0227829	0.0227805
1286	0.0227805	0.0227781
1287	0.0227781	0.0227756
1288	0.0227756	0.0227732
1289	0.0227732	0.0227708
1290	0.0227707	0.0227683
1291	0.0227683	0.0227659
1292	0.0227659	0.0227635
1293	0.0227635	0.0227611
1294	0.022761	0.0227586
1295	0.0227586	0.0227562
1296	0.0227562	0.0227538
1297	0.0227538	0.0227514
1298	0.0227514	0.022749
1299	0.0227489	0.0227465
1300	0.0227465	0.0227441
1301	0.0227442	0.0227417
1302	0.0227417	0.0227393
1303	0.0227394	0.0227369
1304	0.022737	0.0227345
1305	0.0227346	0.0227321
1306	0.0227321	0.0227297
1307	0.0227297	0.0227273
1308	0.0227274	0.0227249
1309	0.0227249	0.0227225
1310	0.0227226	0.0227202
1311	0.0227202	0.0227178
1312	0.0227178	0.0227154
1313	0.0227154	0.022713
1314	0.022713	0.0227106
1315	0.0227106	0.0227083
1316	0.0227083	0.0227059
1317	0.0227059	0.0227035
1318	0.0227035	0.0227011
1319	0.0227011	0.0226988
1320	0.0226988	0.0226964
1321	0.0226964	0.022694
1322	0.022694	0.0226917
1323	0.0226917	0.0226893
1324	0.0226893	0.0226869
1325	0.0226869	0.0226846
1326	0.0226846	0.0226822
1327	0.0226822	0.0226799
1328	0.0226799	0.0226775
1329	0.0226775	0.0226752
1330	0.0226752	0.0226728
1331	0.0226728	0.0226704
1332	0.0226704	0.0226681
1333	0.0226681	0.0226658
1334	0.0226658	0.0226634
1335	0.0226635	0.0226611
1336	0.0226611	0.0226588
1337	0.0226588	0.0226564
1338	0.0226564	0.0226541
1339	0.0226541	0.0226517
1340	0.0226518	0.0226494
1341	0.0226494	0.0226471
1342	0.0226471	0.0226448
1343	0.0226448	0.0226425
1344	0.0226425	0.0226401
1345	0.0226401	0.0226378
1346	0.0226378	0.0226355
1347	0.0226355	0.0226331
1348	0.0226332	0.0226309
1349	0.0226309	0.0226286
1350	0.0226285	0.0226262
1351	0.0226262	0.0226239
1352	0.0226239	0.0226216
1353	0.0226216	0.0226193
1354	0.0226193	0.022617
1355	0.022617	0.0226147
1356	0.0226147	0.0226124
1357	0.0226123	0.0226101
1358	0.0226101	0.0226078
1359	0.0226078	0.0226055
1360	0.0226055	0.0226032
1361	0.0226032	0.0226009
1362	0.0226009	0.0225986
1363	0.0225986	0.0225964
1364	0.0225964	0.022594
1365	0.022594	0.0225918
1366	0.0225918	0.0225895
1367	0.0225895	0.0225872
1368	0.0225872	0.0225849
1369	0.0225849	0.0225827
1370	0.0225827	0.0225804
1371	0.0225804	0.0225781
1372	0.0225781	0.0225758
1373	0.0225759	0.0225736
1374	0.0225736	0.0225713
1375	0.0225713	0.0225691
1376	0.022569	0.0225668
1377	0.0225668	0.0225645
1378	0.0225645	0.0225623
1379	0.0225623	0.02256
1380	0.02256	0.0225577
1381	0.0225577	0.0225555
1382	0.0225555	0.0225532
1383	0.0225532	0.022551
1384	0.022551	0.0225487
1385	0.0225487	0.0225465
1386	0.0225464	0.0225442
1387	0.0225442	0.022542
1388	0.0225421	0.0225398
1389	0.0225398	0.0225375
1390	0.0225375	0.0225353
1391	0.0225353	0.022533
1392	0.022533	0.0225308
1393	0.0225307	0.0225286
1394	0.0225286	0.0225263
1395	0.0225264	0.0225241
1396	0.0225241	0.0225219
1397	0.0225219	0.0225197
1398	0.0225197	0.0225174
1399	0.0225175	0.0225152
1400	0.0225152	0.022513
1401	0.022513	0.0225108
1402	0.0225108	0.0225086
1403	0.0225086	0.0225063
1404	0.0225064	0.0225041
1405	0.0225041	0.0225019
1406	0.0225019	0.0224997
1407	0.0224997	0.0224975
1408	0.0224975	0.0224953
1409	0.0224953	0.0224931
1410	0.0224931	0.0224909
1411	0.0224909	0.0224887
1412	0.0224887	0.0224865
1413	0.0224865	0.0224843
1414	0.0224843	0.0224821
1415	0.0224821	0.0224799
1416	0.0224799	0.0224777
1417	0.0224777	0.0224755
1418	0.0224755	0.0224733
1419	0.0224734	0.0224711
1420	0.0224712	0.0224689
1421	0.0224689	0.0224668
1422	0.0224668	0.0224646
1423	0.0224646	0.0224624
1424	0.0224625	0.0224603
1425	0.0224603	0.022458
1426	0.0224581	0.0224559
1427	0.0224559	0.0224537
1428	0.0224538	0.0224515
1429	0.0224515	0.0224494
1430	0.0224494	0.0224472
1431	0.0224472	0.022445
1432	0.0224451	0.0224428
1433	0.0224429	0.0224407
1434	0.0224407	0.0224386
1435	0.0224386	0.0224364
1436	0.0224364	0.0224342
1437	0.0224342	0.0224321
1438	0.0224321	0.0224299
1439	0.0224299	0.0224278
1440	0.0224278	0.0224256
1441	0.0224256	0.0224235
1442	0.0224234	0.0224213
1443	0.0224213	0.0224192
1444	0.0224192	0.022417
1445	0.022417	0.0224149
1446	0.0224148	0.0224128
1447	0.0224127	0.0224106
1448	0.0224106	0.0224085
1449	0.0224085	0.0224064
1450	0.0224063	0.0224042
1451	0.0224042	0.0224021
1452	0.0224021	0.0223999
1453	0.0224	0.0223978
1454	0.0223978	0.0223957
1455	0.0223957	0.0223936
1456	0.0223935	0.0223914
1457	0.0223914	0.0223893
1458	0.0223893	0.0223872
1459	0.0223872	0.0223851
1460	0.022385	0.022383
1461	0.0223829	0.0223808
1462	0.0223808	0.0223787
1463	0.0223787	0.0223766
1464	0.0223766	0.0223745
1465	0.0223745	0.0223724
1466	0.0223723	0.0223702
1467	0.0223703	0.0223681
1468	0.0223682	0.0223661
1469	0.0223661	0.022364
1470	0.0223639	0.0223619
1471	0.0223619	0.0223598
1472	0.0223597	0.0223577
1473	0.0223576	0.0223556
1474	0.0223556	0.0223534
1475	0.0223534	0.0223514
1476	0.0223514	0.0223493
1477	0.0223493	0.0223472
1478	0.0223472	0.0223451
1479	0.0223451	0.022343
1480	0.022343	0.0223409
1481	0.0223409	0.0223388
1482	0.0223388	0.0223368
1483	0.0223368	0.0223347
1484	0.0223347	0.0223326
1485	0.0223326	0.0223305
1486	0.0223305	0.0223284
1487	0.0223285	0.0223264
1488	0.0223264	0.0223243
1489	0.0223243	0.0223222
1490	0.0223223	0.0223202
1491	0.0223202	0.022318
1492	0.0223181	0.022316
1493	0.022316	0.022314
1494	0.0223139	0.0223119
1495	0.0223119	0.0223098
1496	0.0223098	0.0223078
1497	0.0223078	0.0223057
1498	0.0223057	0.0223036
1499	0.0223036	0.0223016
1500	0.0223016	0.0222995
1501	0.0222995	0.0222975
1502	0.0222975	0.0222954
1503	0.0222954	0.0222934
1504	0.0222934	0.0222913
1505	0.0222914	0.0222893
1506	0.0222893	0.0222872
1507	0.0222873	0.0222852
1508	0.0222852	0.0222831
1509	0.0222832	0.0222811
1510	0.0222811	0.0222791
1511	0.0222791	0.0222771
1512	0.0222771	0.022275
1513	0.022275	0.022273
1514	0.022273	0.0222709
1515	0.022271	0.0222689
1516	0.0222689	0.0222669
1517	0.0222668	0.0222648
1518	0.0222649	0.0222628
1519	0.0222628	0.0222608
1520	0.0222608	0.0222588
1521	0.0222588	0.0222567
1522	0.0222567	0.0222547
1523	0.0222548	0.0222527
1524	0.0222527	0.0222507
1525	0.0222507	0.0222487
1526	0.0222487	0.0222467
1527	0.0222467	0.0222447
1528	0.0222447	0.0222427
1529	0.0222426	0.0222406
1530	0.0222406	0.0222386
1531	0.0222386	0.0222366
1532	0.0222366	0.0222346
1533	0.0222347	0.0222326
1534	0.0222326	0.0222306
1535	0.0222306	0.0222286
1536	0.0222286	0.0222266
1537	0.0222266	0.0222246
1538	0.0222246	0.0222226
1539	0.0222226	0.0222206
1540	0.0222206	0.0222186
1541	0.0222186	0.0222166
1542	0.0222166	0.0222146
1543	0.0222147	0.0222126
1544	0.0222126	0.0222106
1545	0.0222107	0.0222087
1546	0.0222087	0.0222067
1547	0.0222067	0.0222047
1548	0.0222047	0.0222027
1549	0.0222027	0.0222007
1550	0.0222008	0.0221987
1551	0.0221988	0.0221968
1552	0.0221968	0.0221948
1553	0.0221948	0.0221928
1554	0.0221928	0.0221909
1555	0.0221909	0.0221889
1556	0.0221889	0.0221869
1557	0.0221869	0.022185
1558	0.022185	0.022183
1559	0.022183	0.022181
1560	0.022181	0.022179
1561	0.022179	0.0221771
1562	0.0221771	0.0221751
1563	0.0221752	0.0221732
1564	0.0221732	0.0221712
1565	0.0221712	0.0221693
1566	0.0221692	0.0221673
1567	0.0221673	0.0221653
1568	0.0221653	0.0221634
1569	0.0221634	0.0221614
1570	0.0221614	0.0221595
1571	0.0221595	0.0221575
1572	0.0221575	0.0221556
1573	0.0221556	0.0221537
1574	0.0221536	0.0221517
1575	0.0221517	0.0221498
1576	0.0221497	0.0221478
1577	0.0221478	0.0221459
1578	0.0221458	0.0221439
1579	0.0221439	0.022142
1580	0.022142	0.02214
1581	0.02214	0.0221381
1582	0.0221381	0.0221362
1583	0.0221362	0.0221343
1584	0.0221343	0.0221323
1585	0.0221323	0.0221304
1586	0.0221305	0.0221285
1587	0.0221285	0.0221266
1588	0.0221265	0.0221246
1589	0.0221246	0.0221227
1590	0.0221227	0.0221208
1591	0.0221207	0.0221188
1592	0.0221189	0.0221169
1593	0.0221169	0.022115
1594	0.022115	0.0221131
1595	0.0221131	0.0221112
1596	0.0221112	0.0221093
1597	0.0221093	0.0221073
1598	0.0221073	0.0221054
1599	0.0221054	0.0221036
1600	0.0221035	0.0221016
1601	0.0221016	0.0220997
1602	0.0220997	0.0220978
1603	0.0220978	0.0220959
1604	0.0220959	0.022094
1605	0.022094	0.0220921
1606	0.0220921	0.0220902
1607	0.0220901	0.0220883
1608	0.0220883	0.0220864
1609	0.0220864	0.0220845
1610	0.0220845	0.0220826
1611	0.0220826	0.0220807
1612	0.0220807	0.0220788
1613	0.0220788	0.0220769
1614	0.0220769	0.0220751
1615	0.022075	0.0220731
1616	0.0220731	0.0220713
1617	0.0220713	0.0220694
1618	0.0220694	0.0220675
1619	0.0220675	0.0220656
1620	0.0220656	0.0220637
1621	0.0220637	0.0220618
1622	0.0220618	0.02206
1623	0.0220599	0.0220581
1624	0.022058	0.0220562
1625	0.0220562	0.0220543
1626	0.0220543	0.0220524
1627	0.0220525	0.0220506
1628	0.0220505	0.0220487
1629	0.0220487	0.0220468
1630	0.0220468	0.022045
1631	0.0220449	0.0220431
1632	0.0220431	0.0220412
1633	0.0220413	0.0220394
1634	0.0220394	0.0220375
1635	0.0220375	0.0220356
1636	0.0220357	0.0220338
1637	0.0220338	0.0220319
1638	0.0220319	0.02203
1639	0.02203	0.0220282
1640	0.0220282	0.0220264
1641	0.0220263	0.0220245
1642	0.0220245	0.0220226
1643	0.0220226	0.0220208
1644	0.0220208	0.0220189
1645	0.0220189	0.0220171
1646	0.0220171	0.0220152
1647	0.0220152	0.0220134
1648	0.0220133	0.0220115
1649	0.0220116	0.0220097
1650	0.0220096	0.0220079
1651	0.0220079	0.022006
1652	0.022006	0.0220042
1653	0.0220042	0.0220023
1654	0.0220023	0.0220005
1655	0.0220005	0.0219987
1656	0.0219986	0.0219968
1657	0.0219968	0.021995
1658	0.021995	0.0219931
1659	0.0219932	0.0219913
1660	0.0219913	0.0219895
1661	0.0219894	0.0219876
1662	0.0219877	0.0219858
1663	0.0219858	0.021984
1664	0.0219839	0.0219822
1665	0.0219822	0.0219803
1666	0.0219803	0.0219785
1667	0.0219785	0.0219767
1668	0.0219767	0.0219749
1669	0.0219749	0.021973
1670	0.021973	0.0219712
1671	0.0219712	0.0219694
1672	0.0219694	0.0219676
1673	0.0219676	0.0219658
1674	0.0219658	0.021964
1675	0.021964	0.0219622
1676	0.0219621	0.0219603
1677	0.0219603	0.0219585
1678	0.0219586	0.0219567
1679	0.0219567	0.0219549
1680	0.0219549	0.0219531
1681	0.0219531	0.0219513
1682	0.0219513	0.0219495
1683	0.0219495	0.0219477
1684	0.0219477	0.0219459
1685	0.0219459	0.0219441
1686	0.0219441	0.0219423
1687	0.0219423	0.0219405
1688	0.0219405	0.0219387
1689	0.0219387	0.0219369
1690	0.0219369	0.0219351
1691	0.0219351	0.0219333
1692	0.0219333	0.0219315
1693	0.0219315	0.0219297
1694	0.0219297	0.0219279
1695	0.0219279	0.0219262
1696	0.0219261	0.0219244
1697	0.0219243	0.0219226
1698	0.0219226	0.0219208
1699	0.0219208	0.021919
1700	0.021919	0.0219172
1701	0.0219172	0.0219154
1702	0.0219154	0.0219136
1703	0.0219137	0.0219119
1704	0.0219118	0.0219101
1705	0.0219101	0.0219083
1706	0.0219083	0.0219065
1707	0.0219065	0.0219048
1708	0.0219048	0.021903
1709	0.021903	0.0219012
1710	0.0219012	0.0218994
1711	0.0218995	0.0218977
1712	0.0218977	0.0218959
1713	0.0218959	0.0218942
1714	0.0218941	0.0218924
1715	0.0218923	0.0218906
1716	0.0218906	0.0218889
1717	0.0218888	0.0218871
1718	0.0218871	0.0218853
1719	0.0218853	0.0218835
1720	0.0218836	0.0218818
1721	0.0218818	0.02188
1722	0.02188	0.0218783
1723	0.0218783	0.0218765
1724	0.0218765	0.0218748
1725	0.0218748	0.021873
1726	0.021873	0.0218713
1727	0.0218713	0.0218695
1728	0.0218695	0.0218678
1729	0.0218678	0.021866
1730	0.021866	0.0218643
1731	0.0218642	0.0218625
1732	0.0218625	0.0218608
1733	0.0218608	0.021859
1734	0.021859	0.0218573
1735	0.0218572	0.0218555
1736	0.0218555	0.0218538
1737	0.0218538	0.021852
1738	0.021852	0.0218503
1739	0.0218503	0.0218485
1740	0.0218485	0.0218468
1741	0.0218468	0.0218451
1742	0.0218451	0.0218434
1743	0.0218434	0.0218416
1744	0.0218417	0.0218399
1745	0.0218399	0.0218382
1746	0.0218382	0.0218364
1747	0.0218364	0.0218347
1748	0.0218347	0.0218329
1749	0.021833	0.0218313
1750	0.0218312	0.0218295
1751	0.0218295	0.0218278
1752	0.0218278	0.0218261
1753	0.0218261	0.0218244
1754	0.0218243	0.0218226
1755	0.0218226	0.0218209
1756	0.0218209	0.0218192
1757	0.0218192	0.0218175
1758	0.0218175	0.0218157
1759	0.0218157	0.021814
1760	0.0218141	0.0218123
1761	0.0218123	0.0218106
1762	0.0218106	0.0218088
1763	0.0218089	0.0218072
1764	0.0218072	0.0218055
1765	0.0218054	0.0218038
1766	0.0218037	0.021802
1767	0.021802	0.0218003
1768	0.0218003	0.0217986
1769	0.0217986	0.0217969
1770	0.0217969	0.0217952
1771	0.0217952	0.0217935
1772	0.0217935	0.0217918
1773	0.0217918	0.0217901
1774	0.0217901	0.0217884
1775	0.0217884	0.0217867
1776	0.0217867	0.021785
1777	0.021785	0.0217833
1778	0.0217833	0.0217816
1779	0.0217816	0.0217799
1780	0.0217799	0.0217782
1781	0.0217782	0.0217765
1782	0.0217765	0.0217748
1783	0.0217748	0.0217731
1784	0.0217731	0.0217715
1785	0.0217714	0.0217698
1786	0.0217697	0.0217681
1787	0.0217681	0.0217664
1788	0.0217664	0.0217647
1789	0.0217647	0.021763
1790	0.021763	0.0217613
1791	0.0217613	0.0217596
1792	0.0217596	0.021758
1793	0.0217579	0.0217562
1794	0.0217563	0.0217546
1795	0.0217546	0.0217529
1796	0.0217529	0.0217513
1797	0.0217512	0.0217496
1798	0.0217496	0.0217479
1799	0.0217479	0.0217462
1800	0.0217462	0.0217445
1801	0.0217445	0.0217428
1802	0.0217429	0.0217412
1803	0.0217412	0.0217395
1804	0.0217395	0.0217379
1805	0.0217379	0.0217362
1806	0.0217362	0.0217345
1807	0.0217345	0.0217328
1808	0.0217328	0.0217312
1809	0.0217312	0.0217295
1810	0.0217295	0.0217278
1811	0.0217278	0.0217262
1812	0.0217262	0.0217245
1813	0.0217245	0.0217228
1814	0.0217228	0.0217212
1815	0.0217212	0.0217195
1816	0.0217196	0.0217179
1817	0.0217179	0.0217162
1818	0.0217162	0.0217146
1819	0.0217145	0.0217129
1820	0.0217129	0.0217112
1821	0.0217112	0.0217096
1822	0.0217096	0.0217079
1823	0.0217079	0.0217063
1824	0.0217063	0.0217047
1825	0.0217047	0.021703
1826	0.021703	0.0217014
1827	0.0217013	0.0216997
1828	0.0216997	0.021698
1829	0.021698	0.0216964
1830	0.0216964	0.0216948
1831	0.0216948	0.0216931
1832	0.0216932	0.0216915
1833	0.0216915	0.0216898
1834	0.0216898	0.0216882
1835	0.0216882	0.0216866
1836	0.0216865	0.0216849
1837	0.0216849	0.0216833
1838	0.0216833	0.0216817
1839	0.0216817	0.02168
1840	0.02168	0.0216784
1841	0.0216784	0.0216768
1842	0.0216768	0.0216751
1843	0.0216752	0.0216735
1844	0.0216734	0.0216718
1845	0.0216719	0.0216702
1846	0.0216702	0.0216686
1847	0.0216686	0.0216669
1848	0.0216669	0.0216654
1849	0.0216653	0.0216637
1850	0.0216637	0.0216621
1851	0.0216621	0.0216604
1852	0.0216605	0.0216588
1853	0.0216588	0.0216572
1854	0.0216572	0.0216555
1855	0.0216556	0.0216539
1856	0.021654	0.0216523
1857	0.0216523	0.0216507
1858	0.0216507	0.0216491
1859	0.0216491	0.0216475
1860	0.0216475	0.0216458
1861	0.0216459	0.0216443
1862	0.0216442	0.0216426
1863	0.0216426	0.021641
1864	0.021641	0.0216394
1865	0.0216394	0.0216378
1866	0.0216378	0.0216362
1867	0.0216362	0.0216346
1868	0.0216345	0.021633
1869	0.0216329	0.0216314
1870	0.0216313	0.0216297
1871	0.0216298	0.0216281
1872	0.0216281	0.0216265
1873	0.0216265	0.0216249
1874	0.0216249	0.0216233
1875	0.0216233	0.0216217
1876	0.0216217	0.0216201
1877	0.0216202	0.0216185
1878	0.0216185	0.0216169
1879	0.0216169	0.0216153
1880	0.0216153	0.0216137
1881	0.0216137	0.0216121
1882	0.0216121	0.0216105
1883	0.0216105	0.0216089
1884	0.0216089	0.0216073
1885	0.0216073	0.0216058
1886	0.0216058	0.0216042
1887	0.0216041	0.0216025
1888	0.0216026	0.0216009
1889	0.0216009	0.0215994
1890	0.0215994	0.0215978
1891	0.0215978	0.0215962
1892	0.0215962	0.0215946
1893	0.0215946	0.021593
1894	0.021593	0.0215914
1895	0.0215914	0.0215898
1896	0.0215898	0.0215882
1897	0.0215882	0.0215867
1898	0.0215867	0.0215851
1899	0.0215851	0.0215835
1900	0.0215835	0.0215819
1901	0.0215819	0.0215804
1902	0.0215803	0.0215788
1903	0.0215788	0.0215772
1904	0.0215772	0.0215756
1905	0.0215756	0.0215741
1906	0.021574	0.0215725
1907	0.0215725	0.0215709
1908	0.0215708	0.0215693
1909	0.0215693	0.0215677
1910	0.0215677	0.0215662
1911	0.0215662	0.0215646
1912	0.0215646	0.021563
1913	0.021563	0.0215615
1914	0.0215614	0.0215599
1915	0.0215599	0.0215583
1916	0.0215583	0.0215568
1917	0.0215568	0.0215552
1918	0.0215552	0.0215536
1919	0.0215536	0.0215521
1920	0.0215521	0.0215505
1921	0.0215505	0.0215489
1922	0.0215489	0.0215474
1923	0.0215473	0.0215458
1924	0.0215458	0.0215443
1925	0.0215442	0.0215427
1926	0.0215427	0.0215411
1927	0.0215411	0.0215395
1928	0.0215396	0.021538
1929	0.021538	0.0215364
1930	0.0215365	0.0215349
1931	0.0215349	0.0215333
1932	0.0215333	0.0215318
1933	0.0215318	0.0215302
1934	0.0215302	0.0215287
1935	0.0215287	0.0215271
1936	0.0215271	0.0215256
1937	0.0215256	0.021524
1938	0.021524	0.0215225
1939	0.0215225	0.0215209
1940	0.0215209	0.0215194
1941	0.0215194	0.0215178
1942	0.0215178	0.0215163
1943	0.0215163	0.0215147
1944	0.0215147	0.0215132
1945	0.0215132	0.0215116
1946	0.0215117	0.0215101
1947	0.0215101	0.0215086
1948	0.0215086	0.021507
1949	0.021507	0.0215055
1950	0.0215055	0.021504
1951	0.021504	0.0215024
1952	0.0215024	0.0215009
1953	0.0215009	0.0214993
1954	0.0214993	0.0214978
1955	0.0214978	0.0214962
1956	0.0214963	0.0214947
1957	0.0214948	0.0214932
1958	0.0214932	0.0214916
1959	0.0214917	0.0214901
1960	0.0214901	0.0214886
1961	0.0214886	0.0214871
1962	0.0214871	0.0214855
1963	0.0214855	0.021484
1964	0.021484	0.0214825
1965	0.0214825	0.021481
1966	0.0214809	0.0214794
1967	0.0214794	0.0214779
1968	0.0214779	0.0214764
1969	0.0214764	0.0214748
1970	0.0214749	0.0214733
1971	0.0214733	0.0214718
1972	0.0214718	0.0214703
1973	0.0214703	0.0214688
1974	0.0214688	0.0214672
1975	0.0214673	0.0214657
1976	0.0214657	0.0214642
1977	0.0214642	0.0214627
1978	0.0214627	0.0214612
1979	0.0214612	0.0214596
1980	0.0214597	0.0214581
1981	0.0214581	0.0214566
1982	0.0214566	0.0214551
1983	0.0214551	0.0214536
1984	0.0214536	0.0214521
1985	0.0214521	0.0214506
1986	0.0214506	0.0214491
1987	0.021449	0.0214475
1988	0.0214475	0.021446
1989	0.021446	0.0214445
1990	0.0214445	0.021443
1991	0.021443	0.0214415
1992	0.0214415	0.02144
1993	0.02144	0.0214385
1994	0.0214385	0.021437
1995	0.021437	0.0214355
1996	0.0214355	0.021434
1997	0.0214339	0.0214325
1998	0.0214324	0.021431
1999	0.021431	0.0214295
2000	0.0214295	0.021428
2001	0.0214279	0.0214264
2002	0.0214264	0.021425
2003	0.021425	0.0214235
2004	0.0214235	0.0214219
2005	0.021422	0.0214205
2006	0.0214204	0.0214189
2007	0.021419	0.0214175
2008	0.0214175	0.021416
2009	0.021416	0.0214145
2010	0.0214145	0.021413
2011	0.021413	0.0214115
2012	0.0214115	0.02141
2013	0.02141	0.0214085
2014	0.0214085	0.021407
2015	0.021407	0.0214055
2016	0.0214055	0.021404
2017	0.0214041	0.0214026
2018	0.0214025	0.021401
2019	0.0214011	0.0213996
2020	0.0213996	0.0213981
2021	0.0213981	0.0213966
2022	0.0213966	0.0213951
2023	0.0213951	0.0213936
2024	0.0213937	0.0213921
2025	0.0213922	0.0213907
2026	0.0213907	0.0213892
2027	0.0213892	0.0213877
2028	0.0213877	0.0213862
2029	0.0213862	0.0213847
2030	0.0213847	0.0213833
2031	0.0213833	0.0213818
2032	0.0213817	0.0213803
2033	0.0213803	0.0213788
2034	0.0213788	0.0213773
2035	0.0213774	0.0213759
2036	0.0213758	0.0213744
2037	0.0213744	0.0213729
2038	0.0213729	0.0213714
2039	0.0213714	0.0213699
2040	0.02137	0.0213685
2041	0.0213685	0.021367
2042	0.021367	0.0213655
2043	0.0213655	0.0213641
2044	0.0213641	0.0213626
2045	0.0213626	0.0213611
2046	0.0213612	0.0213597
2047	0.0213597	0.0213582
2048	0.0213582	0.0213567
2049	0.0213567	0.0213553
2050	0.0213552	0.0213538
2051	0.0213538	0.0213523
2052	0.0213523	0.0213509
2053	0.0213509	0.0213494
2054	0.0213494	0.0213479
2055	0.0213479	0.0213465
2056	0.0213465	0.021345
2057	0.021345	0.0213435
2058	0.0213435	0.0213421
2059	0.0213421	0.0213406
2060	0.0213406	0.0213392
2061	0.0213392	0.0213377
2062	0.0213377	0.0213362
2063	0.0213363	0.0213348
2064	0.0213348	0.0213333
2065	0.0213333	0.0213319
2066	0.0213319	0.0213304
2067	0.0213304	0.021329
2068	0.021329	0.0213275
2069	0.0213275	0.0213261
2070	0.021326	0.0213246
2071	0.0213246	0.0213232
2072	0.0213232	0.0213217
2073	0.0213217	0.0213203
2074	0.0213203	0.0213188
2075	0.0213188	0.0213174
2076	0.0213174	0.0213159
2077	0.0213159	0.0213145
2078	0.0213144	0.021313
2079	0.0213131	0.0213116
2080	0.0213116	0.0213102
2081	0.0213101	0.0213087
2082	0.0213087	0.0213072
2083	0.0213073	0.0213058
2084	0.0213058	0.0213043
2085	0.0213044	0.0213029
2086	0.0213029	0.0213015
2087	0.0213015	0.0213
2088	0.0213	0.0212986
2089	0.0212986	0.0212971
2090	0.0212971	0.0212957
2091	0.0212957	0.0212943
2092	0.0212943	0.0212928
2093	0.0212928	0.0212914
2094	0.0212914	0.02129
2095	0.0212899	0.0212885
2096	0.0212885	0.0212871
2097	0.0212871	0.0212856
2098	0.0212856	0.0212842
2099	0.0212842	0.0212827
2100	0.0212827	0.0212813
2101	0.0212814	0.0212799
2102	0.0212799	0.0212785
2103	0.0212785	0.021277
2104	0.021277	0.0212756
2105	0.0212756	0.0212742
2106	0.0212742	0.0212727
2107	0.0212727	0.0212713
2108	0.0212712	0.0212699
2109	0.0212699	0.0212684
2110	0.0212684	0.021267
2111	0.021267	0.0212656
2112	0.0212656	0.0212641
2113	0.0212642	0.0212627
2114	0.0212627	0.0212613
2115	0.0212613	0.0212599
2116	0.0212599	0.0212585
2117	0.0212585	0.021257
2118	0.021257	0.0212556
2119	0.0212556	0.0212542
2120	0.0212542	0.0212528
2121	0.0212528	0.0212514
2122	0.0212513	0.0212499
2123	0.02125	0.0212485
2124	0.0212485	0.0212471
2125	0.0212471	0.0212457
2126	0.0212457	0.0212443
2127	0.0212443	0.0212429
2128	0.0212428	0.0212414
2129	0.0212414	0.02124
2130	0.02124	0.0212386
2131	0.0212386	0.0212372
2132	0.0212372	0.0212358
2133	0.0212358	0.0212343
2134	0.0212344	0.0212329
2135	0.0212329	0.0212315
2136	0.0212316	0.0212301
2137	0.0212301	0.0212287
2138	0.0212287	0.0212273
2139	0.0212273	0.0212259
2140	0.0212259	0.0212245
2141	0.0212245	0.021223
2142	0.021223	0.0212216
2143	0.0212216	0.0212203
2144	0.0212202	0.0212188
2145	0.0212188	0.0212174
2146	0.0212174	0.021216
2147	0.021216	0.0212146
2148	0.0212146	0.0212132
2149	0.0212132	0.0212118
2150	0.0212118	0.0212104
2151	0.0212104	0.021209
2152	0.021209	0.0212076
2153	0.0212076	0.0212062
2154	0.0212061	0.0212048
2155	0.0212048	0.0212034
2156	0.0212034	0.021202
2157	0.021202	0.0212006
2158	0.0212006	0.0211992
2159	0.0211992	0.0211978
2160	0.0211978	0.0211964
2161	0.0211964	0.021195
2162	0.021195	0.0211936
2163	0.0211936	0.0211922
2164	0.0211922	0.0211908
2165	0.0211908	0.0211894
2166	0.0211894	0.021188
2167	0.021188	0.0211866
2168	0.0211866	0.0211852
2169	0.0211852	0.0211838
2170	0.0211838	0.0211824
2171	0.0211825	0.021181
2172	0.0211811	0.0211796
2173	0.0211796	0.0211783
2174	0.0211783	0.0211769
2175	0.0211769	0.0211755
2176	0.0211754	0.0211741
2177	0.0211741	0.0211727
2178	0.0211727	0.0211713
2179	0.0211713	0.0211699
2180	0.0211699	0.0211686
2181	0.0211685	0.0211671
2182	0.0211672	0.0211658
2183	0.0211657	0.0211644
2184	0.0211644	0.021163
2185	0.021163	0.0211616
2186	0.0211616	0.0211602
2187	0.0211602	0.0211588
2188	0.0211588	0.0211575
2189	0.0211574	0.0211561
2190	0.021156	0.0211547
2191	0.0211547	0.0211533
2192	0.0211533	0.021152
2193	0.0211519	0.0211505
2194	0.0211505	0.0211492
2195	0.0211492	0.0211478
2196	0.0211478	0.0211464
2197	0.0211464	0.021145
2198	0.021145	0.0211436
2199	0.0211436	0.0211423
2200	0.0211422	0.0211409
2201	0.0211409	0.0211395
2202	0.0211395	0.0211381
2203	0.0211381	0.0211367
2204	0.0211368	0.0211354
2205	0.0211354	0.021134
2206	0.021134	0.0211326
2207	0.0211326	0.0211313
2208	0.0211313	0.0211299
2209	0.0211299	0.0211285
2210	0.0211285	0.0211272
2211	0.0211272	0.0211258
2212	0.0211258	0.0211244
2213	0.0211244	0.021123
2214	0.0211231	0.0211217
2215	0.0211217	0.0211203
2216	0.0211203	0.0211189
2217	0.0211189	0.0211176
2218	0.0211176	0.0211162
2219	0.0211162	0.0211149
2220	0.0211148	0.0211135
2221	0.0211134	0.0211121
2222	0.0211121	0.0211107
2223	0.0211107	0.0211094
2224	0.0211094	0.021108
2225	0.021108	0.0211066
2226	0.0211066	0.0211053
2227	0.0211052	0.0211039
2228	0.0211039	0.0211026
2229	0.0211026	0.0211012
2230	0.0211012	0.0210998
2231	0.0210998	0.0210984
2232	0.0210984	0.0210971
2233	0.0210971	0.0210957
2234	0.0210958	0.0210944
2235	0.0210944	0.021093
2236	0.021093	0.0210917
2237	0.0210917	0.0210903
2238	0.0210903	0.0210889
2239	0.021089	0.0210876
2240	0.0210876	0.0210862
2241	0.0210863	0.0210849
2242	0.0210849	0.0210835
2243	0.0210835	0.0210822
2244	0.0210822	0.0210808
2245	0.0210808	0.0210795
2246	0.0210794	0.0210781
2247	0.0210781	0.0210768
2248	0.0210768	0.0210754
2249	0.0210754	0.0210741
2250	0.021074	0.0210727
2251	0.0210727	0.0210714
2252	0.0210714	0.02107
2253	0.02107	0.0210686
2254	0.0210686	0.0210673
2255	0.0210673	0.0210659
2256	0.0210659	0.0210646
2257	0.0210646	0.0210632
2258	0.0210632	0.0210619
2259	0.0210619	0.0210605
2260	0.0210606	0.0210592
2261	0.0210592	0.0210578
2262	0.0210578	0.0210565
2263	0.0210565	0.0210551
2264	0.0210551	0.0210538
2265	0.0210538	0.0210525
2266	0.0210525	0.0210511
2267	0.0210511	0.0210498
2268	0.0210498	0.0210484
2269	0.0210484	0.0210471
2270	0.0210471	0.0210458
2271	0.0210458	0.0210444
2272	0.0210444	0.0210431
2273	0.021043	0.0210417
2274	0.0210417	0.0210404
2275	0.0210404	0.0210391
2276	0.021039	0.0210377
2277	0.0210377	0.0210364
2278	0.0210364	0.0210351
2279	0.0210351	0.0210337
2280	0.0210337	0.0210323
2281	0.0210324	0.021031
2282	0.021031	0.0210297
2283	0.0210296	0.0210284
2284	0.0210283	0.021027
2285	0.021027	0.0210257
2286	0.0210257	0.0210244
2287	0.0210244	0.021023
2288	0.021023	0.0210217
2289	0.0210217	0.0210204
2290	0.0210204	0.021019
2291	0.021019	0.0210177
2292	0.0210177	0.0210164
2293	0.0210163	0.021015
2294	0.021015	0.0210137
2295	0.0210136	0.0210123
2296	0.0210123	0.021011
2297	0.021011	0.0210097
2298	0.0210097	0.0210084
2299	0.0210084	0.021007
2300	0.021007	0.0210057
2301	0.0210057	0.0210044
2302	0.0210044	0.021003
2303	0.0210031	0.0210017
2304	0.0210017	0.0210004
2305	0.0210004	0.020999
2306	0.0209991	0.0209977
2307	0.0209977	0.0209964
2308	0.0209964	0.0209951
2309	0.020995	0.0209938
2310	0.0209938	0.0209924
2311	0.0209924	0.0209911
2312	0.0209911	0.0209898
2313	0.0209898	0.0209885
2314	0.0209884	0.0209871
2315	0.0209872	0.0209858
2316	0.0209858	0.0209845
2317	0.0209845	0.0209832
2318	0.0209832	0.0209818
2319	0.0209819	0.0209805
2320	0.0209805	0.0209792
2321	0.0209792	0.0209779
2322	0.0209779	0.0209765
2323	0.0209766	0.0209753
2324	0.0209753	0.0209739
2325	0.0209739	0.0209726
2326	0.0209726	0.0209713
2327	0.0209713	0.02097
2328	0.02097	0.0209687
2329	0.0209687	0.0209674
2330	0.0209674	0.020966
2331	0.020966	0.0209647
2332	0.0209647	0.0209634
2333	0.0209634	0.0209621
2334	0.0209621	0.0209608
2335	0.0209608	0.0209595
2336	0.0209594	0.0209581
2337	0.0209582	0.0209568
2338	0.0209568	0.0209555
2339	0.0209555	0.0209542
2340	0.0209542	0.0209529
2341	0.0209529	0.0209516
2342	0.0209516	0.0209503
2343	0.0209503	0.0209489
2344	0.020949	0.0209477
2345	0.0209476	0.0209464
2346	0.0209463	0.020945
2347	0.020945	0.0209437
2348	0.0209437	0.0209424
2349	0.0209424	0.0209411
2350	0.0209411	0.0209398
2351	0.0209398	0.0209385
2352	0.0209385	0.0209372
2353	0.0209372	0.0209359
2354	0.0209359	0.0209346
2355	0.0209346	0.0209333
2356	0.0209332	0.020932
2357	0.0209319	0.0209307
2358	0.0209306	0.0209294
2359	0.0209294	0.0209281
2360	0.0209281	0.0209268
2361	0.0209267	0.0209255
2362	0.0209255	0.0209241
2363	0.0209241	0.0209228
2364	0.0209228	0.0209215
2365	0.0209215	0.0209203
2366	0.0209202	0.0209189
2367	0.0209189	0.0209176
2368	0.0209176	0.0209163
2369	0.0209163	0.020915
2370	0.020915	0.0209137
2371	0.0209137	0.0209125
2372	0.0209125	0.0209111
2373	0.0209112	0.0209098
2374	0.0209098	0.0209086
2375	0.0209085	0.0209072
2376	0.0209072	0.0209059
2377	0.020906	0.0209046
2378	0.0209046	0.0209033
2379	0.0209033	0.020902
2380	0.020902	0.0209008
2381	0.0209008	0.0208995
2382	0.0208994	0.0208982
2383	0.0208981	0.0208969
2384	0.0208969	0.0208956
2385	0.0208956	0.0208943
2386	0.0208943	0.020893
2387	0.020893	0.0208917
2388	0.0208917	0.0208904
2389	0.0208904	0.0208891
2390	0.0208891	0.0208878
2391	0.0208878	0.0208865
2392	0.0208865	0.0208852
2393	0.0208852	0.020884
2394	0.0208839	0.0208826
2395	0.0208826	0.0208814
2396	0.0208814	0.0208801
2397	0.0208801	0.0208788
2398	0.0208788	0.0208775
2399	0.0208775	0.0208762
2400	0.0208762	0.0208749
2401	0.0208749	0.0208736
2402	0.0208736	0.0208724
2403	0.0208724	0.0208711
2404	0.020871	0.0208698
2405	0.0208697	0.0208685
2406	0.0208685	0.0208672
2407	0.0208672	0.0208659
2408	0.0208659	0.0208646
2409	0.0208646	0.0208633
2410	0.0208633	0.0208621
2411	0.020862	0.0208608
2412	0.0208608	0.0208595
2413	0.0208595	0.0208582
2414	0.0208582	0.0208569
2415	0.0208569	0.0208557
2416	0.0208556	0.0208543
2417	0.0208544	0.0208531
2418	0.0208531	0.0208518
2419	0.0208518	0.0208505
2420	0.0208505	0.0208492
2421	0.0208492	0.0208479
2422	0.020848	0.0208467
2423	0.0208467	0.0208454
2424	0.0208453	0.0208441
2425	0.0208441	0.0208428
2426	0.0208428	0.0208415
2427	0.0208416	0.0208403
2428	0.0208402	0.020839
2429	0.020839	0.0208377
2430	0.0208377	0.0208364
2431	0.0208364	0.0208352
2432	0.0208351	0.0208339
2433	0.0208339	0.0208326
2434	0.0208326	0.0208313
2435	0.0208314	0.0208301
2436	0.0208301	0.0208288
2437	0.0208288	0.0208275
2438	0.0208275	0.0208262
2439	0.0208262	0.020825
2440	0.020825	0.0208237
2441	0.0208237	0.0208224
2442	0.0208224	0.0208212
2443	0.0208211	0.0208199
2444	0.0208198	0.0208186
2445	0.0208186	0.0208173
2446	0.0208173	0.020816
2447	0.020816	0.0208148
2448	0.0208147	0.0208135
2449	0.0208135	0.0208122
2450	0.0208122	0.020811
2451	0.0208109	0.0208097
2452	0.0208097	0.0208084
2453	0.0208084	0.0208071
2454	0.0208071	0.0208059
2455	0.0208059	0.0208046
2456	0.0208046	0.0208033
2457	0.0208033	0.0208021
2458	0.0208021	0.0208008
2459	0.0208008	0.0207995
2460	0.0207995	0.0207983
2461	0.0207983	0.020797
2462	0.020797	0.0207957
2463	0.0207957	0.0207944
2464	0.0207945	0.0207932
2465	0.0207932	0.0207919
2466	0.0207919	0.0207907
2467	0.0207906	0.0207894
2468	0.0207894	0.0207882
2469	0.0207882	0.0207869
2470	0.0207869	0.0207856
2471	0.0207856	0.0207844
2472	0.0207844	0.0207831
2473	0.0207831	0.0207818
2474	0.0207818	0.0207806
2475	0.0207806	0.0207793
2476	0.0207793	0.020778
2477	0.020778	0.0207768
2478	0.0207767	0.0207756
2479	0.0207755	0.0207743
2480	0.0207743	0.020773
2481	0.020773	0.0207717
2482	0.0207717	0.0207705
2483	0.0207705	0.0207692
2484	0.0207693	0.020768
2485	0.0207679	0.0207667
2486	0.0207667	0.0207655
2487	0.0207655	0.0207642
2488	0.0207642	0.020763
2489	0.0207629	0.0207617
2490	0.0207617	0.0207604
2491	0.0207604	0.0207591
2492	0.0207592	0.0207579
2493	0.0207579	0.0207567
2494	0.0207566	0.0207554
2495	0.0207554	0.0207541
2496	0.0207541	0.0207529
2497	0.0207529	0.0207516
2498	0.0207516	0.0207504
2499	0.0207504	0.0207491
2500	0.0207491	0.0207479
2501	0.0207479	0.0207466
2502	0.0207466	0.0207454
2503	0.0207453	0.0207441
2504	0.0207441	0.0207429
2505	0.0207429	0.0207416
2506	0.0207416	0.0207403
2507	0.0207403	0.0207391
2508	0.0207391	0.0207378
2509	0.0207379	0.0207366
2510	0.0207366	0.0207354
2511	0.0207353	0.0207341
2512	0.0207341	0.0207329
2513	0.0207328	0.0207316
2514	0.0207316	0.0207303
2515	0.0207303	0.0207291
2516	0.0207291	0.0207278
2517	0.0207278	0.0207266
2518	0.0207266	0.0207253
2519	0.0207254	0.0207241
2520	0.0207241	0.0207228
2521	0.0207229	0.0207216
2522	0.0207216	0.0207204
2523	0.0207203	0.0207191
2524	0.0207191	0.0207179
2525	0.0207178	0.0207166
2526	0.0207166	0.0207154
2527	0.0207154	0.0207141
2528	0.0207141	0.0207129
2529	0.0207129	0.0207116
2530	0.0207116	0.0207104
2531	0.0207104	0.0207092
2532	0.0207091	0.0207079
2533	0.0207079	0.0207067
2534	0.0207066	0.0207054
2535	0.0207054	0.0207042
2536	0.0207042	0.0207029
2537	0.0207029	0.0207017
2538	0.0207017	0.0207004
2539	0.0207004	0.0206992
2540	0.0206992	0.020698
2541	0.020698	0.0206967
2542	0.0206968	0.0206955
2543	0.0206955	0.0206942
2544	0.0206942	0.020693
2545	0.020693	0.0206918
2546	0.0206918	0.0206905
2547	0.0206905	0.0206893
2548	0.0206893	0.0206881
2549	0.0206881	0.0206868
2550	0.0206868	0.0206856
2551	0.0206856	0.0206843
2552	0.0206843	0.0206831
2553	0.0206831	0.0206819
2554	0.0206818	0.0206806
2555	0.0206806	0.0206794
2556	0.0206793	0.0206782
2557	0.0206781	0.0206769
2558	0.0206769	0.0206757
2559	0.0206757	0.0206745
2560	0.0206745	0.0206732
2561	0.0206732	0.020672
2562	0.020672	0.0206708
2563	0.0206708	0.0206695
2564	0.0206695	0.0206683
2565	0.0206683	0.020667
2566	0.020667	0.0206658
2567	0.0206658	0.0206646
2568	0.0206646	0.0206633
2569	0.0206633	0.0206621
2570	0.0206621	0.0206609
2571	0.0206609	0.0206596
2572	0.0206597	0.0206584
2573	0.0206584	0.0206572
2574	0.0206572	0.020656
2575	0.0206559	0.0206547
2576	0.0206547	0.0206535
2577	0.0206535	0.0206523
2578	0.0206522	0.020651
2579	0.020651	0.0206498
2580	0.0206498	0.0206486
2581	0.0206486	0.0206473
2582	0.0206473	0.0206461
2583	0.0206461	0.0206449
2584	0.0206449	0.0206437
2585	0.0206437	0.0206424
2586	0.0206424	0.0206412
2587	0.0206412	0.02064
2588	0.0206399	0.0206387
2589	0.0206387	0.0206375
2590	0.0206375	0.0206363
2591	0.0206363	0.0206351
2592	0.0206351	0.0206338
2593	0.0206339	0.0206326
2594	0.0206327	0.0206314
2595	0.0206314	0.0206302
2596	0.0206302	0.0206289
2597	0.020629	0.0206277
2598	0.0206277	0.0206265
2599	0.0206264	0.0206253
2600	0.0206253	0.020624
2601	0.020624	0.0206228
2602	0.0206228	0.0206216
2603	0.0206216	0.0206204
2604	0.0206204	0.0206192
2605	0.0206192	0.020618
2606	0.0206179	0.0206167
2607	0.0206167	0.0206155
2608	0.0206155	0.0206143
2609	0.0206143	0.0206131
2610	0.020613	0.0206118
2611	0.0206118	0.0206106
2612	0.0206106	0.0206094
2613	0.0206094	0.0206082
2614	0.0206082	0.0206069
2615	0.0206069	0.0206057
2616	0.0206057	0.0206045
2617	0.0206045	0.0206033
2618	0.0206033	0.0206021
2619	0.020602	0.0206008
2620	0.0206009	0.0205996
2621	0.0205996	0.0205984
2622	0.0205984	0.0205972
2623	0.0205972	0.020596
2624	0.020596	0.0205948
2625	0.0205947	0.0205935
2626	0.0205935	0.0205923
2627	0.0205923	0.0205911
2628	0.0205911	0.0205899
2629	0.0205899	0.0205887
2630	0.0205887	0.0205875
2631	0.0205874	0.0205862
2632	0.0205862	0.020585
2633	0.0205851	0.0205838
2634	0.0205838	0.0205826
2635	0.0205826	0.0205814
2636	0.0205814	0.0205802
2637	0.0205802	0.020579
2638	0.020579	0.0205778
2639	0.0205777	0.0205765
2640	0.0205765	0.0205753
2641	0.0205753	0.0205741
2642	0.0205741	0.0205729
2643	0.0205729	0.0205717
2644	0.0205717	0.0205705
2645	0.0205705	0.0205692
2646	0.0205692	0.020568
2647	0.0205681	0.0205668
2648	0.0205668	0.0205656
2649	0.0205657	0.0205644
2650	0.0205644	0.0205632
2651	0.0205632	0.020562
2652	0.020562	0.0205608
2653	0.0205608	0.0205596
2654	0.0205596	0.0205584
2655	0.0205584	0.0205572
2656	0.0205572	0.020556
2657	0.020556	0.0205548
2658	0.0205548	0.0205535
2659	0.0205536	0.0205523
2660	0.0205523	0.0205511
2661	0.0205511	0.0205499
2662	0.0205499	0.0205487
2663	0.0205487	0.0205475
2664	0.0205475	0.0205463
2665	0.0205463	0.0205451
2666	0.0205451	0.0205439
2667	0.0205439	0.0205427
2668	0.0205427	0.0205415
2669	0.0205415	0.0205403
2670	0.0205403	0.0205391
2671	0.0205391	0.0205379
2672	0.0205378	0.0205366
2673	0.0205366	0.0205355
2674	0.0205354	0.0205343
2675	0.0205342	0.020533
2676	0.0205331	0.0205319
2677	0.0205318	0.0205307
2678	0.0205306	0.0205295
2679	0.0205294	0.0205283
2680	0.0205282	0.020527
2681	0.020527	0.0205258
2682	0.0205259	0.0205246
2683	0.0205246	0.0205234
2684	0.0205234	0.0205222
2685	0.0205222	0.020521
2686	0.020521	0.0205199
2687	0.0205198	0.0205186
2688	0.0205186	0.0205174
2689	0.0205174	0.0205163
2690	0.0205162	0.0205151
2691	0.020515	0.0205138
2692	0.0205139	0.0205126
2693	0.0205126	0.0205114
2694	0.0205115	0.0205102
2695	0.0205102	0.0205091
2696	0.020509	0.0205078
2697	0.0205078	0.0205067
2698	0.0205066	0.0205054
2699	0.0205054	0.0205043
2700	0.0205043	0.0205031
2701	0.020503	0.0205019
2702	0.0205018	0.0205006
2703	0.0205006	0.0204994
2704	0.0204994	0.0204983
2705	0.0204983	0.0204971
2706	0.020497	0.0204959
2707	0.0204958	0.0204947
2708	0.0204947	0.0204935
2709	0.0204935	0.0204923
2710	0.0204923	0.0204911
2711	0.0204911	0.0204899
2712	0.0204899	0.0204887
2713	0.0204887	0.0204875
2714	0.0204875	0.0204863
2715	0.0204863	0.0204851
2716	0.0204851	0.0204839
2717	0.0204839	0.0204827
2718	0.0204828	0.0204815
2719	0.0204815	0.0204804
2720	0.0204804	0.0204792
2721	0.0204792	0.020478
2722	0.020478	0.0204768
2723	0.0204768	0.0204756
2724	0.0204756	0.0204744
2725	0.0204744	0.0204732
2726	0.0204732	0.020472
2727	0.020472	0.0204708
2728	0.0204708	0.0204697
2729	0.0204696	0.0204684
2730	0.0204684	0.0204673
2731	0.0204673	0.0204661
2732	0.0204661	0.0204649
2733	0.0204649	0.0204637
2734	0.0204637	0.0204625
2735	0.0204625	0.0204613
2736	0.0204613	0.0204601
2737	0.0204601	0.0204589
2738	0.0204589	0.0204578
2739	0.0204578	0.0204566
2740	0.0204566	0.0204554
2741	0.0204553	0.0204542
2742	0.0204542	0.020453
2743	0.020453	0.0204518
2744	0.0204518	0.0204506
2745	0.0204506	0.0204494
2746	0.0204495	0.0204483
2747	0.0204483	0.0204471
2748	0.0204471	0.0204459
2749	0.0204459	0.0204447
2750	0.0204447	0.0204435
2751	0.0204435	0.0204423
2752	0.0204424	0.0204412
2753	0.0204412	0.02044
2754	0.02044	0.0204388
2755	0.0204388	0.0204376
2756	0.0204376	0.0204364
2757	0.0204364	0.0204352
2758	0.0204352	0.0204341
2759	0.020434	0.0204329
2760	0.0204329	0.0204317
2761	0.0204317	0.0204305
2762	0.0204305	0.0204293
2763	0.0204293	0.0204281
2764	0.0204282	0.020427
2765	0.020427	0.0204258
2766	0.0204258	0.0204246
2767	0.0204246	0.0204234
2768	0.0204234	0.0204222
2769	0.0204222	0.0204211
2770	0.0204211	0.0204199
2771	0.0204199	0.0204187
2772	0.0204187	0.0204175
2773	0.0204175	0.0204164
2774	0.0204164	0.0204152
2775	0.0204151	0.020414
2776	0.020414	0.0204128
2777	0.0204129	0.0204116
2778	0.0204116	0.0204105
2779	0.0204104	0.0204093
2780	0.0204093	0.0204081
2781	0.0204081	0.0204069
2782	0.0204069	0.0204057
2783	0.0204057	0.0204046
2784	0.0204046	0.0204034
2785	0.0204034	0.0204023
2786	0.0204022	0.0204011
2787	0.020401	0.0203999
2788	0.0203999	0.0203987
2789	0.0203987	0.0203975
2790	0.0203975	0.0203964
2791	0.0203963	0.0203952
2792	0.0203952	0.020394
2793	0.020394	0.0203928
2794	0.0203928	0.0203917
2795	0.0203916	0.0203905
2796	0.0203905	0.0203893
2797	0.0203893	0.0203881
2798	0.0203881	0.020387
2799	0.020387	0.0203858
2800	0.0203858	0.0203846
2801	0.0203847	0.0203834
2802	0.0203835	0.0203823
2803	0.0203823	0.0203811
2804	0.0203811	0.0203799
2805	0.02038	0.0203788
2806	0.0203788	0.0203776
2807	0.0203776	0.0203765
2808	0.0203764	0.0203753
2809	0.0203753	0.0203741
2810	0.0203741	0.0203729
2811	0.0203729	0.0203718
2812	0.0203718	0.0203706
2813	0.0203706	0.0203694
2814	0.0203694	0.0203683
2815	0.0203682	0.0203671
2816	0.020367	0.0203659
2817	0.0203659	0.0203648
2818	0.0203647	0.0203636
2819	0.0203635	0.0203624
2820	0.0203624	0.0203613
2821	0.0203612	0.0203601
2822	0.0203601	0.0203589
2823	0.0203589	0.0203577
2824	0.0203578	0.0203566
2825	0.0203566	0.0203554
2826	0.0203554	0.0203542
2827	0.0203542	0.0203531
2828	0.0203531	0.0203519
2829	0.0203519	0.0203507
2830	0.0203507	0.0203496
2831	0.0203495	0.0203484
2832	0.0203484	0.0203473
2833	0.0203473	0.0203461
2834	0.0203461	0.0203449
2835	0.0203449	0.0203438
2836	0.0203438	0.0203426
2837	0.0203426	0.0203414
2838	0.0203414	0.0203403
2839	0.0203403	0.0203391
2840	0.0203391	0.0203379
2841	0.020338	0.0203368
2842	0.0203368	0.0203356
2843	0.0203356	0.0203344
2844	0.0203345	0.0203333
2845	0.0203333	0.0203321
2846	0.0203321	0.020331
2847	0.020331	0.0203298
2848	0.0203298	0.0203286
2849	0.0203287	0.0203275
2850	0.0203275	0.0203263
2851	0.0203263	0.0203252
2852	0.0203251	0.020324
2853	0.020324	0.0203228
2854	0.0203228	0.0203217
2855	0.0203216	0.0203205
2856	0.0203205	0.0203194
2857	0.0203194	0.0203182
2858	0.0203182	0.020317
2859	0.0203171	0.0203159
2860	0.0203159	0.0203147
2861	0.0203147	0.0203136
2862	0.0203136	0.0203124
2863	0.0203124	0.0203112
2864	0.0203113	0.0203101
2865	0.0203101	0.0203089
2866	0.020309	0.0203078
2867	0.0203078	0.0203066
2868	0.0203066	0.0203055
2869	0.0203055	0.0203043
2870	0.0203043	0.0203032
2871	0.0203032	0.020302
2872	0.020302	0.0203009
2873	0.0203009	0.0202997
2874	0.0202997	0.0202985
2875	0.0202986	0.0202974
2876	0.0202974	0.0202962
2877	0.0202963	0.0202951
2878	0.0202951	0.0202939
2879	0.0202939	0.0202928
2880	0.0202928	0.0202916
2881	0.0202916	0.0202905
2882	0.0202905	0.0202893
2883	0.0202893	0.0202882
2884	0.0202882	0.020287
2885	0.020287	0.0202859
2886	0.0202859	0.0202847
2887	0.0202847	0.0202836
2888	0.0202836	0.0202824
2889	0.0202824	0.0202812
2890	0.0202812	0.0202801
2891	0.0202801	0.0202789
2892	0.0202789	0.0202778
2893	0.0202778	0.0202767
2894	0.0202766	0.0202755
2895	0.0202755	0.0202744
2896	0.0202744	0.0202732
2897	0.0202732	0.0202721
2898	0.0202721	0.0202709
2899	0.0202709	0.0202698
2900	0.0202697	0.0202686
2901	0.0202686	0.0202675
2902	0.0202675	0.0202663
2903	0.0202663	0.0202652
2904	0.0202652	0.020264
2905	0.0202641	0.0202629
2906	0.0202629	0.0202617
2907	0.0202617	0.0202606
2908	0.0202606	0.0202594
2909	0.0202595	0.0202583
2910	0.0202583	0.0202571
2911	0.0202571	0.020256
2912	0.020256	0.0202549
2913	0.0202549	0.0202537
2914	0.0202537	0.0202525
2915	0.0202526	0.0202514
2916	0.0202514	0.0202503
2917	0.0202503	0.0202491
2918	0.0202492	0.020248
2919	0.0202479	0.0202468
2920	0.0202469	0.0202457
2921	0.0202457	0.0202445
2922	0.0202445	0.0202434
2923	0.0202434	0.0202423
2924	0.0202423	0.0202411
2925	0.0202411	0.02024
2926	0.02024	0.0202389
2927	0.0202388	0.0202377
2928	0.0202377	0.0202365
2929	0.0202365	0.0202354
2930	0.0202354	0.0202343
2931	0.0202343	0.0202331
2932	0.0202331	0.020232
2933	0.020232	0.0202309
2934	0.0202308	0.0202297
2935	0.0202297	0.0202286
2936	0.0202286	0.0202274
2937	0.0202274	0.0202263
2938	0.0202263	0.0202252
2939	0.0202252	0.020224
2940	0.020224	0.0202228
2941	0.0202228	0.0202217
2942	0.0202217	0.0202206
2943	0.0202206	0.0202195
2944	0.0202195	0.0202183
2945	0.0202183	0.0202172
2946	0.0202172	0.020216
2947	0.0202161	0.0202149
2948	0.0202149	0.0202138
2949	0.0202138	0.0202126
2950	0.0202126	0.0202115
2951	0.0202115	0.0202104
2952	0.0202104	0.0202092
2953	0.0202092	0.0202081
2954	0.0202081	0.0202069
2955	0.020207	0.0202058
2956	0.0202058	0.0202047
2957	0.0202047	0.0202036
2958	0.0202035	0.0202024
2959	0.0202024	0.0202013
2960	0.0202013	0.0202001
2961	0.0202001	0.020199
2962	0.020199	0.0201979
2963	0.0201979	0.0201967
2964	0.0201967	0.0201956
2965	0.0201956	0.0201945
2966	0.0201945	0.0201933
2967	0.0201934	0.0201922
2968	0.0201922	0.0201911
2969	0.0201911	0.0201899
2970	0.02019	0.0201888
2971	0.0201888	0.0201877
2972	0.0201877	0.0201865
2973	0.0201865	0.0201854
2974	0.0201854	0.0201843
2975	0.0201843	0.0201831
2976	0.0201832	0.020182
2977	0.0201821	0.0201809
2978	0.0201809	0.0201798
2979	0.0201797	0.0201786
2980	0.0201786	0.0201775
2981	0.0201775	0.0201764
2982	0.0201764	0.0201752
2983	0.0201753	0.0201741
2984	0.0201741	0.020173
2985	0.020173	0.0201718
2986	0.0201719	0.0201707
2987	0.0201707	0.0201696
2988	0.0201696	0.0201685
2989	0.0201685	0.0201674
2990	0.0201674	0.0201662
2991	0.0201662	0.0201651
2992	0.0201651	0.0201639
2993	0.020164	0.0201628
2994	0.0201628	0.0201617
2995	0.0201617	0.0201606
2996	0.0201606	0.0201594
2997	0.0201594	0.0201583
2998	0.0201583	0.0201572
2999	0.0201572	0.0201561
3000	0.0201561	0.0201549
3001	0.020155	0.0201538
3002	0.0201538	0.0201527
3003	0.0201527	0.0201516
3004	0.0201516	0.0201504
3005	0.0201505	0.0201493
3006	0.0201493	0.0201482
3007	0.0201482	0.0201471
3008	0.0201471	0.020146
3009	0.0201459	0.0201448
3010	0.0201448	0.0201437
3011	0.0201437	0.0201426
3012	0.0201426	0.0201415
3013	0.0201415	0.0201404
3014	0.0201404	0.0201393
3015	0.0201392	0.0201381
3016	0.0201382	0.020137
3017	0.020137	0.0201359
3018	0.0201359	0.0201347
3019	0.0201347	0.0201336
3020	0.0201336	0.0201325
3021	0.0201325	0.0201314
3022	0.0201314	0.0201303
3023	0.0201303	0.0201292
3024	0.0201291	0.020128
3025	0.020128	0.0201269
3026	0.0201269	0.0201258
3027	0.0201258	0.0201247
3028	0.0201246	0.0201236
3029	0.0201236	0.0201224
3030	0.0201224	0.0201213
3031	0.0201213	0.0201202
3032	0.0201202	0.0201191
3033	0.0201191	0.020118
3034	0.020118	0.0201168
3035	0.0201168	0.0201157
3036	0.0201157	0.0201146
3037	0.0201146	0.0201135
3038	0.0201135	0.0201124
3039	0.0201124	0.0201112
3040	0.0201113	0.0201102
3041	0.0201101	0.020109
3042	0.020109	0.0201079
3043	0.0201079	0.0201068
3044	0.0201068	0.0201057
3045	0.0201057	0.0201045
3046	0.0201045	0.0201035
3047	0.0201034	0.0201023
3048	0.0201024	0.0201012
3049	0.0201013	0.0201001
3050	0.0201001	0.020099
3051	0.020099	0.0200979
3052	0.0200979	0.0200968
3053	0.0200968	0.0200957
3054	0.0200957	0.0200945
3055	0.0200945	0.0200934
3056	0.0200935	0.0200923
3057	0.0200923	0.0200912
3058	0.0200912	0.0200901
3059	0.0200901	0.020089
3060	0.020089	0.0200879
3061	0.0200879	0.0200868
3062	0.0200868	0.0200857
3063	0.0200857	0.0200845
3064	0.0200845	0.0200834
3065	0.0200834	0.0200823
3066	0.0200824	0.0200812
3067	0.0200812	0.0200801
3068	0.0200801	0.020079
3069	0.020079	0.0200779
3070	0.0200779	0.0200768
3071	0.0200768	0.0200757
3072	0.0200757	0.0200746
3073	0.0200746	0.0200735
3074	0.0200735	0.0200723
3075	0.0200724	0.0200713
3076	0.0200713	0.0200701
3077	0.0200701	0.020069
3078	0.020069	0.0200679
3079	0.0200679	0.0200668
3080	0.0200668	0.0200657
3081	0.0200657	0.0200646
3082	0.0200646	0.0200635
3083	0.0200635	0.0200624
3084	0.0200624	0.0200613
3085	0.0200613	0.0200602
3086	0.0200602	0.0200591
3087	0.020059	0.020058
3088	0.0200579	0.0200569
3089	0.0200569	0.0200558
3090	0.0200558	0.0200546
3091	0.0200547	0.0200536
3092	0.0200535	0.0200524
3093	0.0200524	0.0200513
3094	0.0200514	0.0200502
3095	0.0200502	0.0200492
3096	0.0200491	0.0200481
3097	0.0200481	0.0200469
3098	0.0200469	0.0200459
3099	0.0200458	0.0200448
3100	0.0200447	0.0200436
3101	0.0200437	0.0200425
3102	0.0200425	0.0200414
3103	0.0200415	0.0200403
3104	0.0200403	0.0200393
3105	0.0200392	0.0200382
3106	0.0200381	0.0200371
3107	0.020037	0.0200359
3108	0.0200359	0.0200349
3109	0.0200348	0.0200337
3110	0.0200337	0.0200326
3111	0.0200326	0.0200316
3112	0.0200316	0.0200305
3113	0.0200305	0.0200293
3114	0.0200293	0.0200283
3115	0.0200282	0.0200271
3116	0.0200271	0.020026
3117	0.020026	0.0200249
3118	0.020025	0.0200239
3119	0.0200239	0.0200227
3120	0.0200227	0.0200217
3121	0.0200217	0.0200206
3122	0.0200206	0.0200195
3123	0.0200195	0.0200184
3124	0.0200184	0.0200173
3125	0.0200173	0.0200162
3126	0.0200162	0.0200151
3127	0.0200151	0.020014
3128	0.020014	0.0200129
3129	0.0200129	0.0200118
3130	0.0200118	0.0200107
3131	0.0200107	0.0200096
3132	0.0200096	0.0200085
3133	0.0200086	0.0200074
3134	0.0200074	0.0200063
3135	0.0200063	0.0200052
3136	0.0200052	0.0200042
3137	0.0200042	0.0200031
3138	0.0200031	0.020002
3139	0.0200019	0.0200009
3140	0.0200009	0.0199998
3141	0.0199998	0.0199987
