1	0.324452	0.310588
2	0.310584	0.29754
3	0.297539	0.285533
4	0.285533	0.274589
5	0.27459	0.264611
6	0.26461	0.255476
7	0.255477	0.247043
8	0.247041	0.2392
9	0.239202	0.23188
10	0.231883	0.225017
11	0.225017	0.218581
12	0.218582	0.212516
13	0.21252	0.206796
14	0.206796	0.201384
15	0.201384	0.196273
16	0.196272	0.191426
17	0.191425	0.186826
18	0.186827	0.182458
19	0.182458	0.178315
20	0.178312	0.174375
21	0.174375	0.17062
22	0.170622	0.167051
23	0.16705	0.163647
24	0.163645	0.1604
25	0.160399	0.157289
26	0.157289	0.154315
27	0.154316	0.151469
28	0.151468	0.148738
29	0.14874	0.146117
30	0.146117	0.143599
31	0.143598	0.141174
32	0.141174	0.138837
33	0.138836	0.136581
34	0.136581	0.134404
35	0.134405	0.132299
36	0.1323	0.13026
37	0.130261	0.128285
38	0.128285	0.126369
39	0.126369	0.124506
40	0.124506	0.122697
41	0.122697	0.120935
42	0.120934	0.11922
43	0.119219	0.117549
44	0.117548	0.115917
45	0.115919	0.114326
46	0.114326	0.112769
47	0.112768	0.111247
48	0.111247	0.109759
49	0.10976	0.108304
50	0.108303	0.106876
51	0.106876	0.105478
52	0.105477	0.104107
53	0.104107	0.102764
54	0.102764	0.101446
55	0.101446	0.100154
56	0.100153	0.0988846
57	0.0988843	0.0976389
58	0.0976373	0.0964161
59	0.0964173	0.0952169
60	0.0952177	0.094041
61	0.0940404	0.092885
62	0.0928845	0.0917493
63	0.0917506	0.0906379
64	0.0906368	0.0895446
65	0.0895445	0.0884714
66	0.0884717	0.0874203
67	0.0874191	0.0863895
68	0.0863883	0.0853757
69	0.0853761	0.0843835
70	0.0843837	0.0834093
71	0.083411	0.0824559
72	0.0824548	0.0815205
73	0.0815212	0.0806037
74	0.0806044	0.0797067
75	0.0797063	0.0788266
76	0.0788276	0.0779658
77	0.0779662	0.0771221
78	0.0771234	0.0762975
79	0.0762967	0.0754889
80	0.0754897	0.0746983
81	0.0746994	0.0739258
82	0.0739248	0.073169
83	0.0731694	0.0724304
84	0.0724291	0.0717056
85	0.0717057	0.0709987
86	0.0709988	0.0703069
87	0.070307	0.0696309
88	0.0696313	0.0689705
89	0.0689708	0.0683258
90	0.0683254	0.0676938
91	0.0676946	0.0670787
92	0.067079	0.0664763
93	0.0664774	0.065889
94	0.0658899	0.0653154
95	0.0653158	0.0647545
96	0.0647546	0.0642075
97	0.0642075	0.0636727
98	0.0636732	0.0631507
99	0.0631507	0.0626414
100	0.062642	0.0621434
101	0.062143	0.0616572
102	0.0616578	0.0611836
103	0.0611839	0.0607209
104	0.0607199	0.0602684
105	0.0602687	0.0598268
106	0.0598264	0.0593959
107	0.0593959	0.0589747
108	0.0589742	0.058564
109	0.0585638	0.0581625
110	0.0581627	0.0577695
111	0.0577701	0.0573871
112	0.0573872	0.0570129
113	0.0570132	0.0566482
114	0.056648	0.0562915
115	0.056292	0.0559431
116	0.055943	0.0556027
117	0.0556028	0.0552703
118	0.05527	0.0549454
119	0.0549453	0.0546277
120	0.0546279	0.0543173
121	0.0543172	0.0540142
122	0.0540133	0.0537178
123	0.0537175	0.053428
124	0.0534283	0.0531448
125	0.0531448	0.0528675
126	0.0528677	0.0525969
127	0.0525971	0.0523314
128	0.052332	0.0520731
129	0.0520733	0.05182
130	0.0518196	0.0515721
131	0.0515718	0.0513296
132	0.05133	0.0510928
133	0.0510928	0.0508602
134	0.0508608	0.0506333
135	0.0506333	0.0504114
136	0.0504113	0.0501937
137	0.0501936	0.0499807
138	0.0499801	0.0497719
139	0.049772	0.0495682
140	0.0495679	0.0493681
141	0.049368	0.0491723
142	0.0491722	0.0489807
143	0.0489812	0.0487929
144	0.048793	0.0486088
145	0.0486092	0.0484287
146	0.0484282	0.0482517
147	0.0482522	0.0480788
148	0.0480791	0.0479092
149	0.0479088	0.0477418
150	0.0477422	0.0475794
151	0.047579	0.0474195
152	0.0474192	0.0472625
153	0.0472624	0.0471083
154	0.0471081	0.0469577
155	0.0469574	0.0468096
156	0.0468094	0.0466645
157	0.046665	0.0465216
158	0.0465222	0.0463821
159	0.0463819	0.0462448
160	0.0462451	0.0461099
161	0.0461104	0.0459776
162	0.0459776	0.0458482
163	0.0458484	0.0457215
164	0.0457204	0.0455956
165	0.0455956	0.0454729
166	0.0454732	0.0453524
167	0.0453526	0.045234
168	0.045234	0.0451171
169	0.0451182	0.0450034
170	0.0450036	0.0448912
171	0.0448907	0.0447805
172	0.0447806	0.0446718
173	0.044672	0.044565
174	0.0445654	0.0444603
175	0.0444609	0.0443576
176	0.0443573	0.0442562
177	0.0442563	0.0441564
178	0.0441565	0.0440591
179	0.044059	0.043963
180	0.0439629	0.043868
181	0.0438682	0.0437749
182	0.0437753	0.0436835
183	0.0436835	0.0435929
184	0.0435927	0.0435048
185	0.0435041	0.0434179
186	0.0434169	0.043332
187	0.0433322	0.0432475
188	0.0432468	0.0431641
189	0.0431642	0.0430824
190	0.0430823	0.0430017
191	0.0430017	0.0429229
192	0.0429223	0.0428445
193	0.0428446	0.042768
194	0.0427679	0.0426922
195	0.0426922	0.0426176
196	0.0426173	0.0425443
197	0.0425443	0.0424718
198	0.0424712	0.0424008
199	0.0424003	0.0423307
200	0.0423305	0.0422618
201	0.042262	0.0421934
202	0.0421931	0.0421267
203	0.0421269	0.0420605
204	0.0420596	0.0419956
205	0.0419945	0.041931
206	0.0419304	0.0418674
207	0.0418675	0.0418049
208	0.0418054	0.0417438
209	0.0417432	0.0416826
210	0.0416829	0.0416229
211	0.0416231	0.0415641
212	0.0415641	0.0415064
213	0.0415055	0.0414485
214	0.0414485	0.0413919
215	0.041392	0.0413362
216	0.0413358	0.0412811
217	0.0412809	0.0412268
218	0.0412267	0.0411728
219	0.0411731	0.0411198
220	0.0411206	0.041068
221	0.0410682	0.0410166
222	0.0410166	0.0409659
223	0.0409659	0.0409157
224	0.040916	0.0408662
225	0.0408661	0.0408173
226	0.0408173	0.0407691
227	0.0407688	0.0407215
228	0.0407213	0.0406747
229	0.0406744	0.0406282
230	0.0406278	0.0405824
231	0.0405826	0.0405372
232	0.0405371	0.0404926
233	0.0404927	0.0404487
234	0.0404485	0.0404049
235	0.0404052	0.0403614
236	0.0403617	0.0403195
237	0.0403198	0.0402772
238	0.0402775	0.0402357
239	0.0402358	0.0401946
240	0.0401951	0.0401538
241	0.0401546	0.0401141
242	0.0401144	0.0400748
243	0.0400746	0.0400361
244	0.0400363	0.0399975
245	0.0399977	0.0399595
