1	0.338731	0.320993
2	0.320992	0.303617
3	0.303614	0.286845
4	0.286834	0.271013
5	0.271012	0.256428
6	0.256419	0.243373
7	0.243367	0.231885
8	0.231882	0.221858
9	0.221857	0.213151
10	0.21315	0.20556
11	0.205559	0.19889
12	0.198887	0.192988
13	0.192987	0.187727
14	0.187723	0.183001
15	0.182999	0.178743
16	0.178738	0.174872
17	0.174872	0.171339
18	0.171337	0.168097
19	0.168095	0.165105
20	0.165103	0.162331
21	0.162328	0.159743
22	0.159739	0.157325
23	0.157319	0.15505
24	0.155049	0.152906
25	0.152905	0.15088
26	0.150875	0.148958
27	0.148955	0.147128
28	0.147125	0.145383
29	0.145377	0.143712
30	0.143709	0.142108
31	0.142106	0.140566
32	0.140563	0.139076
33	0.139074	0.137638
34	0.137633	0.13624
35	0.136238	0.134886
36	0.134881	0.133565
37	0.133562	0.132278
38	0.132274	0.131021
39	0.131015	0.12979
40	0.129784	0.128582
41	0.12858	0.127398
42	0.127396	0.126231
43	0.126229	0.125084
44	0.12508	0.123956
45	0.123951	0.12284
46	0.122836	0.121738
47	0.121735	0.12065
48	0.120646	0.119572
49	0.119569	0.118507
50	0.118504	0.117449
51	0.117448	0.116402
52	0.116401	0.115365
53	0.115362	0.114334
54	0.114333	0.113314
55	0.113312	0.1123
56	0.112298	0.111291
57	0.111291	0.110291
58	0.11029	0.109299
59	0.109298	0.108313
60	0.108313	0.107336
61	0.107333	0.106362
62	0.106361	0.105397
63	0.105395	0.104438
64	0.104437	0.103486
65	0.103485	0.102543
66	0.102543	0.101607
67	0.101607	0.100679
68	0.100677	0.0997597
69	0.0997589	0.0988485
70	0.0988473	0.0979456
71	0.097944	0.0970517
72	0.0970507	0.096166
73	0.0961648	0.0952904
74	0.09529	0.0944248
75	0.0944238	0.0935696
76	0.0935672	0.0927223
77	0.0927214	0.0918879
78	0.091885	0.0910629
79	0.091063	0.0902494
80	0.0902457	0.0894469
81	0.089444	0.0886535
82	0.0886513	0.0878733
83	0.0878708	0.0871045
84	0.0871024	0.0863471
85	0.0863441	0.0856012
86	0.0855992	0.0848666
87	0.0848642	0.0841455
88	0.0841438	0.0834362
89	0.0834335	0.0827369
90	0.0827341	0.082052
91	0.0820492	0.0813779
92	0.0813741	0.0807156
93	0.0807117	0.0800646
94	0.0800621	0.0794263
95	0.0794223	0.0787986
96	0.0787959	0.0781839
97	0.0781808	0.0775796
98	0.0775765	0.0769877
99	0.0769823	0.0764065
100	0.0764038	0.0758362
101	0.0758338	0.0752781
102	0.0752739	0.0747301
103	0.0747265	0.0741931
104	0.0741896	0.0736658
105	0.0736616	0.0731497
106	0.0731461	0.0726437
107	0.0726407	0.0721491
108	0.0721458	0.0716643
109	0.0716612	0.0711879
110	0.0711846	0.0707233
111	0.0707201	0.0702664
112	0.0702631	0.069819
113	0.0698144	0.0693824
114	0.0693783	0.0689526
115	0.0689508	0.0685338
116	0.0685298	0.0681227
117	0.0681189	0.0677194
118	0.067717	0.067325
119	0.0673225	0.0669395
120	0.0669366	0.066561
121	0.0665577	0.0661914
122	0.0661876	0.0658277
123	0.0658256	0.0654723
124	0.0654699	0.0651246
125	0.0651212	0.0647832
126	0.0647807	0.0644503
127	0.0644467	0.0641232
128	0.0641203	0.0638033
129	0.0638005	0.0634901
130	0.0634864	0.0631821
131	0.0631788	0.0628813
132	0.0628779	0.0625864
133	0.0625836	0.0622969
134	0.0622935	0.0620145
135	0.0620115	0.0617366
136	0.0617335	0.0614645
137	0.0614624	0.0611987
138	0.0611959	0.0609376
139	0.0609347	0.0606812
140	0.0606794	0.0604306
141	0.0604269	0.0601853
142	0.0601827	0.0599443
143	0.0599412	0.0597076
144	0.0597044	0.0594758
145	0.0594726	0.059248
146	0.0592458	0.059025
147	0.0590221	0.0588064
148	0.0588032	0.0585918
149	0.0585887	0.0583806
150	0.0583782	0.0581743
151	0.0581724	0.0579717
152	0.0579683	0.0577723
153	0.0577699	0.0575771
154	0.0575742	0.0573853
155	0.0573831	0.0571966
156	0.0571943	0.0570118
157	0.0570092	0.0568301
158	0.0568281	0.0566521
159	0.0566504	0.0564773
160	0.0564749	0.0563049
161	0.0563031	0.0561363
162	0.0561342	0.0559701
163	0.055968	0.0558069
164	0.0558051	0.0556468
165	0.0556447	0.0554899
166	0.055488	0.0553348
167	0.0553331	0.0551824
168	0.0551803	0.0550336
169	0.0550315	0.0548866
170	0.0548852	0.054742
171	0.0547399	0.0546
172	0.0545981	0.0544599
173	0.0544582	0.054323
174	0.0543203	0.0541873
175	0.0541847	0.0540544
176	0.0540526	0.0539241
177	0.053922	0.0537948
178	0.0537921	0.0536685
179	0.0536661	0.053544
180	0.0535411	0.0534214
181	0.0534191	0.053301
182	0.0532977	0.0531822
183	0.0531797	0.0530654
184	0.0530625	0.0529497
185	0.0529474	0.0528364
186	0.0528335	0.0527249
187	0.0527224	0.0526146
188	0.0526121	0.0525061
189	0.0525041	0.0523994
190	0.0523972	0.0522945
191	0.0522921	0.0521915
192	0.0521882	0.0520899
193	0.0520864	0.0519896
194	0.0519862	0.0518897
195	0.0518868	0.0517925
196	0.0517895	0.051696
197	0.0516935	0.0516013
198	0.0515986	0.051508
199	0.0515047	0.0514157
200	0.0514131	0.0513249
201	0.0513225	0.0512351
202	0.0512321	0.0511476
203	0.0511448	0.0510602
204	0.0510572	0.0509745
205	0.0509715	0.05089
206	0.0508868	0.0508063
207	0.0508032	0.0507236
208	0.0507207	0.0506422
209	0.0506393	0.050562
210	0.0505597	0.0504825
211	0.0504796	0.0504049
212	0.0504018	0.0503285
213	0.0503244	0.0502527
214	0.0502494	0.0501775
215	0.050174	0.0501032
216	0.0500995	0.0500296
217	0.0500265	0.0499576
218	0.0499545	0.0498861
219	0.0498828	0.0498158
220	0.0498128	0.0497461
221	0.0497428	0.0496774
222	0.0496742	0.0496097
223	0.0496059	0.0495428
224	0.0495397	0.0494763
225	0.0494731	0.0494115
226	0.0494085	0.0493468
227	0.0493436	0.0492828
228	0.0492797	0.0492204
229	0.049217	0.0491582
230	0.0491546	0.0490967
231	0.0490929	0.049036
232	0.0490327	0.0489758
233	0.0489731	0.0489163
234	0.0489136	0.048858
235	0.0488548	0.0487996
236	0.0487967	0.048742
237	0.0487389	0.0486853
238	0.0486816	0.0486293
239	0.0486262	0.048574
240	0.0485713	0.0485193
241	0.0485151	0.048465
242	0.0484606	0.048411
243	0.0484076	0.0483575
244	0.0483539	0.048305
245	0.0483015	0.0482532
246	0.0482495	0.0482018
247	0.0481985	0.048151
248	0.048147	0.0481006
249	0.0480965	0.048051
250	0.0480467	0.0480016
251	0.0479978	0.0479529
252	0.047949	0.0479046
253	0.0479002	0.0478567
254	0.0478534	0.0478094
255	0.0478058	0.0477627
256	0.047759	0.047716
257	0.0477121	0.0476702
258	0.0476669	0.047625
259	0.0476212	0.0475799
260	0.0475764	0.0475353
261	0.047532	0.0474915
262	0.0474879	0.0474478
263	0.0474442	0.0474043
264	0.0474007	0.0473616
265	0.0473576	0.0473187
266	0.0473148	0.047277
267	0.0472735	0.0472351
268	0.0472316	0.0471937
269	0.0471909	0.0471529
270	0.0471491	0.0471126
271	0.0471095	0.0470723
272	0.0470683	0.0470326
273	0.0470291	0.0469932
274	0.0469895	0.0469541
275	0.0469507	0.0469155
276	0.046911	0.0468776
277	0.0468734	0.0468392
278	0.0468364	0.0468015
279	0.0467975	0.0467643
280	0.0467604	0.0467271
281	0.0467232	0.0466904
282	0.0466868	0.0466543
283	0.0466504	0.0466184
284	0.0466149	0.0465829
285	0.0465791	0.0465477
286	0.0465433	0.0465125
287	0.0465085	0.0464783
288	0.0464737	0.0464438
289	0.0464394	0.0464096
290	0.0464053	0.0463758
291	0.0463708	0.046342
292	0.0463381	0.0463089
293	0.0463046	0.0462757
294	0.046272	0.0462432
295	0.0462389	0.0462106
296	0.0462066	0.0461785
297	0.0461744	0.0461466
298	0.046142	0.046115
299	0.0461103	0.0460834
300	0.0460789	0.0460521
301	0.0460474	0.0460213
302	0.0460166	0.0459904
303	0.0459869	0.04596
304	0.045956	0.0459303
305	0.0459258	0.0459004
306	0.0458964	0.0458704
307	0.0458665	0.0458411
308	0.0458376	0.0458119
309	0.0458086	0.045783
310	0.045779	0.0457546
311	0.045751	0.0457262
312	0.0457219	0.0456974
313	0.0456937	0.0456697
314	0.0456661	0.045642
315	0.0456379	0.0456142
316	0.0456102	0.0455872
317	0.0455824	0.0455599
318	0.0455555	0.045533
319	0.0455285	0.0455063
320	0.0455014	0.0454798
321	0.0454755	0.0454532
322	0.0454487	0.0454272
323	0.0454227	0.0454014
324	0.0453969	0.0453755
325	0.0453712	0.0453498
326	0.0453452	0.0453244
327	0.0453197	0.0452992
328	0.0452951	0.0452739
329	0.0452703	0.0452489
330	0.0452448	0.0452245
331	0.0452205	0.0452002
332	0.045196	0.0451757
333	0.0451708	0.0451515
334	0.0451461	0.0451277
335	0.0451232	0.0451041
336	0.0450993	0.0450806
337	0.0450762	0.0450571
338	0.045053	0.0450338
339	0.0450282	0.0450107
340	0.0450058	0.0449875
341	0.0449828	0.0449648
342	0.04496	0.0449425
343	0.0449371	0.0449201
344	0.0449152	0.044898
345	0.044893	0.0448758
346	0.044871	0.0448538
347	0.0448489	0.0448321
348	0.0448274	0.0448108
349	0.044806	0.0447896
350	0.0447849	0.0447682
351	0.0447637	0.044747
352	0.0447425	0.0447261
353	0.0447216	0.0447053
354	0.0447006	0.0446849
355	0.0446798	0.0446644
356	0.0446594	0.0446439
357	0.0446387	0.0446236
358	0.044619	0.0446034
359	0.0445982	0.0445833
360	0.0445782	0.0445636
361	0.0445582	0.0445438
362	0.0445386	0.0445243
363	0.0445189	0.0445046
364	0.0445	0.0444852
365	0.0444802	0.0444658
366	0.0444611	0.0444467
367	0.044442	0.0444279
368	0.0444232	0.044409
369	0.0444039	0.0443903
370	0.0443852	0.0443716
371	0.0443666	0.0443531
372	0.0443486	0.0443347
373	0.0443302	0.0443163
374	0.0443121	0.0442985
375	0.0442937	0.0442805
376	0.0442757	0.0442626
377	0.0442584	0.0442451
378	0.0442401	0.0442275
379	0.0442231	0.0442099
380	0.0442047	0.0441924
381	0.0441884	0.0441753
382	0.0441706	0.0441585
383	0.0441538	0.0441417
384	0.0441375	0.0441246
385	0.0441203	0.044108
386	0.0441033	0.0440916
387	0.044087	0.0440752
388	0.0440705	0.0440585
389	0.0440545	0.0440419
390	0.0440375	0.0440258
391	0.0440216	0.0440097
392	0.0440048	0.0439939
393	0.0439897	0.043978
394	0.0439738	0.0439625
395	0.0439583	0.0439472
396	0.0439425	0.0439318
397	0.0439275	0.0439163
398	0.0439119	0.0439007
399	0.0438961	0.0438855
400	0.0438815	0.0438705
401	0.0438664	0.0438553
402	0.043851	0.0438405
403	0.0438364	0.0438258
404	0.0438218	0.0438112
405	0.0438067	0.0437967
406	0.0437922	0.0437821
407	0.043778	0.0437678
408	0.0437638	0.0437537
409	0.0437498	0.0437395
410	0.043735	0.0437253
411	0.0437211	0.0437112
412	0.0437078	0.0436974
413	0.0436936	0.0436835
414	0.043679	0.04367
415	0.0436662	0.0436565
416	0.0436522	0.0436429
417	0.0436387	0.0436297
418	0.0436256	0.0436162
419	0.0436121	0.043603
420	0.0435982	0.0435898
421	0.0435853	0.0435765
422	0.0435717	0.0435631
423	0.043559	0.0435503
424	0.0435461	0.0435371
425	0.0435327	0.0435243
426	0.0435208	0.0435115
427	0.0435073	0.0434987
428	0.0434949	0.0434862
429	0.0434823	0.0434737
430	0.0434691	0.0434611
431	0.0434574	0.0434487
432	0.0434452	0.043436
433	0.0434322	0.0434238
434	0.0434198	0.0434114
435	0.043408	0.0433993
436	0.0433955	0.0433874
437	0.0433834	0.0433754
438	0.0433709	0.0433635
439	0.0433592	0.0433517
440	0.0433471	0.0433398
441	0.0433353	0.0433279
442	0.0433234	0.043316
443	0.0433116	0.0433046
444	0.0433004	0.043293
445	0.0432884	0.0432817
446	0.0432769	0.04327
447	0.0432654	0.0432587
448	0.0432546	0.0432476
449	0.0432428	0.0432363
450	0.0432316	0.0432255
451	0.0432202	0.0432142
452	0.0432093	0.0432027
453	0.0431983	0.0431915
454	0.0431867	0.0431809
455	0.0431755	0.04317
456	0.0431659	0.0431592
457	0.0431546	0.0431483
458	0.0431434	0.0431374
459	0.0431325	0.0431268
460	0.0431219	0.0431163
461	0.0431117	0.0431056
462	0.0431008	0.0430952
463	0.0430906	0.043085
464	0.0430802	0.0430745
465	0.0430697	0.0430642
466	0.0430596	0.0430539
467	0.0430492	0.043044
468	0.0430391	0.0430337
469	0.0430287	0.0430235
470	0.0430188	0.0430135
471	0.0430089	0.0430034
472	0.0429987	0.0429933
473	0.0429887	0.0429832
474	0.0429784	0.0429732
475	0.0429693	0.0429631
476	0.0429591	0.0429534
477	0.0429488	0.0429436
478	0.0429393	0.0429341
479	0.0429297	0.0429244
480	0.0429205	0.042915
481	0.0429104	0.0429053
482	0.0429011	0.042896
483	0.0428913	0.0428866
484	0.0428825	0.042877
485	0.042873	0.0428679
486	0.0428638	0.0428584
487	0.0428543	0.0428492
488	0.0428443	0.0428398
489	0.0428353	0.0428307
490	0.0428258	0.0428215
491	0.0428172	0.0428124
492	0.0428079	0.0428033
493	0.0427992	0.0427941
494	0.0427902	0.0427852
495	0.0427813	0.0427764
496	0.0427727	0.0427675
497	0.0427639	0.0427586
498	0.0427547	0.0427499
499	0.0427457	0.042741
500	0.0427377	0.0427323
501	0.0427286	0.0427235
502	0.0427192	0.042715
503	0.0427116	0.0427064
504	0.0427029	0.0426978
505	0.0426942	0.0426893
506	0.0426853	0.0426811
507	0.0426774	0.0426727
508	0.0426689	0.0426645
509	0.0426606	0.0426561
510	0.042652	0.0426477
511	0.0426435	0.0426396
512	0.0426356	0.0426313
513	0.0426271	0.0426231
514	0.0426192	0.042615
515	0.0426109	0.0426069
516	0.042603	0.0425988
517	0.0425954	0.042591
518	0.042587	0.042583
519	0.0425792	0.042575
520	0.0425705	0.0425672
521	0.0425633	0.0425592
522	0.0425545	0.0425514
523	0.0425472	0.0425436
524	0.0425396	0.0425358
525	0.0425317	0.0425282
526	0.0425241	0.0425206
527	0.0425166	0.0425129
528	0.0425091	0.0425052
529	0.0425014	0.0424975
530	0.0424938	0.0424901
531	0.0424862	0.0424825
532	0.0424785	0.0424753
533	0.0424712	0.0424676
534	0.0424638	0.0424601
535	0.0424558	0.0424526
536	0.0424494	0.0424454
537	0.0424412	0.0424381
538	0.0424349	0.0424309
539	0.0424274	0.0424237
540	0.0424203	0.0424168
541	0.0424131	0.0424096
542	0.0424057	0.0424026
543	0.0423985	0.0423955
544	0.0423914	0.0423887
545	0.0423846	0.0423815
546	0.0423779	0.0423745
547	0.0423705	0.0423674
548	0.0423634	0.0423604
549	0.0423569	0.0423536
550	0.0423502	0.042347
551	0.0423427	0.0423399
552	0.0423362	0.042333
553	0.0423296	0.0423264
554	0.0423226	0.0423198
555	0.0423159	0.0423129
556	0.0423092	0.0423062
557	0.0423025	0.0422995
558	0.0422965	0.042293
559	0.0422896	0.0422864
560	0.0422833	0.0422799
561	0.0422771	0.0422735
562	0.0422697	0.0422669
563	0.042263	0.0422605
564	0.0422568	0.0422542
565	0.0422506	0.0422477
566	0.0422438	0.0422412
567	0.0422374	0.0422349
568	0.0422313	0.0422284
569	0.0422246	0.0422223
570	0.0422177	0.0422163
571	0.0422126	0.0422099
572	0.0422065	0.0422039
573	0.0422	0.0421978
574	0.0421932	0.0421915
575	0.0421877	0.0421854
576	0.0421813	0.0421794
577	0.0421756	0.0421735
578	0.0421694	0.0421675
579	0.042164	0.0421614
580	0.0421576	0.0421556
581	0.0421515	0.0421497
582	0.0421453	0.0421438
583	0.0421403	0.042138
584	0.0421342	0.0421322
585	0.0421281	0.0421264
586	0.0421224	0.0421205
587	0.0421167	0.0421147
588	0.0421114	0.0421091
589	0.0421051	0.0421033
590	0.0420997	0.0420976
591	0.0420937	0.042092
592	0.0420884	0.0420862
593	0.0420829	0.0420805
594	0.0420774	0.0420749
595	0.0420717	0.0420694
596	0.0420661	0.0420639
597	0.0420599	0.0420584
598	0.0420549	0.0420529
599	0.0420493	0.0420474
600	0.0420438	0.0420419
601	0.0420381	0.0420363
602	0.0420329	0.0420311
603	0.0420272	0.0420257
604	0.0420222	0.0420204
605	0.0420167	0.0420149
606	0.0420112	0.0420098
607	0.042006	0.0420045
608	0.0420006	0.0419993
609	0.0419953	0.0419939
610	0.0419901	0.0419887
611	0.0419849	0.0419835
612	0.0419799	0.0419783
613	0.0419746	0.041973
614	0.0419698	0.0419679
615	0.0419643	0.041963
616	0.0419594	0.041958
617	0.0419544	0.041953
618	0.0419493	0.041948
619	0.0419446	0.0419428
620	0.0419387	0.0419379
621	0.0419337	0.0419328
622	0.0419295	0.0419276
623	0.0419241	0.0419226
624	0.0419191	0.0419177
625	0.0419142	0.0419128
626	0.0419096	0.041908
627	0.0419046	0.0419029
628	0.0418993	0.0418979
629	0.0418948	0.0418932
630	0.0418897	0.0418882
631	0.0418846	0.0418834
632	0.0418799	0.0418788
633	0.0418757	0.041874
634	0.0418707	0.0418693
635	0.0418657	0.0418645
636	0.041861	0.04186
637	0.0418567	0.0418552
638	0.0418519	0.0418505
639	0.0418473	0.0418459
640	0.0418433	0.0418414
641	0.0418383	0.0418368
642	0.041834	0.0418323
643	0.0418284	0.0418279
644	0.0418243	0.0418234
645	0.0418198	0.0418189
646	0.0418153	0.0418145
647	0.041811	0.0418098
648	0.0418064	0.0418055
649	0.0418021	0.0418009
650	0.0417976	0.0417965
651	0.0417928	0.0417922
652	0.0417884	0.0417878
653	0.0417836	0.0417836
654	0.0417802	0.0417792
655	0.0417761	0.0417749
656	0.0417715	0.0417706
657	0.0417675	0.0417664
658	0.0417632	0.0417622
659	0.0417589	0.0417579
660	0.0417545	0.0417538
661	0.04175	0.0417496
662	0.0417459	0.0417454
663	0.0417412	0.0417413
664	0.0417375	0.041737
665	0.0417331	0.0417327
666	0.0417291	0.0417284
667	0.0417248	0.0417241
668	0.0417206	0.0417201
669	0.041717	0.0417159
670	0.0417129	0.0417117
671	0.0417082	0.0417076
672	0.0417047	0.0417036
673	0.0417006	0.0416996
674	0.0416973	0.0416955
675	0.0416921	0.0416915
676	0.0416887	0.0416876
677	0.0416846	0.0416837
678	0.0416808	0.0416798
679	0.0416769	0.0416758
680	0.0416731	0.0416719
681	0.0416687	0.0416678
682	0.0416653	0.0416639
683	0.0416614	0.04166
684	0.041657	0.0416562
685	0.0416537	0.0416523
686	0.0416498	0.0416485
687	0.0416453	0.0416447
688	0.0416417	0.0416408
689	0.041638	0.041637
690	0.0416334	0.0416332
691	0.0416306	0.0416296
692	0.0416264	0.0416257
693	0.0416225	0.0416219
694	0.0416185	0.0416182
695	0.0416153	0.0416143
696	0.0416114	0.0416105
697	0.0416077	0.0416071
698	0.0416041	0.0416035
699	0.0416008	0.0415999
700	0.0415968	0.0415963
701	0.0415933	0.0415928
702	0.0415896	0.0415889
703	0.0415861	0.0415852
704	0.0415822	0.0415817
705	0.0415785	0.0415781
706	0.0415751	0.0415746
707	0.0415716	0.0415712
708	0.041568	0.0415677
709	0.0415642	0.041564
710	0.0415606	0.0415601
711	0.0415574	0.0415567
712	0.0415534	0.0415533
713	0.0415506	0.0415499
714	0.0415467	0.0415464
715	0.0415434	0.0415428
716	0.0415392	0.0415395
717	0.041536	0.0415361
718	0.0415328	0.0415326
719	0.0415289	0.0415292
720	0.0415257	0.0415258
721	0.0415224	0.0415226
722	0.0415194	0.0415191
723	0.0415163	0.0415157
724	0.0415124	0.0415123
725	0.0415094	0.0415089
726	0.0415059	0.0415058
727	0.041503	0.0415025
728	0.0414993	0.0414992
729	0.0414958	0.041496
730	0.0414927	0.0414927
731	0.0414897	0.0414892
732	0.0414867	0.0414862
733	0.0414833	0.041483
734	0.0414796	0.0414799
735	0.0414768	0.0414767
736	0.0414735	0.0414736
737	0.0414703	0.0414704
738	0.0414674	0.0414671
739	0.0414635	0.041464
740	0.04146	0.0414607
741	0.0414575	0.0414575
742	0.0414542	0.0414545
743	0.041451	0.0414512
744	0.0414474	0.0414481
745	0.041444	0.0414451
746	0.0414411	0.0414421
747	0.0414382	0.0414391
748	0.0414353	0.0414359
749	0.0414326	0.0414329
750	0.0414296	0.0414297
751	0.041426	0.0414267
752	0.0414233	0.0414236
753	0.0414202	0.0414208
754	0.0414174	0.0414176
755	0.0414142	0.0414145
756	0.0414115	0.0414115
757	0.0414082	0.0414086
758	0.0414052	0.0414057
759	0.0414017	0.0414025
760	0.0413991	0.0413996
761	0.0413965	0.0413967
762	0.0413934	0.0413936
763	0.0413906	0.0413909
764	0.041387	0.0413878
765	0.0413846	0.0413848
766	0.0413815	0.041382
767	0.0413788	0.0413791
768	0.0413754	0.0413764
769	0.041373	0.0413734
770	0.0413695	0.0413705
771	0.0413672	0.0413676
772	0.0413641	0.0413646
773	0.0413611	0.0413618
774	0.0413585	0.041359
775	0.0413558	0.0413562
776	0.0413526	0.0413534
777	0.0413497	0.0413507
778	0.0413469	0.0413479
779	0.0413447	0.0413451
780	0.0413413	0.0413424
781	0.0413388	0.0413395
782	0.0413359	0.0413367
783	0.0413331	0.0413341
784	0.0413306	0.0413315
785	0.0413274	0.0413287
786	0.0413252	0.041326
787	0.0413226	0.0413232
788	0.0413201	0.0413205
789	0.0413173	0.041318
790	0.0413151	0.0413152
791	0.0413118	0.0413124
792	0.0413089	0.0413095
793	0.0413064	0.0413069
794	0.0413031	0.0413043
795	0.0413009	0.0413017
796	0.041298	0.041299
797	0.0412952	0.0412961
798	0.041293	0.0412935
799	0.0412903	0.0412909
800	0.0412875	0.0412882
801	0.041285	0.0412855
802	0.0412826	0.041283
803	0.0412802	0.0412803
804	0.041277	0.0412777
805	0.0412746	0.0412752
806	0.0412722	0.0412727
807	0.0412695	0.0412702
808	0.0412668	0.0412675
809	0.0412651	0.0412652
810	0.0412618	0.0412628
811	0.0412591	0.0412603
812	0.0412569	0.0412576
813	0.0412545	0.0412551
814	0.0412521	0.0412527
815	0.0412493	0.0412501
816	0.0412468	0.0412476
817	0.0412445	0.041245
818	0.0412415	0.0412426
819	0.0412394	0.0412402
820	0.0412375	0.0412378
821	0.0412346	0.0412352
822	0.0412323	0.0412328
823	0.0412297	0.0412303
824	0.0412274	0.0412279
825	0.0412247	0.0412255
826	0.0412227	0.041223
827	0.0412197	0.0412207
828	0.0412178	0.0412182
829	0.0412156	0.0412158
830	0.0412124	0.0412135
831	0.0412107	0.0412111
832	0.0412079	0.0412086
833	0.0412056	0.0412063
834	0.0412037	0.0412038
835	0.041201	0.0412016
836	0.0411986	0.0411992
837	0.0411959	0.0411968
838	0.0411939	0.0411945
839	0.0411911	0.0411923
840	0.0411892	0.0411901
841	0.0411865	0.0411877
842	0.0411841	0.0411854
843	0.0411824	0.041183
844	0.0411806	0.0411808
845	0.0411782	0.0411785
846	0.0411754	0.0411762
847	0.041173	0.041174
848	0.0411712	0.0411716
849	0.0411686	0.0411694
850	0.0411665	0.0411671
851	0.0411639	0.0411649
852	0.0411621	0.0411627
853	0.0411598	0.0411604
854	0.041158	0.0411583
855	0.0411551	0.0411561
856	0.0411528	0.0411538
857	0.0411508	0.0411516
858	0.0411493	0.0411494
859	0.0411464	0.0411472
860	0.0411445	0.041145
861	0.0411429	0.0411428
862	0.041139	0.0411406
863	0.041138	0.0411383
864	0.0411359	0.0411362
865	0.0411334	0.0411339
866	0.0411311	0.0411318
867	0.0411289	0.0411297
868	0.0411273	0.0411275
869	0.0411249	0.0411253
870	0.0411231	0.041123
871	0.0411199	0.0411209
872	0.0411183	0.0411188
873	0.0411162	0.0411167
874	0.0411138	0.0411148
875	0.0411117	0.0411128
876	0.0411098	0.0411107
877	0.0411079	0.0411087
878	0.0411053	0.0411064
879	0.0411036	0.0411045
880	0.0411014	0.0411023
881	0.0410995	0.0411002
882	0.0410978	0.0410981
883	0.0410946	0.0410961
884	0.0410931	0.0410941
885	0.0410918	0.041092
886	0.0410887	0.0410899
887	0.0410864	0.0410879
888	0.0410851	0.0410859
889	0.0410821	0.0410838
890	0.0410807	0.0410818
891	0.0410787	0.0410798
892	0.0410768	0.0410777
893	0.0410756	0.0410757
894	0.0410728	0.0410738
895	0.0410707	0.0410718
896	0.0410684	0.0410698
897	0.0410669	0.0410676
898	0.0410652	0.0410657
899	0.041062	0.0410636
900	0.0410602	0.0410617
901	0.0410582	0.0410597
902	0.0410567	0.0410577
903	0.0410544	0.0410558
904	0.0410526	0.0410538
905	0.0410509	0.0410518
906	0.0410489	0.0410497
907	0.0410473	0.0410477
908	0.0410449	0.0410457
909	0.0410426	0.0410439
910	0.0410408	0.0410419
911	0.041039	0.04104
912	0.0410368	0.0410382
913	0.0410351	0.0410362
914	0.0410338	0.0410343
915	0.0410307	0.0410323
916	0.041029	0.0410304
917	0.041028	0.0410284
918	0.0410252	0.0410264
919	0.0410237	0.0410246
920	0.0410222	0.0410228
921	0.0410199	0.0410209
922	0.041018	0.0410191
923	0.0410161	0.0410171
924	0.0410139	0.0410151
925	0.0410128	0.0410134
926	0.0410105	0.0410114
927	0.0410091	0.0410096
928	0.0410069	0.0410077
929	0.0410046	0.0410059
930	0.0410036	0.0410041
931	0.0410013	0.0410022
932	0.0409993	0.0410003
933	0.0409972	0.0409986
934	0.0409949	0.0409968
935	0.040994	0.040995
936	0.040992	0.0409931
937	0.0409899	0.0409912
938	0.0409885	0.0409894
939	0.0409864	0.0409878
940	0.040985	0.0409859
941	0.0409831	0.0409841
942	0.0409813	0.0409823
943	0.0409788	0.0409805
944	0.0409772	0.0409787
945	0.0409756	0.0409769
946	0.0409733	0.0409751
947	0.040972	0.0409733
948	0.0409703	0.0409717
949	0.0409684	0.0409699
950	0.0409664	0.0409682
951	0.0409645	0.0409664
952	0.0409633	0.0409646
953	0.040962	0.0409628
954	0.0409602	0.0409611
955	0.0409583	0.0409594
956	0.040956	0.0409577
957	0.0409547	0.0409559
958	0.0409527	0.040954
959	0.0409515	0.0409523
960	0.0409492	0.0409507
961	0.0409476	0.0409491
962	0.0409455	0.0409473
963	0.0409439	0.0409456
964	0.0409421	0.0409438
965	0.0409407	0.0409421
966	0.0409385	0.0409404
967	0.040937	0.0409387
968	0.0409357	0.0409371
969	0.040934	0.0409354
970	0.0409325	0.0409336
971	0.0409306	0.0409319
972	0.040929	0.0409302
973	0.0409275	0.0409286
974	0.0409263	0.0409269
975	0.040924	0.0409252
976	0.0409224	0.0409235
977	0.0409209	0.040922
978	0.0409186	0.0409203
979	0.040917	0.0409187
980	0.040916	0.040917
981	0.0409137	0.0409154
982	0.0409122	0.0409135
983	0.0409101	0.0409119
984	0.0409088	0.0409103
985	0.0409068	0.0409088
986	0.0409056	0.0409071
987	0.0409039	0.0409055
988	0.0409022	0.0409038
989	0.0409004	0.0409021
990	0.0408993	0.0409004
991	0.0408975	0.0408988
992	0.0408954	0.0408973
993	0.0408939	0.0408956
994	0.0408926	0.0408939
995	0.0408906	0.0408923
996	0.0408892	0.0408905
997	0.0408879	0.040889
998	0.0408862	0.0408874
999	0.0408841	0.0408858
1000	0.0408827	0.0408841
1001	0.0408811	0.0408824
1002	0.0408793	0.0408809
1003	0.0408779	0.0408793
1004	0.0408762	0.0408777
1005	0.0408756	0.040876
1006	0.0408733	0.0408744
1007	0.0408718	0.0408728
1008	0.0408702	0.0408711
1009	0.0408684	0.0408696
1010	0.040867	0.040868
1011	0.0408654	0.0408666
1012	0.0408639	0.0408652
1013	0.0408621	0.0408636
1014	0.0408606	0.040862
1015	0.0408586	0.0408606
1016	0.0408574	0.040859
1017	0.0408561	0.0408574
1018	0.0408543	0.0408559
1019	0.0408526	0.0408544
1020	0.0408516	0.040853
1021	0.0408497	0.0408514
1022	0.0408481	0.0408499
1023	0.0408469	0.0408484
1024	0.0408452	0.0408468
1025	0.0408436	0.0408453
1026	0.0408421	0.0408436
1027	0.0408406	0.040842
1028	0.040839	0.0408406
1029	0.0408373	0.0408392
1030	0.0408361	0.0408376
1031	0.0408346	0.0408362
1032	0.0408326	0.0408347
1033	0.0408316	0.0408331
1034	0.0408296	0.0408316
1035	0.0408285	0.04083
1036	0.0408269	0.0408286
1037	0.0408255	0.040827
1038	0.0408232	0.0408255
1039	0.0408225	0.040824
1040	0.0408208	0.0408225
1041	0.0408188	0.040821
1042	0.0408182	0.0408194
1043	0.0408165	0.0408178
1044	0.0408157	0.0408165
1045	0.0408137	0.0408151
1046	0.0408126	0.0408137
1047	0.0408108	0.0408122
1048	0.0408095	0.0408108
1049	0.0408076	0.0408093
1050	0.0408063	0.0408079
1051	0.0408046	0.0408063
1052	0.0408031	0.0408049
1053	0.0408017	0.0408034
1054	0.0408005	0.0408019
1055	0.040799	0.0408005
1056	0.0407972	0.0407991
1057	0.0407952	0.0407976
1058	0.0407944	0.0407961
1059	0.0407936	0.0407948
1060	0.0407918	0.0407934
1061	0.0407905	0.0407919
1062	0.0407891	0.0407904
1063	0.0407875	0.040789
1064	0.0407861	0.0407875
1065	0.0407843	0.0407861
1066	0.0407831	0.0407848
1067	0.0407816	0.0407834
1068	0.0407799	0.040782
1069	0.040779	0.0407806
1070	0.0407778	0.0407791
1071	0.0407765	0.0407777
1072	0.0407746	0.0407763
1073	0.0407733	0.0407749
1074	0.040772	0.0407736
1075	0.0407708	0.0407721
1076	0.0407688	0.0407709
1077	0.040768	0.0407695
1078	0.0407662	0.0407681
1079	0.0407647	0.0407668
1080	0.0407631	0.0407653
1081	0.0407615	0.0407638
1082	0.0407604	0.0407624
1083	0.0407588	0.0407611
1084	0.0407576	0.0407598
1085	0.0407565	0.0407584
1086	0.0407549	0.0407571
1087	0.0407537	0.0407557
1088	0.040752	0.0407543
1089	0.0407508	0.0407529
1090	0.0407495	0.0407514
1091	0.0407478	0.04075
1092	0.0407463	0.0407487
1093	0.0407451	0.0407473
1094	0.0407441	0.040746
1095	0.0407424	0.0407445
1096	0.0407409	0.0407432
1097	0.0407398	0.0407419
1098	0.0407387	0.0407406
1099	0.0407375	0.0407393
1100	0.0407362	0.0407379
1101	0.0407342	0.0407365
1102	0.0407337	0.0407351
1103	0.0407318	0.0407337
1104	0.0407306	0.0407323
1105	0.0407292	0.040731
1106	0.0407285	0.0407296
1107	0.0407268	0.0407282
1108	0.0407245	0.0407268
1109	0.0407241	0.0407254
1110	0.0407222	0.0407242
1111	0.040721	0.0407227
1112	0.0407197	0.0407213
1113	0.0407192	0.0407201
1114	0.0407172	0.0407189
1115	0.0407162	0.0407176
1116	0.0407144	0.0407163
1117	0.0407133	0.0407149
1118	0.0407121	0.0407136
1119	0.04071	0.0407124
1120	0.0407094	0.0407111
1121	0.0407082	0.0407097
1122	0.0407068	0.0407083
1123	0.0407051	0.040707
1124	0.0407045	0.0407057
1125	0.0407028	0.0407044
1126	0.0407008	0.0407031
1127	0.0407	0.0407018
1128	0.0406989	0.0407006
1129	0.0406976	0.0406994
1130	0.0406956	0.0406981
1131	0.0406953	0.0406968
1132	0.0406941	0.0406955
1133	0.0406924	0.0406941
1134	0.0406914	0.0406928
1135	0.0406901	0.0406915
1136	0.040689	0.0406902
1137	0.0406873	0.0406891
1138	0.0406864	0.0406877
1139	0.0406849	0.0406865
1140	0.0406829	0.0406852
1141	0.0406819	0.040684
1142	0.0406808	0.0406827
1143	0.0406796	0.0406813
1144	0.0406791	0.0406801
1145	0.040677	0.0406787
1146	0.0406759	0.0406773
1147	0.0406748	0.0406761
1148	0.0406737	0.0406749
1149	0.0406725	0.0406737
1150	0.0406706	0.0406724
1151	0.0406697	0.0406712
1152	0.0406682	0.04067
1153	0.0406669	0.0406686
1154	0.0406664	0.0406674
1155	0.0406644	0.0406662
1156	0.0406634	0.0406649
1157	0.0406623	0.0406637
1158	0.0406608	0.0406624
1159	0.0406595	0.0406611
1160	0.0406585	0.0406598
1161	0.0406569	0.0406586
1162	0.0406559	0.0406574
1163	0.0406541	0.0406563
1164	0.040653	0.040655
1165	0.0406517	0.0406538
1166	0.0406509	0.0406524
1167	0.0406498	0.0406512
1168	0.0406487	0.0406499
1169	0.0406472	0.0406488
1170	0.0406458	0.0406475
1171	0.0406447	0.0406463
1172	0.0406436	0.040645
1173	0.0406423	0.0406438
1174	0.0406408	0.0406426
1175	0.0406399	0.0406413
1176	0.0406387	0.0406401
1177	0.0406373	0.0406389
1178	0.0406364	0.0406378
1179	0.0406353	0.0406365
1180	0.040634	0.0406353
1181	0.0406325	0.0406339
1182	0.0406311	0.0406327
1183	0.0406296	0.0406315
1184	0.0406287	0.0406302
1185	0.0406275	0.0406291
1186	0.0406268	0.0406279
1187	0.0406252	0.0406267
1188	0.040624	0.0406256
1189	0.0406233	0.0406244
1190	0.0406218	0.0406232
1191	0.0406209	0.040622
1192	0.0406192	0.0406209
1193	0.0406182	0.0406197
1194	0.0406171	0.0406186
1195	0.0406162	0.0406175
1196	0.0406145	0.0406164
1197	0.0406137	0.0406152
1198	0.0406123	0.040614
1199	0.0406112	0.0406128
1200	0.04061	0.0406117
1201	0.0406087	0.0406105
1202	0.0406077	0.0406094
1203	0.0406065	0.0406082
1204	0.0406052	0.040607
1205	0.0406042	0.0406058
1206	0.0406029	0.0406046
1207	0.0406016	0.0406034
1208	0.0406003	0.0406023
1209	0.040599	0.040601
1210	0.0405986	0.0406
1211	0.0405969	0.0405987
1212	0.040596	0.0405975
1213	0.040595	0.0405963
1214	0.0405935	0.0405951
1215	0.0405927	0.040594
1216	0.0405914	0.0405929
1217	0.04059	0.0405917
1218	0.0405888	0.0405905
1219	0.0405882	0.0405893
1220	0.0405866	0.0405881
1221	0.0405852	0.0405869
1222	0.0405841	0.0405858
1223	0.0405829	0.0405846
1224	0.0405817	0.0405835
1225	0.0405806	0.0405824
1226	0.0405787	0.0405812
1227	0.0405783	0.0405799
1228	0.0405772	0.0405788
1229	0.0405758	0.0405776
1230	0.0405752	0.0405765
1231	0.0405739	0.0405754
1232	0.0405727	0.0405741
1233	0.0405717	0.0405731
1234	0.0405709	0.040572
1235	0.0405693	0.0405708
1236	0.040568	0.0405696
1237	0.0405674	0.0405685
1238	0.0405658	0.0405673
1239	0.0405648	0.0405662
1240	0.0405638	0.0405651
1241	0.0405626	0.040564
1242	0.0405616	0.0405628
1243	0.0405603	0.0405617
1244	0.0405593	0.0405606
1245	0.0405578	0.0405594
1246	0.0405567	0.0405584
1247	0.0405563	0.0405573
1248	0.0405549	0.0405562
1249	0.0405536	0.0405551
1250	0.0405524	0.0405539
1251	0.0405512	0.0405528
1252	0.0405501	0.0405516
1253	0.0405487	0.0405506
1254	0.0405483	0.0405495
1255	0.0405468	0.0405484
1256	0.0405462	0.0405473
1257	0.040544	0.0405462
1258	0.0405435	0.0405452
1259	0.0405427	0.040544
1260	0.0405415	0.0405429
1261	0.04054	0.0405418
1262	0.040539	0.0405408
1263	0.0405376	0.0405397
1264	0.0405368	0.0405386
1265	0.0405358	0.0405375
1266	0.0405343	0.0405364
1267	0.0405335	0.0405353
1268	0.0405326	0.0405343
1269	0.0405313	0.0405332
1270	0.0405304	0.0405321
1271	0.0405293	0.0405309
1272	0.0405277	0.0405298
1273	0.0405269	0.0405287
1274	0.0405261	0.0405275
1275	0.040525	0.0405264
1276	0.0405237	0.0405254
1277	0.040523	0.0405243
1278	0.0405209	0.0405232
1279	0.0405196	0.0405221
1280	0.0405195	0.040521
1281	0.0405182	0.0405199
1282	0.040517	0.0405187
1283	0.0405161	0.0405177
1284	0.0405149	0.0405166
1285	0.0405136	0.0405155
1286	0.040513	0.0405144
1287	0.0405123	0.0405134
1288	0.0405106	0.0405123
1289	0.0405098	0.0405112
1290	0.0405089	0.0405101
1291	0.0405078	0.040509
1292	0.0405063	0.0405079
1293	0.0405055	0.0405069
1294	0.0405044	0.0405059
1295	0.0405034	0.0405047
1296	0.0405021	0.0405037
1297	0.040501	0.0405026
1298	0.0404999	0.0405016
1299	0.0404988	0.0405005
1300	0.0404977	0.0404995
1301	0.0404964	0.0404984
1302	0.0404957	0.0404973
1303	0.0404944	0.0404962
1304	0.0404934	0.0404951
1305	0.0404921	0.0404941
1306	0.0404909	0.0404931
1307	0.0404904	0.040492
1308	0.0404895	0.0404911
1309	0.040488	0.04049
1310	0.0404871	0.040489
1311	0.0404861	0.040488
1312	0.0404852	0.040487
1313	0.040484	0.0404859
1314	0.0404831	0.0404849
1315	0.0404817	0.0404839
1316	0.0404811	0.0404829
1317	0.0404793	0.0404817
1318	0.0404787	0.0404807
1319	0.0404777	0.0404796
1320	0.0404766	0.0404786
1321	0.0404757	0.0404776
1322	0.040475	0.0404766
1323	0.0404739	0.0404756
1324	0.0404721	0.0404746
1325	0.0404716	0.0404735
1326	0.0404705	0.0404724
1327	0.0404693	0.0404714
1328	0.0404682	0.0404703
1329	0.0404672	0.0404693
1330	0.0404669	0.0404682
1331	0.0404652	0.0404672
1332	0.0404641	0.0404662
1333	0.0404636	0.0404652
1334	0.0404622	0.0404641
1335	0.0404613	0.0404632
1336	0.0404596	0.0404621
1337	0.0404596	0.040461
1338	0.0404581	0.04046
1339	0.0404571	0.040459
1340	0.0404562	0.0404579
1341	0.0404551	0.0404569
1342	0.0404539	0.0404559
1343	0.0404529	0.0404549
1344	0.0404522	0.0404539
1345	0.0404513	0.0404528
1346	0.0404502	0.0404518
1347	0.0404488	0.0404508
1348	0.0404479	0.0404497
1349	0.0404469	0.0404488
1350	0.0404455	0.0404478
1351	0.0404446	0.0404468
1352	0.0404444	0.0404457
1353	0.0404434	0.0404447
1354	0.0404417	0.0404436
1355	0.0404407	0.0404426
1356	0.04044	0.0404415
1357	0.040439	0.0404405
1358	0.0404374	0.0404394
1359	0.0404368	0.0404384
1360	0.0404356	0.0404374
1361	0.0404346	0.0404365
1362	0.0404336	0.0404354
1363	0.0404326	0.0404344
1364	0.0404316	0.0404334
1365	0.0404299	0.0404325
1366	0.0404299	0.0404315
1367	0.0404287	0.0404306
1368	0.0404278	0.0404294
1369	0.0404271	0.0404285
1370	0.040426	0.0404275
1371	0.0404249	0.0404265
1372	0.0404241	0.0404255
1373	0.040423	0.0404246
1374	0.040422	0.0404235
1375	0.0404208	0.0404225
1376	0.0404198	0.0404215
1377	0.0404185	0.0404205
1378	0.0404184	0.0404197
1379	0.0404167	0.0404186
1380	0.0404165	0.0404176
1381	0.0404155	0.0404167
1382	0.0404143	0.0404157
1383	0.0404127	0.0404148
1384	0.040412	0.0404138
1385	0.040411	0.0404127
1386	0.0404101	0.0404117
1387	0.040409	0.0404108
1388	0.0404079	0.0404098
1389	0.0404073	0.0404089
1390	0.0404059	0.0404079
1391	0.0404053	0.0404069
1392	0.0404038	0.0404059
1393	0.0404029	0.0404049
1394	0.0404012	0.040404
1395	0.0404009	0.040403
1396	0.0404004	0.0404021
1397	0.0403997	0.0404011
1398	0.0403985	0.0404001
1399	0.0403975	0.0403991
1400	0.0403965	0.0403981
1401	0.0403952	0.0403972
1402	0.0403944	0.0403962
1403	0.0403934	0.0403953
1404	0.040393	0.0403944
1405	0.0403918	0.0403935
1406	0.0403907	0.0403925
1407	0.0403891	0.0403915
1408	0.0403887	0.0403905
1409	0.0403878	0.0403896
1410	0.0403868	0.0403886
1411	0.0403867	0.0403876
1412	0.0403848	0.0403866
1413	0.0403837	0.0403856
1414	0.0403829	0.0403847
1415	0.0403818	0.0403837
1416	0.0403806	0.0403827
1417	0.0403804	0.0403817
1418	0.0403791	0.0403809
1419	0.0403783	0.0403799
1420	0.0403773	0.0403789
1421	0.0403763	0.040378
1422	0.040375	0.040377
1423	0.0403746	0.040376
1424	0.0403738	0.040375
1425	0.0403726	0.0403741
1426	0.0403714	0.0403731
1427	0.0403708	0.0403722
1428	0.0403691	0.0403713
1429	0.040369	0.0403703
1430	0.0403678	0.0403693
1431	0.040367	0.0403684
1432	0.0403654	0.0403674
1433	0.040365	0.0403665
1434	0.0403636	0.0403655
1435	0.0403631	0.0403646
1436	0.0403622	0.0403637
1437	0.0403606	0.0403628
1438	0.0403607	0.0403619
1439	0.0403597	0.0403609
1440	0.0403591	0.04036
1441	0.0403575	0.040359
1442	0.0403571	0.0403581
1443	0.0403557	0.0403571
1444	0.040355	0.0403562
1445	0.0403538	0.0403553
1446	0.0403521	0.0403544
1447	0.0403521	0.0403535
1448	0.0403505	0.0403525
1449	0.0403502	0.0403515
1450	0.0403488	0.0403506
1451	0.040348	0.0403496
1452	0.040347	0.0403486
1453	0.0403458	0.0403477
1454	0.0403452	0.0403468
1455	0.0403443	0.0403459
1456	0.0403435	0.0403451
1457	0.0403426	0.0403442
1458	0.0403408	0.0403433
1459	0.0403406	0.0403424
1460	0.0403395	0.0403415
1461	0.0403388	0.0403406
1462	0.0403382	0.0403397
1463	0.0403366	0.0403387
1464	0.0403358	0.0403377
1465	0.0403355	0.0403368
1466	0.0403345	0.0403359
1467	0.0403334	0.040335
1468	0.0403323	0.0403341
1469	0.0403317	0.0403332
1470	0.0403303	0.0403322
1471	0.0403297	0.0403313
1472	0.0403281	0.0403304
1473	0.0403277	0.0403295
1474	0.0403268	0.0403286
1475	0.0403257	0.0403277
1476	0.0403246	0.0403268
1477	0.0403243	0.0403259
1478	0.0403227	0.0403249
1479	0.0403225	0.040324
1480	0.0403215	0.0403231
1481	0.0403204	0.0403222
1482	0.0403194	0.0403212
1483	0.0403185	0.0403203
1484	0.0403176	0.0403194
1485	0.0403171	0.0403185
1486	0.0403157	0.0403176
1487	0.0403152	0.0403166
1488	0.0403138	0.0403157
1489	0.040313	0.0403149
1490	0.0403122	0.0403139
1491	0.0403115	0.0403131
1492	0.0403103	0.0403121
1493	0.0403098	0.0403112
1494	0.040309	0.0403102
1495	0.0403079	0.0403093
1496	0.0403064	0.0403084
1497	0.0403061	0.0403075
1498	0.0403052	0.0403067
1499	0.0403037	0.0403057
1500	0.0403031	0.0403049
1501	0.0403019	0.0403041
1502	0.0403017	0.0403032
1503	0.0403009	0.0403023
1504	0.0402996	0.0403014
1505	0.0402984	0.0403005
1506	0.0402974	0.0402995
1507	0.0402969	0.0402986
1508	0.0402964	0.0402978
1509	0.0402948	0.0402969
1510	0.0402947	0.040296
1511	0.0402933	0.0402952
1512	0.0402919	0.0402943
1513	0.0402918	0.0402934
1514	0.0402907	0.0402925
1515	0.0402896	0.0402917
1516	0.0402889	0.0402908
1517	0.0402878	0.04029
1518	0.0402871	0.0402891
1519	0.0402859	0.0402882
1520	0.0402854	0.0402873
1521	0.0402851	0.0402864
1522	0.0402836	0.0402855
1523	0.040283	0.0402846
1524	0.0402817	0.0402838
1525	0.040281	0.040283
1526	0.0402803	0.0402821
1527	0.0402788	0.0402813
1528	0.0402779	0.0402804
1529	0.0402776	0.0402795
1530	0.0402765	0.0402786
1531	0.0402756	0.0402777
1532	0.040275	0.0402768
1533	0.0402741	0.0402759
1534	0.0402731	0.040275
1535	0.0402722	0.0402741
1536	0.0402707	0.0402733
1537	0.0402702	0.0402724
1538	0.0402693	0.0402715
1539	0.0402686	0.0402707
1540	0.0402677	0.0402698
1541	0.0402672	0.0402689
1542	0.0402659	0.0402679
1543	0.0402644	0.040267
1544	0.0402645	0.0402662
1545	0.0402636	0.0402654
1546	0.0402625	0.0402646
1547	0.0402617	0.0402636
1548	0.0402609	0.0402627
1549	0.0402595	0.0402619
1550	0.0402595	0.0402611
1551	0.0402582	0.0402603
1552	0.0402572	0.0402595
1553	0.0402563	0.0402586
1554	0.0402559	0.0402577
1555	0.0402543	0.0402569
1556	0.0402539	0.040256
1557	0.0402528	0.0402551
1558	0.0402517	0.0402543
1559	0.0402515	0.0402534
1560	0.0402502	0.0402525
1561	0.0402498	0.0402516
1562	0.0402485	0.0402508
1563	0.0402476	0.0402499
1564	0.0402475	0.0402491
1565	0.040246	0.0402482
1566	0.040245	0.0402474
1567	0.0402442	0.0402465
1568	0.0402431	0.0402457
1569	0.0402425	0.0402448
1570	0.0402416	0.0402439
1571	0.0402406	0.0402431
1572	0.0402399	0.0402423
1573	0.0402391	0.0402413
1574	0.0402386	0.0402405
1575	0.0402372	0.0402396
1576	0.0402365	0.0402388
1577	0.0402359	0.040238
1578	0.0402349	0.0402371
1579	0.0402342	0.0402363
1580	0.0402328	0.0402355
1581	0.0402322	0.0402347
1582	0.0402311	0.0402338
1583	0.0402308	0.0402329
1584	0.0402298	0.040232
1585	0.040229	0.0402312
1586	0.0402283	0.0402303
1587	0.040227	0.0402294
1588	0.0402264	0.0402286
1589	0.0402256	0.0402277
1590	0.0402248	0.0402269
1591	0.0402241	0.040226
1592	0.0402231	0.0402251
1593	0.0402218	0.0402242
1594	0.0402213	0.0402234
1595	0.0402207	0.0402226
1596	0.0402203	0.0402217
1597	0.0402191	0.0402208
1598	0.0402179	0.04022
1599	0.0402167	0.0402192
1600	0.0402164	0.0402183
1601	0.0402158	0.0402175
1602	0.0402151	0.0402167
1603	0.0402137	0.0402157
1604	0.0402129	0.0402149
1605	0.0402122	0.0402141
1606	0.0402111	0.0402133
1607	0.0402102	0.0402124
1608	0.0402092	0.0402116
1609	0.0402089	0.0402108
1610	0.0402079	0.0402099
1611	0.0402065	0.040209
1612	0.0402064	0.0402081
1613	0.0402054	0.0402073
1614	0.0402047	0.0402064
1615	0.0402036	0.0402056
1616	0.0402029	0.0402048
1617	0.0402026	0.040204
1618	0.0402015	0.0402031
1619	0.0402002	0.0402023
1620	0.0401998	0.0402015
1621	0.0401986	0.0402006
1622	0.0401976	0.0401997
1623	0.0401961	0.0401989
1624	0.0401964	0.0401982
1625	0.0401953	0.0401974
1626	0.0401947	0.0401965
1627	0.0401938	0.0401958
1628	0.040193	0.0401951
1629	0.0401918	0.0401942
1630	0.0401919	0.0401934
1631	0.0401905	0.0401925
1632	0.0401896	0.0401917
1633	0.0401892	0.0401908
1634	0.0401886	0.04019
1635	0.040187	0.0401892
1636	0.0401861	0.0401884
1637	0.0401859	0.0401875
1638	0.0401851	0.0401867
1639	0.0401842	0.0401859
1640	0.040183	0.0401851
1641	0.0401823	0.0401843
1642	0.0401814	0.0401835
1643	0.0401811	0.0401827
1644	0.0401802	0.0401819
1645	0.0401797	0.0401811
1646	0.0401785	0.0401803
1647	0.0401772	0.0401794
1648	0.0401764	0.0401786
1649	0.0401756	0.0401778
1650	0.0401744	0.040177
1651	0.0401744	0.0401761
1652	0.040173	0.0401752
1653	0.0401723	0.0401744
1654	0.0401715	0.0401736
1655	0.0401709	0.0401729
1656	0.04017	0.0401721
1657	0.0401694	0.0401712
1658	0.0401682	0.0401705
1659	0.0401674	0.0401696
1660	0.040167	0.0401688
1661	0.0401663	0.040168
1662	0.0401657	0.0401672
1663	0.0401644	0.0401665
1664	0.0401638	0.0401656
1665	0.0401626	0.0401648
1666	0.0401618	0.040164
1667	0.0401607	0.0401632
1668	0.0401604	0.0401624
1669	0.0401591	0.0401617
1670	0.0401586	0.0401608
1671	0.040158	0.04016
1672	0.0401572	0.0401592
1673	0.0401564	0.0401584
1674	0.0401559	0.0401576
1675	0.0401546	0.0401567
1676	0.0401539	0.0401559
1677	0.0401537	0.0401551
1678	0.0401523	0.0401543
1679	0.040151	0.0401535
1680	0.0401504	0.0401526
1681	0.0401495	0.0401518
1682	0.0401489	0.040151
1683	0.0401488	0.0401502
1684	0.0401472	0.0401494
1685	0.0401466	0.0401486
1686	0.0401458	0.0401478
1687	0.0401448	0.040147
1688	0.0401446	0.0401461
1689	0.0401437	0.0401454
1690	0.0401431	0.0401446
1691	0.0401419	0.0401439
1692	0.0401411	0.0401431
1693	0.0401407	0.0401423
1694	0.0401396	0.0401415
1695	0.0401389	0.0401408
1696	0.0401382	0.04014
1697	0.0401369	0.0401393
1698	0.040137	0.0401385
1699	0.0401358	0.0401378
1700	0.0401356	0.0401369
1701	0.0401343	0.0401361
1702	0.0401337	0.0401353
1703	0.040133	0.0401345
1704	0.040132	0.0401337
1705	0.0401312	0.0401329
1706	0.0401303	0.0401321
1707	0.0401291	0.0401313
1708	0.0401277	0.0401306
1709	0.040128	0.0401298
1710	0.0401274	0.040129
1711	0.0401261	0.0401282
1712	0.0401257	0.0401274
1713	0.040125	0.0401267
1714	0.0401241	0.0401259
1715	0.0401231	0.0401252
1716	0.0401227	0.0401245
1717	0.0401215	0.0401236
1718	0.0401216	0.0401229
1719	0.0401203	0.0401221
1720	0.0401194	0.0401213
1721	0.0401186	0.0401205
1722	0.040118	0.0401198
1723	0.0401177	0.040119
1724	0.0401162	0.0401182
1725	0.0401158	0.0401174
1726	0.0401148	0.0401168
1727	0.0401136	0.040116
1728	0.040113	0.0401152
1729	0.0401126	0.0401145
1730	0.0401117	0.0401137
1731	0.040111	0.040113
1732	0.0401101	0.0401121
1733	0.0401092	0.0401113
1734	0.0401089	0.0401105
1735	0.040108	0.0401097
1736	0.040107	0.040109
1737	0.0401064	0.0401082
1738	0.0401054	0.0401074
1739	0.0401045	0.0401067
1740	0.0401041	0.040106
1741	0.0401033	0.0401051
1742	0.0401024	0.0401043
1743	0.0401017	0.0401036
1744	0.0401008	0.0401028
1745	0.0401007	0.0401021
1746	0.0400995	0.0401013
1747	0.0400996	0.0401006
1748	0.0400982	0.0400999
1749	0.0400971	0.040099
1750	0.0400963	0.0400982
1751	0.0400959	0.0400975
1752	0.0400949	0.0400967
1753	0.0400946	0.040096
1754	0.0400937	0.0400952
1755	0.0400927	0.0400945
1756	0.040092	0.0400937
1757	0.0400918	0.040093
1758	0.0400901	0.0400921
1759	0.0400891	0.0400914
1760	0.0400889	0.0400907
1761	0.0400881	0.04009
1762	0.0400867	0.0400892
1763	0.0400866	0.0400884
1764	0.0400858	0.0400876
1765	0.0400851	0.0400868
1766	0.0400842	0.0400861
1767	0.0400838	0.0400853
1768	0.0400831	0.0400845
1769	0.040082	0.0400838
1770	0.0400814	0.040083
1771	0.0400805	0.0400822
1772	0.0400799	0.0400815
1773	0.0400791	0.0400807
1774	0.0400783	0.04008
1775	0.0400777	0.0400792
1776	0.040077	0.0400785
1777	0.0400758	0.0400777
1778	0.0400754	0.0400769
1779	0.0400741	0.0400762
1780	0.0400744	0.0400754
1781	0.0400728	0.0400746
1782	0.0400724	0.0400739
1783	0.0400717	0.0400731
1784	0.0400707	0.0400724
1785	0.0400699	0.0400716
1786	0.0400697	0.0400709
1787	0.0400688	0.0400701
1788	0.0400685	0.0400694
1789	0.0400666	0.0400686
1790	0.0400664	0.0400679
1791	0.0400656	0.0400672
1792	0.0400648	0.0400665
1793	0.0400641	0.0400657
1794	0.0400631	0.040065
1795	0.0400626	0.0400643
1796	0.0400624	0.0400636
1797	0.040061	0.0400628
1798	0.0400601	0.0400622
1799	0.0400597	0.0400614
1800	0.0400594	0.0400607
1801	0.0400587	0.04006
1802	0.0400574	0.0400593
1803	0.0400571	0.0400586
1804	0.0400557	0.0400579
1805	0.0400547	0.0400571
1806	0.0400548	0.0400564
1807	0.0400546	0.0400556
1808	0.0400534	0.0400549
1809	0.0400523	0.0400541
1810	0.0400513	0.0400534
1811	0.0400511	0.0400527
1812	0.0400505	0.040052
1813	0.0400494	0.0400512
1814	0.0400484	0.0400505
1815	0.0400478	0.0400498
1816	0.0400466	0.040049
1817	0.0400465	0.0400482
1818	0.040046	0.0400475
1819	0.0400454	0.0400468
1820	0.0400443	0.0400461
1821	0.0400429	0.0400454
1822	0.0400427	0.0400447
1823	0.0400422	0.0400439
1824	0.0400416	0.0400432
1825	0.0400406	0.0400425
1826	0.04004	0.0400418
1827	0.0400393	0.0400411
1828	0.0400383	0.0400403
1829	0.0400383	0.0400396
1830	0.0400369	0.0400389
1831	0.0400363	0.0400382
1832	0.0400355	0.0400375
1833	0.0400353	0.0400368
1834	0.0400339	0.0400361
1835	0.0400334	0.0400354
1836	0.040033	0.0400347
1837	0.040032	0.040034
1838	0.0400312	0.0400332
1839	0.0400308	0.0400325
1840	0.0400298	0.0400318
1841	0.0400295	0.040031
1842	0.040028	0.0400303
1843	0.0400272	0.0400296
1844	0.0400272	0.0400289
1845	0.0400267	0.0400281
1846	0.0400261	0.0400275
1847	0.0400248	0.0400268
1848	0.0400238	0.0400261
1849	0.0400234	0.0400255
1850	0.040023	0.0400247
1851	0.0400219	0.0400239
1852	0.0400214	0.0400232
1853	0.0400208	0.0400225
1854	0.04002	0.0400218
1855	0.0400194	0.0400211
1856	0.0400183	0.0400204
1857	0.0400182	0.0400197
1858	0.0400173	0.040019
1859	0.0400164	0.0400183
1860	0.0400162	0.0400176
1861	0.0400152	0.0400169
1862	0.0400141	0.0400163
1863	0.0400134	0.0400155
1864	0.0400126	0.0400149
1865	0.0400116	0.0400142
1866	0.0400117	0.0400135
1867	0.0400103	0.0400128
1868	0.0400099	0.040012
1869	0.0400091	0.0400114
1870	0.0400084	0.0400107
1871	0.0400079	0.04001
1872	0.0400074	0.0400094
1873	0.040007	0.0400087
1874	0.0400062	0.040008
1875	0.0400049	0.0400073
1876	0.040004	0.0400065
1877	0.040004	0.0400058
1878	0.040003	0.0400051
1879	0.0400017	0.0400045
1880	0.0400011	0.0400037
1881	0.0400007	0.0400031
1882	0.0400005	0.0400023
1883	0.0399994	0.0400017
