1	0.291453	0.280779
2	0.280772	0.271136
3	0.271126	0.262376
4	0.262372	0.254267
5	0.25426	0.246604
6	0.246599	0.239314
7	0.23931	0.232353
8	0.232349	0.225698
9	0.225696	0.219324
10	0.219322	0.213229
11	0.21323	0.207405
12	0.207405	0.201841
13	0.201838	0.196532
14	0.19653	0.191459
15	0.191457	0.18662
16	0.186617	0.182005
17	0.182003	0.177607
18	0.177606	0.173412
19	0.173411	0.169417
20	0.169415	0.165611
21	0.165608	0.161975
22	0.161972	0.158509
23	0.158505	0.155197
24	0.155194	0.152033
25	0.152027	0.149011
26	0.149006	0.146109
27	0.146106	0.143334
28	0.143332	0.140668
29	0.140666	0.138109
30	0.138104	0.135646
31	0.13564	0.133277
32	0.133274	0.130994
33	0.13099	0.128792
34	0.128787	0.126667
35	0.126665	0.124613
36	0.12461	0.122631
37	0.122628	0.120713
38	0.120708	0.118856
39	0.118853	0.11706
40	0.117056	0.11532
41	0.115317	0.113633
42	0.113631	0.111997
43	0.111995	0.110409
44	0.110407	0.108866
45	0.108865	0.10737
46	0.107366	0.105915
47	0.105915	0.104502
48	0.1045	0.103126
49	0.103125	0.101789
50	0.101787	0.100491
51	0.100489	0.0992242
52	0.0992226	0.0979944
53	0.0979918	0.0967966
54	0.0967926	0.095628
55	0.0956267	0.0944915
56	0.0944907	0.093386
57	0.0933834	0.0923091
58	0.0923081	0.0912606
59	0.0912579	0.0902386
60	0.0902358	0.0892439
61	0.0892415	0.0882751
62	0.0882727	0.0873302
63	0.087328	0.0864114
64	0.0864085	0.0855136
65	0.0855126	0.0846405
66	0.084638	0.083788
67	0.083786	0.0829595
68	0.082957	0.0821509
69	0.0821476	0.0813629
70	0.08136	0.0805954
71	0.0805936	0.0798465
72	0.0798429	0.0791176
73	0.0791139	0.0784063
74	0.0784036	0.0777126
75	0.0777096	0.0770355
76	0.0770332	0.0763765
77	0.0763729	0.0757322
78	0.0757305	0.0751042
79	0.0750999	0.0744921
80	0.0744876	0.0738936
81	0.0738903	0.0733104
82	0.0733069	0.0727409
83	0.072737	0.0721848
84	0.0721815	0.0716417
85	0.0716384	0.0711119
86	0.071108	0.0705956
87	0.0705929	0.0700904
88	0.0700869	0.0695979
89	0.0695951	0.0691151
90	0.0691125	0.0686451
91	0.0686425	0.0681855
92	0.0681825	0.0677365
93	0.067732	0.0672982
94	0.0672953	0.0668692
95	0.0668666	0.0664497
96	0.0664475	0.0660414
97	0.0660377	0.0656406
98	0.0656376	0.0652501
99	0.0652466	0.064868
100	0.0648645	0.0644931
101	0.0644909	0.0641281
102	0.064125	0.0637701
103	0.0637682	0.0634206
104	0.0634179	0.0630784
105	0.0630756	0.062744
106	0.0627415	0.0624164
107	0.0624135	0.0620958
108	0.062092	0.0617825
109	0.0617795	0.061476
110	0.0614731	0.0611752
111	0.0611728	0.0608806
112	0.0608786	0.0605926
113	0.0605899	0.0603104
114	0.0603078	0.0600347
115	0.060031	0.0597634
116	0.0597616	0.0594982
117	0.0594969	0.0592388
118	0.0592367	0.0589844
119	0.0589815	0.0587352
120	0.0587326	0.0584907
121	0.0584879	0.0582509
122	0.0582484	0.0580164
123	0.0580138	0.0577861
124	0.0577835	0.05756
125	0.0575585	0.0573392
126	0.0573369	0.0571221
127	0.0571191	0.0569085
128	0.0569072	0.0567001
129	0.0566981	0.0564952
130	0.0564925	0.0562941
131	0.0562927	0.0560979
132	0.0560958	0.0559038
133	0.0559018	0.0557144
134	0.0557125	0.0555282
135	0.0555262	0.0553451
136	0.055343	0.0551655
137	0.0551639	0.0549894
138	0.0549881	0.0548164
139	0.054814	0.0546466
140	0.0546451	0.0544795
141	0.0544774	0.0543159
142	0.0543139	0.0541549
143	0.0541531	0.0539972
144	0.0539954	0.0538415
145	0.0538404	0.053689
146	0.0536874	0.0535393
147	0.0535377	0.0533921
148	0.0533906	0.0532479
149	0.0532463	0.0531055
150	0.0531038	0.0529661
151	0.0529642	0.0528286
152	0.0528265	0.0526938
153	0.0526916	0.0525607
154	0.052559	0.0524307
155	0.0524282	0.0523028
156	0.0522998	0.0521765
157	0.0521735	0.0520522
158	0.0520501	0.0519304
159	0.0519283	0.0518099
160	0.0518082	0.0516921
161	0.0516897	0.0515756
162	0.0515738	0.0514621
163	0.0514598	0.0513496
164	0.0513468	0.0512393
165	0.0512368	0.0511305
166	0.051128	0.0510237
167	0.0510206	0.0509181
168	0.0509155	0.0508141
169	0.0508116	0.0507122
170	0.0507095	0.0506121
171	0.0506091	0.0505133
172	0.0505106	0.0504166
173	0.0504138	0.0503207
174	0.0503177	0.0502263
175	0.0502232	0.0501334
176	0.0501303	0.0500424
177	0.0500399	0.049952
178	0.0499487	0.0498632
179	0.0498609	0.0497759
180	0.049773	0.0496899
181	0.0496873	0.0496055
182	0.0496026	0.0495218
183	0.0495193	0.0494399
184	0.0494373	0.0493587
185	0.0493565	0.0492793
186	0.0492769	0.0492004
187	0.0491981	0.049123
188	0.0491204	0.0490465
189	0.0490433	0.0489713
190	0.0489684	0.0488969
191	0.0488936	0.048824
192	0.0488215	0.048752
193	0.0487494	0.0486813
194	0.0486771	0.0486117
195	0.0486077	0.0485426
196	0.048539	0.0484752
197	0.0484712	0.0484083
198	0.0484042	0.0483419
199	0.048338	0.0482769
200	0.0482733	0.0482127
201	0.0482088	0.0481496
202	0.0481461	0.0480874
203	0.0480843	0.0480262
204	0.0480218	0.0479656
205	0.0479619	0.0479061
206	0.0479019	0.047847
207	0.0478435	0.0477891
208	0.047785	0.0477317
209	0.0477283	0.0476752
210	0.0476709	0.0476192
211	0.0476157	0.047564
212	0.0475604	0.0475097
213	0.0475063	0.0474563
214	0.0474529	0.0474034
215	0.0473996	0.0473514
216	0.0473486	0.0473004
217	0.0472968	0.0472497
218	0.0472462	0.0471995
219	0.0471966	0.047151
220	0.0471474	0.0471024
221	0.0470987	0.0470542
222	0.04705	0.0470068
223	0.0470025	0.0469598
224	0.046956	0.0469139
225	0.0469102	0.0468682
226	0.046865	0.0468235
227	0.0468201	0.0467792
228	0.0467753	0.0467355
229	0.0467312	0.0466923
230	0.0466888	0.0466491
231	0.0466456	0.046607
232	0.0466036	0.0465655
233	0.0465617	0.0465245
234	0.0465208	0.0464838
235	0.0464797	0.0464442
236	0.0464406	0.0464047
237	0.0464008	0.0463655
238	0.0463615	0.0463267
239	0.0463231	0.0462889
240	0.0462848	0.0462513
241	0.0462471	0.0462142
242	0.0462102	0.0461777
243	0.0461737	0.0461413
244	0.0461376	0.0461056
245	0.0461014	0.0460703
246	0.0460658	0.0460357
247	0.0460317	0.0460007
248	0.045997	0.0459667
249	0.0459628	0.045933
250	0.0459288	0.0458998
251	0.0458959	0.0458672
252	0.0458631	0.0458343
253	0.0458306	0.0458021
254	0.0457986	0.0457707
255	0.0457669	0.0457395
256	0.0457354	0.0457089
257	0.0457047	0.0456787
258	0.0456742	0.0456483
259	0.0456435	0.0456183
260	0.0456136	0.0455885
261	0.0455837	0.0455594
262	0.0455553	0.0455305
263	0.0455265	0.045502
264	0.0454973	0.0454743
265	0.04547	0.0454461
266	0.0454415	0.0454186
267	0.0454143	0.0453915
268	0.0453866	0.0453648
269	0.0453609	0.0453383
270	0.0453339	0.0453122
271	0.0453072	0.0452859
272	0.0452815	0.04526
273	0.0452551	0.0452351
274	0.0452298	0.0452098
275	0.0452054	0.045185
276	0.0451801	0.0451604
277	0.0451552	0.0451359
278	0.0451313	0.0451119
279	0.0451072	0.0450881
280	0.0450833	0.0450643
281	0.0450598	0.0450412
282	0.0450369	0.0450182
283	0.0450135	0.0449955
284	0.0449912	0.0449731
285	0.0449686	0.0449511
286	0.0449466	0.0449292
287	0.044925	0.0449078
288	0.0449026	0.044886
289	0.0448813	0.0448646
290	0.0448595	0.0448434
291	0.0448392	0.0448224
292	0.044818	0.0448014
293	0.0447973	0.0447809
294	0.0447771	0.0447607
295	0.0447571	0.0447406
296	0.0447368	0.0447206
297	0.0447172	0.0447013
298	0.0446978	0.0446819
299	0.0446786	0.0446626
300	0.0446587	0.0446434
301	0.0446395	0.0446245
302	0.0446204	0.044606
303	0.0446023	0.0445876
304	0.0445838	0.044569
305	0.044565	0.0445511
306	0.0445473	0.0445333
307	0.0445293	0.0445156
308	0.0445116	0.0444983
309	0.0444938	0.0444804
310	0.0444769	0.0444634
311	0.0444595	0.0444465
312	0.044443	0.0444293
313	0.0444257	0.0444129
314	0.0444088	0.0443966
315	0.0443924	0.0443801
316	0.0443761	0.0443642
317	0.0443597	0.0443483
318	0.0443438	0.0443322
319	0.044328	0.0443164
320	0.0443118	0.0443005
321	0.0442961	0.0442851
322	0.0442805	0.0442696
323	0.0442653	0.0442548
324	0.0442502	0.0442396
325	0.0442347	0.0442244
326	0.0442207	0.0442097
327	0.0442055	0.0441949
328	0.0441908	0.0441804
329	0.0441764	0.0441661
330	0.0441622	0.0441518
331	0.0441475	0.0441376
332	0.0441335	0.0441236
333	0.0441197	0.0441095
334	0.0441059	0.0440959
335	0.0440923	0.0440823
336	0.0440786	0.0440685
337	0.0440653	0.0440555
338	0.044051	0.0440423
339	0.0440381	0.0440291
340	0.0440252	0.0440163
341	0.0440124	0.0440035
342	0.0439992	0.0439908
343	0.0439861	0.0439781
344	0.0439741	0.0439655
345	0.0439615	0.0439528
346	0.0439488	0.0439405
347	0.0439366	0.043928
348	0.0439245	0.0439159
349	0.0439124	0.0439038
350	0.0439001	0.0438919
351	0.0438881	0.04388
352	0.0438767	0.0438685
353	0.0438647	0.0438569
354	0.0438527	0.0438451
355	0.0438413	0.0438337
356	0.0438301	0.0438225
357	0.043819	0.0438112
358	0.043807	0.0438
359	0.0437964	0.043789
360	0.0437853	0.0437779
361	0.0437744	0.043767
362	0.0437634	0.0437561
363	0.0437527	0.0437453
364	0.0437418	0.0437346
365	0.0437312	0.0437238
366	0.0437207	0.0437132
367	0.0437096	0.0437029
368	0.0436996	0.0436926
369	0.0436895	0.0436825
370	0.0436791	0.0436724
371	0.0436686	0.0436625
372	0.0436593	0.0436526
373	0.0436492	0.0436427
374	0.0436391	0.0436329
375	0.043629	0.0436233
376	0.0436195	0.0436133
377	0.0436097	0.0436035
378	0.0435995	0.043594
379	0.04359	0.0435843
380	0.0435805	0.0435749
381	0.0435712	0.0435654
382	0.0435621	0.043556
383	0.0435523	0.0435467
384	0.043543	0.0435378
385	0.0435348	0.0435286
386	0.043525	0.0435196
387	0.0435164	0.0435109
388	0.0435075	0.043502
389	0.0434981	0.0434929
390	0.0434887	0.0434842
391	0.0434802	0.0434755
392	0.0434722	0.0434667
393	0.0434627	0.0434584
394	0.0434544	0.0434498
395	0.0434449	0.043441
396	0.0434378	0.0434327
397	0.043429	0.0434244
398	0.0434205	0.043416
399	0.0434122	0.0434076
400	0.0434044	0.0433994
401	0.0433957	0.0433913
402	0.0433872	0.043383
403	0.0433796	0.0433752
404	0.0433716	0.0433671
405	0.0433634	0.0433593
406	0.0433559	0.0433516
407	0.043348	0.0433435
408	0.0433399	0.043336
409	0.043332	0.0433284
410	0.0433247	0.0433208
411	0.0433169	0.0433131
412	0.0433087	0.0433055
413	0.0433011	0.0432981
414	0.0432938	0.0432907
415	0.0432863	0.0432831
416	0.0432792	0.0432757
417	0.0432713	0.0432681
418	0.0432642	0.0432607
419	0.0432573	0.0432533
420	0.0432499	0.0432461
421	0.0432425	0.0432391
422	0.0432352	0.043232
423	0.0432285	0.0432249
424	0.0432207	0.0432176
425	0.0432146	0.0432106
426	0.0432074	0.0432037
427	0.0432004	0.0431968
428	0.0431927	0.0431897
429	0.043186	0.0431827
430	0.0431792	0.0431757
431	0.0431727	0.0431692
432	0.0431654	0.0431626
433	0.0431598	0.043156
434	0.043152	0.0431492
435	0.0431455	0.0431428
436	0.0431391	0.0431361
437	0.0431322	0.0431295
438	0.0431259	0.0431232
439	0.0431188	0.0431169
440	0.0431131	0.0431105
441	0.0431069	0.0431039
442	0.0430998	0.0430972
443	0.0430932	0.0430911
444	0.0430872	0.043085
445	0.0430811	0.0430789
446	0.0430757	0.0430725
447	0.043069	0.0430664
448	0.0430623	0.0430601
449	0.0430567	0.0430538
450	0.04305	0.0430477
451	0.043044	0.0430414
452	0.0430379	0.0430354
453	0.0430322	0.0430293
454	0.0430255	0.0430236
455	0.0430202	0.0430175
456	0.0430145	0.0430117
457	0.0430081	0.043006
458	0.0430018	0.0430003
459	0.0429966	0.0429944
460	0.0429907	0.0429887
461	0.0429846	0.0429831
462	0.0429792	0.0429774
463	0.0429732	0.0429718
464	0.0429677	0.0429661
465	0.0429621	0.0429606
466	0.0429566	0.0429549
467	0.0429507	0.0429494
468	0.0429458	0.0429438
469	0.0429392	0.0429381
470	0.0429337	0.0429326
471	0.0429286	0.042927
472	0.0429232	0.0429215
473	0.0429175	0.0429161
474	0.0429124	0.0429107
475	0.0429068	0.0429053
476	0.0429018	0.0429
477	0.0428964	0.0428949
478	0.0428914	0.0428894
479	0.0428855	0.0428841
480	0.0428807	0.0428787
481	0.0428758	0.0428734
482	0.0428696	0.0428681
483	0.0428648	0.0428631
484	0.0428597	0.0428581
485	0.0428544	0.0428529
486	0.0428502	0.0428478
487	0.042844	0.0428426
488	0.0428394	0.0428377
489	0.0428337	0.0428327
490	0.0428286	0.0428274
491	0.042824	0.0428224
492	0.0428193	0.0428173
493	0.0428134	0.0428124
494	0.0428097	0.0428075
495	0.0428039	0.0428027
496	0.0427995	0.0427977
497	0.0427948	0.0427927
498	0.0427896	0.0427878
499	0.042785	0.0427831
500	0.0427795	0.0427783
501	0.0427748	0.0427736
502	0.0427703	0.042769
503	0.0427652	0.0427642
504	0.0427609	0.0427596
505	0.0427559	0.0427547
506	0.0427512	0.0427501
507	0.0427468	0.0427455
508	0.0427423	0.0427409
509	0.0427372	0.0427363
510	0.0427331	0.0427317
511	0.0427284	0.042727
512	0.0427241	0.0427224
513	0.0427192	0.0427178
514	0.0427146	0.0427134
515	0.0427101	0.0427088
516	0.0427052	0.0427042
517	0.0427008	0.0426997
518	0.0426961	0.0426952
519	0.0426915	0.0426909
520	0.0426874	0.0426866
521	0.0426831	0.0426822
522	0.0426789	0.0426778
523	0.0426737	0.0426734
524	0.0426698	0.0426691
525	0.0426653	0.0426645
526	0.0426611	0.04266
527	0.042656	0.0426557
528	0.0426528	0.0426515
529	0.0426484	0.0426471
530	0.0426436	0.0426428
531	0.0426399	0.0426387
532	0.0426355	0.0426347
533	0.0426312	0.0426303
534	0.0426271	0.042626
535	0.042622	0.0426218
536	0.0426185	0.0426177
537	0.0426143	0.0426135
538	0.0426105	0.0426094
539	0.0426059	0.0426053
540	0.0426013	0.0426011
541	0.0425981	0.0425971
542	0.0425936	0.042593
543	0.0425897	0.042589
544	0.0425856	0.0425849
545	0.0425812	0.0425809
546	0.0425777	0.0425767
547	0.0425729	0.0425728
548	0.042569	0.0425687
549	0.0425655	0.0425647
550	0.0425611	0.0425607
551	0.0425572	0.0425568
552	0.0425536	0.0425528
553	0.0425496	0.0425486
554	0.0425452	0.0425448
555	0.0425418	0.042541
556	0.0425377	0.0425371
557	0.0425339	0.0425333
558	0.0425296	0.0425294
559	0.0425259	0.0425253
560	0.0425228	0.0425215
561	0.0425184	0.0425178
562	0.0425146	0.0425138
563	0.0425108	0.0425098
564	0.0425069	0.0425062
565	0.0425032	0.0425024
566	0.0424995	0.0424987
567	0.0424951	0.0424951
568	0.0424914	0.0424913
569	0.0424885	0.0424877
570	0.0424841	0.0424838
571	0.0424806	0.0424802
572	0.0424769	0.0424765
573	0.0424726	0.0424729
574	0.0424702	0.0424692
575	0.0424664	0.0424655
576	0.0424621	0.0424618
577	0.0424587	0.0424582
578	0.0424545	0.0424546
579	0.0424504	0.0424509
580	0.0424477	0.0424474
581	0.0424438	0.0424439
582	0.0424403	0.0424402
583	0.0424371	0.0424368
584	0.0424333	0.0424332
585	0.0424302	0.0424294
586	0.042426	0.042426
587	0.0424224	0.0424225
588	0.0424192	0.042419
589	0.0424152	0.0424154
590	0.0424124	0.0424117
591	0.0424083	0.0424083
592	0.0424052	0.0424048
593	0.0424015	0.0424013
594	0.042398	0.0423977
595	0.0423943	0.0423942
596	0.0423912	0.0423907
597	0.0423876	0.0423871
598	0.0423839	0.0423836
599	0.0423805	0.0423803
600	0.0423774	0.0423769
601	0.0423737	0.0423736
602	0.0423704	0.0423701
603	0.0423671	0.0423667
604	0.0423637	0.0423633
605	0.0423607	0.0423598
606	0.0423564	0.0423566
607	0.0423535	0.0423531
608	0.0423504	0.0423499
609	0.0423469	0.0423466
610	0.0423435	0.0423434
611	0.0423404	0.0423402
612	0.042337	0.042337
613	0.0423332	0.0423335
614	0.0423302	0.0423302
615	0.0423274	0.042327
616	0.0423239	0.0423237
617	0.0423204	0.0423205
618	0.0423171	0.0423174
619	0.0423144	0.0423143
620	0.0423107	0.042311
621	0.0423073	0.0423077
622	0.0423046	0.0423046
623	0.0423015	0.0423012
624	0.0422982	0.0422981
625	0.042295	0.042295
626	0.0422919	0.0422917
627	0.0422887	0.0422886
628	0.042285	0.0422856
629	0.0422827	0.0422824
630	0.0422794	0.0422794
631	0.0422761	0.0422763
632	0.042273	0.0422732
633	0.0422702	0.0422701
634	0.0422668	0.0422669
635	0.0422643	0.0422637
636	0.0422604	0.0422605
637	0.0422577	0.0422574
638	0.0422549	0.0422542
639	0.0422508	0.0422513
640	0.042248	0.0422483
641	0.0422449	0.0422453
642	0.042242	0.0422421
643	0.0422386	0.042239
644	0.0422363	0.0422359
645	0.0422323	0.042233
646	0.0422298	0.04223
647	0.0422273	0.0422268
648	0.0422236	0.042224
649	0.042221	0.042221
650	0.0422177	0.0422181
651	0.0422152	0.0422152
652	0.0422127	0.0422121
653	0.0422089	0.0422093
654	0.0422063	0.0422064
655	0.0422028	0.0422034
656	0.0421998	0.0422004
657	0.0421975	0.0421974
658	0.0421942	0.0421943
659	0.0421912	0.0421916
660	0.0421881	0.0421886
661	0.0421852	0.0421858
662	0.0421823	0.0421827
663	0.0421799	0.0421798
664	0.0421764	0.0421768
665	0.0421729	0.0421738
666	0.0421704	0.0421711
667	0.0421678	0.0421682
668	0.0421647	0.0421654
669	0.0421621	0.0421625
670	0.0421588	0.0421595
671	0.0421559	0.0421565
672	0.0421536	0.0421537
673	0.0421503	0.0421508
674	0.0421474	0.0421479
675	0.0421446	0.0421451
676	0.0421415	0.0421423
677	0.0421392	0.0421395
678	0.0421365	0.0421365
679	0.0421336	0.0421338
680	0.0421308	0.0421309
681	0.042128	0.0421282
682	0.0421258	0.0421254
683	0.0421222	0.0421228
684	0.0421197	0.04212
685	0.0421169	0.0421173
686	0.0421142	0.0421146
687	0.0421112	0.0421117
688	0.0421085	0.042109
689	0.0421058	0.0421063
690	0.0421032	0.0421035
691	0.0421002	0.0421006
692	0.0420976	0.0420981
693	0.0420953	0.0420954
694	0.0420924	0.0420927
695	0.0420898	0.0420901
696	0.0420873	0.0420874
697	0.0420847	0.0420848
698	0.0420816	0.0420823
699	0.0420789	0.0420795
700	0.0420764	0.0420768
701	0.0420737	0.0420741
702	0.0420714	0.0420715
703	0.0420685	0.0420689
704	0.0420656	0.0420662
705	0.0420628	0.0420635
706	0.0420607	0.0420609
707	0.0420577	0.0420582
708	0.0420556	0.0420555
709	0.0420527	0.0420529
710	0.0420496	0.0420503
711	0.0420474	0.0420477
712	0.0420444	0.0420452
713	0.0420419	0.0420425
714	0.0420395	0.0420399
715	0.0420369	0.0420372
716	0.0420343	0.0420348
717	0.0420317	0.0420322
718	0.0420288	0.0420298
719	0.0420264	0.0420273
720	0.0420239	0.0420248
721	0.0420204	0.042022
722	0.0420185	0.0420195
723	0.042016	0.042017
724	0.0420136	0.0420143
725	0.0420112	0.0420119
726	0.0420082	0.0420093
727	0.0420057	0.0420067
728	0.0420032	0.0420041
729	0.0420005	0.0420014
730	0.041998	0.0419987
731	0.0419956	0.0419961
732	0.0419935	0.0419936
733	0.0419899	0.041991
734	0.0419877	0.0419887
735	0.0419856	0.0419861
736	0.0419832	0.0419837
737	0.0419804	0.0419812
738	0.041978	0.0419786
739	0.0419755	0.0419762
740	0.0419725	0.0419737
741	0.0419704	0.0419713
742	0.0419678	0.0419688
743	0.0419656	0.0419663
744	0.0419635	0.0419639
745	0.0419606	0.0419614
746	0.041958	0.0419589
747	0.0419558	0.0419565
748	0.0419537	0.0419541
749	0.0419505	0.0419516
750	0.0419484	0.0419492
751	0.0419462	0.0419468
752	0.0419434	0.0419444
753	0.0419409	0.041942
754	0.0419383	0.0419396
755	0.0419365	0.0419371
756	0.0419341	0.0419348
757	0.0419319	0.0419324
758	0.0419292	0.0419299
759	0.0419265	0.0419275
760	0.0419244	0.0419252
761	0.0419218	0.0419228
762	0.0419194	0.0419204
763	0.0419173	0.0419179
764	0.0419146	0.0419155
765	0.0419125	0.0419131
766	0.0419098	0.0419107
767	0.0419077	0.0419084
768	0.0419053	0.0419061
769	0.0419026	0.0419037
770	0.0419005	0.0419013
771	0.0418979	0.0418989
772	0.0418957	0.0418965
773	0.0418937	0.0418944
774	0.0418917	0.0418919
775	0.0418888	0.0418896
776	0.0418865	0.0418872
777	0.0418842	0.0418848
778	0.0418815	0.0418824
779	0.0418798	0.04188
780	0.0418777	0.0418778
781	0.0418749	0.0418754
782	0.041872	0.0418733
783	0.0418704	0.041871
784	0.0418678	0.0418686
785	0.0418661	0.0418664
786	0.0418632	0.0418641
787	0.0418608	0.0418618
788	0.0418589	0.0418595
789	0.0418561	0.0418573
790	0.0418538	0.041855
791	0.0418518	0.0418527
792	0.0418488	0.0418505
793	0.0418474	0.0418483
794	0.0418449	0.0418461
795	0.0418422	0.0418439
796	0.0418403	0.0418417
797	0.0418382	0.0418394
798	0.0418357	0.0418373
799	0.0418339	0.0418349
800	0.0418317	0.0418327
801	0.0418292	0.0418306
802	0.041827	0.0418282
803	0.0418249	0.041826
804	0.0418226	0.0418237
805	0.0418201	0.0418215
806	0.0418179	0.0418192
807	0.0418159	0.041817
808	0.0418134	0.0418148
809	0.0418112	0.0418126
810	0.0418097	0.0418105
811	0.0418069	0.0418083
812	0.041805	0.0418062
813	0.0418031	0.0418039
814	0.0418007	0.0418016
815	0.0417985	0.0417993
816	0.041796	0.0417972
817	0.0417941	0.0417949
818	0.0417924	0.0417926
819	0.0417899	0.0417904
820	0.0417875	0.0417883
821	0.041785	0.0417859
822	0.0417831	0.0417838
823	0.0417804	0.0417818
824	0.0417787	0.0417796
825	0.0417769	0.0417774
826	0.0417741	0.0417753
827	0.0417722	0.0417732
828	0.0417699	0.041771
829	0.0417681	0.0417689
830	0.0417654	0.0417668
831	0.041763	0.0417647
832	0.0417613	0.0417625
833	0.0417591	0.0417602
834	0.0417568	0.0417581
835	0.041755	0.041756
836	0.0417528	0.0417538
837	0.0417508	0.0417517
838	0.0417485	0.0417496
839	0.0417465	0.0417475
840	0.0417444	0.0417454
841	0.0417424	0.0417434
842	0.0417398	0.0417413
843	0.0417381	0.041739
844	0.0417363	0.0417369
845	0.0417338	0.0417349
846	0.0417318	0.0417329
847	0.0417297	0.0417308
848	0.041728	0.0417287
849	0.0417259	0.0417265
850	0.0417233	0.0417245
851	0.0417215	0.0417223
852	0.0417195	0.0417204
853	0.0417177	0.0417184
854	0.0417159	0.0417163
855	0.0417135	0.0417142
856	0.0417111	0.0417121
857	0.0417088	0.0417101
858	0.0417076	0.041708
859	0.0417051	0.041706
860	0.0417029	0.0417038
861	0.0417006	0.0417018
862	0.0416991	0.0416998
863	0.0416966	0.0416977
864	0.0416956	0.0416957
865	0.0416929	0.0416937
866	0.0416907	0.0416916
867	0.0416891	0.0416894
868	0.041687	0.0416875
869	0.0416846	0.0416854
870	0.0416829	0.0416834
871	0.0416808	0.0416814
872	0.0416782	0.0416794
873	0.0416771	0.0416774
874	0.0416741	0.0416754
875	0.0416726	0.0416734
876	0.0416704	0.0416714
877	0.041668	0.0416694
878	0.0416666	0.0416673
879	0.0416641	0.0416652
880	0.0416628	0.0416632
881	0.0416607	0.0416611
882	0.0416587	0.0416592
883	0.0416559	0.0416573
884	0.0416541	0.0416553
885	0.0416526	0.0416534
886	0.0416506	0.0416516
887	0.0416483	0.0416496
888	0.0416463	0.0416476
889	0.0416444	0.0416456
890	0.0416427	0.0416437
891	0.0416409	0.0416417
892	0.0416389	0.0416397
893	0.0416368	0.0416378
894	0.0416348	0.0416358
895	0.0416324	0.0416338
896	0.0416306	0.0416319
897	0.0416291	0.0416299
898	0.0416272	0.041628
899	0.0416248	0.041626
900	0.0416234	0.0416241
901	0.0416205	0.0416221
902	0.0416189	0.0416201
903	0.041617	0.0416182
904	0.041615	0.0416163
905	0.0416135	0.0416143
906	0.041611	0.0416124
907	0.0416089	0.0416104
908	0.0416073	0.0416084
909	0.0416054	0.0416064
910	0.0416035	0.0416044
911	0.0416017	0.0416025
912	0.0415993	0.0416006
913	0.0415981	0.0415988
914	0.0415958	0.041597
915	0.0415943	0.0415951
916	0.0415917	0.0415932
917	0.0415904	0.0415913
918	0.0415881	0.0415894
919	0.0415866	0.0415875
920	0.0415847	0.0415855
921	0.0415822	0.0415835
922	0.0415807	0.0415818
923	0.0415787	0.0415799
924	0.0415768	0.041578
925	0.041575	0.041576
926	0.041573	0.0415742
927	0.0415714	0.0415722
928	0.0415686	0.0415703
929	0.0415675	0.0415684
930	0.0415651	0.0415665
931	0.0415637	0.0415646
932	0.0415615	0.0415628
933	0.0415595	0.041561
934	0.0415579	0.0415591
935	0.0415556	0.0415572
936	0.041554	0.0415554
937	0.0415519	0.0415535
938	0.0415502	0.0415517
939	0.041549	0.0415498
940	0.0415464	0.0415479
941	0.0415445	0.0415461
942	0.0415427	0.0415443
943	0.0415408	0.0415423
944	0.0415388	0.0415405
945	0.0415372	0.0415387
946	0.0415359	0.0415369
947	0.0415343	0.041535
948	0.0415316	0.0415332
949	0.0415297	0.0415313
950	0.0415283	0.0415296
951	0.0415266	0.0415276
952	0.0415244	0.0415257
953	0.0415221	0.0415238
954	0.041521	0.0415219
955	0.0415186	0.0415201
956	0.0415174	0.0415182
957	0.0415148	0.0415164
958	0.0415134	0.0415146
959	0.0415119	0.0415127
960	0.0415098	0.041511
961	0.0415081	0.0415092
962	0.0415062	0.0415074
963	0.0415048	0.0415057
964	0.0415025	0.0415039
965	0.0415007	0.0415021
966	0.0414993	0.0415003
967	0.0414969	0.0414985
968	0.0414951	0.0414968
969	0.0414935	0.041495
970	0.0414915	0.0414932
971	0.0414895	0.0414914
972	0.0414878	0.0414896
973	0.0414863	0.0414878
974	0.0414838	0.041486
975	0.0414833	0.0414843
976	0.0414807	0.0414825
977	0.0414791	0.0414806
978	0.0414771	0.0414788
979	0.0414752	0.0414771
980	0.0414736	0.0414754
981	0.0414727	0.0414735
982	0.0414704	0.0414717
983	0.0414682	0.0414699
984	0.0414667	0.0414681
985	0.0414646	0.0414663
986	0.041463	0.0414646
987	0.0414612	0.0414628
988	0.0414595	0.0414612
989	0.0414579	0.0414595
990	0.0414564	0.0414578
991	0.0414541	0.041456
992	0.0414526	0.0414541
993	0.041451	0.0414524
994	0.0414486	0.0414507
995	0.0414477	0.0414491
996	0.0414461	0.0414472
997	0.0414436	0.0414456
998	0.0414429	0.0414438
999	0.0414408	0.041442
1000	0.0414385	0.0414402
1001	0.041437	0.0414384
1002	0.0414357	0.0414366
1003	0.0414334	0.0414349
1004	0.0414315	0.0414332
1005	0.04143	0.0414314
1006	0.0414285	0.0414297
1007	0.0414273	0.0414279
1008	0.0414254	0.0414262
1009	0.0414236	0.0414244
1010	0.0414223	0.0414226
1011	0.0414205	0.041421
1012	0.0414182	0.0414193
1013	0.0414162	0.0414175
1014	0.0414144	0.0414157
1015	0.0414127	0.0414141
1016	0.0414115	0.0414123
1017	0.0414096	0.0414106
1018	0.0414074	0.0414089
1019	0.0414059	0.0414073
1020	0.0414039	0.0414056
1021	0.0414028	0.0414039
1022	0.0414012	0.0414021
1023	0.0413992	0.0414004
1024	0.0413977	0.0413987
1025	0.041396	0.041397
1026	0.0413942	0.0413954
1027	0.0413931	0.0413937
1028	0.0413912	0.041392
1029	0.0413889	0.0413904
1030	0.0413878	0.0413888
1031	0.0413855	0.0413871
1032	0.0413838	0.0413854
1033	0.0413825	0.0413838
1034	0.0413805	0.041382
1035	0.0413789	0.0413804
1036	0.0413769	0.0413786
1037	0.0413753	0.0413769
1038	0.0413742	0.0413753
1039	0.0413723	0.0413737
1040	0.0413709	0.041372
1041	0.0413685	0.0413704
1042	0.0413674	0.0413686
1043	0.0413658	0.0413669
1044	0.041364	0.0413654
1045	0.0413622	0.0413636
1046	0.0413605	0.0413621
1047	0.0413595	0.0413603
1048	0.0413577	0.0413587
1049	0.0413558	0.041357
1050	0.0413537	0.0413554
1051	0.0413527	0.0413538
1052	0.041351	0.041352
1053	0.0413492	0.0413504
1054	0.0413479	0.0413487
1055	0.0413462	0.0413471
1056	0.041344	0.0413453
1057	0.0413424	0.0413437
1058	0.0413405	0.0413422
1059	0.0413385	0.0413405
1060	0.0413376	0.0413388
1061	0.0413361	0.0413371
1062	0.0413344	0.0413355
1063	0.0413325	0.0413339
1064	0.0413308	0.0413323
1065	0.0413298	0.0413307
1066	0.0413278	0.0413291
1067	0.0413263	0.0413275
1068	0.0413241	0.041326
1069	0.0413231	0.0413244
1070	0.0413207	0.0413228
1071	0.0413203	0.0413211
1072	0.0413183	0.0413196
1073	0.0413156	0.041318
1074	0.041315	0.0413164
1075	0.0413129	0.0413148
1076	0.0413117	0.041313
1077	0.0413097	0.0413113
1078	0.0413083	0.0413097
1079	0.0413065	0.0413081
1080	0.041305	0.0413064
1081	0.0413031	0.0413048
1082	0.0413014	0.0413033
1083	0.0413002	0.0413016
1084	0.0412984	0.0413
1085	0.0412974	0.0412984
1086	0.0412955	0.0412969
1087	0.0412938	0.0412952
1088	0.0412921	0.0412935
1089	0.0412907	0.0412919
1090	0.0412894	0.0412904
1091	0.0412877	0.0412888
1092	0.041286	0.0412872
1093	0.0412843	0.0412856
1094	0.0412823	0.041284
1095	0.0412815	0.0412824
1096	0.0412798	0.0412808
1097	0.0412785	0.0412792
1098	0.0412765	0.0412775
1099	0.041275	0.0412759
1100	0.0412731	0.0412744
1101	0.0412717	0.0412727
1102	0.0412698	0.0412712
1103	0.0412684	0.0412696
1104	0.0412676	0.041268
1105	0.0412654	0.0412664
1106	0.0412636	0.0412649
1107	0.0412622	0.0412633
1108	0.0412606	0.0412618
1109	0.0412591	0.0412602
1110	0.0412577	0.0412586
1111	0.0412561	0.0412571
1112	0.0412548	0.0412556
1113	0.0412532	0.041254
1114	0.041251	0.0412524
1115	0.0412501	0.0412508
1116	0.0412476	0.0412493
1117	0.0412465	0.0412478
1118	0.0412446	0.0412462
1119	0.0412436	0.0412446
1120	0.0412414	0.041243
1121	0.0412398	0.0412414
1122	0.0412386	0.0412398
1123	0.0412374	0.0412383
1124	0.0412357	0.0412368
1125	0.0412335	0.0412352
1126	0.0412324	0.0412337
1127	0.0412308	0.0412322
1128	0.041229	0.0412307
1129	0.0412278	0.041229
1130	0.0412265	0.0412275
1131	0.041225	0.0412258
1132	0.0412232	0.0412243
1133	0.0412217	0.0412229
1134	0.0412202	0.0412213
1135	0.0412187	0.0412197
1136	0.041217	0.0412182
1137	0.0412151	0.0412167
1138	0.0412139	0.0412152
1139	0.0412125	0.0412137
1140	0.041211	0.0412122
1141	0.041209	0.0412107
1142	0.0412075	0.0412092
1143	0.0412067	0.0412076
1144	0.041205	0.0412061
1145	0.0412032	0.0412046
1146	0.041202	0.041203
1147	0.0412004	0.0412015
1148	0.0411987	0.0411999
1149	0.0411972	0.0411983
1150	0.0411956	0.0411968
1151	0.041194	0.0411953
1152	0.0411926	0.0411939
1153	0.0411912	0.0411924
1154	0.0411899	0.0411908
1155	0.0411875	0.0411893
1156	0.0411865	0.0411878
1157	0.041185	0.0411862
1158	0.0411835	0.0411847
1159	0.0411821	0.0411832
1160	0.0411801	0.0411816
1161	0.0411791	0.0411803
1162	0.0411775	0.0411787
1163	0.0411757	0.0411773
1164	0.0411743	0.0411757
1165	0.0411727	0.0411742
1166	0.0411712	0.0411726
1167	0.0411698	0.0411711
1168	0.0411683	0.0411696
1169	0.0411666	0.0411681
1170	0.0411652	0.0411667
1171	0.0411639	0.0411652
1172	0.0411618	0.0411638
1173	0.041161	0.0411623
1174	0.0411596	0.0411608
1175	0.0411579	0.0411593
1176	0.041156	0.0411577
1177	0.0411549	0.0411562
1178	0.0411536	0.0411547
1179	0.0411519	0.0411532
1180	0.0411504	0.0411517
1181	0.0411492	0.0411503
1182	0.0411469	0.0411489
1183	0.041146	0.0411474
1184	0.0411449	0.0411458
1185	0.0411425	0.0411443
1186	0.0411414	0.0411429
1187	0.0411398	0.0411415
1188	0.0411386	0.04114
1189	0.0411369	0.0411385
1190	0.0411358	0.0411371
1191	0.0411339	0.0411356
1192	0.0411332	0.0411341
1193	0.0411316	0.0411327
1194	0.0411296	0.0411313
1195	0.0411281	0.0411298
1196	0.0411266	0.0411284
1197	0.0411253	0.0411268
1198	0.041124	0.0411254
1199	0.0411232	0.0411239
1200	0.0411211	0.0411225
1201	0.0411192	0.0411211
1202	0.0411182	0.0411197
1203	0.0411166	0.0411182
1204	0.0411154	0.0411167
1205	0.0411141	0.0411153
1206	0.0411128	0.0411138
1207	0.0411109	0.0411124
1208	0.0411094	0.041111
1209	0.041108	0.0411096
1210	0.0411065	0.0411081
1211	0.0411046	0.0411066
1212	0.0411033	0.0411052
1213	0.0411018	0.0411037
1214	0.0411007	0.0411023
1215	0.041099	0.0411008
1216	0.041097	0.0410994
1217	0.0410966	0.041098
1218	0.0410953	0.0410965
1219	0.0410934	0.0410952
1220	0.0410918	0.0410937
1221	0.0410907	0.0410923
1222	0.0410889	0.0410907
1223	0.0410874	0.0410893
1224	0.0410861	0.0410879
1225	0.0410848	0.0410864
1226	0.0410832	0.0410849
1227	0.0410819	0.0410834
1228	0.0410806	0.041082
1229	0.041079	0.0410806
1230	0.0410777	0.0410791
1231	0.0410762	0.0410776
1232	0.0410751	0.0410762
1233	0.0410736	0.0410747
1234	0.0410713	0.0410733
1235	0.0410706	0.0410719
1236	0.0410691	0.0410705
1237	0.0410675	0.0410692
1238	0.0410663	0.0410679
1239	0.0410647	0.0410665
1240	0.0410636	0.0410651
1241	0.0410618	0.0410637
1242	0.0410609	0.0410623
1243	0.0410588	0.0410608
1244	0.0410579	0.0410593
1245	0.0410558	0.0410579
1246	0.0410546	0.0410565
1247	0.0410532	0.0410552
1248	0.0410524	0.0410538
1249	0.0410509	0.0410525
1250	0.0410493	0.0410511
1251	0.0410482	0.0410497
1252	0.0410466	0.0410483
1253	0.0410456	0.0410468
1254	0.0410439	0.0410453
1255	0.0410428	0.0410439
1256	0.0410406	0.0410425
1257	0.0410389	0.0410412
1258	0.0410382	0.0410398
1259	0.0410367	0.0410383
1260	0.0410355	0.0410369
1261	0.0410339	0.0410355
1262	0.0410328	0.0410341
1263	0.0410315	0.0410327
1264	0.0410297	0.0410313
1265	0.0410285	0.0410299
1266	0.0410272	0.0410285
1267	0.0410253	0.0410271
1268	0.0410243	0.0410257
1269	0.0410224	0.0410243
1270	0.0410213	0.041023
1271	0.0410197	0.0410217
1272	0.0410185	0.0410203
1273	0.0410179	0.0410189
1274	0.0410158	0.0410176
1275	0.0410145	0.0410163
1276	0.0410131	0.041015
1277	0.0410119	0.0410135
1278	0.0410105	0.0410122
1279	0.0410096	0.0410108
1280	0.0410077	0.0410094
1281	0.0410067	0.041008
1282	0.0410053	0.0410067
1283	0.0410034	0.0410053
1284	0.0410026	0.0410039
1285	0.0410006	0.0410025
1286	0.0409996	0.0410011
1287	0.0409982	0.0409996
1288	0.0409972	0.0409982
1289	0.0409956	0.0409968
1290	0.0409942	0.0409955
1291	0.0409924	0.0409941
1292	0.0409916	0.0409927
1293	0.04099	0.0409914
1294	0.0409887	0.04099
1295	0.0409871	0.0409886
1296	0.0409856	0.0409873
1297	0.0409847	0.040986
1298	0.0409834	0.0409846
1299	0.0409814	0.0409832
1300	0.0409805	0.0409819
1301	0.0409787	0.0409805
1302	0.0409776	0.0409791
1303	0.0409757	0.0409777
1304	0.0409749	0.0409763
1305	0.0409737	0.040975
1306	0.0409723	0.0409736
1307	0.0409709	0.0409723
1308	0.0409701	0.040971
1309	0.0409679	0.0409696
1310	0.0409666	0.0409683
1311	0.0409656	0.0409668
1312	0.0409641	0.0409654
1313	0.040963	0.0409641
1314	0.0409615	0.0409627
1315	0.0409604	0.0409614
1316	0.040959	0.0409601
1317	0.0409578	0.0409587
1318	0.0409561	0.0409573
1319	0.0409551	0.040956
1320	0.0409534	0.0409547
1321	0.0409519	0.0409534
1322	0.0409509	0.0409521
1323	0.0409494	0.0409508
1324	0.0409481	0.0409495
1325	0.0409468	0.0409482
1326	0.0409454	0.0409469
1327	0.0409439	0.0409454
1328	0.0409427	0.040944
1329	0.0409412	0.0409427
1330	0.0409402	0.0409415
1331	0.0409389	0.0409402
1332	0.0409372	0.0409389
1333	0.040936	0.0409376
1334	0.0409351	0.0409362
1335	0.0409334	0.040935
1336	0.0409321	0.0409337
1337	0.040931	0.0409324
1338	0.040929	0.0409312
1339	0.0409282	0.0409298
1340	0.0409268	0.0409285
1341	0.0409251	0.0409271
1342	0.040924	0.0409259
1343	0.0409227	0.0409246
1344	0.0409217	0.0409233
1345	0.0409207	0.0409219
1346	0.0409189	0.0409206
1347	0.0409176	0.0409193
1348	0.0409165	0.0409179
1349	0.0409151	0.0409166
1350	0.0409139	0.0409153
1351	0.0409123	0.040914
1352	0.0409106	0.0409126
1353	0.0409104	0.0409113
1354	0.0409089	0.04091
1355	0.0409074	0.0409087
1356	0.0409054	0.0409075
1357	0.0409046	0.0409062
1358	0.0409035	0.0409049
1359	0.0409018	0.0409036
1360	0.0409007	0.0409022
1361	0.0408992	0.040901
1362	0.0408981	0.0408996
1363	0.0408966	0.0408983
1364	0.0408957	0.040897
1365	0.040894	0.0408958
1366	0.0408928	0.0408946
1367	0.0408916	0.0408932
1368	0.0408901	0.0408919
1369	0.0408889	0.0408906
1370	0.0408872	0.0408893
1371	0.0408858	0.0408881
1372	0.0408851	0.0408869
1373	0.0408839	0.0408856
1374	0.0408827	0.0408844
1375	0.040881	0.040883
1376	0.0408802	0.0408818
1377	0.0408789	0.0408805
1378	0.0408775	0.0408791
1379	0.0408765	0.0408778
1380	0.0408752	0.0408765
1381	0.0408737	0.0408753
1382	0.0408721	0.040874
1383	0.0408709	0.0408727
1384	0.0408699	0.0408715
1385	0.0408686	0.0408702
1386	0.0408672	0.0408689
1387	0.0408663	0.0408677
1388	0.0408653	0.0408664
1389	0.0408635	0.0408651
1390	0.040862	0.0408638
1391	0.0408601	0.0408626
1392	0.0408597	0.0408612
1393	0.0408583	0.0408599
1394	0.0408562	0.0408586
1395	0.0408552	0.0408574
1396	0.0408541	0.0408561
1397	0.040853	0.040855
1398	0.0408518	0.0408537
1399	0.0408507	0.0408524
1400	0.0408489	0.0408511
1401	0.0408478	0.0408497
1402	0.0408466	0.0408484
1403	0.0408458	0.0408471
1404	0.0408439	0.0408459
1405	0.0408432	0.0408446
1406	0.040842	0.0408433
1407	0.0408404	0.040842
1408	0.0408391	0.0408409
1409	0.0408372	0.0408396
1410	0.0408363	0.0408383
1411	0.0408356	0.040837
1412	0.040834	0.0408358
1413	0.0408325	0.0408346
1414	0.0408315	0.0408334
1415	0.0408302	0.0408321
1416	0.0408293	0.0408308
1417	0.0408278	0.0408296
1418	0.0408263	0.0408283
1419	0.0408252	0.0408271
1420	0.0408244	0.0408259
1421	0.0408227	0.0408246
1422	0.040821	0.0408234
1423	0.0408202	0.0408222
1424	0.040819	0.040821
1425	0.0408182	0.0408197
1426	0.0408168	0.0408184
1427	0.0408153	0.0408172
1428	0.0408139	0.0408159
1429	0.0408128	0.0408146
1430	0.0408113	0.0408134
1431	0.0408107	0.0408121
1432	0.0408091	0.0408109
1433	0.0408078	0.0408096
1434	0.0408068	0.0408083
1435	0.0408053	0.040807
1436	0.0408042	0.0408057
1437	0.0408034	0.0408045
1438	0.0408018	0.0408033
1439	0.0408002	0.0408021
1440	0.0407994	0.0408009
1441	0.0407983	0.0407996
1442	0.0407965	0.0407984
1443	0.0407954	0.0407971
1444	0.0407947	0.0407959
1445	0.0407931	0.0407947
1446	0.0407916	0.0407934
1447	0.0407904	0.0407923
1448	0.0407894	0.0407911
1449	0.0407884	0.0407899
1450	0.0407867	0.0407886
1451	0.0407859	0.0407874
1452	0.0407841	0.0407861
1453	0.0407829	0.0407849
1454	0.0407818	0.0407837
1455	0.0407808	0.0407826
1456	0.0407792	0.0407814
1457	0.0407784	0.04078
1458	0.0407772	0.0407788
1459	0.0407755	0.0407775
1460	0.0407751	0.0407764
1461	0.040773	0.0407751
1462	0.040772	0.040774
1463	0.0407716	0.0407728
1464	0.0407701	0.0407716
1465	0.0407687	0.0407704
1466	0.0407666	0.0407692
1467	0.0407666	0.040768
1468	0.0407649	0.0407668
1469	0.0407632	0.0407656
1470	0.0407626	0.0407643
1471	0.0407614	0.0407632
1472	0.04076	0.0407619
1473	0.0407594	0.0407607
1474	0.0407575	0.0407594
1475	0.0407569	0.0407582
1476	0.0407558	0.0407569
1477	0.0407543	0.0407557
1478	0.0407532	0.0407546
1479	0.0407519	0.0407534
1480	0.0407502	0.0407522
1481	0.0407492	0.040751
1482	0.0407483	0.0407498
1483	0.040747	0.0407486
1484	0.0407453	0.0407474
1485	0.0407443	0.0407462
1486	0.0407434	0.040745
1487	0.0407422	0.0407438
1488	0.0407409	0.0407426
1489	0.0407401	0.0407413
1490	0.0407382	0.04074
1491	0.0407379	0.0407388
1492	0.0407356	0.0407376
1493	0.0407353	0.0407365
1494	0.0407344	0.0407353
1495	0.0407329	0.040734
1496	0.0407314	0.0407328
1497	0.0407302	0.0407317
1498	0.0407284	0.0407305
1499	0.0407281	0.0407294
1500	0.040727	0.0407282
1501	0.0407258	0.0407271
1502	0.0407242	0.0407259
1503	0.0407231	0.0407247
1504	0.0407217	0.0407236
1505	0.0407213	0.0407224
1506	0.0407198	0.0407212
1507	0.0407181	0.0407201
1508	0.0407175	0.0407189
1509	0.0407164	0.0407177
1510	0.0407151	0.0407165
1511	0.0407132	0.0407153
1512	0.040713	0.0407142
1513	0.0407116	0.040713
1514	0.0407104	0.0407118
1515	0.0407098	0.0407105
1516	0.0407081	0.0407094
1517	0.0407067	0.0407082
1518	0.0407058	0.0407071
1519	0.0407045	0.0407059
1520	0.0407033	0.0407049
1521	0.040702	0.0407037
1522	0.0407008	0.0407026
1523	0.0406998	0.0407014
1524	0.0406989	0.0407002
1525	0.0406974	0.0406991
1526	0.0406954	0.0406979
1527	0.0406955	0.0406968
1528	0.0406938	0.0406957
1529	0.0406925	0.0406945
1530	0.0406914	0.0406934
1531	0.0406907	0.0406922
1532	0.0406886	0.0406911
1533	0.0406885	0.0406899
1534	0.0406867	0.0406887
1535	0.0406857	0.0406876
1536	0.0406849	0.0406864
1537	0.040683	0.0406853
1538	0.0406825	0.0406841
1539	0.0406814	0.040683
1540	0.0406798	0.0406818
1541	0.0406788	0.0406807
1542	0.0406776	0.0406795
1543	0.0406761	0.0406784
1544	0.0406754	0.0406773
1545	0.040674	0.0406762
1546	0.0406733	0.040675
1547	0.0406718	0.0406738
1548	0.0406708	0.0406726
1549	0.04067	0.0406715
1550	0.0406686	0.0406704
1551	0.0406676	0.0406692
1552	0.0406659	0.0406681
1553	0.0406652	0.040667
1554	0.0406641	0.0406659
1555	0.0406629	0.0406647
1556	0.0406615	0.0406636
1557	0.0406605	0.0406625
1558	0.0406591	0.0406614
1559	0.0406587	0.0406602
1560	0.0406569	0.0406591
1561	0.0406558	0.040658
1562	0.0406547	0.0406569
1563	0.0406537	0.0406558
1564	0.0406521	0.0406547
1565	0.0406513	0.0406536
1566	0.0406505	0.0406524
1567	0.0406491	0.0406512
1568	0.0406483	0.0406501
1569	0.0406475	0.040649
1570	0.0406458	0.0406478
1571	0.040645	0.0406467
1572	0.0406434	0.0406455
1573	0.040642	0.0406444
1574	0.0406411	0.0406433
1575	0.0406407	0.040642
1576	0.040639	0.0406409
1577	0.040638	0.0406397
1578	0.0406369	0.0406386
1579	0.0406354	0.0406375
1580	0.0406343	0.0406364
1581	0.0406333	0.0406353
1582	0.0406324	0.0406341
1583	0.0406311	0.0406329
1584	0.0406297	0.0406318
1585	0.0406286	0.0406307
1586	0.0406276	0.0406296
1587	0.0406258	0.0406285
1588	0.0406252	0.0406274
1589	0.0406244	0.0406262
1590	0.040623	0.040625
1591	0.0406221	0.0406239
1592	0.0406212	0.0406228
1593	0.0406197	0.0406217
1594	0.0406184	0.0406206
1595	0.0406181	0.0406194
1596	0.0406164	0.0406183
1597	0.0406157	0.0406171
1598	0.0406139	0.0406161
1599	0.0406129	0.040615
1600	0.0406119	0.040614
1601	0.0406106	0.0406129
1602	0.0406098	0.0406118
1603	0.0406087	0.0406107
1604	0.0406074	0.0406096
1605	0.0406062	0.0406086
1606	0.0406048	0.0406074
1607	0.0406044	0.0406063
1608	0.0406032	0.0406051
1609	0.0406022	0.040604
1610	0.0406007	0.0406029
1611	0.0405997	0.0406018
1612	0.0405987	0.0406006
1613	0.0405976	0.0405996
1614	0.0405957	0.0405983
1615	0.0405957	0.0405973
1616	0.0405943	0.0405963
1617	0.0405934	0.0405952
1618	0.0405917	0.0405941
1619	0.040591	0.040593
1620	0.0405897	0.0405918
1621	0.0405883	0.0405907
1622	0.0405881	0.0405896
1623	0.0405864	0.0405885
1624	0.0405853	0.0405874
1625	0.0405845	0.0405864
1626	0.0405828	0.0405853
1627	0.040582	0.0405841
1628	0.0405811	0.040583
1629	0.0405801	0.0405819
1630	0.0405791	0.0405808
1631	0.0405781	0.0405798
1632	0.0405764	0.0405786
1633	0.0405752	0.0405776
1634	0.0405746	0.0405764
1635	0.0405733	0.0405754
1636	0.0405722	0.0405743
1637	0.040571	0.0405731
1638	0.0405699	0.040572
1639	0.0405687	0.0405709
1640	0.0405682	0.0405698
1641	0.0405671	0.0405688
1642	0.0405656	0.0405677
1643	0.0405646	0.0405666
1644	0.0405634	0.0405656
1645	0.0405625	0.0405645
1646	0.0405614	0.0405634
1647	0.0405603	0.0405623
1648	0.0405594	0.0405611
1649	0.0405578	0.0405601
1650	0.0405576	0.0405591
1651	0.040556	0.0405579
1652	0.0405548	0.0405569
1653	0.0405535	0.0405558
1654	0.0405528	0.0405547
1655	0.0405518	0.0405536
1656	0.0405507	0.0405526
1657	0.0405495	0.0405515
1658	0.0405493	0.0405505
1659	0.0405479	0.0405494
1660	0.0405467	0.0405483
1661	0.040546	0.0405472
1662	0.0405446	0.0405462
1663	0.0405434	0.0405451
1664	0.0405422	0.0405441
1665	0.0405413	0.0405429
1666	0.0405403	0.0405419
1667	0.0405388	0.0405407
1668	0.0405384	0.0405396
1669	0.0405369	0.0405385
1670	0.0405357	0.0405374
1671	0.0405345	0.0405363
1672	0.040534	0.0405353
1673	0.0405325	0.0405342
1674	0.0405315	0.0405332
1675	0.0405309	0.0405321
1676	0.0405294	0.0405311
1677	0.0405284	0.04053
1678	0.0405276	0.0405289
1679	0.0405261	0.0405279
1680	0.040525	0.0405268
1681	0.0405246	0.0405257
1682	0.0405233	0.0405247
1683	0.0405224	0.0405237
1684	0.0405212	0.0405226
1685	0.0405199	0.0405216
1686	0.0405192	0.0405206
1687	0.0405181	0.0405196
1688	0.0405168	0.0405186
1689	0.040516	0.0405175
1690	0.0405149	0.0405165
1691	0.0405139	0.0405153
1692	0.0405123	0.0405143
1693	0.0405115	0.0405133
1694	0.0405108	0.0405123
1695	0.0405095	0.0405112
1696	0.040509	0.0405101
1697	0.0405075	0.040509
1698	0.0405066	0.040508
1699	0.0405052	0.040507
1700	0.0405044	0.0405059
1701	0.0405032	0.0405049
1702	0.0405026	0.0405039
1703	0.0405007	0.0405029
1704	0.0404998	0.0405019
1705	0.0404988	0.0405008
1706	0.0404981	0.0404998
1707	0.0404975	0.0404988
1708	0.0404959	0.0404977
1709	0.0404946	0.0404967
1710	0.0404937	0.0404957
1711	0.0404927	0.0404946
1712	0.0404915	0.0404936
1713	0.0404908	0.0404925
1714	0.0404896	0.0404914
1715	0.0404891	0.0404903
1716	0.0404875	0.0404893
1717	0.0404864	0.0404883
1718	0.0404855	0.0404872
1719	0.040485	0.0404863
1720	0.0404835	0.0404852
1721	0.0404823	0.0404842
1722	0.0404811	0.0404833
1723	0.0404802	0.0404822
1724	0.0404794	0.0404813
1725	0.0404784	0.0404803
1726	0.0404773	0.0404792
1727	0.040476	0.0404782
1728	0.0404752	0.0404771
1729	0.0404745	0.0404761
1730	0.0404732	0.0404751
1731	0.040472	0.040474
1732	0.0404714	0.040473
1733	0.0404703	0.040472
1734	0.0404692	0.040471
1735	0.0404682	0.04047
1736	0.0404676	0.0404689
1737	0.0404666	0.040468
1738	0.0404655	0.040467
1739	0.0404641	0.040466
1740	0.0404629	0.040465
1741	0.0404624	0.040464
1742	0.0404611	0.0404629
1743	0.0404598	0.0404619
1744	0.0404587	0.040461
1745	0.0404583	0.0404599
1746	0.0404568	0.040459
1747	0.0404563	0.0404579
1748	0.0404551	0.0404569
1749	0.0404538	0.040456
1750	0.0404527	0.040455
1751	0.0404514	0.040454
1752	0.0404505	0.0404529
1753	0.04045	0.040452
1754	0.0404486	0.040451
1755	0.0404474	0.04045
1756	0.0404467	0.0404489
1757	0.040446	0.040448
1758	0.0404448	0.0404469
1759	0.040444	0.0404459
1760	0.0404427	0.040445
1761	0.0404413	0.0404439
1762	0.0404411	0.0404429
1763	0.0404399	0.0404419
1764	0.0404384	0.0404409
1765	0.0404377	0.0404399
1766	0.0404376	0.0404389
1767	0.0404359	0.0404379
1768	0.0404346	0.040437
1769	0.0404334	0.040436
1770	0.0404325	0.040435
1771	0.0404313	0.040434
1772	0.0404302	0.0404329
1773	0.0404299	0.0404319
1774	0.0404286	0.0404309
1775	0.0404277	0.0404298
1776	0.0404269	0.0404288
1777	0.0404255	0.0404278
1778	0.0404244	0.0404269
1779	0.0404238	0.0404259
1780	0.0404229	0.0404249
1781	0.0404216	0.0404239
1782	0.0404204	0.0404229
1783	0.0404195	0.0404219
1784	0.0404185	0.0404209
1785	0.0404176	0.0404199
1786	0.0404166	0.0404189
1787	0.0404155	0.040418
1788	0.0404144	0.0404169
1789	0.0404134	0.0404159
1790	0.0404128	0.0404149
1791	0.0404116	0.040414
1792	0.0404106	0.040413
1793	0.0404101	0.0404119
1794	0.0404087	0.040411
1795	0.0404079	0.04041
1796	0.0404068	0.040409
1797	0.0404061	0.040408
1798	0.0404051	0.0404071
1799	0.0404038	0.0404061
1800	0.0404033	0.0404051
1801	0.0404017	0.040404
1802	0.0404013	0.0404031
1803	0.0403996	0.0404021
1804	0.0403994	0.040401
1805	0.0403982	0.0404
1806	0.0403967	0.040399
1807	0.0403958	0.040398
1808	0.040395	0.040397
1809	0.0403937	0.040396
1810	0.0403935	0.0403951
1811	0.0403922	0.0403941
1812	0.0403921	0.040393
1813	0.0403905	0.0403921
1814	0.0403897	0.0403911
1815	0.0403882	0.0403901
1816	0.0403872	0.0403892
1817	0.0403867	0.0403882
1818	0.0403854	0.0403872
1819	0.0403847	0.0403862
1820	0.040383	0.0403853
1821	0.0403824	0.0403844
1822	0.0403819	0.0403834
1823	0.0403799	0.0403825
1824	0.0403797	0.0403815
1825	0.0403784	0.0403805
1826	0.0403781	0.0403795
1827	0.0403768	0.0403786
1828	0.0403757	0.0403776
1829	0.0403752	0.0403767
1830	0.0403742	0.0403758
1831	0.0403735	0.0403748
1832	0.0403723	0.0403738
1833	0.0403712	0.0403729
1834	0.0403703	0.0403719
1835	0.0403693	0.040371
1836	0.0403677	0.04037
1837	0.0403675	0.0403691
1838	0.0403667	0.040368
1839	0.0403656	0.0403671
1840	0.0403642	0.0403662
1841	0.0403636	0.0403651
1842	0.0403625	0.0403642
1843	0.0403611	0.0403632
1844	0.0403602	0.0403623
1845	0.0403596	0.0403614
1846	0.0403585	0.0403605
1847	0.0403583	0.0403595
1848	0.040357	0.0403586
1849	0.0403557	0.0403576
1850	0.040355	0.0403566
1851	0.0403538	0.0403556
1852	0.0403526	0.0403547
1853	0.0403519	0.0403538
1854	0.0403508	0.0403528
1855	0.04035	0.0403518
1856	0.0403488	0.0403509
1857	0.040348	0.04035
1858	0.0403476	0.0403491
1859	0.0403463	0.0403482
1860	0.0403454	0.0403473
1861	0.0403439	0.0403463
1862	0.0403435	0.0403454
1863	0.0403429	0.0403445
1864	0.040342	0.0403435
1865	0.0403408	0.0403426
1866	0.0403394	0.0403417
1867	0.0403389	0.0403407
1868	0.0403382	0.0403398
1869	0.0403365	0.0403388
1870	0.040336	0.0403379
1871	0.0403352	0.0403369
1872	0.0403341	0.040336
1873	0.0403332	0.040335
1874	0.0403317	0.0403341
1875	0.0403313	0.0403332
1876	0.0403306	0.0403323
1877	0.0403293	0.0403314
1878	0.0403285	0.0403304
1879	0.0403276	0.0403294
1880	0.0403266	0.0403284
1881	0.0403257	0.0403275
1882	0.0403246	0.0403265
1883	0.0403239	0.0403256
1884	0.0403231	0.0403246
1885	0.0403217	0.0403238
1886	0.0403209	0.0403229
1887	0.0403199	0.0403219
1888	0.0403189	0.040321
1889	0.040318	0.0403201
1890	0.0403172	0.0403192
1891	0.0403168	0.0403183
1892	0.0403148	0.0403173
1893	0.0403144	0.0403163
1894	0.0403134	0.0403155
1895	0.0403126	0.0403146
1896	0.0403118	0.0403137
1897	0.0403103	0.0403127
1898	0.0403093	0.0403118
1899	0.0403089	0.0403109
1900	0.0403081	0.04031
1901	0.0403073	0.0403091
1902	0.0403062	0.0403082
1903	0.0403051	0.0403073
1904	0.0403042	0.0403063
1905	0.0403033	0.0403053
1906	0.0403024	0.0403045
1907	0.0403017	0.0403035
1908	0.0403009	0.0403026
1909	0.0403	0.0403016
1910	0.0402986	0.0403007
1911	0.0402984	0.0402997
1912	0.0402969	0.0402988
1913	0.0402959	0.0402978
1914	0.040295	0.0402969
1915	0.0402939	0.040296
1916	0.0402935	0.0402951
1917	0.0402925	0.0402943
1918	0.0402918	0.0402933
1919	0.0402905	0.0402923
1920	0.0402896	0.0402913
1921	0.0402888	0.0402904
1922	0.0402876	0.0402896
1923	0.0402867	0.0402886
1924	0.0402858	0.0402877
1925	0.0402848	0.0402868
1926	0.0402839	0.0402858
1927	0.0402832	0.0402849
1928	0.0402822	0.040284
1929	0.0402816	0.0402831
1930	0.0402804	0.0402822
1931	0.0402796	0.0402813
1932	0.0402791	0.0402805
1933	0.0402779	0.0402796
1934	0.0402767	0.0402786
1935	0.0402755	0.0402778
1936	0.0402746	0.0402768
1937	0.0402738	0.040276
1938	0.0402726	0.040275
1939	0.0402724	0.0402741
1940	0.0402714	0.0402733
1941	0.0402703	0.0402724
1942	0.0402694	0.0402715
1943	0.0402682	0.0402706
1944	0.0402674	0.0402697
1945	0.0402666	0.0402689
1946	0.0402658	0.040268
1947	0.0402652	0.0402671
1948	0.040264	0.0402662
1949	0.0402631	0.0402653
1950	0.0402623	0.0402644
1951	0.040261	0.0402635
1952	0.0402609	0.0402627
1953	0.0402592	0.0402618
1954	0.0402587	0.0402609
1955	0.0402576	0.04026
1956	0.0402569	0.0402591
1957	0.0402564	0.0402583
1958	0.0402555	0.0402574
1959	0.0402539	0.0402564
1960	0.0402532	0.0402555
1961	0.0402522	0.0402546
1962	0.0402516	0.0402537
1963	0.0402509	0.0402528
1964	0.0402497	0.0402519
1965	0.0402494	0.040251
1966	0.0402477	0.0402501
1967	0.0402476	0.0402492
1968	0.0402462	0.0402483
1969	0.0402455	0.0402474
1970	0.0402445	0.0402465
1971	0.0402432	0.0402456
1972	0.0402426	0.0402447
1973	0.040242	0.0402438
1974	0.0402404	0.0402429
1975	0.0402402	0.040242
1976	0.0402387	0.0402411
1977	0.0402383	0.0402403
1978	0.0402378	0.0402395
1979	0.0402365	0.0402385
1980	0.0402353	0.0402377
1981	0.0402346	0.0402367
1982	0.0402338	0.0402359
1983	0.0402325	0.040235
1984	0.0402321	0.0402341
1985	0.0402307	0.0402332
1986	0.0402303	0.0402322
1987	0.0402288	0.0402314
1988	0.0402291	0.0402306
1989	0.040228	0.0402297
1990	0.0402265	0.0402289
1991	0.0402263	0.040228
1992	0.0402251	0.0402271
1993	0.0402243	0.0402262
1994	0.0402237	0.0402254
1995	0.040222	0.0402245
1996	0.0402214	0.0402236
1997	0.0402204	0.0402228
1998	0.0402199	0.0402218
1999	0.0402194	0.0402209
2000	0.0402185	0.0402201
2001	0.0402168	0.0402192
2002	0.040216	0.0402184
2003	0.0402155	0.0402175
2004	0.0402148	0.0402166
2005	0.0402137	0.0402158
2006	0.0402126	0.0402149
2007	0.0402119	0.040214
2008	0.0402109	0.0402132
2009	0.0402101	0.0402123
2010	0.0402094	0.0402115
2011	0.0402092	0.0402107
2012	0.0402082	0.0402098
2013	0.0402075	0.0402089
2014	0.0402064	0.040208
2015	0.0402049	0.0402072
2016	0.0402043	0.0402064
2017	0.0402032	0.0402055
2018	0.0402028	0.0402046
2019	0.0402016	0.0402037
2020	0.0402009	0.0402029
2021	0.0402001	0.0402021
2022	0.0401989	0.0402012
2023	0.0401985	0.0402003
2024	0.0401973	0.0401995
2025	0.0401966	0.0401985
2026	0.0401957	0.0401977
2027	0.0401942	0.0401968
2028	0.0401936	0.040196
2029	0.0401931	0.0401951
2030	0.0401922	0.0401943
2031	0.0401911	0.0401934
2032	0.04019	0.0401926
2033	0.040189	0.0401918
2034	0.0401886	0.040191
2035	0.0401877	0.0401902
2036	0.0401869	0.0401893
2037	0.0401862	0.0401885
2038	0.0401852	0.0401877
2039	0.0401842	0.0401868
2040	0.0401838	0.040186
2041	0.0401828	0.0401851
2042	0.0401818	0.0401842
2043	0.0401808	0.0401834
2044	0.0401803	0.0401825
2045	0.0401798	0.0401816
2046	0.0401787	0.0401808
2047	0.0401774	0.0401799
2048	0.0401772	0.0401791
2049	0.0401757	0.0401783
2050	0.0401747	0.0401775
2051	0.0401746	0.0401766
2052	0.040173	0.0401758
2053	0.0401726	0.040175
2054	0.0401717	0.0401741
2055	0.0401707	0.0401733
2056	0.0401696	0.0401725
2057	0.0401691	0.0401717
2058	0.0401682	0.0401708
2059	0.0401669	0.0401699
2060	0.0401665	0.0401691
2061	0.0401656	0.0401683
2062	0.0401647	0.0401674
2063	0.0401644	0.0401665
2064	0.0401635	0.0401656
2065	0.0401625	0.0401647
2066	0.0401617	0.0401639
2067	0.0401606	0.040163
2068	0.0401604	0.0401622
2069	0.040159	0.0401614
2070	0.0401583	0.0401605
2071	0.0401572	0.0401597
2072	0.0401565	0.0401589
2073	0.0401561	0.040158
2074	0.0401543	0.0401572
2075	0.040154	0.0401564
2076	0.0401533	0.0401555
2077	0.0401527	0.0401547
2078	0.0401515	0.0401538
2079	0.0401505	0.040153
2080	0.0401502	0.0401522
2081	0.0401484	0.0401514
2082	0.0401487	0.0401505
2083	0.0401478	0.0401497
2084	0.0401467	0.0401488
2085	0.040146	0.040148
2086	0.0401447	0.0401472
2087	0.0401442	0.0401463
2088	0.0401434	0.0401455
2089	0.0401424	0.0401447
2090	0.0401416	0.0401439
2091	0.0401409	0.0401431
2092	0.0401403	0.0401423
2093	0.0401389	0.0401414
2094	0.0401382	0.0401407
2095	0.040138	0.0401398
2096	0.0401369	0.040139
2097	0.0401355	0.0401382
2098	0.0401354	0.0401373
2099	0.0401349	0.0401364
2100	0.0401339	0.0401356
2101	0.0401325	0.0401348
2102	0.040132	0.040134
2103	0.0401315	0.0401332
2104	0.0401298	0.0401324
2105	0.0401296	0.0401316
2106	0.0401287	0.0401308
2107	0.0401275	0.04013
2108	0.0401271	0.0401291
2109	0.0401265	0.0401283
2110	0.0401258	0.0401275
2111	0.0401243	0.0401267
2112	0.0401236	0.0401259
2113	0.0401231	0.0401251
2114	0.0401221	0.0401242
2115	0.0401217	0.0401233
2116	0.0401205	0.0401226
2117	0.0401198	0.0401218
2118	0.0401189	0.0401209
2119	0.0401177	0.0401201
2120	0.0401171	0.0401192
2121	0.0401164	0.0401184
2122	0.0401159	0.0401176
2123	0.0401144	0.0401167
2124	0.0401135	0.0401159
2125	0.0401129	0.0401151
2126	0.0401118	0.0401143
2127	0.0401119	0.0401135
2128	0.0401108	0.0401126
2129	0.0401097	0.0401118
2130	0.0401086	0.040111
2131	0.0401078	0.0401102
2132	0.0401074	0.0401094
2133	0.040107	0.0401087
2134	0.0401058	0.0401079
2135	0.0401056	0.0401071
2136	0.0401038	0.0401064
2137	0.0401035	0.0401056
2138	0.0401024	0.0401049
2139	0.0401023	0.040104
2140	0.0401009	0.0401032
2141	0.0401003	0.0401023
2142	0.0400995	0.0401016
2143	0.0400988	0.0401008
2144	0.040098	0.0401
2145	0.0400964	0.0400992
2146	0.040096	0.0400984
2147	0.0400954	0.0400976
2148	0.0400952	0.0400969
2149	0.0400941	0.0400961
2150	0.0400932	0.0400953
2151	0.040092	0.0400945
2152	0.0400917	0.0400936
2153	0.0400903	0.0400928
2154	0.0400897	0.040092
2155	0.0400889	0.0400913
2156	0.0400881	0.0400905
2157	0.0400877	0.0400897
2158	0.0400873	0.0400889
2159	0.0400857	0.0400881
2160	0.0400852	0.0400873
2161	0.0400847	0.0400865
2162	0.0400836	0.0400857
2163	0.040083	0.0400849
2164	0.0400814	0.0400841
2165	0.0400808	0.0400832
2166	0.0400807	0.0400824
2167	0.0400799	0.0400816
2168	0.0400791	0.0400809
2169	0.0400782	0.0400801
2170	0.0400771	0.0400793
2171	0.0400767	0.0400784
2172	0.040076	0.0400776
2173	0.0400744	0.0400768
2174	0.0400748	0.040076
2175	0.040073	0.0400752
2176	0.0400725	0.0400744
2177	0.0400712	0.0400736
2178	0.0400708	0.0400729
2179	0.04007	0.0400721
2180	0.0400696	0.0400713
2181	0.040069	0.0400705
2182	0.0400677	0.0400697
2183	0.0400673	0.040069
2184	0.0400662	0.0400682
2185	0.0400651	0.0400674
2186	0.0400649	0.0400667
2187	0.0400637	0.0400659
2188	0.0400629	0.0400651
2189	0.0400623	0.0400642
2190	0.0400614	0.0400635
2191	0.0400608	0.0400627
2192	0.04006	0.040062
2193	0.0400596	0.0400612
2194	0.0400581	0.0400603
2195	0.0400579	0.0400596
2196	0.0400568	0.0400589
2197	0.040056	0.0400582
2198	0.0400551	0.0400575
2199	0.0400547	0.0400568
2200	0.0400541	0.040056
2201	0.0400529	0.0400553
2202	0.0400523	0.0400546
2203	0.0400513	0.0400538
2204	0.0400507	0.040053
2205	0.04005	0.0400523
2206	0.0400494	0.0400515
2207	0.0400484	0.0400508
2208	0.0400475	0.04005
2209	0.0400467	0.0400492
2210	0.0400459	0.0400484
2211	0.0400458	0.0400477
2212	0.0400444	0.0400469
2213	0.0400438	0.0400461
2214	0.0400433	0.0400453
2215	0.040042	0.0400446
2216	0.0400417	0.0400438
2217	0.0400409	0.040043
2218	0.0400404	0.0400422
2219	0.0400389	0.0400415
2220	0.0400384	0.0400407
2221	0.0400376	0.04004
2222	0.0400368	0.0400392
2223	0.040036	0.0400385
2224	0.0400352	0.0400377
2225	0.0400346	0.040037
2226	0.0400337	0.0400362
2227	0.0400332	0.0400355
2228	0.0400324	0.0400347
2229	0.0400315	0.0400339
2230	0.0400309	0.0400331
2231	0.0400298	0.0400324
2232	0.0400291	0.0400316
2233	0.0400283	0.0400309
2234	0.0400279	0.0400301
2235	0.040027	0.0400294
2236	0.0400264	0.0400287
2237	0.0400258	0.040028
2238	0.0400246	0.0400272
2239	0.040024	0.0400264
2240	0.0400232	0.0400255
2241	0.0400229	0.0400247
2242	0.0400214	0.040024
2243	0.0400202	0.0400233
2244	0.0400201	0.0400225
2245	0.0400195	0.0400217
2246	0.0400186	0.0400209
2247	0.040018	0.0400202
2248	0.0400172	0.0400195
2249	0.0400159	0.0400188
2250	0.0400158	0.0400181
2251	0.040015	0.0400173
2252	0.0400144	0.0400165
2253	0.0400135	0.0400157
2254	0.040012	0.040015
2255	0.0400121	0.0400142
2256	0.0400113	0.0400134
2257	0.04001	0.0400126
2258	0.0400099	0.0400118
2259	0.0400091	0.0400111
2260	0.0400082	0.0400104
2261	0.0400069	0.0400096
2262	0.0400065	0.0400089
2263	0.0400052	0.0400081
2264	0.0400055	0.0400074
2265	0.0400048	0.0400066
2266	0.0400038	0.0400059
2267	0.0400028	0.0400052
2268	0.040002	0.0400044
2269	0.0400013	0.0400036
2270	0.0400006	0.0400028
2271	0.04	0.0400021
2272	0.0399994	0.0400014
