1	0.249793	0.24071
2	0.240705	0.232027
3	0.232022	0.223731
4	0.223729	0.21584
5	0.215837	0.208355
6	0.208354	0.201252
7	0.201248	0.194517
8	0.194516	0.188155
9	0.188154	0.18213
10	0.18213	0.176419
11	0.176419	0.171014
12	0.171016	0.1659
13	0.165897	0.161061
14	0.161057	0.156478
15	0.156477	0.152141
16	0.152138	0.148023
17	0.14802	0.144119
18	0.144115	0.140409
19	0.140404	0.136884
20	0.136881	0.13353
21	0.133526	0.130342
22	0.130335	0.1273
23	0.127298	0.124399
24	0.124395	0.12163
25	0.121625	0.118986
26	0.118984	0.11646
27	0.116457	0.114043
28	0.11404	0.111729
29	0.11173	0.109518
30	0.109516	0.107398
31	0.107396	0.105365
32	0.105364	0.103416
33	0.103415	0.101545
34	0.101544	0.0997498
35	0.0997481	0.098025
36	0.0980236	0.0963694
37	0.0963666	0.0947792
38	0.0947762	0.0932498
39	0.0932481	0.0917808
40	0.0917793	0.0903671
41	0.0903657	0.0890057
42	0.0890042	0.0876968
43	0.0876936	0.0864355
44	0.0864329	0.0852199
45	0.0852175	0.0840477
46	0.0840446	0.0829179
47	0.0829148	0.0818291
48	0.0818259	0.080779
49	0.0807761	0.0797648
50	0.0797619	0.0787878
51	0.0787838	0.0778432
52	0.077841	0.0769325
53	0.0769297	0.0760535
54	0.0760496	0.0752037
55	0.0752003	0.0743831
56	0.0743789	0.0735896
57	0.0735848	0.0728224
58	0.0728178	0.0720814
59	0.0720771	0.0713635
60	0.0713595	0.0706699
61	0.0706658	0.0699973
62	0.0699944	0.0693484
63	0.0693441	0.0687189
64	0.068715	0.0681089
65	0.0681046	0.0675185
66	0.067515	0.0669472
67	0.0669428	0.0663917
68	0.066389	0.0658545
69	0.0658511	0.0653329
70	0.0653304	0.0648283
71	0.0648246	0.0643372
72	0.0643342	0.0638618
73	0.0638597	0.0634
74	0.0633966	0.0629519
75	0.0629481	0.0625172
76	0.0625127	0.0620949
77	0.062092	0.0616839
78	0.0616818	0.0612858
79	0.0612832	0.0608991
80	0.060896	0.0605223
81	0.0605193	0.0601574
82	0.0601541	0.059802
83	0.0597989	0.0594558
84	0.0594532	0.0591197
85	0.0591168	0.0587925
86	0.0587903	0.0584748
87	0.0584724	0.0581647
88	0.0581622	0.0578628
89	0.0578603	0.0575693
90	0.057566	0.0572833
91	0.0572807	0.0570042
92	0.057003	0.0567335
93	0.0567309	0.0564688
94	0.0564663	0.056211
95	0.056209	0.0559596
96	0.0559564	0.0557137
97	0.0557115	0.0554745
98	0.0554724	0.0552411
99	0.0552393	0.0550129
100	0.0550122	0.0547909
101	0.0547895	0.0545744
102	0.0545721	0.0543627
103	0.0543602	0.0541557
104	0.0541533	0.0539539
105	0.0539519	0.0537565
106	0.0537554	0.0535639
107	0.0535623	0.0533757
108	0.0533735	0.0531919
109	0.0531888	0.0530117
110	0.0530089	0.0528362
111	0.0528338	0.0526644
112	0.0526622	0.0524962
113	0.0524937	0.0523319
114	0.0523294	0.052171
115	0.0521685	0.052014
116	0.0520114	0.0518601
117	0.0518574	0.0517097
118	0.0517063	0.0515619
119	0.0515591	0.0514178
120	0.0514152	0.0512763
121	0.0512744	0.051138
122	0.0511353	0.0510028
123	0.051	0.0508703
124	0.0508673	0.0507404
125	0.0507375	0.0506131
126	0.0506107	0.0504885
127	0.0504861	0.0503657
128	0.0503631	0.0502458
129	0.0502435	0.0501279
130	0.0501252	0.0500132
131	0.0500101	0.0498999
132	0.0498976	0.0497894
133	0.0497869	0.0496813
134	0.0496784	0.0495749
135	0.0495716	0.0494697
136	0.0494669	0.049367
137	0.0493646	0.0492666
138	0.0492637	0.0491678
139	0.0491655	0.0490705
140	0.0490677	0.0489755
141	0.0489727	0.0488824
142	0.0488793	0.0487904
143	0.0487874	0.048701
144	0.0486978	0.0486124
145	0.0486089	0.0485255
146	0.0485224	0.0484404
147	0.048437	0.0483565
148	0.0483523	0.0482743
149	0.0482705	0.0481935
150	0.0481898	0.0481144
151	0.0481104	0.0480358
152	0.0480323	0.0479589
153	0.0479557	0.0478831
154	0.0478799	0.0478085
155	0.0478056	0.0477361
156	0.0477324	0.0476643
157	0.0476605	0.0475938
158	0.0475888	0.0475242
159	0.0475206	0.0474554
160	0.0474524	0.0473886
161	0.0473851	0.0473222
162	0.0473191	0.047257
163	0.0472539	0.047193
164	0.0471896	0.0471299
165	0.0471265	0.047068
166	0.0470644	0.0470072
167	0.0470032	0.0469469
168	0.0469434	0.0468877
169	0.0468842	0.0468296
170	0.0468261	0.0467721
171	0.0467685	0.0467153
172	0.0467118	0.0466599
173	0.0466557	0.0466055
174	0.0466016	0.0465516
175	0.0465474	0.0464988
176	0.0464944	0.0464459
177	0.0464423	0.0463942
178	0.0463906	0.0463436
179	0.0463399	0.0462932
180	0.0462893	0.046244
181	0.0462396	0.0461949
182	0.0461915	0.0461466
183	0.0461433	0.0460998
184	0.0460957	0.046053
185	0.0460487	0.0460076
186	0.0460034	0.0459622
187	0.045958	0.0459174
188	0.0459133	0.0458733
189	0.0458691	0.0458298
190	0.0458263	0.0457868
191	0.0457831	0.0457441
192	0.0457409	0.0457027
193	0.0456991	0.0456619
194	0.0456578	0.0456212
195	0.0456173	0.045581
196	0.0455772	0.0455412
197	0.0455376	0.0455026
198	0.0454987	0.045464
199	0.04546	0.0454262
200	0.0454226	0.0453888
201	0.0453841	0.0453517
202	0.0453476	0.0453154
203	0.0453112	0.045279
204	0.0452749	0.0452432
205	0.0452388	0.0452081
206	0.0452035	0.0451733
207	0.0451685	0.0451388
208	0.0451349	0.0451051
209	0.0451007	0.0450716
210	0.0450668	0.0450387
211	0.0450345	0.0450056
212	0.045001	0.0449732
213	0.0449691	0.0449416
214	0.0449373	0.0449098
215	0.0449058	0.0448789
216	0.0448749	0.0448477
217	0.0448434	0.0448173
218	0.0448131	0.0447877
219	0.044783	0.0447577
220	0.0447537	0.0447284
221	0.044724	0.0446994
222	0.0446951	0.0446712
223	0.0446667	0.044643
224	0.0446381	0.0446146
225	0.0446098	0.0445869
226	0.044583	0.0445593
227	0.0445545	0.0445325
228	0.044527	0.0445056
229	0.0445014	0.0444795
230	0.0444745	0.0444533
231	0.0444484	0.0444266
232	0.0444221	0.0444014
233	0.0443973	0.0443758
234	0.044371	0.0443507
235	0.0443471	0.0443256
236	0.0443215	0.044301
237	0.0442969	0.0442765
238	0.044273	0.0442529
239	0.0442487	0.0442289
240	0.044225	0.0442053
241	0.0442014	0.0441823
242	0.044178	0.044159
243	0.0441546	0.0441362
244	0.0441324	0.0441135
245	0.0441096	0.0440911
246	0.0440873	0.0440692
247	0.0440653	0.0440473
248	0.0440431	0.0440257
249	0.044021	0.0440043
250	0.0439992	0.0439828
251	0.0439785	0.0439619
252	0.0439574	0.0439409
253	0.0439369	0.0439203
254	0.0439159	0.0438999
255	0.043896	0.0438796
256	0.0438752	0.0438595
257	0.0438548	0.0438397
258	0.0438352	0.0438204
259	0.043816	0.0438007
260	0.0437963	0.0437816
261	0.0437771	0.0437621
262	0.0437583	0.0437429
263	0.0437388	0.0437242
264	0.0437196	0.0437056
265	0.0437012	0.0436875
266	0.043684	0.0436692
267	0.0436654	0.0436508
268	0.0436467	0.0436329
269	0.0436293	0.0436156
270	0.0436115	0.0435983
271	0.0435937	0.0435806
272	0.0435761	0.0435629
273	0.0435585	0.0435456
274	0.0435418	0.0435286
275	0.0435251	0.0435116
276	0.0435086	0.0434949
277	0.0434916	0.0434782
278	0.043474	0.043462
279	0.043458	0.0434453
280	0.0434415	0.0434293
281	0.043425	0.0434133
282	0.0434091	0.0433975
283	0.0433937	0.043382
284	0.0433777	0.0433663
285	0.043362	0.0433506
286	0.0433461	0.0433353
287	0.0433306	0.0433201
288	0.0433153	0.0433046
289	0.0433002	0.0432899
290	0.0432855	0.0432751
291	0.0432706	0.0432599
292	0.043256	0.0432456
293	0.0432405	0.0432307
294	0.0432264	0.0432163
295	0.0432121	0.0432021
296	0.0431976	0.0431879
297	0.0431838	0.0431739
298	0.04317	0.04316
299	0.0431554	0.0431462
300	0.0431418	0.0431323
301	0.0431277	0.0431183
302	0.0431134	0.0431047
303	0.0430996	0.0430913
304	0.043087	0.0430778
305	0.0430732	0.0430645
306	0.0430602	0.0430511
307	0.0430472	0.0430382
308	0.0430334	0.0430253
309	0.0430209	0.0430125
310	0.0430081	0.0429996
311	0.0429951	0.0429868
312	0.0429828	0.0429743
313	0.0429699	0.0429617
314	0.0429574	0.0429493
315	0.042945	0.0429369
316	0.0429331	0.0429246
317	0.0429214	0.0429124
318	0.0429086	0.0429002
319	0.0428963	0.0428884
320	0.0428848	0.0428763
321	0.0428727	0.0428645
322	0.0428607	0.0428526
323	0.042849	0.042841
324	0.0428371	0.0428295
325	0.0428256	0.0428181
326	0.0428147	0.0428066
327	0.042803	0.042795
328	0.0427917	0.0427834
329	0.0427795	0.0427722
330	0.0427684	0.0427607
331	0.042757	0.0427496
332	0.0427459	0.0427387
333	0.0427357	0.0427277
334	0.0427245	0.0427168
335	0.0427139	0.0427061
336	0.0427031	0.0426954
337	0.0426917	0.0426845
338	0.042681	0.0426742
339	0.0426707	0.0426637
340	0.0426598	0.0426532
341	0.0426492	0.0426429
342	0.0426389	0.0426326
343	0.0426283	0.0426222
344	0.0426184	0.0426118
345	0.0426076	0.0426017
346	0.0425978	0.0425915
347	0.0425885	0.0425817
348	0.0425779	0.0425719
349	0.0425678	0.0425617
350	0.0425579	0.0425516
351	0.0425479	0.0425418
352	0.0425389	0.0425321
353	0.042529	0.0425224
354	0.0425189	0.0425128
355	0.0425094	0.0425031
356	0.0424995	0.0424935
357	0.0424897	0.042484
358	0.0424801	0.0424746
359	0.0424708	0.0424649
360	0.0424622	0.0424556
361	0.0424529	0.0424462
362	0.0424433	0.0424372
363	0.0424339	0.0424282
364	0.0424255	0.0424193
365	0.0424159	0.0424102
366	0.0424065	0.0424013
367	0.0423974	0.042392
368	0.0423887	0.0423831
369	0.0423798	0.0423741
370	0.042371	0.0423654
371	0.0423623	0.0423568
372	0.0423534	0.0423482
373	0.0423447	0.0423396
374	0.0423363	0.0423308
375	0.0423276	0.0423221
376	0.0423189	0.0423137
377	0.0423106	0.0423052
378	0.0423019	0.042297
379	0.0422943	0.0422884
380	0.0422849	0.04228
381	0.0422762	0.0422718
382	0.0422683	0.0422636
383	0.0422599	0.0422553
384	0.042252	0.0422472
385	0.0422438	0.042239
386	0.0422357	0.0422309
387	0.0422277	0.042223
388	0.0422193	0.0422151
389	0.0422114	0.0422072
390	0.0422033	0.0421991
391	0.0421958	0.0421907
392	0.0421877	0.0421828
393	0.0421797	0.0421751
394	0.0421721	0.0421672
395	0.0421639	0.0421597
396	0.0421565	0.0421522
397	0.0421487	0.0421446
398	0.042141	0.0421367
399	0.0421333	0.0421291
400	0.0421259	0.0421214
401	0.0421185	0.0421139
402	0.0421106	0.0421066
403	0.0421032	0.042099
404	0.0420955	0.0420917
405	0.0420883	0.0420843
406	0.0420803	0.0420769
407	0.0420736	0.0420697
408	0.0420667	0.0420626
409	0.0420592	0.0420553
410	0.0420522	0.0420481
411	0.0420447	0.0420409
412	0.0420373	0.0420338
413	0.042031	0.0420269
414	0.0420234	0.0420198
415	0.0420158	0.0420128
416	0.0420091	0.0420059
417	0.0420018	0.0419989
418	0.0419949	0.0419918
419	0.0419882	0.0419849
420	0.0419808	0.0419779
421	0.0419744	0.0419709
422	0.0419672	0.0419642
423	0.0419604	0.0419571
424	0.0419539	0.0419504
425	0.041947	0.0419438
426	0.0419403	0.0419371
427	0.0419338	0.0419303
428	0.0419265	0.0419236
429	0.0419201	0.0419167
430	0.0419136	0.0419103
431	0.0419074	0.041904
432	0.0418999	0.0418973
433	0.0418936	0.0418911
434	0.0418874	0.0418847
435	0.0418806	0.0418782
436	0.0418746	0.0418718
437	0.0418676	0.0418654
438	0.0418612	0.041859
439	0.0418549	0.0418528
440	0.0418487	0.0418466
441	0.0418422	0.0418402
442	0.0418359	0.0418338
443	0.0418294	0.0418276
444	0.0418237	0.0418213
445	0.0418173	0.041815
446	0.0418112	0.0418091
447	0.041805	0.0418029
448	0.0417995	0.0417967
449	0.0417932	0.0417908
450	0.0417868	0.0417848
451	0.0417815	0.0417788
452	0.0417755	0.0417728
453	0.0417689	0.0417667
454	0.0417637	0.0417606
455	0.0417573	0.0417548
456	0.041751	0.041749
457	0.0417463	0.041743
458	0.0417396	0.0417371
459	0.0417341	0.0417314
460	0.0417279	0.0417254
461	0.0417221	0.0417197
462	0.0417157	0.041714
463	0.0417106	0.0417081
464	0.0417046	0.0417025
465	0.0416988	0.041697
466	0.0416935	0.0416913
467	0.0416877	0.0416856
468	0.0416825	0.0416799
469	0.0416765	0.0416743
470	0.0416706	0.0416687
471	0.0416652	0.0416631
472	0.0416594	0.0416575
473	0.041654	0.0416522
474	0.0416485	0.0416466
475	0.041643	0.041641
476	0.0416376	0.0416355
477	0.041632	0.0416301
478	0.0416266	0.0416248
479	0.0416217	0.0416195
480	0.0416154	0.0416142
481	0.0416107	0.0416089
482	0.0416051	0.0416038
483	0.0416003	0.0415985
484	0.0415947	0.041593
485	0.0415893	0.0415875
486	0.0415843	0.0415821
487	0.0415789	0.041577
488	0.0415738	0.0415716
489	0.0415682	0.0415664
490	0.0415629	0.0415613
491	0.0415584	0.0415562
492	0.041553	0.041551
493	0.0415476	0.0415459
494	0.0415428	0.0415408
495	0.0415372	0.0415357
496	0.0415326	0.0415307
497	0.0415277	0.0415256
498	0.041523	0.0415207
499	0.0415174	0.0415158
500	0.0415126	0.0415109
501	0.0415069	0.0415058
502	0.0415025	0.0415008
503	0.041497	0.0414958
504	0.0414924	0.0414908
505	0.0414875	0.0414858
506	0.0414826	0.041481
507	0.0414773	0.0414764
508	0.0414731	0.0414716
509	0.0414686	0.0414667
510	0.0414633	0.0414621
511	0.0414587	0.0414573
512	0.0414543	0.0414525
513	0.0414491	0.0414476
514	0.0414442	0.0414428
515	0.0414396	0.041438
516	0.0414351	0.0414333
517	0.0414302	0.0414288
518	0.0414254	0.0414242
519	0.0414205	0.0414196
520	0.0414166	0.041415
521	0.0414114	0.0414105
522	0.0414069	0.0414059
523	0.0414021	0.0414012
524	0.0413971	0.0413966
525	0.0413935	0.0413921
526	0.0413881	0.0413877
527	0.041384	0.0413832
528	0.0413797	0.0413785
529	0.0413748	0.0413742
530	0.0413707	0.0413699
531	0.0413665	0.0413654
532	0.0413611	0.0413609
533	0.0413571	0.0413565
534	0.0413529	0.0413522
535	0.0413482	0.0413479
536	0.041344	0.0413434
537	0.0413393	0.041339
538	0.0413351	0.0413346
539	0.0413316	0.0413303
540	0.0413266	0.0413261
541	0.0413229	0.0413218
542	0.041318	0.0413176
543	0.0413143	0.0413132
544	0.0413099	0.0413088
545	0.0413053	0.0413045
546	0.0413011	0.0413003
547	0.0412972	0.0412961
548	0.0412927	0.0412918
549	0.0412885	0.0412876
550	0.0412838	0.0412835
551	0.0412803	0.0412791
552	0.041276	0.0412749
553	0.0412717	0.0412708
554	0.0412674	0.0412666
555	0.0412633	0.0412624
556	0.0412598	0.0412583
557	0.0412556	0.0412543
558	0.0412516	0.0412501
559	0.0412475	0.0412462
560	0.0412426	0.041242
561	0.0412384	0.041238
562	0.041235	0.041234
563	0.0412313	0.04123
564	0.0412266	0.041226
565	0.041223	0.041222
566	0.0412192	0.0412182
567	0.0412151	0.0412142
568	0.0412116	0.0412103
569	0.0412077	0.0412065
570	0.0412035	0.0412025
571	0.0411999	0.0411985
572	0.0411956	0.0411947
573	0.0411913	0.0411907
574	0.0411883	0.0411868
575	0.0411838	0.0411831
576	0.04118	0.0411792
577	0.0411764	0.0411754
578	0.0411728	0.0411716
579	0.0411687	0.0411678
580	0.0411653	0.0411639
581	0.0411608	0.0411602
582	0.0411569	0.0411563
583	0.0411533	0.0411525
584	0.0411497	0.0411488
585	0.041145	0.0411452
586	0.0411427	0.0411415
587	0.0411381	0.0411378
588	0.0411351	0.0411341
589	0.041131	0.0411305
590	0.0411275	0.0411268
591	0.0411235	0.0411232
592	0.0411203	0.0411196
593	0.0411157	0.0411161
594	0.0411133	0.0411125
595	0.0411092	0.0411087
596	0.0411059	0.0411051
597	0.041102	0.0411015
598	0.0410983	0.041098
599	0.0410949	0.0410944
600	0.0410914	0.0410909
601	0.041088	0.0410872
602	0.0410846	0.0410837
603	0.0410804	0.0410803
604	0.0410769	0.0410769
605	0.0410739	0.0410734
606	0.0410706	0.0410699
607	0.0410669	0.0410664
608	0.0410636	0.0410629
609	0.04106	0.0410594
610	0.0410565	0.041056
611	0.041053	0.0410526
612	0.04105	0.0410491
613	0.0410466	0.0410457
614	0.0410433	0.0410422
615	0.0410399	0.0410388
616	0.0410366	0.0410355
617	0.0410328	0.0410322
618	0.0410296	0.041029
619	0.0410261	0.0410256
620	0.0410224	0.0410222
621	0.0410198	0.0410188
622	0.0410165	0.0410156
623	0.0410139	0.0410124
624	0.0410099	0.0410091
625	0.0410056	0.0410057
626	0.0410028	0.0410025
627	0.0409998	0.0409992
628	0.0409969	0.0409959
629	0.0409931	0.0409925
630	0.0409901	0.0409892
631	0.0409867	0.0409858
632	0.0409835	0.0409827
633	0.0409803	0.0409795
634	0.0409776	0.0409764
635	0.0409735	0.0409731
636	0.0409704	0.0409699
637	0.0409675	0.0409667
638	0.040964	0.0409636
639	0.0409613	0.0409605
640	0.0409577	0.0409574
641	0.0409548	0.0409543
642	0.0409514	0.0409511
643	0.0409489	0.0409479
644	0.0409449	0.0409448
645	0.0409419	0.0409417
646	0.040939	0.0409387
647	0.0409363	0.0409357
648	0.0409334	0.0409326
649	0.0409297	0.0409296
650	0.0409269	0.0409266
651	0.0409236	0.0409235
652	0.0409205	0.0409204
653	0.0409175	0.0409174
654	0.0409148	0.0409144
655	0.0409113	0.0409114
656	0.0409083	0.0409083
657	0.0409055	0.0409054
658	0.0409025	0.0409024
659	0.0408995	0.0408994
660	0.0408963	0.0408965
661	0.0408928	0.0408936
662	0.0408901	0.0408907
663	0.0408876	0.0408877
664	0.0408846	0.0408848
665	0.0408816	0.0408819
666	0.0408788	0.0408789
667	0.0408759	0.0408758
668	0.0408732	0.040873
669	0.0408695	0.0408701
670	0.0408671	0.0408672
671	0.0408638	0.0408645
672	0.0408618	0.0408616
673	0.0408586	0.0408588
674	0.0408557	0.0408559
675	0.0408527	0.0408531
676	0.0408501	0.0408503
677	0.0408473	0.0408475
678	0.0408442	0.0408445
679	0.0408417	0.0408416
680	0.0408383	0.0408387
681	0.0408366	0.0408358
682	0.0408329	0.0408329
683	0.0408305	0.0408302
684	0.0408273	0.0408274
685	0.0408243	0.0408247
686	0.040822	0.0408219
687	0.040819	0.0408191
688	0.0408163	0.0408164
689	0.0408132	0.0408138
690	0.0408114	0.040811
691	0.0408086	0.0408083
692	0.0408054	0.0408056
693	0.0408026	0.0408028
694	0.0408002	0.0408003
695	0.0407967	0.0407976
696	0.0407945	0.0407949
697	0.0407918	0.0407923
698	0.0407888	0.0407894
699	0.0407865	0.0407867
700	0.0407835	0.0407841
701	0.0407809	0.0407815
702	0.0407791	0.0407788
703	0.0407761	0.0407762
704	0.0407735	0.0407735
705	0.0407706	0.0407709
706	0.0407682	0.0407682
707	0.0407657	0.0407656
708	0.0407626	0.040763
709	0.0407605	0.0407603
710	0.0407576	0.0407577
711	0.0407545	0.0407552
712	0.0407524	0.0407526
713	0.0407499	0.0407502
714	0.0407469	0.0407478
715	0.0407452	0.0407453
716	0.040742	0.0407426
717	0.0407395	0.0407402
718	0.0407367	0.0407375
719	0.0407346	0.040735
720	0.0407323	0.0407324
721	0.0407298	0.0407299
722	0.0407267	0.0407275
723	0.0407244	0.040725
724	0.0407216	0.0407224
725	0.0407199	0.0407199
726	0.0407174	0.0407175
727	0.0407145	0.040715
728	0.040712	0.0407125
729	0.0407099	0.0407099
730	0.040707	0.0407075
731	0.0407046	0.0407052
732	0.0407021	0.0407028
733	0.0406996	0.0407005
734	0.0406973	0.0406981
735	0.040695	0.0406957
736	0.0406923	0.0406933
737	0.0406903	0.0406909
738	0.0406874	0.0406885
739	0.0406854	0.040686
740	0.0406826	0.0406835
741	0.0406804	0.040681
742	0.0406777	0.0406786
743	0.0406757	0.0406763
744	0.0406731	0.0406739
745	0.0406709	0.0406715
746	0.0406691	0.0406691
747	0.0406662	0.0406667
748	0.0406636	0.0406643
749	0.0406614	0.040662
750	0.0406593	0.0406596
751	0.0406569	0.0406573
752	0.0406543	0.040655
753	0.0406518	0.0406526
754	0.04065	0.0406502
755	0.0406477	0.0406479
756	0.0406451	0.0406456
757	0.0406427	0.0406433
758	0.0406408	0.040641
759	0.0406381	0.0406388
760	0.0406355	0.0406365
761	0.0406335	0.0406345
762	0.0406315	0.0406323
763	0.0406296	0.04063
764	0.0406268	0.0406276
765	0.040625	0.0406253
766	0.0406224	0.0406232
767	0.0406203	0.040621
768	0.0406183	0.0406187
769	0.0406159	0.0406165
770	0.0406133	0.0406144
771	0.0406113	0.0406122
772	0.0406089	0.04061
773	0.0406067	0.0406077
774	0.0406051	0.0406056
775	0.0406027	0.0406034
776	0.0406004	0.0406012
777	0.0405981	0.0405991
778	0.040596	0.0405971
779	0.0405942	0.0405948
780	0.0405913	0.0405926
781	0.0405898	0.0405905
782	0.0405872	0.0405881
783	0.0405845	0.040586
784	0.0405824	0.040584
785	0.0405801	0.0405818
786	0.0405779	0.0405795
787	0.0405765	0.0405773
788	0.0405742	0.0405753
789	0.040572	0.0405732
790	0.0405701	0.0405711
791	0.0405674	0.0405691
792	0.0405658	0.040567
793	0.0405632	0.0405649
794	0.0405612	0.0405628
795	0.0405593	0.0405607
796	0.0405575	0.0405587
797	0.0405552	0.0405566
798	0.0405529	0.0405545
799	0.040551	0.0405525
800	0.0405492	0.0405504
801	0.0405473	0.0405483
802	0.0405444	0.0405463
803	0.0405429	0.0405442
804	0.0405406	0.0405423
805	0.0405388	0.0405401
806	0.0405365	0.0405381
807	0.0405347	0.040536
808	0.0405326	0.0405338
809	0.0405305	0.0405317
810	0.0405285	0.0405296
811	0.0405261	0.0405276
812	0.0405247	0.0405256
813	0.0405229	0.0405236
814	0.0405205	0.0405215
815	0.0405181	0.0405196
816	0.0405164	0.0405176
817	0.0405144	0.0405156
818	0.0405128	0.0405135
819	0.0405103	0.0405116
820	0.0405079	0.0405096
821	0.0405065	0.0405075
822	0.0405049	0.0405056
823	0.0405027	0.0405037
824	0.0405	0.0405016
825	0.0404984	0.0404997
826	0.0404963	0.0404975
827	0.0404949	0.0404955
828	0.0404923	0.0404937
829	0.0404904	0.0404917
830	0.0404884	0.0404898
831	0.0404865	0.0404879
832	0.040485	0.0404859
833	0.0404828	0.040484
834	0.0404807	0.040482
835	0.0404789	0.0404801
836	0.0404774	0.0404781
837	0.0404749	0.0404763
838	0.0404726	0.0404744
839	0.040471	0.0404724
840	0.0404689	0.0404704
841	0.0404675	0.0404685
842	0.0404649	0.0404666
843	0.040463	0.0404647
844	0.040462	0.0404628
845	0.0404603	0.040461
846	0.0404579	0.040459
847	0.0404569	0.040457
848	0.0404544	0.0404551
849	0.0404524	0.0404532
850	0.0404501	0.0404514
851	0.0404478	0.0404496
852	0.0404463	0.0404478
853	0.0404449	0.0404459
854	0.0404432	0.0404439
855	0.0404407	0.0404421
856	0.0404398	0.0404402
857	0.0404376	0.0404384
858	0.0404354	0.0404366
859	0.0404335	0.0404348
860	0.0404319	0.0404329
861	0.0404304	0.0404311
862	0.0404285	0.0404292
863	0.0404265	0.0404274
864	0.0404246	0.0404254
865	0.0404229	0.0404237
866	0.0404209	0.0404219
867	0.04042	0.0404201
868	0.0404176	0.0404184
869	0.0404155	0.0404166
870	0.0404137	0.0404148
871	0.0404119	0.0404131
872	0.0404098	0.0404113
873	0.0404087	0.0404095
874	0.0404062	0.0404078
875	0.0404044	0.040406
876	0.0404027	0.0404043
877	0.0404018	0.0404025
878	0.0403982	0.0404007
879	0.0403975	0.0403989
880	0.0403952	0.0403972
881	0.0403939	0.0403954
882	0.0403925	0.0403935
883	0.0403907	0.0403917
884	0.0403888	0.0403899
885	0.0403875	0.0403882
886	0.0403854	0.0403867
887	0.0403833	0.0403849
888	0.0403816	0.0403832
889	0.0403803	0.0403813
890	0.0403783	0.0403794
891	0.0403766	0.0403777
892	0.0403751	0.040376
893	0.0403739	0.0403742
894	0.0403712	0.0403725
895	0.0403703	0.0403708
896	0.0403678	0.0403691
897	0.0403662	0.0403674
898	0.0403649	0.0403656
899	0.0403631	0.040364
900	0.0403608	0.0403624
901	0.0403596	0.0403606
902	0.0403576	0.0403589
903	0.0403561	0.0403572
904	0.0403543	0.0403556
905	0.0403523	0.0403539
906	0.0403511	0.0403522
907	0.0403486	0.0403506
908	0.0403476	0.040349
909	0.0403465	0.0403472
910	0.0403446	0.0403455
911	0.0403428	0.0403438
912	0.0403408	0.0403422
913	0.0403391	0.0403405
914	0.0403371	0.0403389
915	0.0403357	0.0403372
916	0.0403345	0.0403356
917	0.0403329	0.0403339
918	0.0403311	0.0403323
919	0.0403296	0.0403306
920	0.0403278	0.040329
921	0.0403265	0.0403274
922	0.0403247	0.0403256
923	0.0403224	0.0403239
924	0.0403208	0.0403224
925	0.0403195	0.0403208
926	0.0403174	0.0403191
927	0.0403158	0.0403174
928	0.0403145	0.0403158
929	0.040313	0.0403141
930	0.0403112	0.0403126
931	0.0403095	0.040311
932	0.0403085	0.0403093
933	0.0403063	0.0403077
934	0.0403049	0.040306
935	0.0403031	0.0403044
936	0.0403009	0.0403029
937	0.0402998	0.0403012
938	0.0402982	0.0402996
939	0.0402967	0.0402981
940	0.0402952	0.0402965
941	0.0402941	0.0402949
942	0.040292	0.0402934
943	0.0402907	0.0402917
944	0.0402898	0.0402901
945	0.0402871	0.0402885
946	0.0402862	0.040287
947	0.0402841	0.0402854
948	0.0402828	0.0402838
949	0.0402807	0.0402824
950	0.0402796	0.0402808
951	0.0402781	0.0402792
952	0.0402766	0.0402776
953	0.0402746	0.0402761
954	0.0402733	0.0402746
955	0.0402718	0.040273
956	0.0402703	0.0402714
957	0.0402691	0.0402699
958	0.0402672	0.0402684
959	0.0402654	0.0402668
960	0.0402644	0.0402654
961	0.0402624	0.0402639
962	0.040261	0.0402624
963	0.0402592	0.0402609
964	0.0402578	0.0402594
965	0.040256	0.0402579
966	0.040255	0.0402563
967	0.0402531	0.0402547
968	0.040252	0.0402532
969	0.0402503	0.0402516
970	0.0402489	0.04025
971	0.0402473	0.0402485
972	0.0402461	0.0402469
973	0.040244	0.0402454
974	0.0402423	0.040244
975	0.0402407	0.0402425
976	0.0402394	0.0402411
977	0.0402377	0.0402395
978	0.0402368	0.0402381
979	0.0402354	0.0402366
980	0.0402339	0.0402352
981	0.0402317	0.0402337
982	0.0402313	0.0402323
983	0.040229	0.0402308
984	0.0402282	0.0402294
985	0.0402264	0.0402279
986	0.0402241	0.0402264
987	0.0402233	0.0402249
988	0.0402217	0.0402236
989	0.0402207	0.0402221
990	0.0402186	0.0402205
991	0.0402173	0.040219
992	0.0402154	0.0402175
993	0.0402137	0.040216
994	0.0402131	0.0402146
995	0.0402113	0.0402131
996	0.0402097	0.0402117
997	0.040209	0.0402103
998	0.040207	0.0402088
999	0.0402061	0.0402075
1000	0.0402047	0.0402061
1001	0.0402031	0.0402046
1002	0.0402011	0.0402031
1003	0.0401999	0.0402018
1004	0.0401985	0.0402004
1005	0.0401968	0.040199
1006	0.0401954	0.0401975
1007	0.0401938	0.040196
1008	0.0401931	0.0401945
1009	0.0401907	0.040193
1010	0.0401901	0.0401915
1011	0.0401883	0.0401902
1012	0.040187	0.0401888
1013	0.0401851	0.0401874
1014	0.0401836	0.040186
1015	0.0401827	0.0401845
1016	0.0401816	0.040183
1017	0.0401798	0.0401815
1018	0.0401788	0.0401802
1019	0.0401767	0.0401787
1020	0.0401753	0.0401773
1021	0.0401741	0.040176
1022	0.0401727	0.0401747
1023	0.0401716	0.0401732
1024	0.0401705	0.0401718
1025	0.0401688	0.0401704
1026	0.0401676	0.040169
1027	0.0401657	0.0401675
1028	0.0401641	0.0401661
1029	0.0401627	0.0401648
1030	0.0401619	0.0401633
1031	0.0401598	0.0401619
1032	0.0401589	0.0401606
1033	0.0401576	0.0401591
1034	0.0401558	0.0401577
1035	0.0401544	0.0401563
1036	0.0401532	0.0401549
1037	0.0401518	0.0401535
1038	0.0401505	0.0401522
1039	0.0401491	0.0401507
1040	0.0401476	0.0401493
1041	0.0401464	0.040148
1042	0.0401446	0.0401466
1043	0.0401437	0.0401453
1044	0.0401426	0.0401439
1045	0.0401413	0.0401426
1046	0.0401394	0.0401413
1047	0.0401383	0.0401399
1048	0.0401368	0.0401386
1049	0.0401352	0.0401371
1050	0.0401339	0.0401358
1051	0.0401329	0.0401343
1052	0.0401311	0.0401329
1053	0.0401296	0.0401316
1054	0.0401285	0.0401302
1055	0.0401272	0.0401288
1056	0.0401265	0.0401275
1057	0.0401245	0.0401262
1058	0.0401228	0.0401249
1059	0.0401224	0.0401235
1060	0.0401212	0.0401222
1061	0.0401189	0.0401209
1062	0.0401176	0.0401195
1063	0.0401166	0.0401182
1064	0.0401151	0.0401167
1065	0.0401141	0.0401153
1066	0.0401127	0.0401139
1067	0.0401112	0.0401126
1068	0.04011	0.0401113
1069	0.040109	0.04011
1070	0.0401072	0.0401086
1071	0.0401058	0.0401073
1072	0.0401045	0.0401059
1073	0.0401036	0.0401046
1074	0.0401018	0.0401034
1075	0.0401006	0.0401021
1076	0.0400993	0.0401007
1077	0.0400978	0.0400994
1078	0.0400965	0.0400981
1079	0.0400954	0.0400968
1080	0.0400944	0.0400954
1081	0.0400928	0.0400942
1082	0.0400912	0.0400929
1083	0.0400902	0.0400917
1084	0.0400891	0.0400904
1085	0.0400875	0.0400891
1086	0.040086	0.0400878
1087	0.0400853	0.0400865
1088	0.0400839	0.0400852
1089	0.0400827	0.0400839
1090	0.0400812	0.0400827
1091	0.0400793	0.0400814
1092	0.0400787	0.0400801
1093	0.0400769	0.0400788
1094	0.0400763	0.0400775
1095	0.0400745	0.0400761
1096	0.0400729	0.0400748
1097	0.0400723	0.0400736
1098	0.0400707	0.0400723
1099	0.0400693	0.040071
1100	0.0400683	0.0400698
1101	0.0400675	0.0400684
1102	0.0400658	0.0400671
1103	0.0400648	0.0400658
1104	0.0400633	0.0400646
1105	0.0400625	0.0400634
1106	0.0400608	0.0400621
1107	0.0400599	0.0400608
1108	0.0400585	0.0400595
1109	0.0400574	0.0400582
1110	0.0400559	0.040057
1111	0.0400544	0.0400557
1112	0.0400532	0.0400544
1113	0.0400517	0.0400532
1114	0.0400507	0.0400519
1115	0.0400494	0.0400506
1116	0.0400481	0.0400493
1117	0.0400474	0.040048
1118	0.0400456	0.0400467
1119	0.0400444	0.0400455
1120	0.0400434	0.0400443
1121	0.0400424	0.0400431
1122	0.0400404	0.040042
1123	0.0400397	0.0400407
1124	0.0400383	0.0400395
1125	0.0400368	0.0400383
1126	0.0400359	0.0400371
1127	0.0400344	0.040036
1128	0.0400332	0.0400349
1129	0.0400324	0.0400336
1130	0.0400303	0.0400324
1131	0.0400295	0.0400312
1132	0.0400288	0.04003
1133	0.0400271	0.0400288
1134	0.0400257	0.0400276
1135	0.0400248	0.0400263
1136	0.0400227	0.0400251
1137	0.0400219	0.0400239
1138	0.0400213	0.0400226
1139	0.04002	0.0400212
1140	0.0400182	0.04002
1141	0.0400177	0.0400188
1142	0.0400164	0.0400175
1143	0.040015	0.0400163
1144	0.0400132	0.040015
1145	0.0400126	0.0400138
1146	0.040011	0.0400126
1147	0.0400109	0.0400114
1148	0.0400089	0.0400102
1149	0.0400078	0.040009
1150	0.0400057	0.0400079
1151	0.0400047	0.0400067
1152	0.0400041	0.0400055
1153	0.0400028	0.0400042
1154	0.0400011	0.040003
1155	0.0400002	0.0400018
1156	0.0399988	0.0400006
