1	0.249757	0.237492
2	0.237489	0.226579
3	0.226579	0.216839
4	0.216839	0.208041
5	0.208039	0.200005
6	0.200004	0.192615
7	0.192615	0.18577
8	0.18577	0.179394
9	0.179392	0.17346
10	0.17346	0.167916
11	0.167915	0.162723
12	0.162723	0.157854
13	0.157854	0.153279
14	0.153279	0.148981
15	0.148981	0.144934
16	0.144934	0.141118
17	0.141119	0.137517
18	0.137517	0.134119
19	0.134118	0.130905
20	0.130904	0.127855
21	0.127857	0.124968
22	0.124969	0.122225
23	0.122224	0.119616
24	0.119617	0.117134
25	0.117133	0.114767
26	0.114767	0.112511
27	0.112512	0.110356
28	0.110357	0.108299
29	0.1083	0.106334
30	0.106334	0.104449
31	0.104449	0.102643
32	0.102642	0.100913
33	0.100912	0.0992501
34	0.0992512	0.0976551
35	0.0976544	0.0961202
36	0.0961191	0.0946418
37	0.0946431	0.0932214
38	0.0932206	0.0918517
39	0.0918507	0.0905304
40	0.0905298	0.089256
41	0.089254	0.0880245
42	0.0880253	0.0868369
43	0.086836	0.085688
44	0.0856866	0.0845771
45	0.0845768	0.083501
46	0.0835004	0.0824613
47	0.0824611	0.0814523
48	0.0814537	0.0804776
49	0.0804774	0.0795296
50	0.0795299	0.0786129
51	0.0786118	0.0777236
52	0.0777219	0.0768585
53	0.0768586	0.0760189
54	0.0760186	0.0752061
55	0.0752042	0.0744138
56	0.0744124	0.0736446
57	0.0736426	0.0728973
58	0.0728959	0.072171
59	0.0721717	0.0714648
60	0.0714638	0.0707768
61	0.0707764	0.070107
62	0.0701065	0.0694559
63	0.0694554	0.0688215
64	0.068821	0.0682047
65	0.0682041	0.0676029
66	0.0676031	0.0670176
67	0.0670166	0.0664472
68	0.0664463	0.0658897
69	0.0658895	0.0653486
70	0.0653478	0.0648198
71	0.0648179	0.0643041
72	0.0643034	0.0638004
73	0.0637999	0.0633092
74	0.0633083	0.0628307
75	0.06283	0.0623634
76	0.0623628	0.0619074
77	0.0619068	0.0614621
78	0.0614622	0.0610278
79	0.0610268	0.0606031
80	0.0606016	0.060189
81	0.0601877	0.0597837
82	0.0597829	0.059388
83	0.0593876	0.0590008
84	0.0590005	0.0586235
85	0.0586235	0.0582551
86	0.0582544	0.0578946
87	0.0578933	0.057541
88	0.0575399	0.057196
89	0.0571952	0.0568587
90	0.0568579	0.0565285
91	0.0565284	0.0562057
92	0.0562056	0.0558906
93	0.0558894	0.0555819
94	0.0555808	0.0552803
95	0.0552795	0.0549833
96	0.0549833	0.0546937
97	0.0546937	0.0544102
98	0.0544098	0.0541337
99	0.0541336	0.0538616
100	0.0538614	0.0535954
101	0.0535948	0.0533351
102	0.0533343	0.0530801
103	0.0530791	0.0528297
104	0.0528292	0.0525845
105	0.0525843	0.0523449
106	0.0523443	0.0521095
107	0.0521089	0.0518784
108	0.0518782	0.0516533
109	0.0516523	0.0514317
110	0.0514321	0.0512139
111	0.0512137	0.0510006
112	0.0510005	0.0507927
113	0.0507923	0.0505878
114	0.0505875	0.050387
115	0.0503862	0.0501903
116	0.050189	0.0499969
117	0.0499963	0.0498072
118	0.0498067	0.0496213
119	0.049621	0.049438
120	0.0494378	0.0492593
121	0.0492586	0.0490836
122	0.0490831	0.0489102
123	0.04891	0.048741
124	0.0487408	0.0485739
125	0.0485743	0.0484114
126	0.0484107	0.0482505
127	0.0482499	0.0480931
128	0.0480927	0.0479382
129	0.0479382	0.0477866
130	0.0477858	0.047637
131	0.0476365	0.0474903
132	0.0474894	0.0473457
133	0.0473459	0.0472047
134	0.0472035	0.047065
135	0.0470644	0.0469281
136	0.0469281	0.0467942
137	0.0467934	0.0466616
138	0.0466607	0.0465309
139	0.0465306	0.0464031
140	0.0464026	0.0462777
141	0.0462763	0.0461538
142	0.0461532	0.0460324
143	0.046032	0.0459128
144	0.045912	0.0457954
145	0.0457949	0.0456804
146	0.0456789	0.0455662
147	0.0455653	0.0454542
148	0.0454539	0.0453434
149	0.0453432	0.0452352
150	0.0452345	0.0451281
151	0.0451284	0.0450234
152	0.0450234	0.0449202
153	0.0449202	0.0448186
154	0.044819	0.0447186
155	0.0447184	0.0446204
156	0.0446195	0.0445231
157	0.0445228	0.0444274
158	0.0444272	0.0443335
159	0.0443334	0.044241
160	0.0442399	0.0441497
161	0.0441489	0.0440601
162	0.0440594	0.0439715
163	0.0439704	0.0438841
164	0.0438838	0.0437982
165	0.0437973	0.0437132
166	0.0437128	0.04363
167	0.0436298	0.0435473
168	0.0435479	0.0434664
169	0.0434661	0.0433869
170	0.0433868	0.0433083
171	0.0433079	0.0432316
172	0.0432305	0.0431545
173	0.0431538	0.0430791
174	0.0430792	0.0430047
175	0.0430042	0.0429313
176	0.0429312	0.0428597
177	0.0428595	0.0427881
178	0.042787	0.0427181
179	0.0427168	0.0426486
180	0.042649	0.04258
181	0.0425794	0.042513
182	0.0425122	0.0424466
183	0.0424463	0.042381
184	0.0423804	0.0423165
185	0.0423156	0.042253
186	0.0422523	0.04219
187	0.0421888	0.0421277
188	0.0421264	0.0420668
189	0.0420656	0.0420059
190	0.0420053	0.0419461
191	0.0419457	0.0418872
192	0.041887	0.0418296
193	0.0418295	0.0417722
194	0.0417711	0.0417149
195	0.0417147	0.0416594
196	0.0416587	0.0416037
197	0.0416036	0.0415499
198	0.0415496	0.0414969
199	0.0414961	0.0414435
200	0.0414427	0.0413911
201	0.0413908	0.0413389
202	0.0413382	0.0412876
203	0.0412875	0.0412371
204	0.0412364	0.041187
205	0.0411865	0.0411378
206	0.0411378	0.0410898
207	0.0410891	0.0410414
208	0.041041	0.0409937
209	0.0409942	0.0409469
210	0.0409469	0.0409006
211	0.0408994	0.0408551
212	0.0408544	0.04081
213	0.0408089	0.0407657
214	0.0407647	0.0407211
215	0.0407203	0.0406776
216	0.0406771	0.0406342
217	0.0406339	0.0405919
218	0.0405915	0.0405501
219	0.040549	0.0405084
220	0.0405077	0.0404673
221	0.040467	0.0404265
222	0.0404259	0.0403864
223	0.0403858	0.0403467
224	0.0403456	0.040308
225	0.0403059	0.0402691
226	0.0402683	0.0402307
227	0.0402297	0.040193
228	0.0401919	0.0401557
229	0.0401543	0.0401182
230	0.0401171	0.0400814
231	0.0400805	0.0400451
232	0.0400443	0.0400089
233	0.0400083	0.0399738
234	0.0399727	0.0399389
