1486 3 3
0.181738 0.118847 -0.0226932
-0.991651 1.15032 -1.88914
0.167851 0.117384 -0.0241958
-0.960516 1.37419 -1.52299
0.17189 0.124785 -0.0425171
-0.942861 1.10209 -1.78462
0.168324 0.120759 -0.00907085
-0.948475 1.42597 -1.58303
0.171825 0.140762 0.00716042
-0.884447 1.09984 -2.23026
0.182788 0.124168 -0.0236445
-0.974096 1.03816 -2.05976
0.169662 0.129794 -0.0317286
-0.917756 1.16528 -1.78313
0.163743 0.117715 -0.00723985
-0.947499 1.52534 -1.45092
0.173846 0.115116 -0.0216255
-0.985911 1.33025 -1.61534
0.1625 0.126112 -0.0202662
-0.910818 1.38595 -1.54155
0.169909 0.135611 -0.0196771
-0.897193 1.16313 -1.89578
0.163082 0.133241 -0.0151935
-0.885764 1.33174 -1.67186
0.16404 0.151427 -0.00358973
-0.825359 1.03993 -2.23207
0.165785 0.137504 0.00223161
-0.878378 1.31048 -1.85923
0.163239 0.131576 -0.0269641
-0.89239 1.27437 -1.65355
0.167497 0.116714 -0.00303342
-0.962212 1.50634 -1.51719
0.172298 0.117821 -0.00355704
-0.971012 1.42476 -1.63437
0.167452 0.129995 -0.0251844
-0.910668 1.24374 -1.7184
0.168915 0.122629 -0.0186919
-0.942844 1.34457 -1.62009
0.163711 0.138736 0.00938165
-0.867787 1.34812 -1.86407
0.17001 0.118562 -0.0177611
-0.961827 1.37541 -1.58098
0.181946 0.12607 -0.0173911
-0.964853 1.06392 -2.0737
0.171432 0.115451 0.0073304
-0.978113 1.5045 -1.61216
0.177596 0.130311 -0.038218
-0.937775 0.943477 -2.08256
0.178629 0.120838 -0.0365071
-0.976033 1.08388 -1.87031
0.162435 0.125638 0.00534913
-0.912444 1.52111 -1.57027
0.177749 0.116638 -0.00722279
-0.990078 1.3341 -1.73971
0.162803 0.116925 -0.0179597
-0.947962 1.48201 -1.41636
0.179884 0.1262 -0.0086633
-0.959022 1.1573 -2.00222
0.166253 0.133982 -0.0357535
-0.892475 1.13615 -1.79274
0.163243 0.123473 -0.0402034
-0.923227 1.25633 -1.5561
0.167961 0.133776 -0.0339703
-0.898212 1.12493 -1.82735
0.164573 0.141196 -0.0219529
-0.861703 1.16234 -1.87668
0.161654 0.131995 0.00086913
-0.886056 1.44405 -1.64476
0.180217 0.123115 -0.0409496
-0.971469 0.979848 -1.99863
0.191681 0.116699 -0.0321673
-1.02392 0.787049 -2.38918
0.17512 0.126124 -0.0196638
-0.94663 1.20015 -1.83735
0.182484 0.117249 0.0121085
-0.9997 1.29241 -1.97286
0.165062 0.14095 -0.0125576
-0.864029 1.21061 -1.88419
0.186662 0.121066 -0.0105186
-0.995419 1.05524 -2.14757
0.163871 0.145758 -0.0412977
-0.843832 0.945001 -2.05225
0.163171 0.143597 0.000760135
-0.849118 1.25695 -1.9289
0.174122 0.129169 -0.0146118
-0.932544 1.20601 -1.8732
0.179572 0.115968 -0.0208622
-0.997377 1.2366 -1.76907
0.16799 0.129165 -0.0272107
-0.915318 1.23148 -1.71917
0.175813 0.118727 0.0126323
-0.976838 1.41079 -1.79771
0.166736 0.125942 0.0128654
-0.923889 1.4777 -1.70018
0.164013 0.139406 -0.0197727
-0.866322 1.2118 -1.81799
0.167967 0.139454 -0.000485911
-0.877881 1.22747 -1.96379
0.180227 0.124472 -0.0320677
-0.966379 1.0349 -1.98989
0.17101 0.1225 -0.00484376
-0.949194 1.38879 -1.67733
0.174826 0.131861 -0.022566
-0.924589 1.10449 -1.96328
0.170733 0.128232 -0.0408775
-0.926615 1.09359 -1.81394
0.184453 0.115843 -0.00856109
-1.01002 1.2106 -1.91945
0.163199 0.115608 -0.0076404
-0.954464 1.5489 -1.4125
0.162991 0.132839 -0.0261426
-0.886972 1.26922 -1.6693
0.165748 0.143017 -0.0362048
-0.858884 1.00375 -2.00292
0.166136 0.140968 -0.000636439
-0.86717 1.23873 -1.94497
0.190342 0.119847 -0.0285939
-1.00887 0.749608 -2.48056
0.179955 0.1232 -0.00678096
-0.97047 1.21104 -1.93439
0.163462 0.115246 -0.00930726
-0.9567 1.53975 -1.41066
0.165053 0.134388 -0.040641
-0.88745 1.10958 -1.79011
0.168768 0.141271 -0.0330834
-0.873856 0.995211 -2.04485
0.165801 0.148405 -0.0178693
-0.840706 1.01832 -2.1423
0.17716 0.12449 -0.0418805
-0.958261 1.01685 -1.92974
0.165996 0.116219 0.00773089
-0.959981 1.57612 -1.51135
0.174551 0.11591 -0.00919428
-0.984608 1.38334 -1.6467
0.172814 0.11583 -0.0125485
-0.980309 1.39222 -1.60283
0.164854 0.115916 0.00358943
-0.957966 1.5783 -1.47133
0.168341 0.135557 -0.0130028
-0.89286 1.23 -1.84986
0.166434 0.133392 -0.0271626
-0.895157 1.20473 -1.76212
0.174278 0.135039 0.00199876
-0.91158 1.16692 -2.07995
0.163958 0.139281 0.00284093
-0.866598 1.31841 -1.85239
0.170831 0.133325 -0.0383479
-0.908092 1.04391 -1.91821
0.166403 0.146552 -0.0166714
-0.848743 1.05454 -2.09496
0.190151 0.118124 0.0047019
-1.01493 0.972392 -2.41168
0.184017 0.116182 0.0137343
-1.00763 1.27225 -2.01794
0.166418 0.123603 -0.037325
-0.931967 1.23764 -1.61421
0.162345 0.120429 -0.0131507
-0.932559 1.48541 -1.45609
0.171622 0.117036 -0.0413674
-0.972296 1.19731 -1.64046
0.164183 0.139209 0.00999433
-0.86753 1.33306 -1.89233
0.17841 0.124637 0.00315515
-0.961009 1.25626 -1.95082
0.167537 0.135245 -0.0373826
-0.891648 1.08455 -1.86115
0.184018 0.117936 0.00481484
-1.00085 1.23349 -2.00054
0.175049 0.12616 0.00291563
-0.946306 1.30328 -1.87625
0.166636 0.134455 -0.0357089
-0.891877 1.12416 -1.81252
0.169021 0.126629 -0.0050147
-0.927814 1.37199 -1.70137
0.165999 0.126433 -0.0408331
-0.919881 1.18581 -1.6643
0.164354 0.128986 -0.0387793
-0.905387 1.19825 -1.66384
0.161678 0.151057 0.0132806
-0.819346 1.13028 -2.23532
0.185336 0.12624 -0.0297539
-0.972841 0.83563 -2.33195
0.179239 0.118334 -0.00099001
-0.987282 1.31368 -1.8261
0.163508 0.131924 -0.0417501
-0.891903 1.15274 -1.70931
0.163292 0.135616 -0.0302326
-0.877725 1.20314 -1.73636
0.167566 0.140825 -0.011459
-0.871893 1.16906 -1.95919
0.166563 0.145066 -0.0162129
-0.854274 1.08616 -2.04863
0.163084 0.11963 -0.023477
-0.937908 1.41875 -1.46081
0.173576 0.120567 -0.0340701
-0.963702 1.19195 -1.71855
0.166182 0.11634 -0.034505
-0.960022 1.32972 -1.49415
0.179709 0.122722 -0.0385572
-0.971643 1.01895 -1.95685
0.17549 0.128137 -0.0146461
-0.940109 1.19401 -1.89177
0.166699 0.136955 0.0116474
-0.883043 1.32339 -1.92143
0.166045 0.144427 -0.0350753
-0.854913 0.978936 -2.05331
0.175721 0.118254 -0.0341455
-0.978447 1.18257 -1.73292
0.161999 0.151311 -0.0312484
-0.819498 0.956315 -2.12405
0.164904 0.132232 -0.0385533
-0.894917 1.15572 -1.73485
0.179729 0.1309 -0.0391968
-0.941316 0.84855 -2.22791
0.164318 0.134437 -0.0382417
-0.885085 1.14035 -1.7627
0.181389 0.121588 -0.0360176
-0.980272 1.02071 -1.97712
0.163644 0.11705 -0.00683943
-0.949895 1.53472 -1.44073
0.163294 0.124152 -0.0345149
-0.920738 1.29471 -1.5498
0.170159 0.134825 -0.0350107
-0.900739 1.06207 -1.91933
0.163932 0.123786 -0.029333
-0.924038 1.32886 -1.5453
0.174062 0.123334 -0.00503196
-0.954345 1.32899 -1.76699
0.170388 0.124151 -0.00752022
-0.941107 1.36754 -1.68583
0.165199 0.118402 -0.0195033
-0.948934 1.42962 -1.48156
0.161542 0.122429 -0.0353809
-0.922273 1.32537 -1.49251
0.164794 0.138678 -0.0374749
-0.871244 1.08228 -1.86398
0.183127 0.117129 -0.0087972
-1.00177 1.22046 -1.90195
0.173256 0.130396 -0.020266
-0.925619 1.17276 -1.87527
0.180328 0.130905 -0.0194308
-0.94288 0.996109 -2.16417
0.16494 0.15211 -0.0193717
-0.825842 0.914701 -2.29524
0.163846 0.118157 -0.00386507
-0.946021 1.53704 -1.46439
0.166645 0.145597 -0.0365915
-0.852705 0.92257 -2.13107
0.167806 0.125241 -0.0132258
-0.929639 1.36464 -1.63895
0.162598 0.125911 -0.0241989
-0.91188 1.36099 -1.5435
0.173777 0.132428 -0.0238768
-0.919626 1.10911 -1.94421
0.186321 0.120378 -0.000787976
-0.997183 1.11079 -2.14409
0.170506 0.13262 0.00151263
-0.909738 1.29332 -1.87932
0.166775 0.134673 0.0119074
-0.891488 1.35846 -1.87032
0.182749 0.128802 -0.0381325
-0.956854 0.78099 -2.3467
0.185345 0.116423 -0.0295387
-1.00994 1.05871 -1.97426
0.185502 0.121579 0.0110956
-0.99063 1.10826 -2.25109
0.169199 0.139901 -0.00338832
-0.879902 1.18272 -2.00836
0.171372 0.142351 -0.0283464
-0.87764 0.934805 -2.1844
0.177042 0.134052 0.00825537
-0.922717 1.10072 -2.23836
0.183038 0.129963 -0.0134994
-0.953369 0.937005 -2.31048
0.162622 0.154606 -0.00561924
-0.810663 0.96172 -2.33922
0.178077 0.132735 -0.00166704
-0.930258 1.09754 -2.15739
0.171629 0.133526 -0.0325875
-0.90962 1.07262 -1.92433
0.164636 0.141789 0.0125478
-0.85982 1.28207 -1.99255
0.179391 0.135074 -0.0308248
-0.925404 0.788799 -2.39808
0.162861 0.149048 -0.026005
-0.829655 1.02846 -2.05441
0.165138 0.142615 -0.00569509
-0.858454 1.21249 -1.94164
0.165553 0.121817 0.0108663
-0.936434 1.53632 -1.59671
0.164143 0.137357 -0.0101277
-0.874011 1.2907 -1.78085
0.184512 0.116387 -0.00798263
-1.00805 1.20428 -1.93442
0.172844 0.117968 -0.0409567
-0.971902 1.17428 -1.68185
0.172689 0.139494 -0.0415375
-0.891331 0.83851 -2.22337
0.176152 0.130552 -0.0280902
-0.932992 1.05891 -1.98693
0.166458 0.132745 0.00726616
-0.897602 1.38142 -1.79516
0.165261 0.141115 0.0117776
-0.864048 1.28039 -1.98847
0.167424 0.118375 -0.0329134
-0.955364 1.30829 -1.5436
0.177067 0.124843 -0.0263552
-0.956683 1.13772 -1.87627
0.168816 0.145213 -0.00318272
-0.860419 1.06909 -2.18929
0.162042 0.135397 0.00588009
-0.874741 1.41412 -1.73377
0.173586 0.115312 -0.0321434
-0.984437 1.25917 -1.62911
0.168336 0.122513 -0.00450149
-0.941662 1.43009 -1.6179
0.178536 0.12095 -0.0121273
-0.975363 1.24556 -1.83331
0.176477 0.125736 0.00412039
-0.951746 1.28378 -1.91674
0.165459 0.134973 -0.000780466
-0.886527 1.34194 -1.78466
0.178727 0.119691 -0.0318454
-0.980705 1.13306 -1.83379
0.163228 0.116492 -0.0179906
-0.950952 1.48042 -1.41846
0.162245 0.134022 -0.0240274
-0.880375 1.28029 -1.67141
0.170254 0.130968 -0.00836873
-0.915089 1.28259 -1.80903
0.187393 0.115106 -0.0400874
-1.01996 0.937289 -2.07576
0.16186 0.119518 -0.0178398
-0.934758 1.47132 -1.43365
0.173084 0.115464 -0.00138375
-0.982496 1.44636 -1.62129
0.168703 0.121241 -0.0390912
-0.947652 1.21582 -1.63242
0.161995 0.1417 -0.0176197
-0.852126 1.22517 -1.81626
0.168497 0.137057 -0.0350996
-0.887933 1.05882 -1.92377
0.166319 0.147459 -0.0130262
-0.845434 1.05283 -2.12956
0.184631 0.124637 -0.0201157
-0.977005 0.994907 -2.1601
0.181469 0.117053 -0.0282688
-0.997923 1.14061 -1.85432
0.176879 0.121986 -0.0222276
-0.967045 1.205 -1.8066
0.17821 0.134195 -0.0296782
-0.925368 0.909052 -2.2142
0.161889 0.119492 -0.0036083
-0.934949 1.55082 -1.44649
0.171537 0.139084 0.00406624
-0.889498 1.15678 -2.11378
0.169349 0.130209 -0.0309995
-0.915321 1.17062 -1.78129
0.17418 0.123513 -0.0170011
-0.953982 1.26449 -1.76016
0.165792 0.131535 -0.0331968
-0.900108 1.19313 -1.72482
0.181233 0.130735 0.000934106
-0.945874 1.0281 -2.29009
0.162239 0.11688 -0.00812294
-0.946498 1.54693 -1.41097
0.186511 0.123409 -0.0310512
-0.986258 0.865127 -2.27301
0.162267 0.128558 0.00346337
-0.900792 1.48461 -1.60736
0.176069 0.119758 -0.042887
-0.973498 1.08819 -1.80384
0.174229 0.128021 -0.036096
-0.937101 1.07468 -1.88899
0.168453 0.1442 -0.0199231
-0.862815 1.03566 -2.09657
0.182806 0.122365 -0.0178157
-0.980924 1.10498 -2.00459
0.174574 0.121915 0.00534554
-0.961175 1.37546 -1.78739
0.182723 0.126958 -0.00767069
-0.963559 1.06508 -2.15671
0.17819 0.116531 -0.0261981
-0.991637 1.21895 -1.74837
0.175493 0.134101 -0.00216669
-0.918306 1.14383 -2.08004
0.168335 0.14849 -0.0260872
-0.847956 0.854956 -2.33282
0.177241 0.133731 -0.0417363
-0.924413 0.833933 -2.22904
0.165194 0.143508 0.0122467
-0.855531 1.23333 -2.06523
0.168134 0.117705 -0.0242027
-0.960023 1.36752 -1.53329
0.164324 0.149445 0.00960461
-0.832781 1.0942 -2.26037
0.175586 0.13919 -0.0220385
-0.900512 0.916935 -2.26842
0.16781 0.143052 -0.00907668
-0.864873 1.13192 -2.03862
0.183397 0.127543 -0.0255576
-0.963131 0.92835 -2.2193
0.163598 0.134642 0.00585952
-0.882184 1.3993 -1.75588
0.170474 0.117634 -0.0356242
-0.966787 1.254 -1.60424
0.172097 0.123674 -0.033957
-0.947678 1.18175 -1.73601
0.181073 0.129079 -0.00325533
-0.951494 1.0828 -2.16694
0.185009 0.120378 -0.00269783
-0.993957 1.14719 -2.07015
0.168971 0.130209 -0.0186882
-0.914242 1.2588 -1.75385
0.178976 0.12507 0.0132897
-0.960868 1.24928 -2.04956
0.169247 0.141503 0.00390891
-0.874443 1.16512 -2.09934
0.166153 0.141905 -0.0212752
-0.863947 1.12531 -1.94161
0.165104 0.128464 -0.026557
-0.909566 1.28547 -1.63982
0.186566 0.124463 -0.0315817
-0.982478 0.810941 -2.35578
0.170531 0.143231 0.0133214
-0.87219 1.00655 -2.43218
0.191643 0.117217 -0.00664775
-1.02186 0.936146 -2.37124
0.183139 0.119209 -0.00666135
-0.993776 1.19998 -1.95275
0.171817 0.126361 -0.00340263
-0.936679 1.33688 -1.76929
0.178201 0.123169 -0.0408982
-0.966016 1.02331 -1.92827
0.164759 0.140731 -0.0420406
-0.863889 1.0115 -1.93699
0.162732 0.152146 -0.00712191
-0.819006 1.05467 -2.17801
0.186944 0.119673 0.0131115
-1.00137 1.08752 -2.30141
0.173761 0.133231 -0.0262384
-0.916661 1.08037 -1.96907
0.162605 0.149186 0.00310835
-0.828409 1.16159 -2.09793
0.170276 0.144869 -0.0273092
-0.865844 0.904643 -2.24212
0.164954 0.120139 0.0096375
-0.941317 1.5584 -1.55382
0.165106 0.153079 -0.0185947
-0.82318 0.841611 -2.4194
0.182545 0.11737 -0.0392351
-0.999384 1.02821 -1.93559
0.165851 0.116219 0.0132072
-0.959571 1.59616 -1.53089
0.168155 0.14599 -0.0332817
-0.855838 0.895001 -2.20511
0.182547 0.125423 0.0110958
-0.968801 1.12537 -2.22409
0.177986 0.121919 0.00584867
-0.970215 1.31209 -1.88831
0.171809 0.11508 0.00382213
-0.980616 1.49011 -1.60238
0.163893 0.117032 -0.0391427
-0.950689 1.3145 -1.47282
0.169058 0.128562 -0.0366539
-0.920634 1.15161 -1.75936
0.165166 0.143526 -0.0154086
-0.855386 1.15103 -1.95282
0.185053 0.123458 -0.0389781
-0.982458 0.845348 -2.23504
0.173145 0.118968 -0.000325981
-0.968779 1.41335 -1.68028
0.181074 0.128494 -0.0168879
-0.953642 1.04256 -2.11217
0.18383 0.121753 -0.0211494
-0.985814 1.06961 -2.03152
0.190705 0.118177 -0.00327295
-1.01603 0.962366 -2.35852
0.165307 0.148316 0.0134893
-0.839524 1.07542 -2.32388
0.162879 0.145419 -0.0234142
-0.841973 1.1157 -1.93784
0.166237 0.134111 0.000626219
-0.891956 1.34576 -1.79119
0.179559 0.119455 -0.0279504
-0.983763 1.14919 -1.84349
0.175612 0.117232 -0.0064595
-0.982174 1.36632 -1.69715
0.16202 0.115907 -0.0354394
-0.949819 1.37535 -1.41253
0.185815 0.123025 -0.00811581
-0.985971 1.04829 -2.17951
0.16323 0.120871 -0.0195306
-0.933407 1.43158 -1.47831
0.172638 0.140869 -0.00747154
-0.886386 1.05181 -2.17952
0.18606 0.122557 0.0124374
-0.988334 1.01094 -2.41744
0.167996 0.115036 -0.00817437
-0.970377 1.48968 -1.49539
0.18076 0.120334 -0.0219367
-0.983455 1.15509 -1.88835
0.170595 0.125102 -0.0211972
-0.938049 1.27799 -1.70097
0.162718 0.152807 -0.0357252
-0.816801 0.840042 -2.27242
0.162307 0.137602 0.00966226
-0.867587 1.39018 -1.80283
0.18303 0.120039 -0.0287718
-0.990325 1.06428 -1.97219
0.177178 0.128347 -0.0371228
-0.943884 0.999727 -2.00113
0.165522 0.143178 -0.00049943
-0.857655 1.21206 -1.98767
0.181228 0.124651 -0.0378075
-0.968298 0.957862 -2.0629
0.165115 0.123009 0.00086872
-0.93051 1.49408 -1.57029
0.170927 0.145418 -0.03449
-0.865859 0.737904 -2.44809
0.177735 0.126392 -0.0138795
-0.952643 1.17799 -1.92379
0.177233 0.131753 -0.0425305
-0.931539 0.878454 -2.14952
0.167364 0.143521 -0.0200361
-0.861941 1.07704 -2.02948
0.163692 0.122706 -0.020393
-0.927544 1.4031 -1.51395
0.185948 0.115151 -0.0095845
-1.01633 1.18226 -1.95489
0.161922 0.116818 -0.014626
-0.945824 1.51413 -1.39933
0.166967 0.117018 -0.0228918
-0.959504 1.39759 -1.499
0.164377 0.148343 -0.0122048
-0.836626 1.08821 -2.08049
0.185963 0.125431 -0.00563426
-0.977393 0.968168 -2.32878
0.162776 0.123866 0.00620472
-0.920318 1.53823 -1.5528
0.176699 0.139208 -0.0194681
-0.903521 0.864039 -2.37578
0.180972 0.120374 -0.0410319
-0.983842 1.00365 -1.95908
0.166901 0.150132 -0.0153741
-0.838241 0.928399 -2.308
0.168913 0.13045 -0.0272791
-0.913179 1.20132 -1.76647
0.171432 0.130897 -0.0412128
-0.91868 1.04297 -1.89332
0.178715 0.12303 -0.0261978
-0.967886 1.13134 -1.88788
0.176094 0.122923 -0.0383449
-0.961377 1.08891 -1.84517
0.16593 0.146003 -0.0102813
-0.849193 1.11022 -2.0624
0.173475 0.129785 0.0128484
-0.928483 1.30028 -1.9672
0.180581 0.120879 -0.0401214
-0.980913 1.0131 -1.95204
0.17523 0.12279 -0.0163782
-0.959579 1.25896 -1.7744
0.188816 0.120262 0.00217264
-1.00367 0.992327 -2.35785
0.175119 0.131709 0.00415832
-0.925947 1.21542 -2.02294
0.168578 0.135352 -0.0269229
-0.894286 1.14449 -1.86033
0.171863 0.115991 -0.00891362
-0.977114 1.42364 -1.58797
0.167505 0.116826 -0.0400121
-0.961786 1.26502 -1.54395
0.167795 0.12096 -0.00467269
-0.946195 1.45306 -1.58185
0.177552 0.126771 -0.0161761
-0.950738 1.16395 -1.92562
0.165007 0.126692 -0.0150534
-0.916002 1.37829 -1.60136
0.177922 0.117468 -0.010286
-0.987269 1.30716 -1.75396
0.1804 0.126445 -0.00850242
-0.959455 1.14085 -2.02955
0.169633 0.11883 0.0080767
-0.959725 1.49912 -1.62664
0.167708 0.14028 -0.0216312
-0.874218 1.11943 -1.94779
0.170061 0.133584 -0.0150018
-0.904956 1.21674 -1.85289
0.165703 0.149124 0.00223214
-0.83801 1.0608 -2.24937
0.162898 0.115813 -0.019055
-0.952756 1.48344 -1.40386
0.188175 0.122463 -0.00809188
-0.993864 0.948931 -2.33826
0.162468 0.149133 -0.0265423
-0.828168 1.03204 -2.0439
0.175613 0.11775 0.0116362
-0.980139 1.42405 -1.76919
0.167492 0.115933 -0.00399865
-0.965344 1.50914 -1.50434
0.177011 0.121156 -0.00892023
-0.970581 1.28648 -1.79811
0.184908 0.115472 0.0127177
-1.01257 1.26018 -2.02776
0.172292 0.139043 -0.0154567
-0.891788 1.07286 -2.07643
0.170432 0.128816 0.00792656
-0.923578 1.36693 -1.82285
0.176046 0.116861 -0.0319756
-0.984773 1.20855 -1.71152
0.167285 0.116549 -0.0248941
-0.96228 1.38421 -1.50082
0.17486 0.126776 -0.0146735
-0.943478 1.22473 -1.84327
0.161632 0.119367 0.0087818
-0.934691 1.60803 -1.47482
0.163637 0.140169 -0.0391245
-0.862492 1.06647 -1.87439
0.175066 0.134575 -0.00916263
-0.91543 1.12174 -2.05395
0.180664 0.120673 -0.0403097
-0.981912 1.01256 -1.95119
0.163959 0.131558 -0.00963167
-0.894606 1.36855 -1.66537
0.164772 0.136923 -0.0158984
-0.877445 1.25606 -1.78325
0.174188 0.126303 -0.0216558
-0.943427 1.20223 -1.81614
0.16854 0.130415 -0.0251741
-0.912243 1.22203 -1.75285
0.172258 0.134664 -0.0166754
-0.907277 1.14854 -1.94556
0.179816 0.126776 0.00199153
-0.956703 1.18252 -2.05546
0.172434 0.129803 -0.0161075
-0.925525 1.22034 -1.83737
0.166831 0.122495 -0.0140302
-0.937453 1.40229 -1.57395
0.172906 0.140467 -0.0161481
-0.888546 1.01717 -2.15918
0.187022 0.115012 -0.0399129
-1.01944 0.950842 -2.05529
0.175526 0.121928 -0.022498
-0.963675 1.2272 -1.76907
0.178147 0.129927 -0.0387074
-0.940659 0.931225 -2.09806
0.189652 0.116347 -0.0189352
-1.02053 1.01302 -2.14144
0.18303 0.122731 0.0137791
-0.980109 1.17266 -2.17307
0.177231 0.117111 0.00310347
-0.986879 1.37902 -1.76236
0.171567 0.130477 -0.0379544
-0.920609 1.07454 -1.87211
0.180914 0.118763 -0.0177166
-0.989893 1.19792 -1.8583
0.173715 0.139659 -0.0266728
-0.893648 0.943276 -2.18549
0.176454 0.118245 -0.0256812
-0.980407 1.23228 -1.73197
0.168975 0.139472 -0.0356437
-0.880759 1.00339 -2.00858
0.165029 0.124705 0.00926806
-0.923684 1.50777 -1.62441
0.167936 0.125152 -0.0411959
-0.930354 1.16914 -1.68792
0.173151 0.139235 -0.00163937
-0.893545 1.09396 -2.16329
0.162692 0.140406 0.00292312
-0.858795 1.32402 -1.84452
0.172746 0.127312 -0.0265707
-0.935674 1.18208 -1.80357
0.176322 0.134646 -0.0267586
-0.918624 0.985342 -2.11704
0.168008 0.11575 -0.0167824
-0.96752 1.4344 -1.49962
0.179955 0.120727 0.0114687
-0.979888 1.29747 -1.95954
0.164121 0.150231 0.00925895
-0.829557 1.07102 -2.29408
0.167004 0.136374 -0.0166822
-0.88602 1.22198 -1.82966
0.165947 0.15086 -0.0288081
-0.832983 0.843897 -2.32689
0.185589 0.119329 -0.0115695
-0.999375 1.11686 -2.04063
0.16794 0.140593 -0.00534607
-0.873803 1.19118 -1.97802
0.175726 0.123044 0.00986353
-0.959934 1.35075 -1.86425
0.163262 0.143914 0.00528836
-0.848301 1.26117 -1.96178
0.171103 0.135093 -0.0334089
-0.902466 1.05199 -1.95017
0.171637 0.124799 0.00701936
-0.942109 1.39572 -1.77143
0.185305 0.122677 -0.0159469
-0.986011 1.04001 -2.12447
0.184486 0.123119 0.0084397
-0.982312 1.11477 -2.21778
0.167661 0.116732 -0.0141366
-0.962598 1.44574 -1.50685
0.16481 0.146869 -0.0138511
-0.842895 1.10235 -2.04364
0.16621 0.121496 -0.00683238
-0.939581 1.45913 -1.55328
0.1637 0.126277 -0.0317904
-0.913744 1.28943 -1.5843
0.162685 0.130245 -0.024582
-0.895689 1.31269 -1.61538
0.171878 0.130754 0.00502079
-0.920459 1.30453 -1.89268
0.168683 0.117313 -0.0221525
-0.963122 1.37751 -1.53701
0.179508 0.122187 -0.0163816
-0.973158 1.18813 -1.88563
0.166716 0.123406 -0.0342309
-0.933586 1.25982 -1.60824
0.175642 0.129619 -0.0316636
-0.935037 1.05824 -1.95589
0.175376 0.121915 0.00275115
-0.963325 1.35304 -1.79872
0.162723 0.151718 -0.0316283
-0.820385 0.920026 -2.17929
0.161982 0.146004 -0.0135363
-0.837231 1.18031 -1.92316
0.175211 0.131169 -0.0152757
-0.928172 1.15021 -1.95529
0.165784 0.116755 -0.0285632
-0.957217 1.37546 -1.47949
0.179833 0.130958 0.00238875
-0.94138 1.08546 -2.21165
0.173174 0.120192 -0.00288267
-0.964073 1.389 -1.69445
0.175533 0.129012 -0.0408946
-0.93698 0.991741 -1.97975
0.180308 0.125566 -0.0426471
-0.962494 0.918144 -2.08379
0.17276 0.138963 -0.0170004
-0.893396 1.05361 -2.09355
0.179435 0.118106 -0.0349909
-0.988669 1.11493 -1.83406
0.164328 0.122049 0.00128282
-0.931973 1.51641 -1.54102
0.168341 0.12795 -0.039505
-0.920883 1.14646 -1.74087
0.176406 0.133307 -0.0401516
-0.923668 0.893563 -2.1463
0.178438 0.13115 0.00833054
-0.936969 1.13179 -2.19001
0.178405 0.130093 0.00325465
-0.940743 1.15718 -2.10613
0.163127 0.122576 -0.0189041
-0.92639 1.4209 -1.5005
0.186691 0.120088 -0.042021
-0.999185 0.833127 -2.22781
0.161538 0.1208 -0.0270673
-0.9287 1.40205 -1.45239
0.170783 0.135285 -0.00468573
-0.900863 1.22494 -1.93105
0.176108 0.13299 -0.0229766
-0.924002 1.052 -2.04351
0.165418 0.137164 0.000420996
-0.878502 1.31617 -1.83466
0.180916 0.129673 -0.0219192
-0.948914 0.990637 -2.15114
0.172519 0.119598 0.00681376
-0.964618 1.44189 -1.70039
0.165039 0.123469 -0.0256433
-0.928501 1.34367 -1.55695
0.172091 0.141758 0.00474063
-0.881748 1.05524 -2.27994
0.176288 0.120178 -0.0298363
-0.97245 1.18451 -1.76979
0.172369 0.136606 -0.0158847
-0.900632 1.11692 -2.00266
0.16926 0.121727 -0.0136469
-0.947318 1.37836 -1.61407
0.167587 0.119263 -0.0277177
-0.952293 1.33603 -1.54935
0.163981 0.147026 -0.0235099
-0.839862 1.06213 -2.02257
0.173412 0.132231 -0.0134822
-0.919326 1.18049 -1.92335
0.165571 0.135147 -0.037078
-0.886227 1.12128 -1.80446
0.17435 0.135365 -0.0229902
-0.910613 1.0504 -2.04594
0.171091 0.122022 -0.037106
-0.951267 1.1901 -1.69294
0.17296 0.125754 0.0093571
-0.942134 1.36559 -1.83734
0.170568 0.12662 -0.0016194
-0.932214 1.36172 -1.74709
0.164134 0.151267 -0.0362935
-0.826172 0.834045 -2.27711
0.178297 0.123178 -0.0191985
-0.966233 1.18235 -1.86964
0.162531 0.14678 -0.0180747
-0.836277 1.13122 -1.96063
0.171372 0.133767 -0.00791339
-0.90802 1.22393 -1.90431
0.171315 0.1397 -0.0162816
-0.886702 1.08009 -2.05768
0.179361 0.121843 -0.019356
-0.974088 1.1785 -1.87432
0.16323 0.115523 -0.03112
-0.954902 1.39779 -1.41977
0.165129 0.122804 0.00727255
-0.931351 1.52035 -1.58839
0.167831 0.136673 -0.0311498
-0.887367 1.10809 -1.88029
0.180742 0.130427 -0.00676352
-0.945706 1.05076 -2.18734
0.163203 0.133915 0.0069171
-0.883654 1.41833 -1.73654
0.163425 0.139441 -0.0311497
-0.864423 1.14421 -1.82227
0.170987 0.143249 -0.0246978
-0.873441 0.950647 -2.19098
0.165973 0.14611 -0.0195602
-0.848956 1.05919 -2.06216
0.166958 0.148682 -0.0347294
-0.843237 0.829222 -2.29868
0.163651 0.144432 -0.0131462
-0.847701 1.17712 -1.93163
0.163777 0.115938 0.00253182
-0.954786 1.58773 -1.44823
0.177289 0.129668 0.00753641
-0.939308 1.20303 -2.07153
0.16763 0.134535 0.0076838
-0.894491 1.33594 -1.86784
0.16789 0.132227 -0.00751985
-0.903673 1.30994 -1.77426
0.176002 0.135508 -0.031653
-0.914668 0.934994 -2.1549
0.187293 0.124614 -0.0115898
-0.983708 0.897245 -2.39078
0.170719 0.124495 0.00237135
-0.940714 1.39981 -1.7245
0.17162 0.136539 -0.000835157
-0.89875 1.19771 -2.00714
0.16822 0.144383 -0.0257998
-0.861506 0.998607 -2.10418
0.163028 0.125165 -0.041569
-0.91603 1.23153 -1.58291
0.172242 0.122334 0.0118384
-0.953226 1.42811 -1.76487
0.164403 0.129518 -0.024209
-0.903534 1.29965 -1.6393
0.168336 0.121478 -0.038766
-0.945695 1.22115 -1.62694
0.169752 0.140673 -0.0206934
-0.8788 1.07334 -2.02959
0.171132 0.115451 -0.0150231
-0.9773 1.40565 -1.55973
0.170752 0.120888 -0.0275328
-0.954738 1.27837 -1.64193
0.165056 0.150173 -0.0379022
-0.832576 0.81763 -2.28947
0.164737 0.126299 0.00610215
-0.916711 1.48397 -1.63161
0.184697 0.115079 -0.00602492
-1.01358 1.22638 -1.91707
0.182049 0.132467 -0.0188147
-0.941758 0.841513 -2.41765
0.166132 0.132433 -0.0351854
-0.897793 1.16192 -1.75646
0.170932 0.122401 -0.00857106
-0.949357 1.37343 -1.66743
0.170096 0.13591 0.00398737
-0.896654 1.25581 -1.95877
0.175979 0.125696 -0.0373933
-0.950562 1.06265 -1.89657
0.165324 0.123826 -0.00580889
-0.927944 1.45269 -1.57217
0.183533 0.124972 -0.00328632
-0.972989 1.09663 -2.14478
0.166706 0.141963 0.00526089
-0.865388 1.22233 -2.02175
0.174744 0.134459 0.0092069
-0.914956 1.1727 -2.13338
0.162815 0.12092 -0.0272521
-0.931994 1.38429 -1.47826
0.164289 0.145606 -0.0073926
-0.845613 1.16869 -1.99542
0.184426 0.11782 -0.0341969
-1.0023 1.0228 -1.99023
0.183621 0.125927 0.000184321
-0.969665 1.07497 -2.20917
0.173101 0.134919 -0.0412845
-0.908731 0.940227 -2.06015
0.173924 0.135293 0.00880648
-0.909685 1.17813 -2.12141
0.17942 0.124852 0.00707413
-0.962854 1.23684 -2.01495
0.16308 0.136071 -0.0186194
-0.875439 1.27762 -1.725
0.177901 0.117165 0.00863794
-0.988402 1.38259 -1.80537
0.16967 0.136084 0.0039155
-0.894807 1.26175 -1.94895
0.166068 0.122469 -0.00353287
-0.935367 1.46712 -1.57103
0.174331 0.128678 -0.00835857
-0.934939 1.23964 -1.87587
0.164493 0.130446 -0.00155762
-0.900326 1.41098 -1.67294
0.185227 0.123865 -0.0383654
-0.981375 0.832017 -2.26208
0.183095 0.118204 -0.0399162
-0.997527 0.998226 -1.97814
0.16247 0.122098 -0.00534691
-0.926326 1.51011 -1.4907
0.179523 0.135972 -0.013037
-0.922572 0.852327 -2.45035
0.176934 0.131485 -0.0189585
-0.931704 1.08452 -2.02707
0.175925 0.134726 -0.0100628
-0.91725 1.09151 -2.09395
0.173177 0.130736 -0.0372596
-0.92415 1.04621 -1.92446
0.162336 0.153307 -0.00216582
-0.813995 1.03961 -2.24492
0.173589 0.137834 -0.00131085
-0.899711 1.11657 -2.13042
0.162077 0.138799 -0.0411987
-0.862614 1.09369 -1.81075
0.177935 0.116562 -0.00926613
-0.990858 1.32206 -1.74005
0.187819 0.121655 -0.0221489
-0.996024 0.932932 -2.24176
0.16221 0.138928 -0.00451443
-0.862559 1.32607 -1.77604
0.179395 0.117276 0.00663225
-0.991803 1.34781 -1.84059
0.17706 0.116508 -0.0308051
-0.988805 1.20491 -1.72824
0.189709 0.115329 -0.0087254
-1.02457 1.0809 -2.12242
0.167414 0.134928 -0.00696183
-0.892435 1.28415 -1.81905
0.171531 0.123486 -0.0184352
-0.946835 1.29857 -1.69396
0.174018 0.116549 -0.00209904
-0.980662 1.41803 -1.6575
0.189362 0.119565 -0.0112546
-1.0076 0.981054 -2.25946
0.162674 0.128473 -0.0163642
-0.902332 1.38344 -1.58146
0.184792 0.126757 -0.022775
-0.969565 0.910066 -2.27304
0.166958 0.148369 -0.0399593
-0.844282 0.771192 -2.34646
0.162147 0.133062 -8.23242e-05
-0.883604 1.42047 -1.67172
0.175732 0.118383 -0.0404227
-0.977968 1.13033 -1.75841
0.162553 0.119911 -0.0312054
-0.935231 1.36769 -1.46619
0.165566 0.138557 0.0121061
-0.873974 1.32007 -1.93047
0.169961 0.13499 -0.0234147
-0.899577 1.14811 -1.88619
0.176785 0.138306 -0.00263883
-0.906916 0.948562 -2.3861
0.179602 0.123615 -0.0184454
-0.967985 1.15451 -1.92041
0.165643 0.116308 -0.00150008
-0.958619 1.54201 -1.47847
0.169727 0.13607 -0.0302463
-0.895018 1.08843 -1.9201
0.164605 0.134223 -0.0198859
-0.886722 1.26995 -1.72552
0.185177 0.127945 -0.0250099
-0.966181 0.786379 -2.45255
0.174912 0.128646 -0.0277036
-0.936644 1.11702 -1.89719
0.16728 0.134883 0.000482501
-0.892206 1.31644 -1.83478
0.166629 0.12063 -0.00450157
-0.944184 1.47336 -1.55301
0.167094 0.132174 -0.0221621
-0.901559 1.24282 -1.74748
0.164145 0.147338 0.00129424
-0.839304 1.16208 -2.08143
0.176973 0.136722 -0.00396006
-0.913016 1.01724 -2.26497
0.18098 0.117022 -0.0249796
-0.996816 1.17287 -1.83269
0.16588 0.122411 -0.0181614
-0.935055 1.39153 -1.55248
0.172385 0.118629 -0.0289122
-0.968058 1.26782 -1.64574
0.167751 0.136521 0.0136667
-0.887677 1.31125 -1.95749
0.186487 0.123753 -0.0176514
-0.984918 0.959288 -2.23869
0.171404 0.13549 -0.0172949
-0.901892 1.14932 -1.93884
0.173731 0.123968 -0.00433371
-0.951024 1.32993 -1.77172
0.164796 0.118942 -0.0160943
-0.94562 1.45091 -1.4809
0.173901 0.133369 -0.00420322
-0.916551 1.19146 -1.98757
0.171677 0.121254 -0.0324067
-0.955861 1.22591 -1.67972
0.17451 0.129499 0.000752648
-0.932388 1.25822 -1.92687
0.169099 0.14553 -0.0198101
-0.860168 0.982008 -2.18344
0.17326 0.125798 -0.034111
-0.942788 1.13684 -1.80685
0.171644 0.129004 -0.000311828
-0.926286 1.3175 -1.8262
0.169691 0.144999 -0.0328779
-0.863704 0.872314 -2.24534
0.170896 0.123745 -0.0319445
-0.94408 1.21452 -1.70226
0.177082 0.133851 -0.0113771
-0.923549 1.07159 -2.11411
0.161434 0.14108 -0.00606481
-0.85258 1.30184 -1.79965
0.166864 0.128102 -0.0372871
-0.91606 1.18467 -1.69999
0.161708 0.12588 -0.0394298
-0.909342 1.25884 -1.55963
0.180087 0.124977 -0.0148687
-0.964122 1.14323 -1.96992
0.164756 0.131303 -0.0213065
-0.897913 1.29355 -1.6756
0.188379 0.119811 -0.0039574
-1.00432 1.03911 -2.2302
0.162197 0.128473 0.00170753
-0.900902 1.4797 -1.59906
0.175427 0.13178 0.0125234
-0.926529 1.21263 -2.09978
0.170497 0.124303 -0.0157244
-0.940829 1.32114 -1.68347
0.19146 0.114981 -0.000973049
-1.02998 1.03745 -2.25869
0.165822 0.126687 -0.036743
-0.918397 1.21891 -1.64994
0.17381 0.14007 0.00348101
-0.89248 1.04019 -2.29294
0.169005 0.131258 -0.00721869
-0.910453 1.30537 -1.78398
0.185769 0.119396 -0.0308597
-0.99956 0.989583 -2.07382
0.171643 0.11966 0.0108799
-0.961987 1.4671 -1.6985
0.170199 0.121544 -0.0186406
-0.95065 1.3377 -1.63121
0.168295 0.122388 -0.00225279
-0.942031 1.4421 -1.61993
0.170022 0.136133 -0.0130131
-0.895643 1.1897 -1.913
0.170419 0.114996 0.0103389
-0.977198 1.53386 -1.59565
0.168246 0.125125 -0.00984417
-0.931339 1.37744 -1.64987
0.167591 0.13599 0.00925831
-0.889118 1.31735 -1.90991
0.184294 0.121075 0.00326451
-0.989541 1.16784 -2.08949
0.170836 0.132896 -0.0256943
-0.909666 1.1472 -1.86712
0.173887 0.131133 -0.0306983
-0.924659 1.07865 -1.93174
0.177513 0.134387 -0.00653402
-0.922796 1.06237 -2.17088
0.163901 0.115139 -0.0123192
-0.958401 1.51823 -1.41471
0.179861 0.126079 -0.0420858
-0.959413 0.926322 -2.07554
0.184224 0.12153 0.00554746
-0.987642 1.16342 -2.1162
0.169422 0.140441 -0.0196734
-0.878655 1.09171 -2.00931
0.165354 0.142977 -0.0399903
-0.857846 0.979102 -2.00859
0.171668 0.115245 0.0113007
-0.979573 1.51536 -1.63111
0.172088 0.143217 -0.00623242
-0.876709 0.998273 -2.27552
0.172226 0.122808 -0.0226006
-0.951358 1.2695 -1.70148
0.174977 0.133816 0.00277222
-0.917915 1.17497 -2.07404
0.175008 0.136637 -0.0113188
-0.907904 1.06988 -2.11732
0.186624 0.11907 -0.0191747
-1.00289 1.05304 -2.07539
0.187188 0.122534 0.00166961
-0.991191 1.00676 -2.33046
0.164428 0.13008 -0.0391763
-0.901503 1.18204 -1.68629
0.181149 0.128512 0.0110754
-0.953771 1.08927 -2.28095
0.188878 0.115284 -0.0363738
-1.02279 0.924972 -2.12912
0.179714 0.125008 0.00451739
-0.963034 1.22241 -2.01517
0.170858 0.145449 -0.0266041
-0.865555 0.857028 -2.32498
0.162708 0.123915 -0.0146599
-0.919925 1.43907 -1.51215
0.174049 0.132307 -0.0426537
-0.920819 0.952667 -2.02741
0.174179 0.138798 -0.0272547
-0.897969 0.946554 -2.17509
0.175374 0.131892 -0.00630139
-0.92598 1.17565 -1.99403
0.171064 0.136722 -0.0202623
-0.896516 1.11861 -1.96127
0.180897 0.119155 -0.0240657
-0.988336 1.15406 -1.87087
0.173201 0.130687 -0.0345694
-0.924397 1.06872 -1.9126
0.164643 0.135178 -0.0422976
-0.883359 1.09154 -1.80392
0.178646 0.116169 0.00850441
-0.994227 1.38052 -1.80733
0.170854 0.125848 -0.0358942
-0.935939 1.16134 -1.75076
0.182795 0.128735 -0.0154949
-0.957218 0.983224 -2.21914
0.178899 0.122977 -0.00651743
-0.96857 1.23757 -1.89531
0.165208 0.14008 0.00530188
-0.867525 1.28895 -1.91907
0.174375 0.11621 -0.0114738
-0.982954 1.3712 -1.64473
0.188613 0.118512 -0.0400359
-1.0098 0.814849 -2.27511
0.162683 0.115309 0.00496189
-0.954192 1.61776 -1.42688
0.169676 0.119558 -0.0252533
-0.956973 1.32231 -1.59405
0.161967 0.152838 0.0138626
-0.81439 0.985061 -2.47135
0.181359 0.115776 -0.00195532
-1.00263 1.30136 -1.83657
0.166212 0.118509 -0.00602134
-0.951398 1.49216 -1.51125
0.177573 0.120678 -0.0157656
-0.973897 1.24705 -1.79855
0.176015 0.126696 -0.0125035
-0.946906 1.21527 -1.87736
0.172666 0.125093 -0.0138453
-0.943829 1.28838 -1.75126
0.179194 0.123093 -0.0218647
-0.968899 1.14953 -1.89782
0.172972 0.123004 -0.00374505
-0.952645 1.35667 -1.73599
0.170256 0.122406 -0.0377734
-0.947463 1.19291 -1.68206
0.184296 0.118039 0.0136419
-1.00114 1.23193 -2.07948
0.175518 0.119026 0.0108799
-0.974892 1.40868 -1.78563
0.180922 0.131048 -0.0296783
-0.943926 0.892797 -2.24042
0.172601 0.125499 -0.0141054
-0.942108 1.28319 -1.75699
0.164073 0.136272 0.00947395
-0.8777 1.37863 -1.81862
0.162081 0.13804 -0.00502445
-0.865334 1.33795 -1.75331
0.16571 0.131169 0.00322048
-0.901225 1.40177 -1.72901
0.166851 0.129174 -0.002451
-0.911996 1.38667 -1.7018
0.164106 0.154061 -0.0130499
-0.81696 0.875889 -2.4124
0.184461 0.125088 -0.00887556
-0.974903 1.04466 -2.17869
0.163848 0.1447 -0.0149944
-0.847379 1.15903 -1.94384
0.161629 0.127451 -0.00482642
-0.903082 1.46972 -1.55551
0.166684 0.120018 -0.0107788
-0.946751 1.44667 -1.53622
0.162372 0.144356 -0.0231849
-0.844067 1.14437 -1.89419
0.181875 0.119057 0.00957242
-0.991189 1.27599 -1.97612
0.168142 0.145503 -0.00797446
-0.857454 1.06995 -2.14633
0.174524 0.115772 0.000170165
-0.985087 1.42757 -1.66326
0.163043 0.119916 0.0025765
-0.93665 1.56005 -1.48873
0.181043 0.123329 0.0135772
-0.97279 1.22482 -2.08997
0.182153 0.115169 -0.0176141
-1.00699 1.21897 -1.82606
0.168806 0.116228 -0.0415968
-0.967809 1.24054 -1.56801
0.187049 0.120905 -0.0106863
-0.99697 1.04458 -2.16306
0.180401 0.128481 0.00633157
-0.951932 1.13181 -2.17266
0.172297 0.125379 -0.00712313
-0.941728 1.32465 -1.75513
0.18326 0.121499 -0.0286896
-0.985346 1.03649 -2.01761
0.180365 0.121008 0.00777903
-0.979865 1.27823 -1.95711
0.176877 0.131351 -0.0315129
-0.932038 1.00108 -2.04944
0.168892 0.137262 -0.0331658
-0.888345 1.06344 -1.9339
0.162587 0.129344 -0.01467
-0.898785 1.38521 -1.59425
0.173483 0.12837 -0.0144749
-0.933756 1.22961 -1.83738
0.16835 0.119085 -0.0312636
-0.955145 1.30203 -1.56932
0.182343 0.122294 0.00351442
-0.98002 1.20047 -2.04063
0.184916 0.120329 -0.0173709
-0.993912 1.08805 -2.03544
0.171576 0.133178 -0.00812562
-0.910735 1.22802 -1.89606
0.163326 0.129036 -0.011391
-0.902151 1.39664 -1.60659
0.161738 0.130759 0.00285423
-0.890916 1.46488 -1.63124
0.166253 0.138544 0.00366576
-0.876059 1.2896 -1.90382
0.181168 0.121079 0.00137862
-0.981645 1.24417 -1.95409
0.163735 0.145861 -0.0286988
-0.843069 1.05372 -1.98983
0.169132 0.12775 0.0056915
-0.923895 1.3972 -1.75758
0.189304 0.12065 -0.00418326
-1.00338 0.950708 -2.36928
0.162821 0.126674 -0.0384783
-0.909618 1.24483 -1.59149
0.186722 0.122588 0.00257662
-0.989848 1.03221 -2.29779
0.169491 0.121455 0.00496902
-0.949025 1.46272 -1.65314
0.165255 0.147209 -0.0268881
-0.843088 1.00384 -2.08614
0.172397 0.143382 -0.0138034
-0.877024 0.953576 -2.2813
0.162696 0.148311 -0.00942555
-0.831618 1.14164 -2.02024
0.168426 0.130727 -0.0334536
-0.910755 1.16052 -1.77482
0.184089 0.12274 0.0108972
-0.982741 1.1373 -2.20359
0.161903 0.12396 -0.0242161
-0.917357 1.38842 -1.5007
0.192298 0.115275 0.00124487
-1.03077 0.957614 -2.4053
0.162445 0.131022 -0.0290007
-0.892067 1.27693 -1.63048
0.169384 0.119915 -0.0192944
-0.954757 1.36153 -1.58829
0.16516 0.131192 -0.0098439
-0.899521 1.35416 -1.68552
0.165853 0.149525 -0.00497259
-0.837125 1.03444 -2.22882
0.164983 0.122821 -3.82987e-05
-0.930856 1.49401 -1.5623
0.165228 0.123545 -0.000130678
-0.928756 1.48274 -1.57819
0.164774 0.133772 0.00658167
-0.888872 1.39389 -1.77036
0.165743 0.125379 -0.0287819
-0.923169 1.29342 -1.60644
0.169419 0.124232 -0.0187363
-0.938081 1.32023 -1.65747
0.173353 0.119285 -0.0180691
-0.968096 1.31801 -1.66701
0.166898 0.123138 -0.00505936
-0.935144 1.44149 -1.59574
0.169751 0.117357 -0.0153756
-0.965901 1.40468 -1.55797
0.164185 0.13108 -0.0096625
-0.897051 1.37066 -1.66186
0.166991 0.137316 -0.0394224
-0.882607 1.04674 -1.90372
0.163403 0.118152 -0.0354359
-0.944752 1.34047 -1.46794
0.166521 0.141151 -0.0179518
-0.867669 1.15061 -1.93098
0.176599 0.123106 -0.0344431
-0.962022 1.10926 -1.84827
0.180683 0.125218 -0.042322
-0.964769 0.917805 -2.08729
0.170031 0.133535 0.0135502
-0.905048 1.31347 -1.95309
0.184995 0.124079 -0.0231311
-0.979997 0.975574 -2.16467
0.174078 0.136829 -0.0190472
-0.904637 1.05232 -2.07764
0.166341 0.123299 -0.0123565
-0.932924 1.41025 -1.57708
0.174406 0.13749 0.00884081
-0.90321 1.09846 -2.24701
0.173446 0.131329 0.0132455
-0.922719 1.27413 -2.01082
0.175809 0.138324 -0.0241504
-0.904164 0.922504 -2.24103
0.166739 0.125549 0.00187168
-0.9254 1.44752 -1.64843
0.167165 0.117201 -0.0113437
-0.959327 1.46377 -1.50527
0.180504 0.124173 -0.0336216
-0.968221 1.02068 -1.99884
0.165383 0.140923 -0.0233151
-0.865084 1.14311 -1.89503
0.17461 0.132785 -0.00888889
-0.920631 1.16723 -1.98462
0.180612 0.120066 -0.0338408
-0.984104 1.07686 -1.90609
0.165035 0.151949 -0.0124408
-0.826655 0.952094 -2.29549
0.17181 0.124741 -0.0430442
-0.942808 1.09929 -1.78421
0.187917 0.116079 -0.00252689
-1.01745 1.14236 -2.07922
0.165255 0.135593 -0.00120143
-0.883673 1.3353 -1.79111
0.174757 0.137454 -0.0164357
-0.904314 1.0334 -2.13074
0.1648 0.119366 -0.0338066
-0.943942 1.32558 -1.50752
0.173533 0.138811 -0.0243112
-0.896108 0.989092 -2.1326
0.163957 0.124134 -0.0328823
-0.922758 1.29898 -1.55871
0.171514 0.131816 -0.00391236
-0.915533 1.26691 -1.8726
0.165064 0.119701 -0.0288198
-0.943369 1.3564 -1.5069
0.177053 0.122089 -0.0313114
-0.967113 1.13788 -1.83095
0.164329 0.143021 -0.0253686
-0.854613 1.1154 -1.92081
0.183738 0.12141 0.00753945
-0.986883 1.18242 -2.10372
0.164124 0.150548 -0.042379
-0.828515 0.784143 -2.30412
0.168985 0.115759 -0.0105976
-0.970191 1.45693 -1.5224
0.164275 0.127201 -0.0341965
-0.911913 1.25433 -1.61735
0.174595 0.129566 0.012821
-0.932374 1.27807 -2.00107
0.178392 0.130722 0.0129922
-0.938407 1.13678 -2.22258
0.179815 0.126253 0.00498293
-0.958643 1.19784 -2.05748
0.163781 0.126076 0.000605316
-0.914753 1.47923 -1.58995
0.163782 0.11975 -0.0215739
-0.939463 1.42176 -1.47416
0.184436 0.123075 0.00874432
-0.982353 1.11765 -2.21587
0.170194 0.121924 -0.0217279
-0.94916 1.31463 -1.63876
0.167903 0.12945 -0.0410759
-0.913999 1.12238 -1.76517
0.17434 0.12183 -0.033875
-0.960873 1.16754 -1.75961
0.162997 0.137361 -0.0314407
-0.870544 1.17669 -1.76751
0.171327 0.121812 -0.0299389
-0.952731 1.24342 -1.67489
0.173605 0.138923 0.0017525
-0.895918 1.09097 -2.19743
0.178687 0.135021 -0.0231545
-0.923704 0.914909 -2.26194
0.179359 0.132673 -0.0389572
-0.933918 0.807044 -2.29729
0.170978 0.128022 -0.0419659
-0.928088 1.08267 -1.82152
0.170028 0.122562 -0.00272512
-0.946223 1.41245 -1.66035
0.166866 0.143061 -0.00354562
-0.862054 1.17459 -2.01974
0.186285 0.116691 -0.0337178
-1.01118 0.998453 -2.03392
0.172162 0.128816 0.0118455
-0.928431 1.34217 -1.89453
0.183198 0.120977 -0.00754432
-0.987173 1.16776 -1.99555
0.165791 0.141196 0.0132425
-0.865347 1.26766 -2.02076
0.183454 0.12532 -0.00685616
-0.971492 1.08125 -2.13813
0.164378 0.142218 -0.000431023
-0.85755 1.2532 -1.92432
0.170303 0.117844 -0.0174566
-0.965482 1.38011 -1.57654
0.181739 0.122213 -0.034847
-0.978791 1.01278 -2.00056
0.169184 0.122294 0.00973001
-0.944899 1.47328 -1.67929
0.183922 0.125048 -0.0270021
-0.973692 0.961812 -2.15275
0.18738 0.120387 -0.0433045
-0.999728 0.768827 -2.32074
0.179192 0.126544 0.00818315
-0.955929 1.21303 -2.06155
0.169901 0.123174 0.00629026
-0.943506 1.44155 -1.6963
0.166858 0.150565 -0.0218737
-0.836681 0.866881 -2.35032
0.171487 0.117299 -0.0274234
-0.970882 1.30399 -1.60252
0.164941 0.143615 0.00621247
-0.854403 1.23193 -2.0151
0.169332 0.115232 -0.0156255
-0.973272 1.42855 -1.51924
0.164402 0.12308 -0.00170171
-0.928155 1.49205 -1.55033
0.169501 0.135414 -0.0255299
-0.896727 1.13633 -1.88593
0.165213 0.123571 -0.0168368
-0.928607 1.39696 -1.55635
0.166792 0.128428 -0.0369825
-0.914624 1.18453 -1.7031
0.168369 0.12641 -0.0430989
-0.926788 1.1329 -1.72878
0.173232 0.12487 0.0043531
-0.94623 1.35903 -1.80364
0.185736 0.118244 -0.0378899
-1.00388 0.949766 -2.0753
0.177196 0.134641 -0.011004
-0.921023 1.05076 -2.15047
0.168186 0.12945 -0.0399191
-0.914816 1.12778 -1.76731
0.162078 0.14866 -0.0164044
-0.828554 1.11432 -2.0022
0.166948 0.12346 0.00176891
-0.934042 1.46695 -1.61855
0.167486 0.127102 -0.0394777
-0.921635 1.16887 -1.70477
0.164026 0.139294 0.00647581
-0.866757 1.327 -1.87095
0.165956 0.140486 -0.0415888
-0.868323 0.996287 -1.96598
0.1664 0.137606 -0.0334635
-0.879831 1.10223 -1.86861
0.167778 0.137651 0.00722873
-0.883719 1.28207 -1.9464
0.169426 0.131651 -0.00632536
-0.910211 1.29701 -1.8048
0.16374 0.13125 -0.0315882
-0.895097 1.23791 -1.66823
0.174821 0.137204 0.0043297
-0.905376 1.09683 -2.21048
0.165288 0.134316 -0.00210849
-0.888407 1.34837 -1.76314
0.162165 0.154356 -0.0226642
-0.810067 0.923288 -2.25275
0.190874 0.117378 5.04452e-05
-1.01946 0.980269 -2.35871
0.163784 0.122978 0.0122491
-0.926749 1.5534 -1.58405
0.183112 0.121343 0.00802547
-0.985566 1.20274 -2.07622
0.172081 0.134307 0.00699926
-0.908067 1.24565 -2.00065
0.16159 0.127522 -0.021026
-0.902692 1.37863 -1.54579
0.180206 0.130387 -0.00121878
-0.944443 1.08396 -2.18276
0.168403 0.135865 -0.0208031
-0.891932 1.18035 -1.85845
0.169863 0.125111 0.00997315
-0.935966 1.42985 -1.74601
0.177133 0.130084 0.000314572
-0.937365 1.18664 -2.03444
0.181734 0.126079 -0.0276797
-0.964273 1.00232 -2.08157
0.164653 0.126089 -0.0341349
-0.917269 1.26113 -1.60707
0.175623 0.139012 -0.0218743
-0.901238 0.923084 -2.25998
0.165704 0.143615 0.0110419
-0.856689 1.21756 -2.07928
0.186688 0.117673 -0.023768
-1.00838 1.04682 -2.0448
0.175641 0.132463 -0.0229356
-0.924632 1.0734 -2.00965
0.169099 0.144566 -0.000355615
-0.863454 1.08319 -2.19146
0.176979 0.135409 -0.0197592
-0.917691 0.993825 -2.16495
0.167711 0.14245 0.0118017
-0.866665 1.18899 -2.13039
0.16373 0.126638 -0.0352952
-0.912451 1.25873 -1.59982
0.171112 0.143365 -0.0276926
-0.873405 0.91884 -2.21588
0.184402 0.118593 -0.00785247
-0.999272 1.17497 -1.98152
0.171413 0.140128 -0.0110243
-0.885482 1.09402 -2.08158
0.169051 0.124625 -0.0177232
-0.935536 1.32748 -1.65547
0.174939 0.119531 -0.0386155
-0.971387 1.14562 -1.75063
0.165176 0.147485 -0.024725
-0.841918 1.01503 -2.0873
0.163794 0.146878 -0.00365497
-0.839794 1.16781 -2.02942
0.191876 0.115387 -0.0333413
-1.02938 0.821373 -2.32354
0.165145 0.125406 -0.00954639
-0.921326 1.42001 -1.58775
0.167201 0.144472 0.00805048
-0.858194 1.15321 -2.15391
0.164427 0.13304 -0.0227336
-0.890525 1.26897 -1.70109
0.168299 0.143316 -0.0167537
-0.8654 1.07759 -2.05751
0.171017 0.118536 -0.00884163
-0.964702 1.41113 -1.60759
0.170682 0.142981 0.0109837
-0.873484 1.04745 -2.34652
0.174438 0.137954 -0.0150666
-0.901662 1.03818 -2.13509
0.172831 0.132361 -0.0132699
-0.917237 1.19128 -1.90826
0.177356 0.130088 -0.00338877
-0.937948 1.17036 -2.02773
0.165213 0.118875 0.00441443
-0.947085 1.54861 -1.52179
0.171246 0.140106 -0.00250526
-0.885081 1.12891 -2.10061
0.183311 0.118298 0.00942179
-0.997703 1.25259 -2.01093
0.16845 0.126741 -0.0399055
-0.925765 1.15519 -1.7229
0.183631 0.118767 -0.0107446
-0.996697 1.17762 -1.952
0.165273 0.148351 0.00497367
-0.8393 1.10372 -2.20519
0.162651 0.118661 -0.0419218
-0.940515 1.29221 -1.48103
0.183741 0.124758 0.0081728
-0.974313 1.09949 -2.23959
0.165631 0.117 -0.0268827
-0.955793 1.3872 -1.47727
0.177044 0.129231 0.0102951
-0.940259 1.22037 -2.06845
0.174464 0.132369 -0.0259476
-0.921736 1.0814 -1.97002
0.183338 0.125307 -0.0325194
-0.971249 0.929559 -2.156
0.165307 0.145807 0.0138246
-0.847994 1.1702 -2.17731
0.161592 0.142414 -0.00456561
-0.848396 1.28593 -1.83743
0.182809 0.123463 -0.0365617
-0.976794 0.948113 -2.08992
0.17937 0.127517 -0.0363459
-0.952784 0.96736 -2.06065
0.176586 0.128186 0.00572917
-0.942889 1.24585 -1.98932
0.167435 0.149936 -0.0152611
-0.840481 0.907033 -2.34325
0.170528 0.14061 -0.0189991
-0.88126 1.06579 -2.05657
0.174931 0.13124 -0.0163846
-0.927142 1.14908 -1.94728
0.17231 0.125781 -0.019034
-0.940241 1.25646 -1.7544
0.176647 0.128807 -0.0364759
-0.940756 1.00986 -1.99056
0.182251 0.13036 -0.0176921
-0.94989 0.944025 -2.2628
0.168388 0.142887 -0.0291302
-0.86714 1.00282 -2.06788
0.163349 0.149289 -0.00173474
-0.83034 1.12954 -2.1063
0.171202 0.127031 -0.00576425
-0.93244 1.32881 -1.76078
0.171375 0.130004 -0.00355649
-0.921818 1.29651 -1.82998
0.170376 0.117812 -0.0195615
-0.965807 1.3665 -1.57813
0.184616 0.11857 -0.0058639
-0.999887 1.17795 -1.99425
0.16472 0.136687 -0.03805
-0.878139 1.10657 -1.81925
0.180434 0.12107 0.00184752
-0.979804 1.26197 -1.93062
0.175208 0.12653 -0.0336557
-0.945343 1.0963 -1.87641
0.172753 0.123566 0.0123416
-0.949891 1.40469 -1.80433
0.186618 0.117633 0.00581425
-1.00837 1.16743 -2.11223
0.172944 0.135035 -0.00580154
-0.907874 1.17805 -1.99463
0.166655 0.148525 -0.00602681
-0.842856 1.03582 -2.21748
0.164784 0.125152 0.00277183
-0.921249 1.48374 -1.60252
0.167549 0.11825 -0.00916337
-0.956212 1.46061 -1.52993
0.165927 0.134325 0.0108908
-0.890264 1.3772 -1.83312
0.172232 0.133472 -0.0287883
-0.911515 1.09015 -1.93049
0.187689 0.119003 -0.0271632
-1.00572 0.967453 -2.14225
0.187144 0.121624 -0.00981353
-0.994497 1.02652 -2.19942
0.180214 0.130664 -0.00234141
-0.943458 1.07434 -2.18827
0.167375 0.13708 -0.0364413
-0.884579 1.06855 -1.89574
0.174946 0.12199 -0.0395669
-0.961883 1.10985 -1.79976
0.162413 0.117532 -0.0195615
-0.944367 1.47121 -1.41762
0.174242 0.136695 0.00367252
-0.90557 1.1316 -2.14995
0.170364 0.137088 0.0106
-0.89321 1.23782 -2.044
0.163974 0.132553 -0.02834
-0.890967 1.24333 -1.68993
0.165718 0.115541 -0.0409397
-0.961944 1.29044 -1.49369
0.185346 0.121811 -0.0211221
-0.98937 1.0265 -2.10068
0.173054 0.120611 -0.0047617
-0.962115 1.37808 -1.69434
0.173768 0.116433 -0.00628498
-0.980456 1.4042 -1.64107
0.162759 0.135973 -0.0091831
-0.874824 1.33506 -1.72076
0.180895 0.130798 -0.0114081
-0.944761 1.01882 -2.19784
0.169573 0.119853 -0.0270742
-0.955527 1.30835 -1.59894
0.17744 0.122379 -0.0127741
-0.967024 1.24447 -1.82927
0.173975 0.116134 -0.00124681
-0.982197 1.42657 -1.6522
0.172324 0.140342 -0.00134496
-0.88733 1.09216 -2.1687
0.173046 0.132753 0.00932661
-0.916404 1.25448 -2.00717
0.17301 0.121031 -0.0234153
-0.960367 1.27141 -1.69101
0.168225 0.12079 -0.0020167
-0.948073 1.46079 -1.59405
0.171336 0.128526 0.00395623
-0.927207 1.34357 -1.8237
0.170134 0.142427 -0.0380702
-0.873811 0.883305 -2.18156
0.173767 0.116107 -0.0236688
-0.98175 1.30857 -1.63032
0.184348 0.116459 -0.031363
-1.00737 1.06684 -1.94474
0.176251 0.115924 -0.0137704
-0.989014 1.33285 -1.683
0.187652 0.116088 -0.00484405
-1.01679 1.14289 -2.05825
0.182676 0.116553 -0.0157008
-1.00288 1.20273 -1.86869
0.162822 0.135352 -0.0173223
-0.877266 1.29799 -1.70496
0.164587 0.144972 -0.0127765
-0.848677 1.15032 -1.97715
0.177154 0.122812 -0.0259275
-0.964617 1.16552 -1.8358
0.16209 0.132625 -0.00444284
-0.885046 1.40789 -1.65194
0.169907 0.124692 -0.00908094
-0.937692 1.36123 -1.68151
0.164818 0.128866 -0.00136945
-0.907211 1.42531 -1.65302
0.16402 0.126973 -0.0352575
-0.912027 1.25184 -1.61121
0.163902 0.151892 -0.0170717
-0.823413 0.980792 -2.20929
0.161686 0.143566 -0.0137623
-0.844689 1.22396 -1.85257
0.167833 0.133374 0.00213901
-0.899305 1.33358 -1.82305
0.191373 0.116981 -0.00269456
-1.02213 0.966989 -2.35614
0.171819 0.123727 -0.00246151
-0.946705 1.37242 -1.72336
0.161432 0.140156 0.0063629
-0.85583 1.35949 -1.82049
0.179014 0.121789 0.00655032
-0.973391 1.29405 -1.92209
0.175953 0.122803 -0.0335327
-0.961461 1.13168 -1.8205
0.169341 0.115768 -0.0364628
-0.971136 1.2795 -1.55528
0.167535 0.146387 -0.0140463
-0.852662 1.03989 -2.14127
0.181118 0.131802 -0.0166516
-0.941711 0.954205 -2.25553
0.166683 0.145686 -0.0209738
-0.852516 1.04198 -2.07722
0.163307 0.144102 0.00948115
-0.847793 1.2638 -1.99411
0.171466 0.12745 0.00757054
-0.9316 1.36583 -1.82141
0.173869 0.135816 0.00993256
-0.907663 1.16668 -2.1491
0.180556 0.117946 0.00847369
-0.992149 1.31985 -1.89927
0.16801 0.129794 -0.0306778
-0.913027 1.19906 -1.73876
0.166423 0.132566 -0.0275391
-0.898155 1.2125 -1.7463
0.18563 0.123034 -0.0214266
-0.985479 0.989171 -2.15781
0.162079 0.144633 -0.0287707
-0.842219 1.10689 -1.9038
0.184348 0.124508 -0.0193969
-0.976776 1.0119 -2.13919
0.162058 0.14616 -0.0276959
-0.836933 1.08941 -1.94151
0.166413 0.119652 -0.00687696
-0.947428 1.47424 -1.53024
0.165523 0.148226 -0.0395109
-0.84047 0.852741 -2.21832
0.176133 0.135936 -0.0236371
-0.913499 0.983105 -2.14814
0.164376 0.119313 -0.0109431
-0.942931 1.48264 -1.4806
0.165982 0.135133 -0.017223
-0.88749 1.25277 -1.7765
0.170334 0.115089 -0.00231131
-0.976587 1.4859 -1.554
0.162319 0.123746 -0.0127159
-0.91943 1.45688 -1.50308
0.166822 0.131196 -0.0383103
-0.904377 1.14124 -1.7606
0.185257 0.118289 -0.0102244
-1.00254 1.14869 -2.00212
0.17861 0.121053 -0.035268
-0.975162 1.09157 -1.86926
0.163212 0.154927 -0.0132723
-0.811433 0.883804 -2.39777
0.183593 0.118624 -0.0135991
-0.997149 1.16667 -1.9441
0.186757 0.125311 -0.0243084
-0.97981 0.827827 -2.39197
0.168031 0.121768 -0.00990594
-0.943702 1.41554 -1.59128
0.174735 0.11733 0.013594
-0.979472 1.44861 -1.74962
0.170133 0.139227 -0.00987775
-0.884971 1.14909 -2.00452
0.173764 0.123227 -0.0376399
-0.953946 1.13104 -1.78342
0.166962 0.123897 -0.0299354
-0.932391 1.28367 -1.61102
0.165658 0.121661 0.00827192
-0.937347 1.52823 -1.58568
0.181863 0.132427 -0.0244861
-0.941413 0.816267 -2.40902
0.164036 0.137432 -0.0408223
-0.873416 1.08411 -1.82989
0.171909 0.12945 -0.0400115
-0.925368 1.06485 -1.86881
0.165207 0.122795 -0.0408161
-0.931611 1.23288 -1.58807
0.173151 0.134017 -0.0329948
-0.91212 1.02959 -1.9901
0.161815 0.129134 -0.0407303
-0.897254 1.21438 -1.61891
0.17411 0.126102 -0.0407612
-0.94397 1.06324 -1.86446
0.170228 0.137106 -0.00303934
-0.892755 1.21191 -1.96576
0.162877 0.153807 -0.025399
-0.814032 0.893706 -2.27645
0.178853 0.13474 -0.0254067
-0.925152 0.899533 -2.267
0.16841 0.142423 0.00662313
-0.868808 1.16949 -2.11601
0.166915 0.149441 -0.0059549
-0.84058 0.988618 -2.29333
0.162145 0.128759 -0.00554512
-0.899664 1.44542 -1.58547
0.167165 0.148932 -0.0141557
-0.843016 0.97305 -2.24706
0.164858 0.133767 -0.0171786
-0.889137 1.28788 -1.72202
0.178142 0.121169 0.00208027
-0.973496 1.30866 -1.86071
0.17031 0.11717 -0.00871505
-0.968184 1.43532 -1.57211
0.186438 0.115182 0.00887059
-1.01739 1.22098 -2.05515
0.166774 0.133156 -0.0423559
-0.897019 1.08312 -1.81713
0.185045 0.117486 -0.0150641
-1.00511 1.14258 -1.96924
0.186416 0.12582 -0.0186028
-0.977087 0.874633 -2.36627
0.170246 0.125482 0.0125299
-0.935626 1.42479 -1.77586
0.162781 0.120416 -0.0199892
-0.933893 1.43837 -1.46362
0.172652 0.12774 -0.0378655
-0.93381 1.09255 -1.8437
0.162275 0.127504 0.0095112
-0.904817 1.51714 -1.61281
0.171812 0.125406 0.00387737
-0.940283 1.37561 -1.77432
0.171348 0.129156 -0.0308901
-0.924892 1.15163 -1.81274
0.179652 0.13344 -0.00550041
-0.931936 1.00574 -2.26995
0.172942 0.118366 -0.0171759
-0.970601 1.33889 -1.64277
0.16426 0.132236 -0.0272893
-0.892988 1.25026 -1.68868
0.168294 0.138874 -0.0197283
-0.880884 1.14277 -1.92762
0.162341 0.138084 -0.0231783
-0.865965 1.23481 -1.75085
0.182262 0.121896 0.00285725
-0.981321 1.20823 -2.02283
0.176456 0.138378 -0.00981276
-0.905759 0.966728 -2.29487
0.167072 0.128361 -0.019253
-0.915688 1.30608 -1.6748
0.175821 0.133137 -0.00108859
-0.922684 1.15773 -2.06756
0.17663 0.135472 -0.0078825
-0.916515 1.0601 -2.16277
0.183949 0.122534 0.0112155
-0.983164 1.14769 -2.19001
0.190703 0.116423 -0.0339882
-1.0227 0.846816 -2.27677
0.174504 0.132231 0.0126055
-0.922351 1.22916 -2.07481
0.17482 0.129986 -0.0239454
-0.931443 1.12497 -1.9183
0.167501 0.133075 0.00184122
-0.899432 1.34255 -1.80674
0.171881 0.126977 -0.000849283
-0.934534 1.33806 -1.78999
0.179759 0.125619 -0.0346004
-0.960861 1.00641 -2.0131
0.161943 0.136357 -0.0225076
-0.870963 1.26673 -1.70669
0.176432 0.13199 -0.0257764
-0.928509 1.04363 -2.03209
0.173169 0.13382 0.0105041
-0.912878 1.23193 -2.0523
0.167649 0.126174 -0.0240962
-0.925628 1.29097 -1.65398
0.169078 0.121544 -0.0238157
-0.947521 1.32067 -1.61002
0.164144 0.133616 -0.00193739
-0.887569 1.37615 -1.72233
0.174015 0.124432 -0.0298429
-0.95003 1.17281 -1.78843
0.1777 0.134704 0.00627025
-0.922168 1.04879 -2.30344
0.165589 0.115344 -0.0315992
-0.962378 1.3676 -1.46251
0.17135 0.122053 -0.0297061
-0.95186 1.24225 -1.67893
0.171955 0.123218 -0.0222446
-0.949033 1.27143 -1.70169
0.184138 0.128365 -0.0020232
-0.962012 0.94469 -2.39764
0.180776 0.119807 -0.0124422
-0.985519 1.21554 -1.87747
0.180403 0.121977 -0.00440568
-0.976267 1.22871 -1.92762
0.168241 0.140347 0.0111684
-0.875544 1.22396 -2.07043
0.166614 0.115166 -0.00536776
-0.965994 1.5211 -1.47426
0.191355 0.116324 -0.0177544
-1.02459 0.951696 -2.24996
0.184147 0.129534 -0.0168673
-0.957774 0.85363 -2.41506
0.165493 0.127348 -0.0296272
-0.914928 1.27036 -1.63502
0.162301 0.137763 0.00137253
-0.866992 1.36346 -1.77078
0.183059 0.124691 -0.00511405
-0.972834 1.1129 -2.10319
0.162496 0.136745 -0.0412365
-0.87124 1.11381 -1.77761
0.164844 0.148115 -0.00293958
-0.838803 1.11453 -2.11952
0.175246 0.121392 0.0125982
-0.964989 1.38743 -1.83253
0.186646 0.119762 -0.0200543
-1.00031 1.03405 -2.098
0.172418 0.134512 0.0111236
-0.908274 1.23778 -2.0486
0.188146 0.117164 0.00955522
-1.01383 1.12048 -2.21845
0.192804 0.115865 -0.0055594
-1.02968 0.872169 -2.4833
0.17543 0.127673 -0.00753375
-0.941672 1.23619 -1.88852
0.169519 0.126776 0.0109726
-0.928666 1.41728 -1.77354
0.17713 0.136369 -0.013968
-0.914692 0.992312 -2.21789
0.165732 0.141387 -0.0234897
-0.864501 1.128 -1.91755
0.162578 0.122692 0.0096205
-0.924314 1.56502 -1.54409
0.172704 0.125321 -0.00456981
-0.94307 1.32984 -1.76978
0.173028 0.130321 -0.00064719
-0.925265 1.27145 -1.89418
0.165538 0.117554 -0.0349294
-0.953304 1.32382 -1.49939
0.163092 0.146191 -0.0179413
-0.839991 1.13136 -1.96159
0.16709 0.119366 -0.0193184
-0.950483 1.39757 -1.53246
0.173761 0.136284 -0.0257317
-0.905688 1.0284 -2.05693
0.168887 0.124071 -0.0138556
-0.937197 1.35805 -1.64337
0.172206 0.144217 -0.0102266
-0.873622 0.936213 -2.34012
0.173778 0.116692 0.00537953
-0.979455 1.44884 -1.67741
0.182052 0.12245 -0.0225527
-0.978692 1.09289 -1.98191
0.164332 0.125902 -0.0100324
-0.917044 1.42342 -1.57819
0.172361 0.131365 0.01278
-0.919563 1.29844 -1.96941
0.17378 0.130977 -0.0371877
-0.924936 1.03094 -1.9499
0.183631 0.124146 0.00213859
-0.976318 1.12199 -2.1518
0.177588 0.134369 -0.0143754
-0.923063 1.02947 -2.15501
0.182004 0.125356 -0.0351925
-0.967658 0.946555 -2.1047
0.167767 0.137883 -0.0304652
-0.88286 1.09614 -1.90571
0.164185 0.136026 -0.0065271
-0.878922 1.32477 -1.76023
0.166675 0.136245 0.00164285
-0.88552 1.31128 -1.85285
0.164464 0.152579 -0.0292358
-0.822869 0.833154 -2.34047
0.171324 0.125276 0.00840899
-0.939419 1.39893 -1.77874
0.175434 0.128231 -0.00857422
-0.939608 1.22342 -1.89929
0.1833 0.115013 -0.000185828
-1.01043 1.27843 -1.88743
0.185563 0.117352 -0.0156699
-1.00689 1.12908 -1.98527
0.162182 0.137236 0.0100148
-0.868522 1.39831 -1.79367
0.166795 0.137213 0.000208792
-0.882399 1.28979 -1.87335
0.170107 0.136477 0.00618818
-0.894656 1.25017 -1.9866
0.176942 0.121164 -0.00679475
-0.970366 1.29735 -1.80012
0.17434 0.137842 -0.0361811
-0.901782 0.886404 -2.19334
0.162243 0.134254 0.00736548
-0.879519 1.4303 -1.72253
0.176304 0.118674 -0.0328586
-0.97834 1.17857 -1.75135
0.173681 0.116942 -0.0181445
-0.978208 1.33647 -1.63766
0.177127 0.128178 -0.00235863
-0.944374 1.21242 -1.97091
0.165681 0.136928 -0.0178151
-0.880132 1.23019 -1.80662
0.16436 0.120558 -0.00802351
-0.937938 1.48681 -1.50104
0.172495 0.129696 -0.00680805
-0.926094 1.26681 -1.84728
0.176283 0.12703 -0.00173576
-0.946375 1.25087 -1.91653
0.172288 0.13541 -0.0385737
-0.904683 0.976453 -2.02577
0.167815 0.125343 -0.0239935
-0.929273 1.29814 -1.64367
0.165101 0.127286 -0.0174287
-0.914019 1.35679 -1.61276
0.167298 0.14216 -0.00178641
-0.866455 1.18792 -2.01418
0.173363 0.127071 -0.0272279
-0.938281 1.16997 -1.81689
0.182919 0.117021 -0.0408369
-1.00166 1.01066 -1.94945
0.175158 0.122807 -0.0245002
-0.959316 1.21004 -1.778
0.168011 0.12275 -0.00774618
-0.939824 1.41673 -1.60897
0.188225 0.120664 -0.0404089
-1.00073 0.738107 -2.39597
0.176706 0.130061 -0.0190167
-0.936294 1.11441 -1.97899
0.163271 0.126451 -0.0357162
-0.911808 1.26327 -1.5885
0.165115 0.13941 -0.00321036
-0.869609 1.27484 -1.86649
0.183148 0.123218 0.0102366
-0.978577 1.16173 -2.15948
0.188958 0.119753 -0.0099026
-1.00593 0.999565 -2.24163
0.168294 0.12716 -0.0305068
-0.923732 1.22624 -1.69696
0.167812 0.130218 -0.020906
-0.910877 1.26332 -1.72665
0.171995 0.120901 -0.0068769
-0.958104 1.38165 -1.67005
0.165675 0.115911 -0.0302095
-0.960318 1.37208 -1.46893
0.162683 0.144245 -0.0359618
-0.8454 1.04613 -1.93644
0.173772 0.121883 -0.0310615
-0.959131 1.19723 -1.73813
0.175893 0.134749 -0.00706109
-0.917082 1.1034 -2.10127
0.180878 0.116115 -0.037469
-1.0001 1.0921 -1.8481
0.180084 0.132249 -0.023028
-0.937372 0.945147 -2.21445
0.182416 0.123427 -0.041617
-0.97593 0.910559 -2.10547
0.168281 0.138044 -0.0207619
-0.883788 1.15005 -1.90685
0.164424 0.12562 -0.0312907
-0.918392 1.29027 -1.58772
0.161797 0.144535 -0.0267582
-0.84169 1.12783 -1.88844
0.175772 0.122057 -0.013866
-0.963833 1.2723 -1.7761
0.168781 0.148012 -0.0106611
-0.850866 0.946228 -2.32032
0.176991 0.11874 -0.0316812
-0.97988 1.17541 -1.76732
0.171572 0.115906 -0.0261263
-0.976667 1.32491 -1.5818
0.172086 0.126084 0.00905934
-0.93847 1.37657 -1.81813
0.176259 0.124053 -0.0202594
-0.957519 1.20261 -1.82811
0.181517 0.129101 -0.000435042
-0.95257 1.06981 -2.21197
0.173316 0.135423 -0.0077764
-0.907523 1.15457 -2.01427
0.164456 0.118353 0.0122113
-0.946995 1.59146 -1.52886
0.187009 0.121476 0.000143045
-0.994722 1.05681 -2.2376
0.187111 0.123088 -0.0248151
-0.988935 0.901869 -2.26841
0.184017 0.129489 -0.0234594
-0.957604 0.821295 -2.40985
0.175288 0.120214 -0.0355145
-0.969659 1.15752 -1.76047
0.170427 0.121495 -0.0415076
-0.951473 1.16901 -1.68514
0.172015 0.118156 -0.0314313
-0.96892 1.25948 -1.63533
0.163722 0.121362 -0.0245448
-0.932906 1.38791 -1.49839
0.163312 0.134767 -0.0355378
-0.880867 1.17304 -1.73524
0.167878 0.129941 -0.0205946
-0.912097 1.26754 -1.72285
0.185608 0.117066 -0.0359425
-1.0081 0.990722 -2.02641
0.165431 0.121183 0.00154633
-0.938571 1.51116 -1.55111
0.167168 0.134249 0.0046513
-0.89418 1.34068 -1.83417
0.166221 0.124701 -0.0247329
-0.927161 1.32193 -1.5995
0.190584 0.120097 -0.0192978
-1.0085 0.805552 -2.47126
0.181817 0.123526 -0.0082972
-0.974033 1.15669 -2.00639
0.16917 0.133388 -0.0104907
-0.903116 1.25855 -1.82757
0.178833 0.130293 -0.0265637
-0.941147 1.00795 -2.08241
0.165794 0.146003 0.00675678
-0.848788 1.15545 -2.13919
0.166197 0.138231 -0.0351543
-0.877004 1.08319 -1.88385
0.168927 0.139249 -0.0417874
-0.881404 0.95237 -2.03579
0.163498 0.125134 -0.0130444
-0.917539 1.42603 -1.54679
0.175251 0.128593 -0.0377183
-0.937769 1.0326 -1.94234
0.187753 0.118414 0.00369907
-1.00812 1.1092 -2.18548
0.163268 0.120683 0.00684461
-0.93426 1.56632 -1.51766
0.178021 0.118205 -0.0164195
-0.984646 1.26448 -1.7654
0.162056 0.118554 0.00413033
-0.9392 1.59234 -1.45589
0.171974 0.124075 -0.0288298
-0.945802 1.21713 -1.72703
0.16919 0.117107 -0.0324411
-0.96535 1.30042 -1.56063
0.168692 0.11571 0.00606744
-0.96958 1.53744 -1.55274
0.177119 0.125164 0.00221736
-0.95561 1.27364 -1.91579
0.174482 0.135646 -0.0201289
-0.909975 1.05958 -2.05653
0.163325 0.116166 -0.0430617
-0.952558 1.29562 -1.46402
0.18432 0.123731 0.00506154
-0.979605 1.10806 -2.19909
0.171678 0.142994 0.00131458
-0.876302 1.03009 -2.29021
0.170493 0.131124 -0.0246983
-0.915189 1.1842 -1.81721
0.172725 0.124861 -0.00972097
-0.944874 1.31142 -1.75241
0.189495 0.11499 -0.0242678
-1.02538 1.01054 -2.09855
0.182979 0.12595 -0.0153752
-0.967947 1.04668 -2.11884
0.179205 0.136226 -0.0175071
-0.92082 0.856143 -2.40548
0.179643 0.130865 -0.0141907
-0.941217 1.04808 -2.12696
0.175331 0.124115 -0.0261122
-0.954793 1.18047 -1.81032
0.168338 0.139454 -0.0403225
-0.878966 0.975937 -2.01072
0.173096 0.132436 -0.0243492
-0.917699 1.11978 -1.92295
0.165516 0.138571 -0.0412569
-0.873777 1.03851 -1.90018
0.176107 0.12916 -0.0416818
-0.937993 0.968972 -2.00968
0.17906 0.13136 -0.00554842
-0.937868 1.08913 -2.13701
0.168411 0.121089 0.00183041
-0.947425 1.47106 -1.61299
0.162534 0.129875 -0.0359008
-0.896627 1.2363 -1.63001
0.17997 0.130396 -0.0423389
-0.943787 0.814635 -2.25501
0.166192 0.141392 -0.0282472
-0.865854 1.08627 -1.9416
0.183369 0.123159 0.00394572
-0.979354 1.15462 -2.11613
0.185985 0.12032 -0.0157211
-0.996579 1.06759 -2.0825
0.17722 0.124709 0.000766118
-0.957594 1.27389 -1.90276
0.165938 0.141106 0.00646905
-0.866096 1.25834 -1.97642
0.163894 0.147865 -0.0231095
-0.836767 1.04935 -2.04658
0.164461 0.135816 0.0130335
-0.880503 1.38572 -1.8389
0.167338 0.128013 0.0129784
-0.917767 1.44278 -1.75293
0.162019 0.137732 0.00277583
-0.866247 1.37326 -1.76822
0.179452 0.119553 0.00656733
-0.98311 1.31654 -1.88775
0.181533 0.131298 -0.0244382
-0.944623 0.900412 -2.27405
0.182704 0.129244 -0.015245
-0.955123 0.972884 -2.23786
0.168451 0.139789 -0.0177499
-0.878118 1.1358 -1.95623
0.173745 0.1165 -0.0179084
-0.98013 1.34133 -1.63229
0.186371 0.11591 -0.0321879
-1.01441 1.02122 -2.01088
0.177867 0.134137 0.0032788
-0.924648 1.06853 -2.24618
0.180486 0.127173 -0.00576767
-0.95698 1.13536 -2.06206
0.170837 0.14007 -0.00893991
-0.884035 1.11919 -2.05993
0.183531 0.120463 -0.0395053
-0.989961 0.955452 -2.05148
0.161785 0.149785 -0.0293421
-0.823895 1.01309 -2.04946
0.164492 0.13808 0.00769081
-0.872471 1.34018 -1.86144
0.180311 0.134445 -0.00542849
-0.930098 0.882162 -2.46838
0.167032 0.115545 -0.0383727
-0.965628 1.29544 -1.51106
0.162931 0.13995 -0.0315296
-0.861127 1.14232 -1.82181
0.168308 0.141213 -0.0353801
-0.872713 0.987752 -2.03629
0.172154 0.137963 -0.0282405
-0.895206 1.01706 -2.05288
0.161462 0.151035 -0.0398633
-0.818755 0.897334 -2.14276
0.168221 0.143374 -0.0178661
-0.86497 1.07211 -2.05646
0.161689 0.140182 -0.0246021
-0.856521 1.20781 -1.78062
0.16698 0.115706 0.00865156
-0.964829 1.57073 -1.52727
0.178287 0.135311 -0.0402782
-0.921592 0.690465 -2.4739
0.169195 0.137267 -0.0101551
-0.889206 1.20183 -1.91916
0.185898 0.117762 -0.0402413
-1.00612 0.931148 -2.08437
0.170723 0.136651 -0.033313
-0.895797 1.03477 -1.97886
0.166082 0.145896 -0.0381214
-0.850012 0.91621 -2.1277
0.164254 0.137856 0.0067393
-0.872554 1.34552 -1.84502
0.180492 0.132418 -0.0197388
-0.937842 0.944416 -2.24435
0.164883 0.11584 0.00949697
-0.958357 1.60111 -1.49107
0.162 0.12005 -0.000774301
-0.933052 1.55759 -1.46223
0.18191 0.117057 -0.0184423
-0.999012 1.19587 -1.85505
0.168376 0.135798 -0.0152447
-0.892095 1.21402 -1.855
0.164448 0.131218 -0.00219078
-0.897318 1.39985 -1.68414
0.175954 0.120437 -0.0209921
-0.970562 1.2467 -1.752
0.162483 0.117795 -0.0292477
-0.943508 1.40134 -1.43245
0.176391 0.135802 0.00543174
-0.914685 1.07527 -2.25415
0.162669 0.123322 -0.0183291
-0.922122 1.42318 -1.50238
0.181933 0.118343 0.0115883
-0.994088 1.28816 -1.97488
0.16952 0.118928 -0.0424558
-0.959024 1.19901 -1.62712
0.176108 0.123249 -0.0234357
-0.960171 1.19536 -1.81094
0.162332 0.122438 -0.0399673
-0.924585 1.279 -1.52181
0.176881 0.116839 -0.0356447
-0.987041 1.16743 -1.74327
0.173941 0.120629 -0.0432463
-0.964441 1.11011 -1.7646
0.174023 0.137168 -0.042917
-0.90328 0.841601 -2.20603
0.183983 0.125289 0.00351456
-0.97295 1.07857 -2.23232
0.170883 0.129334 -0.0267349
-0.92292 1.18689 -1.79442
0.165935 0.127915 -0.0100015
-0.914069 1.37952 -1.64527
0.177165 0.138333 -0.00853269
-0.907864 0.922507 -2.37676
0.179444 0.125686 -0.0391252
-0.959787 0.972868 -2.0266
0.16787 0.128388 -0.00524736
-0.917887 1.36814 -1.70516
0.185114 0.127771 -0.0203551
-0.966661 0.859852 -2.37481
0.164835 0.12113 0.013091
-0.937058 1.5604 -1.5813
0.173256 0.140298 -0.0203888
-0.890127 0.985631 -2.17257
0.179639 0.118986 -0.0090812
-0.98578 1.26437 -1.83099
0.171502 0.137722 0.00525727
-0.894209 1.18999 -2.07212
0.175672 0.132557 -0.0201495
-0.924376 1.08853 -2.01016
0.17495 0.121857 0.00706714
-0.962409 1.37433 -1.80414
0.163086 0.150061 0.00391956
-0.826966 1.12512 -2.16229
0.177655 0.125633 0.00961722
-0.955271 1.26999 -1.98574
0.175786 0.138735 -0.0113598
-0.902658 0.981436 -2.25794
0.182462 0.12557 -0.0143176
-0.968034 1.07535 -2.08244
0.165705 0.139763 -0.00956969
-0.870123 1.23176 -1.87749
0.174901 0.12537 -0.0040701
-0.948882 1.29247 -1.83169
0.170091 0.136097 -0.0375195
-0.895968 1.02213 -1.96117
0.187237 0.115057 -0.000825866
-1.01978 1.18381 -2.02896
0.183968 0.125789 0.0112738
-0.971057 1.02217 -2.38934
0.161469 0.128897 -0.0180755
-0.897107 1.38458 -1.56396
0.178502 0.117923 -0.014756
-0.986986 1.26868 -1.77378
0.170593 0.115196 -0.0198046
-0.976862 1.38643 -1.54511
0.168508 0.120875 0.00556112
-0.948538 1.4858 -1.62413
0.168198 0.148271 -0.0340689
-0.848283 0.77983 -2.38421
0.189036 0.119615 -0.0382253
-1.00664 0.767239 -2.3681
0.166697 0.141838 0.0102683
-0.865795 1.23099 -2.05171
0.185043 0.12736 -0.00178708
-0.967984 0.908099 -2.45835
0.165475 0.115009 -0.0362814
-0.963418 1.33566 -1.46728
0.18155 0.124374 -0.033317
-0.970164 0.994043 -2.04465
0.165317 0.142923 0.00194093
-0.857921 1.22801 -1.98408
0.171089 0.138026 -0.0368725
-0.891955 0.970712 -2.05047
0.164875 0.145722 -0.0119482
-0.846986 1.13361 -2.01083
0.18384 0.127369 -0.00236209
-0.964903 1.01725 -2.2788
0.16803 0.139414 0.00820427
-0.878206 1.24603 -2.01051
0.172005 0.11783 -0.00285197
-0.970183 1.43219 -1.62947
0.162973 0.141495 -0.0159803
-0.855826 1.22109 -1.83732
0.161473 0.148887 -0.0303758
-0.825927 1.03074 -2.01179
0.1676 0.134316 -0.0162407
-0.895196 1.24264 -1.8012
0.177948 0.122874 0.00021156
-0.966471 1.28333 -1.88334
0.185266 0.121597 0.00321662
-0.989979 1.12523 -2.15602
0.163094 0.130848 -0.00961802
-0.894665 1.38908 -1.63413
0.184079 0.124566 -0.017244
-0.975882 1.03179 -2.12624
0.166789 0.150351 -0.00193663
-0.837184 0.929984 -2.42195
0.178415 0.119205 0.010743
-0.981782 1.35122 -1.87119
0.185012 0.122941 -0.0317597
-0.984296 0.9336 -2.1562
0.168681 0.143383 -0.00600309
-0.866288 1.11388 -2.09391
0.180782 0.116142 -0.0233642
-0.999753 1.19747 -1.80824
0.1685 0.131258 -0.0238324
-0.909005 1.22117 -1.76647
0.163553 0.134611 -0.0155357
-0.88216 1.30653 -1.70783
0.17196 0.138659 -0.0221755
-0.892197 1.05023 -2.05342
0.163367 0.138611 -0.0324675
-0.867195 1.14667 -1.80621
0.16576 0.127446 0.00661561
-0.915335 1.45735 -1.67561
0.163861 0.135375 -0.0350278
-0.88031 1.16137 -1.75881
0.189637 0.116753 -0.0112034
-1.01894 1.04361 -2.16011
0.173006 0.115634 -0.0114019
-0.981609 1.39755 -1.6051
0.181019 0.123633 0.0122594
-0.971583 1.21992 -2.08616
0.165521 0.127419 -0.0166381
-0.914739 1.35422 -1.62397
0.167132 0.145472 0.0131024
-0.854576 1.1133 -2.26055
0.166257 0.118094 -0.00652791
-0.953186 1.49293 -1.50551
0.173849 0.118245 -0.00445034
-0.973511 1.39258 -1.67508
0.176913 0.12033 -0.0258283
-0.973508 1.20039 -1.78121
0.17018 0.145316 0.00420685
-0.864045 0.987848 -2.38266
0.165724 0.131817 -0.000924363
-0.898868 1.37815 -1.72824
0.1797 0.133905 -0.0280285
-0.930403 0.864501 -2.3005
0.179489 0.129347 0.00280282
-0.946352 1.13977 -2.12956
0.184502 0.120476 -0.0244079
-0.992328 1.05268 -2.02973
0.182974 0.118316 -0.0125142
-0.996797 1.18996 -1.917
0.167945 0.147155 -0.0207513
-0.851281 0.967059 -2.19918
0.175964 0.133186 -0.000167887
-0.922897 1.15502 -2.07982
0.162172 0.132549 -0.026324
-0.885574 1.28259 -1.64652
0.185159 0.116227 -0.0180077
-1.01025 1.14192 -1.94426
0.184268 0.12124 0.00443507
-0.988849 1.16695 -2.10103
0.174057 0.116562 -0.0370035
-0.980711 1.2028 -1.67342
0.165546 0.124268 -0.0029612
-0.926877 1.45835 -1.58926
0.17358 0.115861 -0.0223887
-0.982229 1.32202 -1.62112
0.16309 0.122009 0.00366159
-0.928508 1.54324 -1.5229
0.171211 0.138392 -0.0212616
-0.891009 1.0794 -2.01488
0.179049 0.133476 -0.0361471
-0.930198 0.828148 -2.28793
0.174116 0.130901 -0.0191091
-0.926144 1.1556 -1.91278
0.170693 0.136619 -0.0335115
-0.895824 1.03433 -1.97778
0.178617 0.130575 0.00733109
-0.939546 1.14129 -2.1664
0.180594 0.129771 -0.0168947
-0.947709 1.02906 -2.13366
0.162139 0.150624 -0.0357356
-0.822199 0.930076 -2.12655
0.167837 0.14207 -0.0412362
-0.86835 0.926792 -2.08247
0.182288 0.118932 -0.0370822
-0.992706 1.03069 -1.95125
0.167282 0.126754 -0.0370647
-0.922368 1.19521 -1.68508
0.174512 0.142235 -0.0200293
-0.886948 0.833935 -2.4193
0.163436 0.142499 -0.0382414
-0.853728 1.04151 -1.9231
0.172855 0.131521 0.000629523
-0.920372 1.26065 -1.92204
0.174662 0.130691 -0.0355517
-0.928414 1.03077 -1.96505
0.177812 0.131682 -0.020995
-0.93336 1.04573 -2.07104
0.162604 0.131241 0.00595863
-0.891728 1.4577 -1.66931
0.17763 0.134333 0.00377509
-0.923305 1.07206 -2.24489
0.183075 0.122115 -0.0206805
-0.982548 1.08552 -2.01027
0.168939 0.127571 -0.0211629
-0.924019 1.27545 -1.70527
0.183491 0.12132 0.011698
-0.986604 1.19185 -2.12502
0.175501 0.117303 -0.000103581
-0.981601 1.39451 -1.71069
0.172248 0.124687 -0.040929
-0.944223 1.11119 -1.78478
0.163071 0.139053 -0.00605121
-0.864729 1.30374 -1.79683
0.165512 0.115719 0.00895618
-0.960635 1.59184 -1.49956
0.185495 0.125266 -0.0118567
-0.976834 0.985827 -2.24661
0.165939 0.119018 -0.00883476
-0.948594 1.47651 -1.50907
0.170284 0.118303 -0.00845145
-0.963609 1.42594 -1.58867
0.183914 0.126365 0.00156368
-0.968791 1.04834 -2.26336
0.182291 0.127342 -0.0255987
-0.961033 0.974087 -2.14537
0.191168 0.117195 -0.0102998
-1.02084 0.966148 -2.29158
0.172884 0.133021 0.00520571
-0.914978 1.24688 -1.98317
0.168993 0.121661 -0.0108882
-0.94683 1.39786 -1.60928
0.180822 0.11753 -0.0142837
-0.994436 1.23403 -1.83215
0.165127 0.126094 -0.0215497
-0.918637 1.3434 -1.59557
0.176019 0.115616 -0.0332523
-0.98963 1.21203 -1.694
0.174997 0.132517 -0.0410553
-0.92267 0.941211 -2.06062
0.176955 0.136673 -0.0175173
-0.913139 0.971851 -2.21973
0.166751 0.148356 0.00729767
-0.843709 1.02633 -2.34811
0.187046 0.122342 -0.00952941
-0.991561 1.01195 -2.22511
0.168434 0.132441 0.0100693
-0.90446 1.35721 -1.85625
0.172005 0.120772 -0.0132568
-0.958634 1.35028 -1.66076
0.192737 0.116097 -0.0193186
-1.02865 0.85849 -2.386
0.168218 0.13195 -0.0330291
-0.90564 1.15179 -1.79279
0.164878 0.151467 -0.0225617
-0.827765 0.923544 -2.25324
0.171386 0.138856 -0.0346819
-0.889871 0.96573 -2.07822
0.179942 0.124262 -0.00518595
-0.966428 1.20137 -1.96348
0.163215 0.154092 -0.00972991
-0.81414 0.950493 -2.32156
0.171715 0.115214 0.0141449
-0.979826 1.52256 -1.64549
0.174919 0.127142 -0.00265303
-0.94227 1.2734 -1.87359
0.166094 0.120594 -0.0398613
-0.942795 1.25013 -1.56948
0.161794 0.150878 0.000524302
-0.820294 1.13676 -2.11454
0.170405 0.132312 -0.020971
-0.910579 1.19372 -1.83578
0.165158 0.14928 0.0135475
-0.835853 1.01528 -2.42019
0.162466 0.154766 -0.0340309
-0.809664 0.756775 -2.4217
0.174431 0.132936 -0.0419212
-0.919587 0.938898 -2.05653
0.187431 0.118092 0.0111297
-1.00857 1.12268 -2.22863
0.166973 0.137298 0.00583911
-0.882618 1.3012 -1.90493
0.164063 0.116567 -0.0427194
-0.953055 1.28658 -1.48214
0.189715 0.11774 -0.0199277
-1.01536 0.972832 -2.19712
0.16904 0.123107 -0.00813293
-0.941348 1.39619 -1.63667
0.162383 0.123612 -0.0417607
-0.920142 1.25267 -1.54671
0.168931 0.146244 -0.00973711
-0.857256 1.01458 -2.21911
0.168223 0.142204 -0.00742356
-0.869018 1.14595 -2.03094
0.179565 0.134842 -0.0131911
-0.926696 0.932501 -2.32037
0.16578 0.119447 -0.00968357
-0.946435 1.47004 -1.51103
0.182915 0.121901 -0.00323855
-0.982955 1.1751 -2.02161
0.173636 0.118803 -0.036911
-0.970747 1.18726 -1.69937
0.173352 0.140851 0.00215304
-0.888469 1.03352 -2.29203
0.170075 0.123571 -0.00652082
-0.942462 1.38352 -1.67038
0.173562 0.125374 0.0136628
-0.945221 1.36737 -1.87206
0.186702 0.120454 0.0035691
-0.997827 1.0992 -2.20016
0.163976 0.140124 -0.0357155
-0.863672 1.08967 -1.86822
0.171128 0.121178 -0.0423016
-0.954645 1.15534 -1.69979
0.162921 0.13949 -0.0196221
-0.862722 1.22935 -1.79169
0.167121 0.134334 -0.0109561
-0.893734 1.27842 -1.79253
0.180231 0.129316 -0.0206391
-0.948421 1.02834 -2.10198
0.172993 0.126535 0.0073001
-0.939276 1.34944 -1.84394
0.172913 0.139856 -0.00674598
-0.8907 1.07253 -2.15291
0.162861 0.123281 -0.0343849
-0.922847 1.3093 -1.5278
0.181112 0.131677 -0.0256806
-0.942148 0.897629 -2.26767
0.170086 0.129959 -0.0257902
-0.918345 1.19866 -1.78431
0.173663 0.124531 -0.0237232
-0.948699 1.21971 -1.76977
0.180627 0.13153 -0.00643489
-0.941405 1.02398 -2.23279
0.164092 0.152472 -0.0233249
-0.822088 0.911742 -2.26555
0.182979 0.115316 -0.000185816
-1.00846 1.28113 -1.88326
0.174114 0.120446 -0.0172887
-0.965619 1.29856 -1.70437
0.169768 0.119321 0.00464377
-0.958161 1.4802 -1.62432
0.166246 0.143102 -0.0208781
-0.860075 1.1048 -1.97778
0.170953 0.116665 -0.0112273
-0.971952 1.4179 -1.57571
0.176043 0.117794 -0.0169432
-0.981096 1.29861 -1.70744
0.17108 0.121201 -0.0406793
-0.954426 1.16955 -1.6922
0.182257 0.124856 0.013519
-0.970171 1.14734 -2.21053
0.186964 0.119173 0.0111332
-1.00332 1.11263 -2.24452
0.167572 0.124955 -0.0288743
-0.930066 1.27207 -1.63936
0.189856 0.116677 -0.010488
-1.01974 1.04013 -2.17187
0.187023 0.116749 -0.000264472
-1.01274 1.16213 -2.06781
0.17967 0.118687 -0.00132541
-0.987019 1.2998 -1.8445
0.172943 0.131468 -0.0276008
-0.920811 1.11502 -1.90133
0.174447 0.115241 -0.0311953
-0.987001 1.25449 -1.6455
0.166837 0.145691 0.00173227
-0.852957 1.12819 -2.1385
0.173821 0.140539 -0.0128931
-0.890877 0.997868 -2.21836
0.164192 0.123987 -0.00716426
-0.924018 1.45973 -1.54938
0.179367 0.12732 -0.0198246
-0.953502 1.09379 -2.00465
0.162542 0.133745 -0.0145876
-0.882285 1.33696 -1.66927
0.17556 0.117696 -0.00533684
-0.980211 1.36729 -1.70566
0.173848 0.127763 0.0118934
-0.937023 1.32366 -1.92314
0.162871 0.120174 -0.0284569
-0.935116 1.3817 -1.47076
0.1643 0.141763 -0.00109162
-0.858903 1.26017 -1.90774
0.16557 0.126165 -0.0302228
-0.919657 1.27733 -1.61835
0.164938 0.121987 -0.00063388
-0.93399 1.50054 -1.54731
0.168689 0.129758 -0.036623
-0.91511 1.1433 -1.77309
0.164076 0.147914 -0.00979521
-0.837154 1.11608 -2.05739
0.165842 0.135749 -0.00892984
-0.884849 1.29044 -1.79189
0.170999 0.135352 -0.0154364
-0.901238 1.17001 -1.92259
0.172117 0.123486 -0.0307055
-0.948451 1.20794 -1.72431
0.163205 0.14333 -0.025971
-0.850147 1.12715 -1.89662
0.174819 0.130901 0.0038742
-0.928078 1.23657 -1.9876
0.164487 0.122746 -0.0179047
-0.929711 1.4081 -1.52941
0.164048 0.140955 -0.017055
-0.860969 1.2046 -1.85368
0.165874 0.145066 -0.0218535
-0.852219 1.0693 -2.02578
0.166609 0.12029 -0.0392726
-0.945463 1.25117 -1.57355
0.17593 0.126405 -0.0265776
-0.947762 1.13667 -1.87594
0.164523 0.149726 -0.0356877
-0.832449 0.881924 -2.20497
0.187158 0.121762 0.00118698
-0.99401 1.04008 -2.27322
0.169031 0.129098 -0.0263961
-0.918553 1.22191 -1.74185
0.185161 0.121146 0.00238146
-0.991421 1.13801 -2.12868
0.183109 0.115749 -0.015184
-1.00708 1.20709 -1.86642
0.161494 0.153485 -0.023407
-0.810817 0.97182 -2.16828
0.1846 0.122561 -0.0108642
-0.984691 1.08835 -2.09197
0.184057 0.117106 -0.00611724
-1.00415 1.21198 -1.93874
0.166688 0.151445 -0.0175064
-0.833276 0.836678 -2.43676
0.190722 0.116592 -0.013986
-1.0221 0.992542 -2.21737
0.161633 0.144057 -0.0298934
-0.84283 1.11578 -1.87935
0.179564 0.121057 -0.0369007
-0.977616 1.0596 -1.90603
0.17707 0.122321 0.00531475
-0.966269 1.32354 -1.86613
0.187143 0.120932 -0.00177368
-0.997097 1.0648 -2.20832
0.168976 0.140258 -0.0238388
-0.878002 1.07877 -1.99303
0.163492 0.118067 -0.00358099
-0.945354 1.54379 -1.45705
0.163448 0.138928 -0.0216107
-0.866312 1.21634 -1.79425
0.172595 0.12708 -0.0244144
-0.936129 1.20207 -1.79142
0.162626 0.121134 0.00422971
-0.93059 1.5604 -1.50298
0.165924 0.128317 -0.0329266
-0.912522 1.22965 -1.66885
0.174578 0.128387 -0.0152108
-0.936695 1.20508 -1.86934
0.164486 0.150307 -0.00758063
-0.830411 1.05148 -2.17909
0.166871 0.121737 0.0108663
-0.940529 1.51791 -1.62357
0.167759 0.144066 -0.0281992
-0.861234 1.00034 -2.08015
0.180648 0.127383 0.00173144
-0.956628 1.14579 -2.1108
0.165135 0.144164 -0.013444
-0.853097 1.15038 -1.97118
0.171191 0.115763 -0.0100568
-0.976207 1.42942 -1.56887
0.173639 0.125798 0.0130296
-0.943827 1.35886 -1.87947
0.178279 0.128231 -0.00718803
-0.947254 1.16719 -1.99957
0.174494 0.136034 0.0133313
-0.908624 1.13062 -2.23522
0.163346 0.133968 0.00656799
-0.88389 1.41432 -1.7395
0.16527 0.150793 -0.036314
-0.831169 0.795688 -2.33894
0.176594 0.118745 0.00990783
-0.978822 1.39036 -1.80471
0.18777 0.123382 -0.00391617
-0.989451 0.923586 -2.41504
0.165771 0.145704 -0.0171507
-0.849735 1.08665 -2.03961
0.176095 0.117683 -0.0179357
-0.98167 1.29315 -1.70694
0.166318 0.148642 -0.0113149
-0.841461 1.02707 -2.18549
0.164249 0.148414 0.0106622
-0.836 1.13214 -2.20967
0.164236 0.151351 -0.0317789
-0.826204 0.875775 -2.24942
0.174623 0.116714 -0.0308051
-0.981612 1.24035 -1.67168
0.185393 0.122548 0.00246025
-0.986716 1.09662 -2.19462
0.165324 0.140066 -0.0291235
-0.867918 1.11746 -1.88365
0.177777 0.131619 0.00943951
-0.933493 1.1423 -2.18309
0.180382 0.119133 -0.00240354
-0.987112 1.27607 -1.87166
0.183624 0.115548 -0.0369249
-1.00914 1.04977 -1.92174
0.181656 0.115356 -0.0405016
-1.00502 1.0608 -1.87085
0.184159 0.124811 -0.00258126
-0.97517 1.07984 -2.17748
0.171521 0.122843 -0.0315235
-0.949279 1.21802 -1.7006
0.18668 0.122726 -0.000195744
-0.989226 1.03279 -2.27283
0.169131 0.14507 0.00834486
-0.861827 1.05146 -2.31722
0.167916 0.138262 -0.00764964
-0.881946 1.22217 -1.90937
0.176484 0.123905 0.0117871
-0.958677 1.32637 -1.91809
0.163475 0.134241 0.010042
-0.88328 1.41824 -1.76398
0.170637 0.133629 -0.0094228
-0.906436 1.23345 -1.87616
0.187537 0.123034 -0.000407937
-0.990178 0.957836 -2.3906
0.167917 0.125321 -0.0335873
-0.929648 1.22865 -1.66424
0.171535 0.121857 -0.0183771
-0.953132 1.31646 -1.66663
0.16307 0.147392 0.00345738
-0.835854 1.19211 -2.0532
0.164373 0.125683 0.0010126
-0.918004 1.47683 -1.59715
0.181005 0.122218 0.0135566
-0.976897 1.24738 -2.0548
0.187123 0.121874 0.00548587
-0.993507 1.0265 -2.33211
0.173059 0.119276 -0.0263212
-0.967339 1.26955 -1.66713
0.167104 0.124562 0.005729
-0.930235 1.46709 -1.65333
0.162146 0.119456 -0.0154166
-0.93585 1.48333 -1.43818
0.175417 0.138039 0.00585968
-0.904084 1.03262 -2.32561
0.170738 0.146539 -0.00650266
-0.861522 0.862837 -2.49011
0.178753 0.12016 -0.0289498
-0.978964 1.14822 -1.83596
0.162752 0.132446 -0.00415534
-0.887702 1.40174 -1.66381
0.171747 0.126553 -0.0357333
-0.935759 1.14006 -1.78661
0.168196 0.144155 -0.0356229
-0.862216 0.922941 -2.13911
0.170436 0.116719 0.00150505
-0.970329 1.48493 -1.5895
0.174632 0.129008 0.0102916
-0.93454 1.28437 -1.96946
0.171528 0.125285 -0.00179744
-0.939954 1.36139 -1.74602
0.168984 0.146731 -0.0207239
-0.855768 0.941396 -2.2406
0.163075 0.117112 -0.0283099
-0.947995 1.40699 -1.43273
0.171825 0.126178 0.00105369
-0.937393 1.35613 -1.77914
0.171858 0.141994 -0.0138993
-0.880266 1.02163 -2.17167
0.178988 0.131316 -0.0341484
-0.937836 0.917765 -2.16061
0.166955 0.122902 -0.00159219
-0.936226 1.45886 -1.60072
0.177835 0.131467 0.00143727
-0.934199 1.14115 -2.11555
0.166763 0.120683 0.00147785
-0.944354 1.49742 -1.57077
0.186972 0.117387 -0.0252774
-1.01016 1.03366 -2.05252
0.178309 0.124312 -0.0282856
-0.961972 1.10708 -1.90788
0.180106 0.11516 -0.020982
-1.00191 1.2356 -1.76956
0.171548 0.122915 -0.000644109
-0.94908 1.3935 -1.70745
0.170208 0.127357 -0.0419728
-0.928422 1.10341 -1.78762
0.177099 0.13753 -0.036739
-0.910506 0.711916 -2.4703
0.164757 0.121723 -0.00060309
-0.934497 1.50579 -1.53982
0.161494 0.139709 -0.0119485
-0.857599 1.29182 -1.76289
0.176976 0.130227 0.000653421
-0.936418 1.18881 -2.034
0.165735 0.133531 -0.0308899
-0.892598 1.18718 -1.7558
0.16906 0.125526 -0.00645912
-0.932116 1.37741 -1.68024
0.191974 0.115512 -0.0198902
-1.02912 0.932411 -2.26229
0.183664 0.12582 -0.0155669
-0.97017 1.02627 -2.14972
0.190773 0.117195 -0.021112
-1.01992 0.933381 -2.25008
0.174254 0.139619 -0.0379814
-0.8953 0.806768 -2.30635
0.167944 0.14661 -0.0037029
-0.853116 1.05584 -2.20582
0.169448 0.135249 -0.0335971
-0.897169 1.08055 -1.90236
0.174318 0.115004 0.00113533
-0.987605 1.44252 -1.6494
0.177558 0.128588 0.00116333
-0.94401 1.20545 -2.01245
0.187606 0.115146 0.000269395
-1.02032 1.17502 -2.05224
0.162292 0.128629 0.0125985
-0.900597 1.51297 -1.64599
0.165684 0.125897 0.00746778
-0.921012 1.47907 -1.65087
0.168525 0.138762 -0.0195845
-0.881953 1.14086 -1.93193
0.167285 0.126973 -0.0101179
-0.921547 1.36975 -1.65916
0.180867 0.122508 0.00831987
-0.975443 1.24263 -2.01678
0.174696 0.123053 0.000790001
-0.957133 1.34431 -1.79484
0.182041 0.116155 -0.0409636
-1.00285 1.03928 -1.90164
0.177064 0.133784 -0.0140742
-0.92374 1.06119 -2.10709
0.170282 0.116156 -0.034197
-0.972158 1.28128 -1.57428
0.173735 0.131954 -0.00706465
-0.921234 1.20783 -1.93693
0.170967 0.140767 -0.00721484
-0.881976 1.107 -2.09423
0.162308 0.121264 -0.00348843
-0.929139 1.52932 -1.47915
0.162317 0.151285 -0.0279695
-0.820564 0.974825 -2.12326
0.164104 0.114992 0.0106401
-0.959584 1.62349 -1.46926
0.165428 0.14299 0.00906011
-0.858022 1.23694 -2.03201
0.163033 0.131326 0.00998713
-0.892702 1.4625 -1.69752
0.187982 0.118918 -0.0208655
-1.00675 1.00353 -2.13972
0.17882 0.120856 -0.0129248
-0.976459 1.23736 -1.83903
0.181345 0.127646 -0.0257219
-0.957467 0.996293 -2.10859
0.178982 0.129811 -0.0264405
-0.943307 1.01439 -2.07314
0.177711 0.118968 -0.0264
-0.980872 1.19855 -1.77893
0.164555 0.151275 -0.0170067
-0.82742 0.978061 -2.21423
0.168738 0.134669 -0.00762926
-0.897218 1.26146 -1.84835
0.171801 0.11721 -0.030586
-0.972088 1.27784 -1.61412
0.176144 0.119982 -0.0218751
-0.97283 1.24314 -1.74958
0.176755 0.125785 -0.011997
-0.952306 1.21608 -1.88057
0.161827 0.150557 -0.0134437
-0.821462 1.09533 -2.05835
0.16487 0.130214 -0.0292985
-0.902308 1.25032 -1.66991
0.176412 0.138873 -0.0156518
-0.903904 0.925133 -2.31082
0.165879 0.139365 0.00991561
-0.872041 1.29665 -1.94733
0.165056 0.152838 -0.0158052
-0.823815 0.884811 -2.37419
0.179151 0.128343 -0.0252803
-0.949153 1.0459 -2.03287
0.165067 0.128768 -0.00558277
-0.908314 1.40416 -1.64742
0.166507 0.127218 0.0112568
-0.918369 1.46197 -1.7094
0.1635 0.123179 0.00541063
-0.92513 1.53253 -1.5541
0.163167 0.118032 -0.0369727
-0.944551 1.33213 -1.46609
0.175508 0.121254 -0.00880728
-0.966221 1.31196 -1.75972
0.17148 0.137543 0.0056851
-0.894777 1.19497 -2.06805
0.161485 0.119246 -0.0318215
-0.934739 1.38145 -1.43855
0.171271 0.136704 -0.011288
-0.89717 1.16282 -1.97052
0.162566 0.130736 -0.0104497
-0.893495 1.39341 -1.62004
0.162188 0.135442 0.0138515
-0.875022 1.43155 -1.77727
0.16294 0.145749 -0.00756373
-0.841032 1.1937 -1.95467
0.179989 0.126914 -0.0109222
-0.956643 1.13251 -2.02155
0.172727 0.134378 0.0104767
-0.909627 1.23214 -2.05173
0.174226 0.131316 -0.01059
-0.924924 1.19214 -1.93053
0.184118 0.115923 0.0117251
-1.00889 1.27269 -1.99986
