1	0.290041	0.284601
2	0.279146	0.274188
3	0.268928	0.264677
4	0.2596	0.256089
5	0.251177	0.248321
6	0.243566	0.241418
7	0.236803	0.235245
8	0.230758	0.229662
9	0.225295	0.224641
10	0.220381	0.22006
11	0.215898	0.215855
12	0.211785	0.211977
13	0.207993	0.208347
14	0.204445	0.20495
15	0.201124	0.201756
16	0.198001	0.198756
17	0.195069	0.195897
18	0.192275	0.193174
19	0.189613	0.190571
20	0.18707	0.18807
21	0.184624	0.185673
22	0.182282	0.183363
23	0.180025	0.181139
24	0.17785	0.178987
25	0.175748	0.176896
26	0.173703	0.174862
27	0.171715	0.172877
28	0.169777	0.170938
29	0.167882	0.169046
30	0.16603	0.16719
31	0.164218	0.16537
32	0.16244	0.163582
33	0.160693	0.161825
34	0.158975	0.160096
35	0.157285	0.158393
36	0.155622	0.156717
37	0.153984	0.155065
38	0.152369	0.153436
39	0.150778	0.151831
40	0.149209	0.150247
41	0.147663	0.148686
42	0.146138	0.147145
43	0.144634	0.145627
44	0.143151	0.144129
45	0.141688	0.142653
46	0.140246	0.141198
47	0.138824	0.139762
48	0.137423	0.138348
49	0.136043	0.136955
50	0.134682	0.135583
51	0.133343	0.134231
52	0.132024	0.132902
53	0.130725	0.131593
54	0.129448	0.130306
55	0.128191	0.129038
56	0.126954	0.127792
57	0.125739	0.126569
58	0.124544	0.125365
59	0.123368	0.124183
60	0.122215	0.123021
61	0.121081	0.12188
62	0.119967	0.120759
63	0.118874	0.119659
64	0.1178	0.118579
65	0.116745	0.117518
66	0.11571	0.116477
67	0.114694	0.115456
68	0.113697	0.114453
69	0.112717	0.113468
70	0.111757	0.112502
71	0.110813	0.111553
72	0.109887	0.110621
73	0.108977	0.109706
74	0.108083	0.108808
75	0.107205	0.107925
76	0.106343	0.107058
77	0.105495	0.106204
78	0.104662	0.105366
79	0.103842	0.104541
80	0.103036	0.10373
81	0.102242	0.102931
82	0.101461	0.102144
83	0.100692	0.101369
84	0.0999333	0.100606
85	0.0991858	0.0998527
86	0.0984486	0.0991092
87	0.0977212	0.0983756
88	0.0970028	0.0976514
89	0.0962934	0.0969351
90	0.0955911	0.0962274
91	0.0948968	0.0955267
92	0.0942113	0.0948334
93	0.0935311	0.0941472
94	0.0928572	0.0934664
95	0.0921892	0.0927921
96	0.0915274	0.0921223
97	0.0908697	0.0914572
98	0.0902169	0.0907976
99	0.0895682	0.090141
100	0.0889232	0.0894886
101	0.0882813	0.0888397
102	0.087643	0.088194
103	0.0870077	0.08755
104	0.0863742	0.0869088
105	0.0857431	0.0862697
106	0.0851138	0.0856324
107	0.0844863	0.0849969
108	0.0838596	0.0843625
109	0.0832339	0.0837287
110	0.0826096	0.083096
111	0.081985	0.0824636
112	0.0813615	0.081832
113	0.0807381	0.0812006
114	0.080115	0.0805692
115	0.0794924	0.0799383
116	0.078869	0.0793075
117	0.078245	0.0786762
118	0.0776217	0.0780446
119	0.076998	0.0774132
120	0.0763739	0.0767816
121	0.0757485	0.0761499
122	0.0751238	0.0755171
123	0.0744984	0.0748854
124	0.0738728	0.0742527
125	0.0732472	0.0736203
126	0.0726213	0.072988
127	0.0719949	0.0723557
128	0.0713693	0.0717238
129	0.070744	0.0710924
130	0.0701181	0.0704614
131	0.0694933	0.0698315
132	0.0688694	0.0692024
133	0.0682458	0.0685739
134	0.0676236	0.0679472
135	0.0670024	0.0673219
136	0.0663825	0.066698
137	0.0657641	0.0660764
138	0.0651477	0.0654569
139	0.0645334	0.0648392
140	0.0639214	0.0642248
141	0.063312	0.063613
142	0.0627051	0.0630039
143	0.062101	0.062398
144	0.0615005	0.0617961
145	0.0609031	0.0611978
146	0.0603098	0.0606031
147	0.0597201	0.0600128
148	0.0591346	0.059427
149	0.0585535	0.058846
150	0.0579767	0.0582696
151	0.0574051	0.057698
152	0.0568379	0.0571318
153	0.0562764	0.0565709
154	0.0557196	0.0560158
155	0.0551689	0.0554657
156	0.0546237	0.0549226
157	0.0540843	0.0543847
158	0.0535507	0.0538535
159	0.0530234	0.0533285
160	0.0525023	0.0528098
161	0.0519874	0.0522976
162	0.0514797	0.0517919
163	0.0509778	0.0512932
164	0.0504829	0.0508007
165	0.0499945	0.0503155
166	0.0495126	0.0498372
167	0.0490378	0.0493656
168	0.0485704	0.0489013
169	0.0481092	0.0484436
170	0.0476552	0.047993
171	0.0472083	0.0475496
172	0.0467683	0.0471131
173	0.0463353	0.0466839
174	0.0459089	0.0462612
175	0.0454897	0.0458457
176	0.0450773	0.0454369
177	0.0446722	0.0450356
178	0.0442737	0.0446407
179	0.0438821	0.0442526
180	0.0434972	0.0438714
181	0.0431189	0.0434968
182	0.0427474	0.043129
183	0.0423824	0.0427674
184	0.0420238	0.0424127
185	0.0416721	0.0420643
186	0.0413264	0.0417223
187	0.0409871	0.0413865
188	0.0406542	0.0410569
189	0.0403273	0.0407333
190	0.0400064	0.0404158
191	0.0396917	0.0401041
192	0.0393827	0.0397986
193	0.0390797	0.0394986
194	0.0387821	0.0392044
195	0.03849	0.0389158
196	0.0382039	0.0386325
197	0.037923	0.0383542
198	0.0376476	0.0380819
199	0.0373774	0.0378143
200	0.0371121	0.037552
201	0.0368521	0.0372945
202	0.0365971	0.0370422
203	0.036347	0.0367945
204	0.0361015	0.0365517
205	0.0358607	0.0363134
206	0.0356247	0.0360795
207	0.035393	0.0358501
208	0.0351659	0.0356254
209	0.0349428	0.0354047
210	0.0347245	0.0351882
211	0.03451	0.034976
212	0.0342995	0.0347675
213	0.0340932	0.034563
214	0.0338908	0.0343625
215	0.0336923	0.0341656
216	0.0334973	0.0339726
217	0.033306	0.0337831
218	0.0331185	0.0335972
219	0.0329344	0.0334149
220	0.0327536	0.0332356
221	0.0325764	0.0330599
222	0.0324024	0.0328874
223	0.0322317	0.0327178
224	0.0320642	0.0325517
225	0.0318996	0.0323884
226	0.031738	0.0322282
227	0.0315795	0.0320709
228	0.0314238	0.0319164
229	0.0312708	0.0317646
230	0.0311208	0.0316158
231	0.0309736	0.0314693
232	0.0308287	0.0313256
233	0.0306868	0.0311845
234	0.030547	0.0310459
235	0.0304099	0.0309096
236	0.0302752	0.0307757
237	0.0301429	0.0306444
238	0.0300131	0.0305153
239	0.0298852	0.030388
