1	0.274631	0.25806
2	0.261911	0.245938
3	0.249648	0.234398
4	0.237974	0.2236
5	0.227051	0.213697
6	0.217028	0.204705
7	0.207925	0.196724
8	0.199842	0.189563
9	0.192586	0.183134
10	0.186068	0.17731
11	0.180165	0.171992
12	0.17477	0.167064
13	0.169771	0.162501
14	0.165141	0.158281
15	0.160858	0.154306
16	0.156825	0.150566
17	0.153029	0.147021
18	0.14943	0.143669
19	0.146027	0.140483
20	0.142792	0.137439
21	0.139701	0.134532
22	0.136749	0.131753
23	0.133928	0.129088
24	0.131221	0.126526
25	0.128619	0.124066
26	0.126121	0.121695
27	0.123713	0.119411
28	0.121393	0.117211
29	0.119159	0.115088
30	0.117003	0.113038
31	0.114922	0.111057
32	0.112909	0.10914
33	0.110962	0.107285
34	0.109079	0.105488
35	0.107254	0.103747
36	0.105487	0.10206
37	0.103773	0.100422
38	0.102111	0.0988337
39	0.100497	0.097292
40	0.0989309	0.0957933
41	0.0974098	0.0943376
42	0.095933	0.092923
43	0.0944964	0.0915474
44	0.0930998	0.090209
45	0.0917408	0.0889066
46	0.0904192	0.087639
47	0.0891324	0.0864054
48	0.0878795	0.085204
49	0.0866602	0.0840336
50	0.0854715	0.0828923
51	0.0843131	0.0817795
52	0.0831839	0.0806948
53	0.0820826	0.0796364
54	0.0810081	0.0786036
55	0.0799601	0.0775957
56	0.0789368	0.076612
57	0.0779381	0.0756513
58	0.0769632	0.0747135
59	0.0760109	0.0737965
60	0.0750806	0.0729013
61	0.0741716	0.072026
62	0.0732834	0.0711709
63	0.0724156	0.0703351
64	0.0715668	0.0695176
65	0.0707365	0.0687181
66	0.0699251	0.0679365
67	0.0691316	0.0671713
68	0.0683552	0.0664235
69	0.0675958	0.0656911
70	0.0668522	0.064975
71	0.0661254	0.0642737
72	0.0654137	0.0635873
73	0.0647167	0.0629154
74	0.0640349	0.0622578
75	0.0633673	0.0616139
76	0.0627133	0.0609836
77	0.062073	0.0603658
78	0.0614463	0.0597614
79	0.0608319	0.0591685
80	0.0602306	0.058588
81	0.0596411	0.0580195
82	0.0590643	0.0574626
83	0.0584987	0.0569166
84	0.0579445	0.0563819
85	0.0574015	0.0558579
86	0.0568698	0.0553442
87	0.0563481	0.0548409
88	0.0558374	0.0543476
89	0.0553365	0.053864
90	0.0548453	0.05339
91	0.054364	0.0529251
92	0.0538923	0.0524692
93	0.05343	0.0520227
94	0.0529765	0.051585
95	0.052532	0.0511557
96	0.0520957	0.0507344
97	0.0516683	0.0503215
98	0.0512495	0.0499166
99	0.0508383	0.0495195
100	0.0504351	0.0491296
101	0.0500396	0.0487476
102	0.0496518	0.0483728
103	0.0492714	0.048005
104	0.0488981	0.0476445
105	0.048532	0.0472908
106	0.048173	0.0469435
107	0.0478206	0.0466028
108	0.0474751	0.0462688
109	0.0471362	0.0459409
110	0.0468031	0.0456192
111	0.0464765	0.0453033
112	0.0461563	0.0449934
113	0.0458417	0.0446893
114	0.0455335	0.0443909
115	0.0452302	0.0440977
116	0.0449329	0.0438101
117	0.0446412	0.0435278
118	0.0443547	0.0432508
119	0.0440736	0.0429787
120	0.0437974	0.0427115
121	0.0435265	0.0424492
122	0.0432606	0.0421918
123	0.042999	0.0419391
124	0.0427426	0.0416906
125	0.0424908	0.0414468
126	0.0422436	0.0412073
127	0.0420007	0.0409719
128	0.0417622	0.040741
129	0.0415277	0.0405142
130	0.0412976	0.0402911
131	0.0410715	0.040072
132	0.0408495	0.0398572
133	0.0406313	0.0396457
134	0.0404172	0.0394379
135	0.0402065	0.0392339
136	0.0399996	0.0390338
137	0.0397962	0.0388367
138	0.0395965	0.038643
139	0.0394002	0.0384525
140	0.0392074	0.0382655
141	0.0390177	0.0380815
142	0.0388313	0.0379009
143	0.0386479	0.0377232
144	0.0384678	0.0375483
145	0.0382909	0.0373768
146	0.0381168	0.0372079
147	0.0379457	0.0370422
148	0.0377774	0.036879
149	0.0376119	0.0367183
150	0.0374493	0.0365603
151	0.0372892	0.036405
152	0.0371318	0.0362523
153	0.0369773	0.0361021
154	0.0368249	0.0359546
155	0.0366752	0.035809
156	0.036528	0.0356661
157	0.0363831	0.0355255
158	0.0362404	0.0353871
159	0.0361001	0.0352509
160	0.0359621	0.0351169
161	0.0358264	0.0349849
162	0.0356929	0.0348551
163	0.0355613	0.0347276
164	0.0354319	0.0346016
165	0.0353045	0.0344781
166	0.0351792	0.0343563
167	0.0350557	0.0342363
168	0.0349342	0.0341181
169	0.0348148	0.0340019
170	0.0346969	0.0338876
171	0.0345811	0.0337748
172	0.0344671	0.0336639
173	0.0343547	0.0335547
174	0.0342439	0.0334469
175	0.034135	0.0333411
176	0.0340276	0.0332366
177	0.0339219	0.0331338
178	0.0338179	0.0330327
179	0.0337153	0.032933
180	0.0336142	0.0328347
181	0.0335147	0.0327378
182	0.0334166	0.0326425
183	0.0333201	0.0325483
184	0.033225	0.0324558
185	0.0331312	0.0323646
186	0.0330387	0.0322747
187	0.0329476	0.032186
188	0.0328579	0.0320988
189	0.0327695	0.0320125
190	0.0326824	0.0319277
191	0.0325965	0.0318441
192	0.0325116	0.0317616
193	0.0324281	0.0316804
194	0.0323459	0.0316003
195	0.0322647	0.0315211
196	0.0321847	0.0314433
197	0.0321059	0.0313665
198	0.032028	0.0312907
199	0.0319514	0.031216
200	0.0318756	0.0311424
201	0.031801	0.0310698
202	0.0317276	0.0309983
203	0.0316551	0.0309275
204	0.0315835	0.0308577
205	0.0315129	0.030789
206	0.0314433	0.0307212
207	0.0313747	0.0306543
208	0.0313069	0.0305883
209	0.03124	0.0305232
210	0.0311742	0.0304589
211	0.0311091	0.0303954
212	0.0310447	0.0303331
213	0.0309816	0.0302713
214	0.030919	0.0302104
215	0.0308573	0.0301502
216	0.0307966	0.0300909
217	0.0307365	0.0300323
218	0.0306771	0.0299746
219	0.0306186	0.0299175
220	0.0305609	0.0298611
221	0.0305037	0.0298057
222	0.0304474	0.0297508
223	0.0303918	0.0296967
224	0.030337	0.0296431
225	0.0302829	0.0295902
226	0.0302294	0.0295381
227	0.0301764	0.0294867
228	0.0301245	0.0294359
229	0.0300731	0.0293857
230	0.0300221	0.029336
231	0.029972	0.0292872
