1	0.223206	0.207257
2	0.213251	0.198441
3	0.204091	0.190323
4	0.195658	0.182833
5	0.187878	0.175896
6	0.180676	0.169431
7	0.173972	0.163375
8	0.167696	0.157691
9	0.161812	0.152349
10	0.156286	0.147316
11	0.151086	0.142532
12	0.146147	0.137996
13	0.141469	0.133673
14	0.137013	0.129559
15	0.132776	0.125637
16	0.128739	0.121894
17	0.12489	0.118319
18	0.121214	0.114895
19	0.117697	0.11163
20	0.114344	0.108499
21	0.11113	0.105494
22	0.108047	0.102615
23	0.105092	0.0998664
24	0.102275	0.0972372
25	0.099579	0.0947131
26	0.0969924	0.0922894
27	0.0945089	0.0899618
28	0.0921238	0.0877261
29	0.0898333	0.0855782
30	0.0876331	0.0835142
31	0.0855191	0.0815307
32	0.0834875	0.0796238
33	0.0815341	0.0777904
34	0.0796566	0.0760272
35	0.0778506	0.0743333
36	0.076116	0.0727038
37	0.0744478	0.0711359
38	0.0728422	0.0696271
39	0.0712972	0.0681744
40	0.0698099	0.066778
41	0.06838	0.0654332
42	0.0670033	0.0641381
43	0.065677	0.0628904
44	0.0643996	0.0616879
45	0.0631684	0.0605291
46	0.0619824	0.0594124
47	0.0608387	0.0583357
48	0.0597362	0.0572975
49	0.0586731	0.0562963
50	0.0576478	0.0553305
51	0.0566586	0.0543989
52	0.0557044	0.0534998
53	0.0547838	0.0526324
54	0.0538951	0.0517952
55	0.0530375	0.0509868
56	0.0522091	0.0502067
57	0.0514098	0.0494531
58	0.0506377	0.0487253
59	0.0498922	0.0480226
60	0.0491716	0.0473436
61	0.0484756	0.0466877
62	0.047803	0.0460536
63	0.047153	0.0454408
64	0.0465246	0.0448485
65	0.045917	0.044276
66	0.0453296	0.0437223
67	0.0447616	0.0431868
68	0.044212	0.0426687
69	0.0436805	0.0421677
70	0.043166	0.0416831
71	0.0426683	0.0412138
72	0.0421864	0.0407598
73	0.0417202	0.0403204
74	0.0412685	0.0398947
75	0.0408314	0.0394828
76	0.0404079	0.039084
77	0.0399977	0.0386972
78	0.0396002	0.0383228
79	0.039215	0.03796
80	0.0388417	0.0376084
81	0.0384797	0.0372675
82	0.0381289	0.0369372
83	0.0377887	0.0366168
84	0.0374588	0.036306
85	0.0371388	0.0360049
86	0.0368281	0.0357126
87	0.0365269	0.035429
88	0.0362345	0.0351538
89	0.0359506	0.0348866
90	0.0356751	0.0346274
91	0.0354075	0.0343756
92	0.0351476	0.0341312
93	0.034895	0.0338937
94	0.0346498	0.033663
95	0.0344115	0.0334389
96	0.0341798	0.0332212
97	0.0339548	0.0330096
98	0.0337358	0.0328039
99	0.0335231	0.0326039
100	0.033316	0.0324094
101	0.0331147	0.0322203
102	0.0329188	0.0320363
103	0.0327283	0.0318574
104	0.0325427	0.0316833
105	0.0323622	0.0315138
106	0.0321864	0.0313488
107	0.0320153	0.0311881
108	0.0318486	0.0310317
109	0.0316862	0.0308795
110	0.031528	0.0307311
111	0.031374	0.0305867
112	0.0312239	0.0304459
113	0.0310774	0.0303087
114	0.0309349	0.030175
115	0.0307958	0.0300446
116	0.0306601	0.0299176
117	0.0305278	0.0297937
118	0.0303988	0.0296728
119	0.0302729	0.029555
120	0.0301501	0.02944
121	0.0300301	0.0293278
122	0.0299132	0.0292183
123	0.0297989	0.0291114
124	0.0296874	0.0290071
125	0.0295785	0.0289052
126	0.0294722	0.0288059
127	0.0293682	0.0287087
128	0.0292667	0.0286139
129	0.0291676	0.0285212
130	0.0290707	0.0284308
131	0.0289759	0.0283422
132	0.0288833	0.0282558
133	0.0287928	0.0281712
134	0.0287043	0.0280886
135	0.0286178	0.0280078
136	0.028533	0.0279287
137	0.0284502	0.0278516
138	0.0283692	0.027776
139	0.0282899	0.027702
140	0.0282123	0.0276297
141	0.0281363	0.0275589
142	0.0280621	0.0274896
143	0.0279892	0.0274219
144	0.027918	0.0273554
145	0.0278481	0.0272905
146	0.0277797	0.0272267
147	0.0277127	0.0271644
148	0.0276472	0.0271034
149	0.027583	0.0270435
150	0.02752	0.0269849
151	0.0274582	0.0269276
152	0.0273976	0.0268712
153	0.0273383	0.0268159
154	0.0272801	0.0267619
155	0.0272231	0.026709
156	0.0271671	0.0266569
157	0.0271123	0.026606
158	0.0270586	0.0265559
159	0.0270056	0.0265069
160	0.0269539	0.0264586
161	0.0269031	0.0264116
162	0.0268532	0.0263653
163	0.0268042	0.0263198
164	0.0267561	0.0262751
165	0.0267089	0.0262314
166	0.0266625	0.0261884
167	0.0266171	0.0261462
168	0.0265724	0.0261048
169	0.0265285	0.026064
170	0.0264853	0.026024
171	0.0264429	0.0259848
172	0.0264013	0.0259462
173	0.0263604	0.0259082
174	0.0263202	0.0258711
175	0.0262807	0.0258344
176	0.0262418	0.0257983
177	0.0262036	0.025763
178	0.026166	0.0257283
179	0.0261292	0.025694
180	0.0260928	0.0256604
181	0.0260572	0.0256273
182	0.026022	0.0255949
183	0.0259874	0.0255628
184	0.0259533	0.0255314
185	0.0259199	0.0255004
186	0.0258871	0.02547
187	0.0258546	0.0254399
188	0.0258227	0.0254105
189	0.0257914	0.0253815
190	0.0257605	0.0253529
191	0.0257299	0.0253247
192	0.0257001	0.025297
193	0.0256705	0.0252698
194	0.0256414	0.0252429
195	0.0256128	0.0252164
196	0.0255846	0.0251904
197	0.0255568	0.0251647
198	0.0255295	0.0251393
199	0.0255024	0.0251145
200	0.0254759	0.0250898
201	0.0254497	0.0250656
202	0.0254239	0.0250419
203	0.0253984	0.0250183
204	0.0253733	0.0249951
205	0.0253486	0.0249722
206	0.0253242	0.0249499
207	0.0253001	0.0249277
208	0.0252764	0.0249057
209	0.0252529	0.024884
210	0.02523	0.0248627
211	0.0252072	0.0248419
212	0.0251848	0.024821
213	0.0251626	0.0248005
214	0.0251406	0.0247803
215	0.0251191	0.0247605
216	0.0250979	0.0247408
217	0.0250769	0.0247213
218	0.0250561	0.0247022
219	0.0250356	0.0246833
220	0.0250154	0.0246646
221	0.0249954	0.0246463
222	0.0249757	0.024628
223	0.0249562	0.02461
224	0.024937	0.0245923
225	0.0249181	0.0245748
226	0.0248994	0.0245576
227	0.0248809	0.0245404
228	0.0248624	0.0245236
229	0.0248444	0.0245068
230	0.0248266	0.0244904
231	0.024809	0.0244741
232	0.0247915	0.0244579
233	0.0247743	0.024442
234	0.0247573	0.0244263
235	0.0247404	0.0244107
236	0.0247238	0.0243954
237	0.0247073	0.0243802
238	0.024691	0.0243652
239	0.024675	0.0243502
240	0.0246591	0.0243356
241	0.0246435	0.024321
242	0.0246278	0.0243067
243	0.0246124	0.0242924
244	0.0245973	0.0242783
245	0.0245822	0.0242645
246	0.0245673	0.0242508
247	0.0245525	0.0242372
248	0.024538	0.0242239
249	0.0245237	0.0242104
250	0.0245093	0.0241972
251	0.0244952	0.0241842
252	0.0244812	0.0241713
253	0.0244674	0.0241585
254	0.0244537	0.0241458
255	0.0244403	0.0241332
256	0.0244268	0.024121
257	0.0244135	0.0241086
258	0.0244004	0.0240964
259	0.0243873	0.0240845
260	0.0243745	0.0240724
261	0.0243617	0.0240607
262	0.024349	0.024049
263	0.0243366	0.0240374
264	0.0243243	0.0240259
265	0.024312	0.0240146
266	0.0242998	0.0240033
267	0.0242877	0.0239921
268	0.0242758	0.0239811
269	0.024264	0.0239701
270	0.0242523	0.0239593
271	0.0242407	0.0239486
272	0.0242292	0.0239379
273	0.0242178	0.0239273
274	0.0242065	0.0239169
275	0.0241954	0.0239065
276	0.0241842	0.0238961
277	0.0241732	0.023886
278	0.0241624	0.0238759
279	0.0241516	0.0238659
280	0.0241408	0.0238559
281	0.0241304	0.0238461
282	0.0241198	0.0238362
283	0.0241093	0.0238266
284	0.0240989	0.0238171
285	0.0240887	0.0238074
286	0.0240785	0.0237981
287	0.0240684	0.0237887
288	0.0240585	0.0237793
289	0.0240485	0.0237702
290	0.0240387	0.023761
291	0.0240289	0.0237519
292	0.0240193	0.0237428
293	0.0240097	0.0237339
294	0.0240001	0.023725
295	0.0239907	0.0237162
296	0.0239813	0.0237075
297	0.0239721	0.0236988
298	0.0239628	0.0236903
299	0.0239535	0.0236818
300	0.0239444	0.0236733
301	0.0239354	0.0236648
302	0.0239265	0.0236565
303	0.0239176	0.0236483
304	0.0239088	0.02364
305	0.0239	0.0236318
306	0.0238914	0.0236238
307	0.0238828	0.0236156
308	0.0238742	0.0236077
309	0.0238656	0.0235997
310	0.0238572	0.0235918
311	0.0238489	0.023584
312	0.0238405	0.0235763
313	0.0238323	0.0235685
314	0.0238242	0.0235609
315	0.023816	0.0235533
316	0.0238079	0.0235458
317	0.0237999	0.0235382
318	0.0237919	0.0235307
319	0.023784	0.0235233
320	0.0237761	0.023516
321	0.0237683	0.0235087
322	0.0237606	0.0235014
323	0.0237529	0.0234942
324	0.0237452	0.023487
325	0.0237375	0.0234799
326	0.02373	0.0234729
327	0.0237225	0.0234657
328	0.023715	0.0234588
329	0.0237077	0.0234518
330	0.0237004	0.0234449
331	0.023693	0.0234381
332	0.0236858	0.0234313
333	0.0236785	0.0234245
334	0.0236713	0.0234177
335	0.0236643	0.023411
336	0.0236571	0.0234045
337	0.0236501	0.0233978
338	0.0236431	0.0233912
339	0.0236362	0.0233846
340	0.0236293	0.0233782
341	0.0236223	0.0233718
342	0.0236156	0.0233653
343	0.0236088	0.023359
344	0.0236021	0.0233526
345	0.0235954	0.0233463
346	0.0235887	0.02334
347	0.0235821	0.0233338
348	0.0235755	0.0233275
349	0.023569	0.0233215
350	0.0235625	0.0233153
351	0.023556	0.0233092
352	0.0235496	0.0233031
353	0.0235431	0.023297
354	0.0235368	0.0232911
355	0.0235305	0.0232851
356	0.0235243	0.0232792
357	0.0235179	0.0232733
358	0.0235118	0.0232674
359	0.0235056	0.0232616
360	0.0234995	0.0232558
361	0.0234933	0.02325
362	0.0234872	0.0232442
363	0.0234812	0.0232385
364	0.0234753	0.0232329
365	0.0234692	0.0232271
366	0.0234633	0.0232216
367	0.0234574	0.0232159
368	0.0234515	0.0232104
369	0.0234457	0.0232048
370	0.0234398	0.0231994
371	0.023434	0.0231939
372	0.0234283	0.0231884
373	0.0234226	0.023183
374	0.0234168	0.0231775
375	0.0234112	0.0231722
376	0.0234056	0.0231668
377	0.0234	0.0231615
378	0.0233943	0.0231562
379	0.0233888	0.023151
380	0.0233833	0.0231457
381	0.0233778	0.0231404
382	0.0233723	0.0231353
383	0.0233669	0.0231301
384	0.0233615	0.0231249
385	0.0233561	0.0231198
386	0.0233507	0.0231147
387	0.0233454	0.0231096
388	0.0233401	0.0231046
389	0.0233347	0.0230995
390	0.0233296	0.0230946
391	0.0233244	0.0230896
392	0.0233191	0.0230846
393	0.0233139	0.0230797
394	0.0233088	0.0230748
395	0.0233037	0.0230698
396	0.0232985	0.023065
397	0.0232935	0.0230601
398	0.0232884	0.0230553
399	0.0232833	0.0230504
400	0.0232783	0.0230458
401	0.0232733	0.0230409
402	0.0232683	0.0230362
403	0.0232634	0.0230315
404	0.0232584	0.0230268
405	0.0232536	0.0230221
406	0.0232488	0.0230175
407	0.0232439	0.0230127
408	0.023239	0.0230082
409	0.0232342	0.0230036
410	0.0232294	0.022999
411	0.0232246	0.0229944
412	0.0232199	0.0229898
413	0.0232152	0.0229854
414	0.0232104	0.0229809
415	0.0232058	0.0229764
416	0.0232011	0.0229719
417	0.0231965	0.0229674
418	0.0231918	0.022963
419	0.0231873	0.0229586
420	0.0231826	0.0229542
421	0.0231781	0.0229498
422	0.0231735	0.0229454
423	0.023169	0.0229411
424	0.0231644	0.0229367
425	0.02316	0.0229324
426	0.0231555	0.0229281
427	0.0231511	0.0229239
428	0.0231466	0.0229196
429	0.0231423	0.0229154
430	0.0231379	0.0229111
431	0.0231334	0.022907
432	0.0231291	0.0229028
433	0.0231247	0.0228985
434	0.0231204	0.0228944
435	0.0231161	0.0228903
436	0.0231118	0.0228861
437	0.0231075	0.022882
438	0.0231033	0.0228779
439	0.0230991	0.0228738
440	0.0230948	0.0228698
441	0.0230906	0.0228658
442	0.0230864	0.0228617
443	0.0230821	0.0228576
444	0.0230781	0.0228536
445	0.0230739	0.0228496
446	0.0230698	0.0228456
447	0.0230656	0.0228417
448	0.0230616	0.0228377
449	0.0230575	0.0228339
450	0.0230534	0.0228299
451	0.0230494	0.0228259
452	0.0230454	0.0228221
453	0.0230414	0.0228181
454	0.0230373	0.0228142
455	0.0230334	0.0228104
456	0.0230294	0.0228066
457	0.0230254	0.0228028
458	0.0230215	0.022799
459	0.0230176	0.0227952
460	0.0230137	0.0227914
461	0.0230097	0.0227877
462	0.0230058	0.0227839
463	0.023002	0.0227801
464	0.0229981	0.0227764
465	0.0229942	0.0227727
466	0.0229904	0.022769
467	0.0229867	0.0227652
468	0.0229829	0.0227616
469	0.022979	0.0227579
470	0.0229752	0.0227543
471	0.0229715	0.0227506
472	0.0229676	0.0227469
473	0.022964	0.0227433
474	0.0229602	0.0227396
475	0.0229566	0.022736
476	0.0229528	0.0227325
477	0.0229492	0.0227289
478	0.0229454	0.0227253
479	0.0229418	0.0227218
480	0.0229381	0.0227182
481	0.0229345	0.0227147
482	0.022931	0.0227112
483	0.0229273	0.0227077
484	0.0229237	0.0227042
485	0.0229202	0.0227007
486	0.0229165	0.0226972
487	0.0229129	0.0226938
488	0.0229095	0.0226903
489	0.0229059	0.0226869
490	0.0229023	0.0226834
491	0.0228988	0.0226799
492	0.0228954	0.0226765
493	0.0228919	0.0226731
494	0.0228883	0.0226698
495	0.0228849	0.0226665
496	0.0228814	0.0226631
497	0.0228779	0.0226597
498	0.0228745	0.0226563
499	0.0228711	0.022653
500	0.0228678	0.0226497
501	0.0228644	0.0226464
502	0.0228609	0.022643
503	0.0228576	0.0226398
504	0.0228542	0.0226365
505	0.0228508	0.0226332
506	0.0228475	0.0226299
507	0.0228441	0.0226266
508	0.0228408	0.0226234
509	0.0228374	0.0226201
510	0.0228341	0.0226169
511	0.0228307	0.0226136
512	0.0228275	0.0226104
513	0.0228242	0.0226072
514	0.0228209	0.022604
515	0.0228177	0.0226008
516	0.0228143	0.0225976
517	0.0228112	0.0225945
518	0.022808	0.0225913
519	0.0228047	0.0225882
520	0.0228015	0.022585
521	0.0227982	0.0225818
522	0.022795	0.0225787
523	0.022792	0.0225756
524	0.0227888	0.0225725
525	0.0227856	0.0225694
526	0.0227824	0.0225663
527	0.0227792	0.0225633
528	0.0227762	0.0225602
529	0.0227731	0.022557
530	0.0227699	0.0225539
531	0.0227667	0.0225509
532	0.0227637	0.0225479
533	0.0227606	0.0225449
534	0.0227574	0.0225419
535	0.0227543	0.0225389
536	0.0227513	0.0225358
537	0.0227482	0.0225328
538	0.0227452	0.0225298
539	0.0227422	0.0225268
540	0.022739	0.0225239
541	0.0227361	0.0225209
542	0.022733	0.0225179
543	0.0227301	0.022515
544	0.0227271	0.022512
545	0.0227241	0.0225091
546	0.022721	0.0225062
547	0.022718	0.0225032
548	0.022715	0.0225003
549	0.0227122	0.0224974
550	0.0227092	0.0224945
551	0.0227063	0.0224916
552	0.0227033	0.0224888
553	0.0227004	0.0224858
554	0.0226975	0.0224829
555	0.0226945	0.02248
556	0.0226916	0.0224772
557	0.0226887	0.0224743
558	0.0226858	0.0224715
559	0.0226829	0.0224687
560	0.02268	0.0224658
561	0.0226771	0.0224629
562	0.0226743	0.0224602
563	0.0226714	0.0224574
564	0.0226686	0.0224545
565	0.0226658	0.0224516
566	0.0226629	0.0224489
567	0.0226601	0.0224461
568	0.0226573	0.0224433
569	0.0226544	0.0224406
570	0.0226516	0.0224379
571	0.0226489	0.022435
572	0.022646	0.0224323
573	0.0226433	0.0224296
574	0.0226405	0.0224268
575	0.0226378	0.0224241
576	0.0226349	0.0224213
577	0.0226322	0.0224186
578	0.0226294	0.0224159
579	0.0226267	0.0224132
580	0.022624	0.0224105
581	0.0226213	0.0224078
582	0.0226185	0.0224051
583	0.0226157	0.0224025
584	0.022613	0.0223997
585	0.0226103	0.022397
586	0.0226075	0.0223943
587	0.0226049	0.0223917
588	0.0226022	0.0223891
589	0.0225996	0.0223865
590	0.0225969	0.0223837
591	0.0225943	0.0223811
592	0.0225916	0.0223785
593	0.022589	0.0223759
594	0.0225863	0.0223733
595	0.0225836	0.0223707
596	0.022581	0.022368
597	0.0225783	0.0223654
598	0.0225757	0.0223628
599	0.0225731	0.0223602
600	0.0225705	0.0223576
601	0.0225678	0.022355
602	0.0225652	0.0223524
603	0.0225626	0.0223499
604	0.02256	0.0223473
605	0.0225575	0.0223448
606	0.022555	0.0223421
607	0.0225524	0.0223396
608	0.0225498	0.0223371
609	0.0225472	0.0223345
610	0.0225446	0.022332
611	0.022542	0.0223294
612	0.0225395	0.0223269
613	0.0225371	0.0223244
614	0.0225345	0.0223219
615	0.0225319	0.0223194
616	0.0225294	0.0223169
617	0.0225269	0.0223144
618	0.0225244	0.0223119
619	0.0225219	0.0223094
620	0.0225193	0.0223069
621	0.0225168	0.0223044
622	0.0225143	0.0223019
623	0.0225118	0.0222994
624	0.0225094	0.0222969
625	0.0225069	0.0222945
626	0.0225044	0.0222921
627	0.022502	0.0222896
628	0.0224995	0.0222872
629	0.022497	0.0222847
630	0.0224946	0.0222823
631	0.0224921	0.0222799
632	0.0224897	0.0222774
633	0.0224872	0.022275
634	0.0224848	0.0222726
635	0.0224824	0.0222702
636	0.02248	0.0222677
637	0.0224776	0.0222654
638	0.0224751	0.022263
639	0.0224727	0.0222606
640	0.0224703	0.0222582
641	0.0224679	0.0222557
642	0.0224655	0.0222534
643	0.0224631	0.022251
644	0.0224607	0.0222486
645	0.0224584	0.0222463
646	0.022456	0.0222439
647	0.0224537	0.0222416
648	0.0224512	0.0222392
649	0.0224489	0.0222369
650	0.0224465	0.0222345
651	0.0224443	0.0222321
652	0.0224418	0.0222298
653	0.0224395	0.0222274
654	0.0224372	0.0222251
655	0.0224348	0.0222227
656	0.0224325	0.0222204
657	0.0224302	0.0222181
658	0.0224279	0.0222158
659	0.0224255	0.0222135
660	0.0224232	0.0222112
661	0.0224209	0.0222089
662	0.0224185	0.0222066
663	0.0224162	0.0222043
664	0.022414	0.022202
665	0.0224117	0.0221997
666	0.0224094	0.0221974
667	0.0224071	0.0221951
668	0.0224048	0.0221929
669	0.0224026	0.0221907
670	0.0224003	0.0221884
671	0.022398	0.022186
672	0.0223957	0.0221838
673	0.0223935	0.0221815
674	0.0223912	0.0221793
675	0.0223889	0.022177
676	0.0223868	0.0221748
677	0.0223845	0.0221725
678	0.0223822	0.0221703
679	0.02238	0.0221681
680	0.0223778	0.0221659
681	0.0223756	0.0221637
682	0.0223733	0.0221614
683	0.022371	0.0221592
684	0.0223688	0.022157
685	0.0223667	0.0221548
686	0.0223645	0.0221526
687	0.0223622	0.0221504
688	0.02236	0.0221482
689	0.0223578	0.0221459
690	0.0223557	0.0221437
691	0.0223535	0.0221415
692	0.0223513	0.0221394
693	0.0223491	0.0221372
694	0.0223469	0.022135
695	0.0223448	0.0221328
696	0.0223426	0.0221307
697	0.0223405	0.0221286
698	0.0223382	0.0221264
699	0.0223361	0.0221243
700	0.022334	0.0221221
701	0.0223318	0.0221199
702	0.0223296	0.0221177
703	0.0223275	0.0221155
704	0.0223254	0.0221134
705	0.0223232	0.0221113
706	0.0223211	0.022109
707	0.0223189	0.0221069
708	0.0223168	0.0221049
709	0.0223147	0.0221027
710	0.0223126	0.0221006
711	0.0223104	0.0220985
712	0.0223083	0.0220964
713	0.0223062	0.0220942
714	0.0223041	0.0220921
715	0.022302	0.02209
716	0.0223	0.0220879
717	0.0222979	0.0220858
718	0.0222957	0.0220836
719	0.0222936	0.0220815
720	0.0222916	0.0220794
721	0.0222895	0.0220774
722	0.0222875	0.0220753
723	0.0222853	0.0220733
724	0.0222833	0.0220712
725	0.0222811	0.0220692
726	0.0222792	0.0220671
727	0.0222771	0.022065
728	0.022275	0.0220629
729	0.0222729	0.0220609
730	0.0222709	0.0220588
731	0.0222688	0.0220567
732	0.0222668	0.0220546
733	0.0222646	0.0220526
734	0.0222627	0.0220506
735	0.0222606	0.0220485
736	0.0222586	0.0220464
737	0.0222566	0.0220444
738	0.0222545	0.0220423
739	0.0222525	0.0220403
740	0.0222505	0.0220382
741	0.0222485	0.0220362
742	0.0222465	0.0220342
743	0.0222445	0.0220321
744	0.0222424	0.0220301
745	0.0222403	0.0220281
746	0.0222384	0.022026
747	0.0222364	0.022024
748	0.0222344	0.0220221
749	0.0222324	0.0220201
750	0.0222304	0.022018
751	0.0222284	0.0220161
752	0.0222265	0.0220141
753	0.0222245	0.0220121
754	0.0222225	0.0220101
755	0.0222204	0.0220081
756	0.0222186	0.0220061
757	0.0222166	0.0220042
758	0.0222146	0.0220022
759	0.0222127	0.0220002
760	0.0222107	0.0219982
761	0.0222087	0.0219962
762	0.0222068	0.0219942
763	0.0222047	0.0219922
764	0.0222028	0.0219903
765	0.0222009	0.0219884
766	0.0221989	0.0219864
767	0.0221969	0.0219843
768	0.022195	0.0219824
769	0.0221931	0.0219804
770	0.0221912	0.0219785
771	0.0221892	0.0219765
772	0.0221873	0.0219747
773	0.0221854	0.0219727
774	0.0221835	0.0219707
775	0.0221815	0.0219688
776	0.0221797	0.0219669
777	0.0221778	0.021965
778	0.0221758	0.021963
779	0.0221739	0.0219611
780	0.022172	0.0219592
781	0.02217	0.0219572
782	0.0221682	0.0219553
783	0.0221663	0.0219534
784	0.0221643	0.0219514
785	0.0221625	0.0219495
786	0.0221606	0.0219476
787	0.0221587	0.0219457
788	0.0221568	0.0219438
789	0.022155	0.0219419
790	0.022153	0.02194
791	0.0221512	0.0219381
792	0.0221493	0.0219362
793	0.0221474	0.0219344
794	0.0221456	0.0219324
795	0.0221436	0.0219306
796	0.0221418	0.0219286
797	0.0221399	0.0219268
798	0.0221381	0.0219249
799	0.0221361	0.021923
800	0.0221343	0.0219211
801	0.0221324	0.0219192
802	0.0221305	0.0219174
803	0.0221288	0.0219155
804	0.0221269	0.0219137
805	0.0221249	0.0219118
806	0.0221232	0.0219098
807	0.0221213	0.021908
808	0.0221196	0.0219062
809	0.0221177	0.0219043
810	0.0221158	0.0219025
811	0.022114	0.0219007
812	0.0221121	0.0218987
813	0.0221103	0.0218969
814	0.0221086	0.021895
815	0.0221067	0.0218932
816	0.0221049	0.0218914
817	0.0221031	0.0218895
818	0.0221012	0.0218877
819	0.0220995	0.0218859
820	0.0220976	0.0218841
821	0.0220958	0.0218822
822	0.022094	0.0218804
823	0.0220922	0.0218785
824	0.0220903	0.0218768
825	0.0220885	0.0218749
826	0.0220867	0.021873
827	0.022085	0.0218713
828	0.0220832	0.0218694
829	0.0220814	0.0218676
830	0.0220796	0.0218658
831	0.0220778	0.021864
832	0.0220761	0.0218622
833	0.0220743	0.0218604
834	0.0220724	0.0218585
835	0.0220707	0.0218568
836	0.0220689	0.0218551
837	0.0220671	0.0218533
838	0.0220653	0.0218514
839	0.0220636	0.0218496
840	0.0220618	0.0218479
841	0.02206	0.021846
842	0.0220582	0.0218442
843	0.0220565	0.0218425
844	0.0220548	0.0218407
845	0.022053	0.0218389
846	0.0220513	0.021837
847	0.0220495	0.0218353
848	0.0220478	0.0218335
849	0.022046	0.0218317
850	0.0220442	0.02183
851	0.0220426	0.0218282
852	0.0220407	0.0218265
853	0.022039	0.0218247
854	0.0220372	0.0218229
855	0.0220355	0.0218211
856	0.0220339	0.0218194
857	0.0220321	0.0218177
858	0.0220304	0.0218159
859	0.0220286	0.0218142
860	0.0220269	0.0218124
861	0.0220253	0.0218107
862	0.0220235	0.0218089
863	0.0220217	0.0218071
864	0.02202	0.0218054
865	0.0220183	0.0218037
866	0.0220166	0.0218019
867	0.0220149	0.0218002
868	0.0220132	0.0217985
869	0.0220115	0.0217967
870	0.0220098	0.021795
871	0.0220081	0.0217933
872	0.0220064	0.0217916
873	0.0220046	0.0217898
874	0.022003	0.0217881
875	0.0220013	0.0217864
876	0.0219997	0.0217847
877	0.0219979	0.0217829
878	0.0219962	0.0217813
879	0.0219945	0.0217796
880	0.0219928	0.0217779
881	0.0219911	0.0217761
882	0.0219894	0.0217744
883	0.0219878	0.0217727
884	0.0219862	0.0217711
885	0.0219844	0.0217693
886	0.0219828	0.0217676
887	0.0219811	0.0217659
888	0.0219794	0.0217642
889	0.0219777	0.0217625
890	0.0219761	0.0217608
891	0.0219744	0.0217591
892	0.0219728	0.0217574
893	0.0219712	0.0217557
894	0.0219694	0.0217541
895	0.0219677	0.0217524
896	0.0219662	0.0217507
897	0.0219645	0.021749
898	0.0219628	0.0217473
899	0.0219613	0.0217457
900	0.0219596	0.021744
901	0.0219578	0.0217423
902	0.0219562	0.0217406
903	0.0219546	0.0217389
904	0.021953	0.0217373
905	0.0219514	0.0217357
906	0.0219497	0.021734
907	0.021948	0.0217324
908	0.0219465	0.0217306
909	0.0219449	0.021729
910	0.0219432	0.0217273
911	0.0219416	0.0217257
912	0.0219399	0.021724
913	0.0219383	0.0217223
914	0.0219366	0.0217207
915	0.0219351	0.0217191
916	0.0219334	0.0217174
917	0.0219318	0.0217157
918	0.0219302	0.0217141
919	0.0219286	0.0217124
920	0.021927	0.0217108
921	0.0219254	0.0217092
922	0.0219237	0.0217076
923	0.0219222	0.0217059
924	0.0219205	0.0217043
925	0.0219189	0.0217026
926	0.0219173	0.021701
927	0.0219157	0.0216995
928	0.0219141	0.0216978
929	0.0219125	0.0216962
930	0.0219109	0.0216945
931	0.0219093	0.0216929
932	0.0219078	0.0216912
933	0.0219061	0.0216896
934	0.0219046	0.021688
935	0.021903	0.0216864
936	0.0219014	0.0216847
937	0.0218999	0.0216831
938	0.0218982	0.0216816
939	0.0218967	0.02168
940	0.0218951	0.0216783
941	0.0218935	0.0216767
942	0.0218919	0.0216751
943	0.0218904	0.0216735
944	0.0218887	0.0216719
945	0.0218873	0.0216704
946	0.0218857	0.0216688
947	0.0218841	0.0216672
948	0.0218825	0.0216655
949	0.021881	0.0216639
950	0.0218794	0.0216624
951	0.0218779	0.0216609
952	0.0218762	0.0216592
953	0.0218748	0.0216576
954	0.0218732	0.021656
955	0.0218716	0.0216544
956	0.0218701	0.0216528
957	0.0218685	0.0216512
958	0.0218669	0.0216497
959	0.0218654	0.0216481
960	0.0218639	0.0216466
961	0.0218624	0.021645
962	0.0218608	0.0216434
963	0.0218592	0.0216418
964	0.0218577	0.0216402
965	0.0218561	0.0216387
966	0.0218546	0.0216371
967	0.021853	0.0216355
968	0.0218515	0.0216339
969	0.02185	0.0216324
970	0.0218485	0.0216308
971	0.0218471	0.0216293
972	0.0218454	0.0216277
973	0.0218439	0.0216262
974	0.0218424	0.0216246
975	0.0218408	0.0216231
976	0.0218393	0.0216216
977	0.0218378	0.02162
978	0.0218363	0.0216185
979	0.0218347	0.0216169
980	0.0218333	0.0216153
981	0.0218317	0.0216138
982	0.0218303	0.0216123
983	0.0218287	0.0216108
984	0.0218272	0.0216092
985	0.0218257	0.0216077
986	0.0218242	0.0216061
987	0.0218226	0.0216046
988	0.0218212	0.021603
989	0.0218197	0.0216015
990	0.0218182	0.0215999
991	0.0218167	0.0215984
992	0.0218153	0.0215969
993	0.0218137	0.0215954
994	0.0218121	0.0215938
995	0.0218106	0.0215924
996	0.0218092	0.0215908
997	0.0218077	0.0215892
998	0.0218062	0.0215877
999	0.0218048	0.0215862
1000	0.0218033	0.0215846
1001	0.0218018	0.0215831
1002	0.0218003	0.0215816
1003	0.0217988	0.0215801
1004	0.0217973	0.0215786
1005	0.0217959	0.0215771
1006	0.0217944	0.0215756
1007	0.0217929	0.0215741
1008	0.0217915	0.0215726
1009	0.0217901	0.0215711
1010	0.0217885	0.0215696
1011	0.021787	0.0215682
1012	0.0217855	0.0215666
1013	0.0217841	0.0215651
1014	0.0217826	0.0215636
1015	0.0217812	0.0215621
1016	0.0217797	0.0215606
1017	0.0217783	0.021559
1018	0.0217768	0.0215576
1019	0.0217753	0.0215561
1020	0.0217739	0.0215547
1021	0.0217724	0.0215531
1022	0.0217709	0.0215517
1023	0.0217695	0.0215502
1024	0.0217681	0.0215486
1025	0.0217665	0.0215472
1026	0.0217652	0.0215457
1027	0.0217638	0.0215442
1028	0.0217623	0.0215427
1029	0.0217608	0.0215413
1030	0.0217594	0.0215398
1031	0.021758	0.0215383
1032	0.0217565	0.0215369
1033	0.0217551	0.0215354
1034	0.0217536	0.0215339
1035	0.0217522	0.0215325
1036	0.0217507	0.021531
1037	0.0217493	0.0215296
1038	0.0217478	0.0215281
1039	0.0217465	0.0215267
1040	0.021745	0.0215252
1041	0.0217435	0.0215237
1042	0.0217421	0.0215223
1043	0.0217407	0.0215208
1044	0.0217393	0.0215193
1045	0.021738	0.0215179
1046	0.0217365	0.0215164
1047	0.021735	0.021515
1048	0.0217336	0.0215135
1049	0.0217323	0.021512
1050	0.0217308	0.0215106
1051	0.0217294	0.0215092
1052	0.021728	0.0215077
1053	0.0217266	0.0215063
1054	0.0217252	0.0215049
1055	0.0217238	0.0215035
1056	0.0217223	0.021502
1057	0.0217209	0.0215006
1058	0.0217195	0.0214992
1059	0.0217181	0.0214977
1060	0.0217168	0.0214962
1061	0.0217154	0.0214948
1062	0.0217139	0.0214934
1063	0.0217125	0.0214919
1064	0.0217112	0.0214905
1065	0.0217097	0.0214891
1066	0.0217083	0.0214876
1067	0.0217069	0.0214862
1068	0.0217055	0.0214847
1069	0.0217041	0.0214833
1070	0.0217028	0.0214819
1071	0.0217013	0.0214804
1072	0.0217	0.021479
1073	0.0216986	0.0214776
1074	0.0216972	0.0214762
1075	0.0216958	0.0214748
1076	0.0216944	0.0214734
1077	0.0216931	0.021472
1078	0.0216916	0.0214706
1079	0.0216903	0.0214692
1080	0.0216889	0.0214677
1081	0.0216875	0.0214664
1082	0.0216861	0.0214649
1083	0.0216849	0.0214635
1084	0.0216834	0.0214622
1085	0.0216821	0.0214607
1086	0.0216807	0.0214593
1087	0.0216793	0.0214579
1088	0.0216779	0.0214566
1089	0.0216766	0.0214552
1090	0.0216752	0.0214537
1091	0.0216739	0.0214524
1092	0.0216725	0.021451
1093	0.0216711	0.0214496
1094	0.0216698	0.0214482
1095	0.0216684	0.0214468
1096	0.0216671	0.0214454
1097	0.0216657	0.021444
1098	0.0216643	0.0214426
1099	0.021663	0.0214412
1100	0.0216616	0.0214398
1101	0.0216603	0.0214384
1102	0.0216589	0.021437
1103	0.0216576	0.0214357
1104	0.0216562	0.0214343
1105	0.0216549	0.0214329
1106	0.0216536	0.0214315
1107	0.0216522	0.0214301
1108	0.0216509	0.0214288
1109	0.0216495	0.0214274
1110	0.0216482	0.021426
1111	0.0216468	0.0214247
1112	0.0216455	0.0214233
1113	0.0216441	0.021422
1114	0.0216428	0.0214206
1115	0.0216415	0.0214192
1116	0.0216402	0.0214178
1117	0.0216388	0.0214165
1118	0.0216375	0.0214151
1119	0.0216363	0.0214137
1120	0.0216348	0.0214123
1121	0.0216335	0.021411
1122	0.0216322	0.0214096
1123	0.0216309	0.0214083
1124	0.0216295	0.0214069
1125	0.0216282	0.0214056
1126	0.021627	0.0214042
1127	0.0216255	0.0214029
1128	0.0216243	0.0214015
1129	0.021623	0.0214002
1130	0.0216216	0.0213988
1131	0.0216203	0.0213975
1132	0.0216189	0.0213962
1133	0.0216176	0.0213948
1134	0.0216163	0.0213934
1135	0.0216151	0.021392
1136	0.0216138	0.0213907
1137	0.0216124	0.0213894
1138	0.0216111	0.021388
1139	0.0216098	0.0213867
1140	0.0216085	0.0213854
1141	0.0216072	0.021384
1142	0.0216059	0.0213827
1143	0.0216046	0.0213814
1144	0.0216032	0.0213801
1145	0.021602	0.0213787
1146	0.0216007	0.0213774
1147	0.0215994	0.021376
1148	0.0215981	0.0213747
1149	0.0215968	0.0213734
1150	0.0215955	0.0213721
1151	0.0215941	0.0213707
1152	0.0215928	0.0213694
1153	0.0215916	0.021368
1154	0.0215904	0.0213667
1155	0.021589	0.0213654
1156	0.0215878	0.0213641
1157	0.0215864	0.0213628
1158	0.0215852	0.0213615
1159	0.0215839	0.0213601
1160	0.0215826	0.0213588
1161	0.0215813	0.0213575
1162	0.02158	0.0213562
1163	0.0215787	0.0213549
1164	0.0215775	0.0213535
1165	0.0215762	0.0213522
1166	0.0215749	0.0213509
1167	0.0215737	0.0213496
1168	0.0215724	0.0213483
1169	0.0215711	0.021347
1170	0.0215698	0.0213456
1171	0.0215686	0.0213444
1172	0.0215673	0.021343
1173	0.021566	0.0213418
1174	0.0215647	0.0213404
1175	0.0215635	0.0213392
1176	0.0215622	0.0213379
1177	0.0215608	0.0213366
1178	0.0215596	0.0213353
1179	0.0215584	0.021334
1180	0.0215572	0.0213327
1181	0.0215559	0.0213314
1182	0.0215546	0.0213301
1183	0.0215533	0.0213288
1184	0.0215521	0.0213275
1185	0.0215508	0.0213262
1186	0.0215496	0.0213249
1187	0.0215483	0.0213236
1188	0.0215471	0.0213224
1189	0.0215458	0.021321
1190	0.0215446	0.0213198
1191	0.0215433	0.0213185
1192	0.0215422	0.0213172
1193	0.0215408	0.0213159
1194	0.0215396	0.0213146
1195	0.0215383	0.0213134
1196	0.0215371	0.0213121
1197	0.0215358	0.0213108
1198	0.0215346	0.0213096
1199	0.0215333	0.0213082
1200	0.0215321	0.021307
1201	0.0215309	0.0213056
1202	0.0215296	0.0213044
1203	0.0215284	0.0213031
1204	0.0215272	0.0213019
1205	0.0215259	0.0213006
1206	0.0215247	0.0212993
1207	0.0215234	0.021298
1208	0.0215222	0.0212968
1209	0.0215209	0.0212955
1210	0.0215197	0.0212942
1211	0.0215185	0.021293
1212	0.0215172	0.0212918
1213	0.021516	0.0212905
1214	0.0215148	0.0212892
1215	0.0215136	0.0212879
1216	0.0215123	0.0212867
1217	0.0215111	0.0212854
1218	0.0215099	0.0212842
1219	0.0215087	0.021283
1220	0.0215075	0.0212817
1221	0.0215062	0.0212804
1222	0.021505	0.0212791
1223	0.0215038	0.0212779
1224	0.0215026	0.0212766
1225	0.0215013	0.0212754
1226	0.0215001	0.0212741
1227	0.0214989	0.0212729
1228	0.0214978	0.0212716
1229	0.0214965	0.0212704
1230	0.0214953	0.0212692
1231	0.021494	0.021268
1232	0.0214929	0.0212667
1233	0.0214916	0.0212654
1234	0.0214904	0.0212642
1235	0.0214892	0.0212629
1236	0.021488	0.0212618
1237	0.0214868	0.0212605
1238	0.0214856	0.0212593
1239	0.0214844	0.021258
1240	0.0214832	0.0212567
1241	0.0214819	0.0212555
1242	0.0214809	0.0212543
1243	0.0214796	0.021253
1244	0.0214784	0.0212518
1245	0.0214772	0.0212506
1246	0.021476	0.0212494
1247	0.0214748	0.0212481
1248	0.0214736	0.0212469
1249	0.0214724	0.0212457
1250	0.0214713	0.0212445
1251	0.02147	0.0212432
1252	0.0214688	0.021242
1253	0.0214677	0.0212408
1254	0.0214664	0.0212396
1255	0.0214652	0.0212384
1256	0.021464	0.0212371
1257	0.0214629	0.0212359
1258	0.0214617	0.0212347
1259	0.0214605	0.0212335
1260	0.0214593	0.0212323
1261	0.0214581	0.0212311
1262	0.021457	0.0212298
1263	0.0214558	0.0212286
1264	0.0214546	0.0212274
1265	0.0214534	0.0212262
1266	0.0214522	0.021225
1267	0.0214511	0.0212238
1268	0.0214499	0.0212226
1269	0.0214486	0.0212214
1270	0.0214475	0.0212202
1271	0.0214464	0.0212189
1272	0.0214452	0.0212178
1273	0.021444	0.0212165
1274	0.0214429	0.0212154
1275	0.0214417	0.0212142
1276	0.0214405	0.021213
1277	0.0214393	0.0212118
1278	0.0214382	0.0212106
1279	0.021437	0.0212093
1280	0.0214358	0.0212082
1281	0.0214347	0.021207
1282	0.0214335	0.0212058
1283	0.0214323	0.0212045
1284	0.0214313	0.0212034
1285	0.02143	0.0212021
1286	0.0214289	0.021201
1287	0.0214278	0.0211997
1288	0.0214265	0.0211986
1289	0.0214254	0.0211974
1290	0.0214243	0.0211962
1291	0.0214231	0.021195
1292	0.021422	0.0211938
1293	0.0214208	0.0211927
1294	0.0214196	0.0211914
1295	0.0214184	0.0211903
1296	0.0214173	0.0211891
1297	0.0214161	0.0211879
1298	0.021415	0.0211867
1299	0.0214138	0.0211856
1300	0.0214126	0.0211844
1301	0.0214115	0.0211833
1302	0.0214103	0.0211821
1303	0.0214092	0.0211809
1304	0.021408	0.0211797
1305	0.021407	0.0211785
1306	0.0214059	0.0211773
1307	0.0214047	0.0211761
1308	0.0214036	0.021175
1309	0.0214024	0.0211738
1310	0.0214013	0.0211727
1311	0.0214001	0.0211715
1312	0.021399	0.0211703
1313	0.0213979	0.0211691
1314	0.0213967	0.021168
1315	0.0213956	0.0211668
1316	0.0213944	0.0211656
1317	0.0213933	0.0211645
1318	0.0213921	0.0211633
1319	0.021391	0.0211622
1320	0.0213899	0.021161
1321	0.0213888	0.0211599
1322	0.0213876	0.0211587
1323	0.0213865	0.0211575
1324	0.0213854	0.0211564
1325	0.0213843	0.0211552
1326	0.0213831	0.021154
1327	0.021382	0.0211529
1328	0.0213809	0.0211518
1329	0.0213798	0.0211506
1330	0.0213786	0.0211494
1331	0.0213775	0.0211482
1332	0.0213764	0.0211471
1333	0.0213753	0.0211459
1334	0.0213742	0.0211448
1335	0.0213731	0.0211436
1336	0.0213719	0.0211425
1337	0.0213708	0.0211414
1338	0.0213697	0.0211402
1339	0.0213685	0.0211391
1340	0.0213675	0.021138
1341	0.0213664	0.0211368
1342	0.0213652	0.0211356
1343	0.0213641	0.0211345
1344	0.021363	0.0211334
1345	0.0213618	0.0211322
1346	0.0213608	0.021131
1347	0.0213597	0.0211299
1348	0.0213586	0.0211288
1349	0.0213575	0.0211276
1350	0.0213563	0.0211265
1351	0.0213553	0.0211253
1352	0.0213541	0.0211242
1353	0.021353	0.0211231
1354	0.021352	0.0211219
1355	0.0213508	0.0211208
1356	0.0213497	0.0211197
1357	0.0213487	0.0211185
1358	0.0213476	0.0211174
1359	0.0213465	0.0211163
1360	0.0213454	0.0211151
1361	0.0213443	0.021114
1362	0.0213431	0.0211129
1363	0.021342	0.0211118
1364	0.021341	0.0211107
1365	0.0213399	0.0211096
1366	0.0213388	0.0211085
1367	0.0213377	0.0211074
1368	0.0213367	0.0211063
1369	0.0213355	0.0211051
1370	0.0213344	0.021104
1371	0.0213333	0.0211028
1372	0.0213322	0.0211017
1373	0.0213312	0.0211006
1374	0.02133	0.0210994
1375	0.021329	0.0210983
1376	0.0213279	0.0210972
1377	0.0213268	0.0210961
1378	0.0213257	0.021095
1379	0.0213246	0.0210939
1380	0.0213236	0.0210927
1381	0.0213225	0.0210916
1382	0.0213214	0.0210906
1383	0.0213203	0.0210894
1384	0.0213192	0.0210883
1385	0.0213181	0.0210871
1386	0.021317	0.021086
1387	0.021316	0.0210849
1388	0.0213149	0.0210839
1389	0.0213138	0.0210828
1390	0.0213127	0.0210816
1391	0.0213116	0.0210806
1392	0.0213106	0.0210795
1393	0.0213095	0.0210784
1394	0.0213084	0.0210772
1395	0.0213074	0.0210761
1396	0.0213063	0.021075
1397	0.0213052	0.0210739
1398	0.0213042	0.0210728
1399	0.021303	0.0210717
1400	0.021302	0.0210707
1401	0.021301	0.0210696
1402	0.0212999	0.0210685
1403	0.0212988	0.0210674
1404	0.0212978	0.0210664
1405	0.0212967	0.0210652
1406	0.0212956	0.0210641
1407	0.0212946	0.021063
1408	0.0212936	0.0210619
1409	0.0212924	0.0210608
1410	0.0212914	0.0210598
1411	0.0212903	0.0210586
1412	0.0212894	0.0210576
1413	0.0212882	0.0210565
1414	0.0212872	0.0210554
1415	0.0212861	0.0210543
1416	0.021285	0.0210532
1417	0.021284	0.0210522
1418	0.0212829	0.021051
1419	0.0212819	0.0210499
1420	0.0212809	0.0210489
1421	0.0212798	0.0210478
1422	0.0212788	0.0210467
1423	0.0212776	0.0210456
1424	0.0212766	0.0210445
1425	0.0212756	0.0210434
1426	0.0212745	0.0210423
1427	0.0212735	0.0210413
1428	0.0212724	0.0210403
1429	0.0212714	0.0210392
1430	0.0212703	0.0210381
1431	0.0212693	0.021037
1432	0.0212683	0.0210359
1433	0.0212672	0.0210349
1434	0.0212661	0.0210338
1435	0.0212651	0.0210328
1436	0.0212641	0.0210317
1437	0.0212631	0.0210306
1438	0.0212619	0.0210296
1439	0.0212609	0.0210285
1440	0.0212599	0.0210274
1441	0.0212589	0.0210263
1442	0.0212578	0.0210253
1443	0.0212568	0.0210242
1444	0.0212558	0.0210231
1445	0.0212547	0.0210221
1446	0.0212538	0.021021
1447	0.0212527	0.02102
1448	0.0212517	0.0210189
1449	0.0212506	0.0210179
1450	0.0212496	0.0210168
1451	0.0212486	0.0210157
1452	0.0212475	0.0210147
1453	0.0212465	0.0210136
1454	0.0212454	0.0210125
1455	0.0212444	0.0210115
1456	0.0212434	0.0210104
1457	0.0212424	0.0210094
1458	0.0212414	0.0210083
1459	0.0212403	0.0210073
1460	0.0212393	0.0210063
1461	0.0212383	0.0210052
1462	0.0212372	0.0210041
1463	0.0212362	0.0210031
1464	0.0212352	0.021002
1465	0.0212342	0.021001
1466	0.0212332	0.021
1467	0.0212322	0.0209989
1468	0.0212311	0.0209979
1469	0.0212302	0.0209968
1470	0.0212291	0.0209958
1471	0.0212281	0.0209947
1472	0.0212271	0.0209937
1473	0.0212261	0.0209927
1474	0.0212251	0.0209916
1475	0.0212241	0.0209905
1476	0.021223	0.0209895
1477	0.021222	0.0209885
1478	0.0212211	0.0209874
1479	0.02122	0.0209864
1480	0.021219	0.0209853
1481	0.021218	0.0209843
1482	0.0212169	0.0209833
1483	0.021216	0.0209822
1484	0.0212149	0.0209812
1485	0.021214	0.0209801
1486	0.0212129	0.0209791
1487	0.0212118	0.0209781
1488	0.0212109	0.0209771
1489	0.0212099	0.0209761
1490	0.021209	0.020975
1491	0.0212079	0.020974
1492	0.0212069	0.0209729
1493	0.0212059	0.0209719
1494	0.0212049	0.0209708
1495	0.0212039	0.0209698
1496	0.0212029	0.0209688
1497	0.021202	0.0209678
1498	0.0212009	0.0209668
1499	0.0211999	0.0209657
1500	0.0211989	0.0209646
1501	0.0211979	0.0209636
1502	0.0211969	0.0209627
1503	0.0211959	0.0209616
1504	0.0211949	0.0209606
1505	0.0211939	0.0209596
1506	0.0211929	0.0209586
1507	0.0211919	0.0209576
1508	0.0211909	0.0209565
1509	0.02119	0.0209555
1510	0.021189	0.0209545
1511	0.021188	0.0209534
1512	0.021187	0.0209524
1513	0.021186	0.0209514
1514	0.0211851	0.0209504
1515	0.021184	0.0209494
1516	0.021183	0.0209483
1517	0.0211821	0.0209473
1518	0.0211811	0.0209463
1519	0.0211801	0.0209453
1520	0.0211791	0.0209443
1521	0.021178	0.0209433
1522	0.0211772	0.0209423
1523	0.0211762	0.0209413
1524	0.0211751	0.0209403
1525	0.0211743	0.0209393
1526	0.0211732	0.0209383
1527	0.0211722	0.0209373
1528	0.0211712	0.0209363
1529	0.0211703	0.0209353
1530	0.0211692	0.0209343
1531	0.0211683	0.0209333
1532	0.0211673	0.0209323
1533	0.0211664	0.0209312
1534	0.0211654	0.0209302
1535	0.0211644	0.0209293
1536	0.0211634	0.0209282
1537	0.0211625	0.0209272
1538	0.0211615	0.0209262
1539	0.0211606	0.0209252
1540	0.0211596	0.0209243
1541	0.0211586	0.0209232
1542	0.0211576	0.0209222
1543	0.0211566	0.0209212
1544	0.0211557	0.0209202
1545	0.0211547	0.0209193
1546	0.0211537	0.0209183
1547	0.0211528	0.0209173
1548	0.0211518	0.0209163
1549	0.0211508	0.0209153
1550	0.0211499	0.0209143
1551	0.0211489	0.0209133
1552	0.021148	0.0209123
1553	0.021147	0.0209114
1554	0.021146	0.0209103
1555	0.021145	0.0209093
1556	0.0211441	0.0209084
1557	0.0211432	0.0209074
1558	0.0211421	0.0209064
1559	0.0211412	0.0209054
1560	0.0211403	0.0209044
1561	0.0211393	0.0209034
1562	0.0211383	0.0209024
1563	0.0211373	0.0209014
1564	0.0211364	0.0209004
1565	0.0211355	0.0208994
1566	0.0211345	0.0208985
1567	0.0211336	0.0208975
1568	0.0211326	0.0208965
1569	0.0211316	0.0208956
1570	0.0211307	0.0208946
1571	0.0211297	0.0208936
1572	0.0211288	0.0208926
1573	0.0211278	0.0208917
1574	0.0211269	0.0208907
1575	0.0211259	0.0208897
1576	0.021125	0.0208887
1577	0.021124	0.0208877
1578	0.0211231	0.0208868
1579	0.0211221	0.0208858
1580	0.0211212	0.0208848
1581	0.0211202	0.0208838
1582	0.0211193	0.0208828
1583	0.0211183	0.0208819
1584	0.0211175	0.0208809
1585	0.0211164	0.0208799
1586	0.0211155	0.020879
1587	0.0211145	0.020878
1588	0.0211136	0.020877
1589	0.0211127	0.0208761
1590	0.0211117	0.0208751
1591	0.0211108	0.0208742
1592	0.0211099	0.0208731
1593	0.0211089	0.0208722
1594	0.021108	0.0208712
1595	0.0211071	0.0208703
1596	0.021106	0.0208693
1597	0.0211052	0.0208683
1598	0.0211042	0.0208673
1599	0.0211033	0.0208664
1600	0.0211024	0.0208654
1601	0.0211014	0.0208645
1602	0.0211004	0.0208635
1603	0.0210995	0.0208625
1604	0.0210986	0.0208616
1605	0.0210977	0.0208607
1606	0.0210968	0.0208597
1607	0.0210958	0.0208587
1608	0.0210949	0.0208578
1609	0.0210939	0.0208568
1610	0.021093	0.0208559
1611	0.0210921	0.0208549
1612	0.0210912	0.020854
1613	0.0210902	0.020853
1614	0.0210893	0.020852
1615	0.0210884	0.0208511
1616	0.0210874	0.0208502
1617	0.0210866	0.0208492
1618	0.0210857	0.0208483
1619	0.0210847	0.0208473
1620	0.0210838	0.0208464
1621	0.0210828	0.0208454
1622	0.0210819	0.0208444
1623	0.0210809	0.0208435
1624	0.0210801	0.0208426
1625	0.0210792	0.0208416
1626	0.0210783	0.0208406
1627	0.0210772	0.0208397
1628	0.0210763	0.0208388
1629	0.0210755	0.0208378
1630	0.0210746	0.0208369
1631	0.0210736	0.0208359
1632	0.0210727	0.020835
1633	0.0210717	0.0208341
1634	0.0210708	0.0208332
1635	0.02107	0.0208322
1636	0.0210691	0.0208313
1637	0.0210682	0.0208303
1638	0.0210672	0.0208293
1639	0.0210663	0.0208284
1640	0.0210655	0.0208275
1641	0.0210645	0.0208265
1642	0.0210636	0.0208255
1643	0.0210627	0.0208246
1644	0.0210617	0.0208237
1645	0.0210607	0.0208228
1646	0.0210599	0.0208218
1647	0.021059	0.0208209
1648	0.0210581	0.0208199
1649	0.0210573	0.0208191
1650	0.0210563	0.0208181
1651	0.0210554	0.0208172
1652	0.0210545	0.0208163
1653	0.0210535	0.0208153
1654	0.0210527	0.0208144
1655	0.0210518	0.0208135
1656	0.0210508	0.0208126
1657	0.0210499	0.0208117
1658	0.021049	0.0208107
1659	0.0210481	0.0208098
1660	0.0210473	0.0208089
1661	0.0210463	0.0208079
1662	0.0210455	0.020807
1663	0.0210445	0.0208061
1664	0.0210436	0.0208052
1665	0.0210427	0.0208042
1666	0.0210418	0.0208033
1667	0.0210409	0.0208024
1668	0.0210401	0.0208015
1669	0.0210391	0.0208005
1670	0.0210382	0.0207996
1671	0.0210374	0.0207986
1672	0.0210364	0.0207977
1673	0.0210356	0.0207968
1674	0.0210346	0.0207959
1675	0.0210338	0.020795
1676	0.0210329	0.0207941
1677	0.0210319	0.0207932
1678	0.021031	0.0207923
1679	0.0210301	0.0207914
1680	0.0210292	0.0207904
1681	0.0210283	0.0207895
1682	0.0210275	0.0207886
1683	0.0210266	0.0207876
1684	0.0210257	0.0207867
1685	0.0210248	0.0207858
1686	0.0210239	0.0207849
1687	0.021023	0.020784
1688	0.0210222	0.020783
1689	0.0210213	0.0207822
1690	0.0210203	0.0207812
1691	0.0210194	0.0207803
1692	0.0210186	0.0207794
1693	0.0210178	0.0207785
1694	0.0210168	0.0207776
1695	0.021016	0.0207767
1696	0.0210151	0.0207758
1697	0.0210142	0.0207749
1698	0.0210133	0.020774
1699	0.0210124	0.0207731
1700	0.0210115	0.0207722
1701	0.0210106	0.0207712
1702	0.0210098	0.0207704
1703	0.021009	0.0207694
1704	0.021008	0.0207685
1705	0.0210071	0.0207676
1706	0.0210063	0.0207668
1707	0.0210053	0.0207658
1708	0.0210045	0.0207649
1709	0.0210037	0.020764
1710	0.0210027	0.0207631
1711	0.0210019	0.0207622
1712	0.021001	0.0207614
1713	0.0210001	0.0207605
1714	0.0209993	0.0207595
1715	0.0209983	0.0207587
1716	0.0209975	0.0207577
1717	0.0209966	0.0207569
1718	0.0209958	0.020756
1719	0.0209949	0.0207551
1720	0.0209941	0.0207542
1721	0.0209931	0.0207533
1722	0.0209923	0.0207524
1723	0.0209914	0.0207515
1724	0.0209905	0.0207505
1725	0.0209897	0.0207496
1726	0.0209888	0.0207488
1727	0.020988	0.0207479
1728	0.020987	0.020747
1729	0.0209861	0.0207461
1730	0.0209853	0.0207452
1731	0.0209844	0.0207443
1732	0.0209836	0.0207435
1733	0.0209827	0.0207426
1734	0.0209819	0.0207417
1735	0.0209809	0.0207407
1736	0.0209801	0.0207399
1737	0.0209792	0.020739
1738	0.0209785	0.0207381
1739	0.0209776	0.0207372
1740	0.0209766	0.0207364
1741	0.0209758	0.0207355
1742	0.0209749	0.0207346
1743	0.0209741	0.0207337
1744	0.0209732	0.0207328
1745	0.0209724	0.020732
1746	0.0209715	0.0207311
1747	0.0209707	0.0207302
1748	0.0209698	0.0207293
1749	0.0209689	0.0207284
1750	0.0209681	0.0207275
1751	0.0209673	0.0207266
1752	0.0209664	0.0207257
1753	0.0209655	0.0207249
1754	0.0209646	0.020724
1755	0.0209638	0.0207232
1756	0.0209629	0.0207223
1757	0.0209621	0.0207214
1758	0.0209612	0.0207205
1759	0.0209603	0.0207197
1760	0.0209595	0.0207188
1761	0.0209587	0.0207179
1762	0.0209578	0.020717
1763	0.020957	0.0207161
1764	0.020956	0.0207153
1765	0.0209552	0.0207144
1766	0.0209544	0.0207135
1767	0.0209535	0.0207127
1768	0.0209527	0.0207118
1769	0.020952	0.020711
1770	0.0209511	0.0207101
1771	0.0209502	0.0207092
1772	0.0209494	0.0207084
1773	0.0209484	0.0207075
1774	0.0209476	0.0207066
1775	0.0209468	0.0207058
1776	0.0209459	0.0207049
1777	0.0209451	0.020704
1778	0.0209443	0.0207031
1779	0.0209434	0.0207023
1780	0.0209426	0.0207014
1781	0.0209417	0.0207005
1782	0.0209409	0.0206997
1783	0.0209401	0.0206988
1784	0.0209392	0.0206979
1785	0.0209383	0.0206971
1786	0.0209375	0.0206962
1787	0.0209367	0.0206953
1788	0.0209358	0.0206944
1789	0.020935	0.0206936
1790	0.0209341	0.0206927
1791	0.0209333	0.0206919
1792	0.0209325	0.020691
1793	0.0209316	0.0206901
1794	0.0209308	0.0206892
1795	0.02093	0.0206884
1796	0.0209291	0.0206876
1797	0.0209282	0.0206867
1798	0.0209274	0.0206859
1799	0.0209266	0.020685
1800	0.0209258	0.0206841
1801	0.0209249	0.0206833
1802	0.0209241	0.0206824
1803	0.0209232	0.0206816
1804	0.0209224	0.0206807
1805	0.0209216	0.0206799
1806	0.0209207	0.0206791
1807	0.0209199	0.0206782
1808	0.020919	0.0206774
1809	0.0209182	0.0206765
1810	0.0209175	0.0206756
1811	0.0209166	0.0206748
1812	0.0209157	0.020674
1813	0.0209149	0.0206731
1814	0.0209141	0.0206722
1815	0.0209133	0.0206714
1816	0.0209124	0.0206706
1817	0.0209116	0.0206697
1818	0.0209108	0.0206688
1819	0.0209099	0.020668
1820	0.0209092	0.0206672
1821	0.0209084	0.0206663
1822	0.0209075	0.0206655
1823	0.0209066	0.0206646
1824	0.0209059	0.0206638
1825	0.0209051	0.0206629
1826	0.0209042	0.0206621
1827	0.0209034	0.0206613
1828	0.0209026	0.0206604
1829	0.0209017	0.0206596
1830	0.020901	0.0206588
1831	0.0209001	0.0206579
1832	0.0208992	0.0206571
1833	0.0208984	0.0206563
1834	0.0208976	0.0206553
1835	0.0208968	0.0206545
1836	0.020896	0.0206537
1837	0.0208952	0.0206528
1838	0.0208945	0.0206519
1839	0.0208935	0.0206511
1840	0.0208928	0.0206503
1841	0.0208919	0.0206495
1842	0.0208911	0.0206486
1843	0.0208903	0.0206478
1844	0.0208895	0.0206469
1845	0.0208886	0.0206461
1846	0.0208878	0.0206453
1847	0.020887	0.0206444
1848	0.0208862	0.0206437
1849	0.0208854	0.0206428
1850	0.0208846	0.020642
1851	0.0208838	0.0206411
1852	0.0208829	0.0206403
1853	0.0208822	0.0206395
1854	0.0208814	0.0206386
1855	0.0208805	0.0206378
1856	0.0208798	0.020637
1857	0.0208789	0.0206361
1858	0.020878	0.0206353
1859	0.0208773	0.0206345
1860	0.0208765	0.0206336
1861	0.0208757	0.0206328
1862	0.0208749	0.020632
1863	0.020874	0.0206312
1864	0.0208732	0.0206303
1865	0.0208724	0.0206295
1866	0.0208717	0.0206287
1867	0.0208708	0.0206279
1868	0.02087	0.020627
1869	0.0208692	0.0206262
1870	0.0208684	0.0206254
1871	0.0208676	0.0206246
1872	0.0208668	0.0206237
1873	0.020866	0.020623
1874	0.0208653	0.0206221
1875	0.0208644	0.0206213
1876	0.0208635	0.0206204
1877	0.0208628	0.0206196
1878	0.0208619	0.0206187
1879	0.0208612	0.0206179
1880	0.0208603	0.0206171
1881	0.0208596	0.0206163
1882	0.0208588	0.0206155
1883	0.020858	0.0206147
1884	0.0208572	0.0206138
1885	0.0208564	0.020613
1886	0.0208556	0.0206122
1887	0.0208548	0.0206114
1888	0.020854	0.0206106
1889	0.0208533	0.0206097
1890	0.0208525	0.0206089
1891	0.0208516	0.0206081
1892	0.0208509	0.0206073
1893	0.02085	0.0206065
1894	0.0208492	0.0206056
1895	0.0208484	0.0206048
1896	0.0208477	0.020604
1897	0.0208468	0.0206033
1898	0.0208461	0.0206025
1899	0.0208452	0.0206016
1900	0.0208444	0.0206009
1901	0.0208436	0.0206
1902	0.0208429	0.0205992
1903	0.0208421	0.0205984
1904	0.0208413	0.0205976
1905	0.0208405	0.0205968
1906	0.0208398	0.020596
1907	0.0208389	0.0205952
1908	0.0208381	0.0205944
1909	0.0208374	0.0205935
1910	0.0208365	0.0205927
1911	0.0208358	0.0205919
1912	0.020835	0.0205911
1913	0.0208342	0.0205903
1914	0.0208334	0.0205895
1915	0.0208326	0.0205887
1916	0.0208319	0.0205879
1917	0.020831	0.0205871
1918	0.0208302	0.0205863
1919	0.0208295	0.0205855
1920	0.0208287	0.0205847
1921	0.0208279	0.0205839
1922	0.0208271	0.0205831
1923	0.0208262	0.0205823
1924	0.0208255	0.0205815
1925	0.0208247	0.0205807
1926	0.020824	0.0205799
1927	0.0208232	0.0205791
1928	0.0208224	0.0205783
1929	0.0208217	0.0205775
1930	0.0208209	0.0205767
1931	0.0208201	0.0205759
1932	0.0208193	0.0205751
1933	0.0208185	0.0205743
1934	0.0208177	0.0205735
1935	0.0208169	0.0205727
1936	0.0208162	0.0205719
1937	0.0208154	0.0205711
1938	0.0208146	0.0205703
1939	0.0208139	0.0205695
1940	0.0208131	0.0205687
1941	0.0208122	0.0205679
1942	0.0208116	0.0205671
1943	0.0208107	0.0205663
1944	0.0208099	0.0205655
1945	0.0208092	0.0205647
1946	0.0208084	0.0205639
1947	0.0208076	0.0205631
1948	0.0208068	0.0205623
1949	0.0208061	0.0205615
1950	0.0208053	0.0205607
1951	0.0208045	0.02056
1952	0.0208038	0.0205592
1953	0.020803	0.0205584
1954	0.0208022	0.0205576
1955	0.0208014	0.0205568
1956	0.0208006	0.020556
1957	0.0207999	0.0205552
1958	0.0207991	0.0205544
1959	0.0207983	0.0205537
1960	0.0207976	0.0205529
1961	0.0207968	0.0205521
1962	0.020796	0.0205513
1963	0.0207953	0.0205505
1964	0.0207945	0.0205497
1965	0.0207937	0.020549
1966	0.020793	0.0205482
1967	0.0207922	0.0205474
1968	0.0207914	0.0205465
1969	0.0207907	0.0205457
1970	0.0207899	0.0205449
1971	0.0207891	0.0205442
1972	0.0207884	0.0205434
1973	0.0207876	0.0205426
1974	0.0207868	0.0205419
1975	0.020786	0.020541
1976	0.0207853	0.0205402
1977	0.0207846	0.0205394
1978	0.0207838	0.0205387
1979	0.0207831	0.0205379
1980	0.0207823	0.020537
1981	0.0207815	0.0205363
1982	0.0207807	0.0205355
1983	0.02078	0.0205348
1984	0.0207793	0.020534
1985	0.0207785	0.0205332
1986	0.0207777	0.0205324
1987	0.020777	0.0205316
1988	0.0207762	0.0205308
1989	0.0207755	0.0205301
1990	0.0207746	0.0205293
1991	0.0207739	0.0205285
1992	0.0207732	0.0205277
1993	0.0207724	0.020527
1994	0.0207716	0.0205262
1995	0.0207709	0.0205254
1996	0.0207701	0.0205246
1997	0.0207693	0.0205239
1998	0.0207686	0.0205231
1999	0.0207679	0.0205223
2000	0.020767	0.0205216
2001	0.0207663	0.0205208
2002	0.0207656	0.02052
2003	0.0207648	0.0205193
2004	0.020764	0.0205185
2005	0.0207633	0.0205178
2006	0.0207625	0.020517
2007	0.0207619	0.0205162
2008	0.020761	0.0205155
2009	0.0207603	0.0205147
2010	0.0207595	0.020514
2011	0.0207588	0.0205132
2012	0.020758	0.0205124
2013	0.0207573	0.0205116
2014	0.0207566	0.0205108
2015	0.0207558	0.0205101
2016	0.020755	0.0205093
2017	0.0207542	0.0205085
2018	0.0207535	0.0205078
2019	0.0207528	0.020507
2020	0.0207521	0.0205063
2021	0.0207512	0.0205055
2022	0.0207505	0.0205047
2023	0.0207497	0.020504
2024	0.0207491	0.0205032
2025	0.0207484	0.0205024
2026	0.0207475	0.0205016
2027	0.0207468	0.0205008
2028	0.0207461	0.0205001
2029	0.0207454	0.0204993
2030	0.0207446	0.0204986
2031	0.0207438	0.0204978
2032	0.0207432	0.020497
2033	0.0207424	0.0204963
2034	0.0207416	0.0204956
2035	0.0207409	0.0204948
2036	0.0207401	0.0204941
2037	0.0207394	0.0204933
2038	0.0207386	0.0204925
2039	0.0207379	0.0204918
2040	0.0207372	0.020491
2041	0.0207364	0.0204902
2042	0.0207356	0.0204895
2043	0.0207349	0.0204887
2044	0.0207341	0.020488
2045	0.0207334	0.0204872
2046	0.0207327	0.0204864
2047	0.0207319	0.0204857
2048	0.0207312	0.0204849
2049	0.0207305	0.0204841
2050	0.0207297	0.0204834
2051	0.020729	0.0204826
2052	0.0207283	0.0204819
2053	0.0207275	0.0204811
2054	0.0207268	0.0204803
2055	0.020726	0.0204796
2056	0.0207253	0.0204789
2057	0.0207246	0.0204781
2058	0.0207239	0.0204773
2059	0.0207231	0.0204766
2060	0.0207224	0.0204759
2061	0.0207217	0.0204751
2062	0.0207209	0.0204744
2063	0.0207202	0.0204736
2064	0.0207195	0.0204729
2065	0.0207187	0.0204721
2066	0.020718	0.0204713
2067	0.0207173	0.0204706
2068	0.0207165	0.0204699
2069	0.0207157	0.020469
2070	0.0207151	0.0204683
2071	0.0207143	0.0204675
2072	0.0207135	0.0204668
2073	0.0207128	0.0204661
2074	0.0207121	0.0204653
2075	0.0207113	0.0204646
2076	0.0207106	0.0204639
2077	0.0207099	0.0204631
2078	0.0207092	0.0204624
2079	0.0207084	0.0204616
2080	0.0207077	0.0204608
2081	0.0207071	0.0204601
2082	0.0207063	0.0204593
2083	0.0207056	0.0204586
2084	0.0207048	0.0204579
2085	0.0207041	0.0204572
2086	0.0207035	0.0204564
2087	0.0207026	0.0204557
2088	0.020702	0.0204549
2089	0.0207012	0.0204542
2090	0.0207005	0.0204535
2091	0.0206998	0.0204527
2092	0.020699	0.020452
2093	0.0206983	0.0204513
2094	0.0206976	0.0204505
2095	0.0206968	0.0204498
2096	0.0206962	0.020449
2097	0.0206954	0.0204483
2098	0.0206946	0.0204475
2099	0.0206939	0.0204468
2100	0.0206932	0.0204461
2101	0.0206925	0.0204454
2102	0.0206917	0.0204446
2103	0.020691	0.0204439
2104	0.0206904	0.0204431
2105	0.0206896	0.0204424
2106	0.0206888	0.0204416
2107	0.0206882	0.0204409
2108	0.0206875	0.0204401
2109	0.0206867	0.0204394
2110	0.020686	0.0204387
2111	0.0206853	0.020438
2112	0.0206847	0.0204372
2113	0.0206838	0.0204365
2114	0.0206831	0.0204358
2115	0.0206824	0.020435
2116	0.0206817	0.0204343
2117	0.020681	0.0204335
2118	0.0206803	0.0204328
2119	0.0206795	0.0204321
2120	0.0206788	0.0204313
2121	0.0206781	0.0204306
2122	0.0206774	0.0204299
2123	0.0206767	0.0204292
2124	0.020676	0.0204284
2125	0.0206753	0.0204277
2126	0.0206745	0.020427
2127	0.0206738	0.0204263
2128	0.0206731	0.0204255
2129	0.0206724	0.0204248
2130	0.0206717	0.020424
2131	0.020671	0.0204233
2132	0.0206703	0.0204226
2133	0.0206696	0.0204218
2134	0.0206689	0.0204212
2135	0.0206682	0.0204205
2136	0.0206675	0.0204197
2137	0.0206667	0.020419
2138	0.0206659	0.0204182
2139	0.0206652	0.0204175
2140	0.0206646	0.0204168
2141	0.0206639	0.0204161
2142	0.0206631	0.0204154
2143	0.0206625	0.0204146
2144	0.0206617	0.0204139
2145	0.0206611	0.0204132
2146	0.0206603	0.0204125
2147	0.0206597	0.0204118
2148	0.0206589	0.020411
2149	0.0206582	0.0204103
2150	0.0206574	0.0204096
2151	0.0206568	0.0204089
2152	0.0206561	0.0204082
2153	0.0206554	0.0204075
2154	0.0206547	0.0204067
2155	0.020654	0.020406
2156	0.0206533	0.0204053
2157	0.0206526	0.0204046
2158	0.0206519	0.0204039
2159	0.0206511	0.0204031
2160	0.0206505	0.0204024
2161	0.0206497	0.0204017
2162	0.0206491	0.020401
2163	0.0206484	0.0204003
2164	0.0206476	0.0203995
2165	0.020647	0.0203988
2166	0.0206462	0.0203981
2167	0.0206456	0.0203973
2168	0.0206448	0.0203966
2169	0.0206442	0.0203959
2170	0.0206435	0.0203952
2171	0.0206427	0.0203945
2172	0.0206421	0.0203938
2173	0.0206414	0.0203931
2174	0.0206406	0.0203924
2175	0.02064	0.0203917
2176	0.0206392	0.020391
2177	0.0206385	0.0203902
2178	0.0206378	0.0203895
2179	0.0206372	0.0203888
2180	0.0206364	0.0203881
2181	0.0206358	0.0203873
2182	0.020635	0.0203866
2183	0.0206343	0.020386
2184	0.0206337	0.0203852
2185	0.020633	0.0203845
2186	0.0206322	0.0203838
2187	0.0206315	0.0203831
2188	0.0206309	0.0203823
2189	0.0206301	0.0203816
2190	0.0206294	0.0203809
2191	0.0206288	0.0203802
2192	0.0206281	0.0203795
2193	0.0206273	0.0203788
2194	0.0206266	0.0203781
2195	0.020626	0.0203774
2196	0.0206253	0.0203767
2197	0.0206246	0.0203759
2198	0.0206239	0.0203752
2199	0.0206232	0.0203745
2200	0.0206225	0.0203738
2201	0.0206218	0.0203731
2202	0.0206212	0.0203724
2203	0.0206205	0.0203717
2204	0.0206198	0.020371
2205	0.0206191	0.0203703
2206	0.0206184	0.0203696
2207	0.0206177	0.0203689
2208	0.020617	0.0203682
2209	0.0206163	0.0203675
2210	0.0206156	0.0203667
2211	0.0206149	0.020366
2212	0.0206142	0.0203653
2213	0.0206136	0.0203647
2214	0.0206128	0.0203639
2215	0.0206122	0.0203632
2216	0.0206115	0.0203625
2217	0.0206108	0.0203618
2218	0.0206101	0.0203611
2219	0.0206094	0.0203604
2220	0.0206087	0.0203597
2221	0.020608	0.020359
2222	0.0206073	0.0203582
2223	0.0206067	0.0203576
2224	0.020606	0.0203569
2225	0.0206053	0.0203562
2226	0.0206046	0.0203555
2227	0.020604	0.0203548
2228	0.0206032	0.0203541
2229	0.0206025	0.0203534
2230	0.0206018	0.0203528
2231	0.0206012	0.0203521
2232	0.0206005	0.0203514
2233	0.0205998	0.0203507
2234	0.0205992	0.02035
2235	0.0205985	0.0203493
2236	0.0205977	0.0203486
2237	0.020597	0.0203479
2238	0.0205964	0.0203471
2239	0.0205957	0.0203464
2240	0.020595	0.0203458
2241	0.0205943	0.0203451
2242	0.0205937	0.0203444
2243	0.020593	0.0203437
2244	0.0205923	0.020343
2245	0.0205916	0.0203423
2246	0.0205909	0.0203415
2247	0.0205903	0.0203409
2248	0.0205896	0.0203402
2249	0.0205889	0.0203395
2250	0.0205882	0.0203388
2251	0.0205875	0.0203381
2252	0.0205869	0.0203375
2253	0.0205862	0.0203368
2254	0.0205855	0.0203361
2255	0.0205849	0.0203353
2256	0.0205841	0.0203347
2257	0.0205835	0.020334
2258	0.0205829	0.0203333
2259	0.0205821	0.0203326
2260	0.0205815	0.0203319
2261	0.0205808	0.0203312
2262	0.0205802	0.0203306
2263	0.0205794	0.0203298
2264	0.0205788	0.0203291
2265	0.0205781	0.0203285
2266	0.0205774	0.0203278
2267	0.0205768	0.0203271
2268	0.020576	0.0203264
2269	0.0205754	0.0203257
2270	0.0205747	0.020325
2271	0.020574	0.0203244
2272	0.0205734	0.0203236
2273	0.0205727	0.020323
2274	0.020572	0.0203223
2275	0.0205714	0.0203215
2276	0.0205707	0.0203209
2277	0.02057	0.0203202
2278	0.0205694	0.0203195
2279	0.0205686	0.0203188
2280	0.020568	0.0203181
2281	0.0205673	0.0203174
2282	0.0205667	0.0203168
2283	0.020566	0.0203161
2284	0.0205653	0.0203154
2285	0.0205646	0.0203147
2286	0.020564	0.020314
2287	0.0205634	0.0203133
2288	0.0205626	0.0203127
2289	0.020562	0.020312
2290	0.0205613	0.0203114
2291	0.0205606	0.0203107
2292	0.0205599	0.02031
2293	0.0205593	0.0203093
2294	0.0205586	0.0203086
2295	0.0205579	0.0203079
2296	0.0205572	0.0203072
2297	0.0205566	0.0203066
2298	0.020556	0.0203059
2299	0.0205553	0.0203052
2300	0.0205546	0.0203045
2301	0.0205539	0.0203039
2302	0.0205533	0.0203032
2303	0.0205526	0.0203025
2304	0.0205519	0.0203018
2305	0.0205513	0.0203012
2306	0.0205506	0.0203005
2307	0.0205499	0.0202998
2308	0.0205493	0.0202991
2309	0.0205486	0.0202985
2310	0.020548	0.0202978
2311	0.0205473	0.0202971
2312	0.0205467	0.0202964
2313	0.020546	0.0202957
2314	0.0205454	0.0202951
2315	0.0205447	0.0202944
2316	0.020544	0.0202937
2317	0.0205433	0.020293
2318	0.0205426	0.0202924
2319	0.020542	0.0202917
2320	0.0205414	0.020291
2321	0.0205407	0.0202904
2322	0.02054	0.0202897
2323	0.0205394	0.0202891
2324	0.0205387	0.0202884
2325	0.020538	0.0202877
2326	0.0205373	0.020287
2327	0.0205367	0.0202863
2328	0.020536	0.0202857
2329	0.0205354	0.020285
2330	0.0205348	0.0202843
2331	0.0205341	0.0202837
2332	0.0205333	0.020283
2333	0.0205328	0.0202823
2334	0.0205321	0.0202817
2335	0.0205314	0.020281
2336	0.0205308	0.0202803
2337	0.0205301	0.0202796
2338	0.0205295	0.020279
2339	0.0205288	0.0202783
2340	0.0205282	0.0202776
2341	0.0205276	0.020277
2342	0.0205269	0.0202763
2343	0.0205262	0.0202757
2344	0.0205254	0.020275
2345	0.0205249	0.0202743
2346	0.0205243	0.0202736
2347	0.0205236	0.020273
2348	0.0205229	0.0202723
2349	0.0205223	0.0202716
2350	0.0205217	0.0202709
2351	0.0205209	0.0202703
2352	0.0205203	0.0202696
2353	0.0205197	0.020269
2354	0.020519	0.0202683
2355	0.0205184	0.0202676
2356	0.0205177	0.020267
2357	0.0205171	0.0202663
2358	0.0205164	0.0202656
2359	0.0205158	0.020265
2360	0.0205151	0.0202643
2361	0.0205145	0.0202637
2362	0.0205138	0.020263
2363	0.0205132	0.0202623
2364	0.0205125	0.0202617
2365	0.0205119	0.020261
2366	0.0205112	0.0202603
2367	0.0205105	0.0202597
2368	0.0205099	0.020259
2369	0.0205093	0.0202584
2370	0.0205086	0.0202577
2371	0.020508	0.0202571
2372	0.0205073	0.0202564
2373	0.0205067	0.0202557
2374	0.020506	0.020255
2375	0.0205054	0.0202544
2376	0.0205047	0.0202537
2377	0.0205041	0.020253
2378	0.0205034	0.0202524
2379	0.0205028	0.0202518
2380	0.0205021	0.0202511
2381	0.0205015	0.0202505
2382	0.0205008	0.0202498
2383	0.0205001	0.0202491
2384	0.0204996	0.0202484
2385	0.0204989	0.0202478
2386	0.0204982	0.0202471
2387	0.0204976	0.0202464
2388	0.020497	0.0202458
2389	0.0204963	0.0202451
2390	0.0204956	0.0202445
2391	0.020495	0.0202438
2392	0.0204944	0.0202431
2393	0.0204938	0.0202425
2394	0.0204931	0.0202418
2395	0.0204925	0.0202413
2396	0.0204918	0.0202406
2397	0.0204911	0.0202399
2398	0.0204905	0.0202393
2399	0.0204898	0.0202386
2400	0.0204892	0.020238
2401	0.0204886	0.0202373
2402	0.0204881	0.0202367
2403	0.0204873	0.020236
2404	0.0204866	0.0202354
2405	0.0204861	0.0202347
2406	0.0204854	0.0202341
2407	0.0204848	0.0202334
2408	0.0204841	0.0202327
2409	0.0204835	0.0202321
2410	0.0204828	0.0202314
2411	0.0204822	0.0202308
2412	0.0204816	0.0202301
2413	0.0204809	0.0202295
2414	0.0204803	0.0202288
2415	0.0204795	0.0202282
2416	0.0204791	0.0202276
2417	0.0204784	0.0202269
2418	0.0204777	0.0202263
2419	0.0204771	0.0202256
2420	0.0204764	0.0202249
2421	0.0204758	0.0202243
2422	0.0204752	0.0202237
2423	0.0204745	0.020223
2424	0.020474	0.0202224
2425	0.0204733	0.0202217
2426	0.0204727	0.0202211
2427	0.020472	0.0202204
2428	0.0204714	0.0202198
2429	0.0204708	0.0202192
2430	0.0204701	0.0202185
2431	0.0204694	0.0202179
2432	0.0204688	0.0202172
2433	0.0204682	0.0202166
2434	0.0204675	0.020216
2435	0.0204669	0.0202153
2436	0.0204664	0.0202146
2437	0.0204656	0.020214
2438	0.020465	0.0202134
2439	0.0204644	0.0202127
2440	0.0204636	0.020212
2441	0.0204631	0.0202114
2442	0.0204625	0.0202107
2443	0.0204619	0.0202101
2444	0.0204612	0.0202095
2445	0.0204605	0.0202088
2446	0.0204599	0.0202082
2447	0.0204593	0.0202075
2448	0.0204587	0.0202069
2449	0.0204581	0.0202062
2450	0.0204574	0.0202055
2451	0.0204568	0.0202049
2452	0.0204562	0.0202043
2453	0.0204555	0.0202037
2454	0.0204549	0.0202031
2455	0.0204542	0.0202024
2456	0.0204536	0.0202017
2457	0.0204529	0.0202011
2458	0.0204524	0.0202005
2459	0.0204518	0.0201998
2460	0.0204511	0.0201992
2461	0.0204505	0.0201986
2462	0.0204499	0.020198
2463	0.0204492	0.0201973
2464	0.0204487	0.0201967
2465	0.020448	0.0201961
2466	0.0204473	0.0201954
2467	0.0204468	0.0201948
2468	0.0204462	0.0201941
2469	0.0204454	0.0201935
2470	0.0204448	0.0201928
2471	0.0204442	0.0201922
2472	0.0204436	0.0201916
2473	0.0204429	0.020191
2474	0.0204423	0.0201903
2475	0.0204418	0.0201897
2476	0.0204411	0.020189
2477	0.0204405	0.0201884
2478	0.0204398	0.0201877
2479	0.0204392	0.0201871
2480	0.0204386	0.0201864
2481	0.020438	0.0201858
2482	0.0204373	0.0201852
2483	0.0204367	0.0201846
2484	0.0204361	0.0201839
2485	0.0204356	0.0201833
2486	0.0204348	0.0201827
2487	0.0204342	0.020182
2488	0.0204336	0.0201814
2489	0.020433	0.0201808
2490	0.0204323	0.0201801
2491	0.0204317	0.0201795
2492	0.0204311	0.0201789
2493	0.0204305	0.0201782
2494	0.0204299	0.0201776
2495	0.0204292	0.020177
2496	0.0204286	0.0201764
2497	0.020428	0.0201758
2498	0.0204274	0.0201751
2499	0.0204268	0.0201745
2500	0.0204262	0.0201739
2501	0.0204255	0.0201732
2502	0.0204249	0.0201726
2503	0.0204243	0.020172
2504	0.0204237	0.0201714
2505	0.020423	0.0201707
2506	0.0204224	0.0201701
2507	0.0204218	0.0201695
2508	0.0204211	0.0201689
2509	0.0204206	0.0201683
2510	0.0204199	0.0201676
2511	0.0204193	0.020167
2512	0.0204187	0.0201663
2513	0.020418	0.0201657
2514	0.0204174	0.0201651
2515	0.0204168	0.0201645
2516	0.0204162	0.0201638
2517	0.0204156	0.0201632
2518	0.020415	0.0201625
2519	0.0204144	0.0201619
2520	0.0204137	0.0201613
2521	0.0204131	0.0201607
2522	0.0204126	0.02016
2523	0.0204119	0.0201594
2524	0.0204113	0.0201588
2525	0.0204107	0.0201582
2526	0.0204101	0.0201576
2527	0.0204095	0.020157
2528	0.0204089	0.0201563
2529	0.0204083	0.0201557
2530	0.0204077	0.020155
2531	0.020407	0.0201544
2532	0.0204064	0.0201538
2533	0.0204057	0.0201532
2534	0.0204051	0.0201526
2535	0.0204046	0.0201519
2536	0.0204039	0.0201513
2537	0.0204033	0.0201506
2538	0.0204027	0.02015
2539	0.0204021	0.0201494
2540	0.0204015	0.0201488
2541	0.0204009	0.0201482
2542	0.0204003	0.0201476
2543	0.0203996	0.0201469
2544	0.020399	0.0201463
2545	0.0203984	0.0201457
2546	0.0203978	0.0201451
2547	0.0203972	0.0201444
2548	0.0203966	0.0201438
2549	0.020396	0.0201432
2550	0.0203954	0.0201426
2551	0.0203947	0.020142
2552	0.0203942	0.0201413
2553	0.0203936	0.0201407
2554	0.0203929	0.0201401
2555	0.0203923	0.0201395
2556	0.0203917	0.0201389
2557	0.0203911	0.0201383
2558	0.0203905	0.0201377
2559	0.0203899	0.020137
2560	0.0203893	0.0201364
2561	0.0203887	0.0201358
2562	0.0203881	0.0201352
2563	0.0203875	0.0201346
2564	0.0203869	0.0201339
2565	0.0203863	0.0201333
2566	0.0203856	0.0201327
2567	0.020385	0.0201321
2568	0.0203845	0.0201315
2569	0.0203838	0.0201308
2570	0.0203832	0.0201302
2571	0.0203826	0.0201295
2572	0.020382	0.020129
2573	0.0203814	0.0201284
2574	0.0203808	0.0201277
2575	0.0203801	0.0201271
2576	0.0203796	0.0201265
2577	0.020379	0.0201259
2578	0.0203785	0.0201253
2579	0.0203778	0.0201246
2580	0.0203771	0.020124
2581	0.0203766	0.0201234
2582	0.0203759	0.0201228
2583	0.0203754	0.0201222
2584	0.0203748	0.0201216
2585	0.0203741	0.020121
2586	0.0203736	0.0201204
2587	0.0203729	0.0201198
2588	0.0203723	0.0201192
2589	0.0203717	0.0201186
2590	0.0203711	0.0201179
2591	0.0203705	0.0201173
2592	0.0203699	0.0201167
2593	0.0203693	0.0201161
2594	0.0203687	0.0201155
2595	0.0203682	0.0201149
2596	0.0203676	0.0201143
2597	0.0203668	0.0201137
2598	0.0203663	0.0201131
2599	0.0203658	0.0201124
2600	0.0203651	0.0201118
2601	0.0203645	0.0201112
2602	0.0203639	0.0201106
2603	0.0203633	0.02011
2604	0.0203627	0.0201094
2605	0.0203621	0.0201088
2606	0.0203615	0.0201082
2607	0.0203609	0.0201075
2608	0.0203603	0.0201069
2609	0.0203597	0.0201063
2610	0.0203591	0.0201057
2611	0.0203585	0.0201051
2612	0.0203579	0.0201044
2613	0.0203574	0.0201039
2614	0.0203567	0.0201033
2615	0.0203561	0.0201027
2616	0.0203556	0.0201021
2617	0.0203549	0.0201015
2618	0.0203543	0.0201009
2619	0.0203537	0.0201003
2620	0.0203531	0.0200997
2621	0.0203525	0.0200991
2622	0.0203519	0.0200985
2623	0.0203514	0.0200978
2624	0.0203507	0.0200973
2625	0.0203501	0.0200966
2626	0.0203496	0.0200961
2627	0.0203489	0.0200955
2628	0.0203483	0.0200949
2629	0.0203478	0.0200942
2630	0.0203471	0.0200936
2631	0.0203465	0.020093
2632	0.020346	0.0200924
2633	0.0203454	0.0200918
2634	0.0203448	0.0200912
2635	0.0203442	0.0200906
2636	0.0203436	0.02009
2637	0.020343	0.0200894
2638	0.0203424	0.0200888
2639	0.0203418	0.0200882
2640	0.0203412	0.0200876
2641	0.0203407	0.020087
2642	0.02034	0.0200865
2643	0.0203395	0.0200859
2644	0.0203389	0.0200852
2645	0.0203383	0.0200847
2646	0.0203377	0.020084
2647	0.0203371	0.0200834
2648	0.0203365	0.0200828
2649	0.0203359	0.0200822
2650	0.0203353	0.0200816
2651	0.0203347	0.020081
2652	0.0203342	0.0200804
2653	0.0203335	0.0200798
2654	0.0203329	0.0200792
2655	0.0203324	0.0200786
2656	0.0203318	0.020078
2657	0.0203312	0.0200774
2658	0.0203305	0.0200768
2659	0.02033	0.0200762
2660	0.0203294	0.0200756
2661	0.0203288	0.020075
2662	0.0203283	0.0200744
2663	0.0203276	0.0200738
2664	0.0203271	0.0200732
2665	0.0203265	0.0200726
2666	0.020326	0.020072
2667	0.0203253	0.0200714
2668	0.0203247	0.0200708
2669	0.0203241	0.0200703
2670	0.0203235	0.0200696
2671	0.0203229	0.0200691
2672	0.0203223	0.0200685
2673	0.0203218	0.0200679
2674	0.0203212	0.0200673
2675	0.0203206	0.0200667
2676	0.02032	0.0200661
2677	0.0203194	0.0200655
2678	0.0203188	0.0200649
2679	0.0203182	0.0200643
2680	0.0203176	0.0200637
2681	0.0203171	0.0200631
2682	0.0203165	0.0200626
2683	0.0203159	0.020062
2684	0.0203153	0.0200614
2685	0.0203147	0.0200608
2686	0.0203141	0.0200602
2687	0.0203136	0.0200596
2688	0.0203129	0.0200591
2689	0.0203124	0.0200585
2690	0.0203118	0.0200579
2691	0.0203112	0.0200573
2692	0.0203107	0.0200567
2693	0.02031	0.0200561
2694	0.0203094	0.0200555
2695	0.0203089	0.0200549
2696	0.0203083	0.0200543
2697	0.0203077	0.0200537
2698	0.0203072	0.0200531
2699	0.0203065	0.0200525
2700	0.0203058	0.0200519
2701	0.0203053	0.0200513
2702	0.0203048	0.0200507
2703	0.0203042	0.0200501
2704	0.0203036	0.0200495
2705	0.020303	0.020049
2706	0.0203024	0.0200484
2707	0.0203019	0.0200478
2708	0.0203012	0.0200472
2709	0.0203007	0.0200466
2710	0.0203001	0.0200461
2711	0.0202996	0.0200455
2712	0.020299	0.0200449
2713	0.0202985	0.0200443
2714	0.0202978	0.0200437
2715	0.0202973	0.0200431
2716	0.0202967	0.0200425
2717	0.0202961	0.0200419
2718	0.0202955	0.0200413
2719	0.0202949	0.0200407
2720	0.0202943	0.0200401
2721	0.0202937	0.0200395
2722	0.0202932	0.0200389
2723	0.0202925	0.0200384
2724	0.020292	0.0200378
2725	0.0202914	0.0200372
2726	0.0202908	0.0200366
2727	0.0202903	0.0200361
2728	0.0202897	0.0200355
2729	0.0202891	0.0200349
2730	0.0202885	0.0200343
2731	0.020288	0.0200337
2732	0.0202874	0.0200331
2733	0.0202868	0.0200325
2734	0.0202862	0.0200319
2735	0.0202857	0.0200313
2736	0.020285	0.0200308
2737	0.0202844	0.0200302
2738	0.0202839	0.0200296
2739	0.0202832	0.020029
2740	0.0202828	0.0200284
2741	0.0202822	0.0200279
2742	0.0202816	0.0200273
2743	0.020281	0.0200267
2744	0.0202804	0.0200261
2745	0.0202798	0.0200255
2746	0.0202794	0.0200249
2747	0.0202787	0.0200243
2748	0.0202782	0.0200238
2749	0.0202776	0.0200232
2750	0.0202771	0.0200226
2751	0.0202764	0.020022
2752	0.0202759	0.0200215
2753	0.0202753	0.0200209
2754	0.0202747	0.0200203
2755	0.0202742	0.0200196
2756	0.0202736	0.0200191
2757	0.020273	0.0200185
2758	0.0202723	0.020018
2759	0.0202719	0.0200174
2760	0.0202712	0.0200168
2761	0.0202707	0.0200162
2762	0.0202701	0.0200155
2763	0.0202696	0.020015
2764	0.020269	0.0200144
2765	0.0202684	0.0200138
2766	0.0202678	0.0200132
2767	0.0202673	0.0200127
2768	0.0202667	0.0200121
2769	0.0202661	0.0200115
2770	0.0202655	0.0200109
2771	0.020265	0.0200104
2772	0.0202644	0.0200098
2773	0.0202638	0.0200092
2774	0.0202632	0.0200087
2775	0.0202627	0.0200081
2776	0.0202621	0.0200075
2777	0.0202616	0.0200069
2778	0.0202611	0.0200064
2779	0.0202604	0.0200058
2780	0.0202599	0.0200052
2781	0.0202592	0.0200046
2782	0.0202587	0.0200041
2783	0.0202581	0.0200035
2784	0.0202575	0.0200029
2785	0.0202571	0.0200024
2786	0.0202564	0.0200018
2787	0.0202559	0.0200012
2788	0.0202553	0.0200006
2789	0.0202548	0.02
2790	0.0202541	0.0199995
2791	0.0202535	0.0199989
2792	0.020253	0.0199984
2793	0.0202524	0.0199978
2794	0.0202519	0.0199972
2795	0.0202513	0.0199966
2796	0.0202508	0.019996
2797	0.0202502	0.0199954
2798	0.0202496	0.0199949
2799	0.020249	0.0199943
2800	0.0202484	0.0199937
2801	0.0202479	0.0199931
2802	0.0202473	0.0199925
2803	0.0202468	0.019992
2804	0.0202463	0.0199914
2805	0.0202457	0.0199908
2806	0.0202451	0.0199902
2807	0.0202445	0.0199897
2808	0.020244	0.0199891
2809	0.0202434	0.0199885
2810	0.0202428	0.0199879
2811	0.0202423	0.0199874
2812	0.0202417	0.0199869
2813	0.0202411	0.0199863
2814	0.0202406	0.0199857
2815	0.02024	0.0199852
2816	0.0202394	0.0199846
2817	0.0202389	0.019984
2818	0.0202383	0.0199835
2819	0.0202378	0.0199829
2820	0.0202372	0.0199823
2821	0.0202367	0.0199817
2822	0.0202361	0.0199812
2823	0.0202355	0.0199806
2824	0.020235	0.0199801
2825	0.0202344	0.0199795
2826	0.0202338	0.0199789
2827	0.0202332	0.0199783
2828	0.0202327	0.0199778
2829	0.0202321	0.0199772
2830	0.0202315	0.0199766
2831	0.0202311	0.0199761
2832	0.0202304	0.0199755
2833	0.0202299	0.019975
2834	0.0202294	0.0199744
2835	0.0202288	0.0199738
2836	0.0202282	0.0199732
2837	0.0202277	0.0199727
2838	0.0202271	0.0199721
2839	0.0202265	0.0199715
2840	0.0202259	0.019971
2841	0.0202254	0.0199704
2842	0.0202248	0.0199698
2843	0.0202242	0.0199692
2844	0.0202237	0.0199686
2845	0.0202231	0.0199681
2846	0.0202226	0.0199675
2847	0.0202221	0.0199669
2848	0.0202215	0.0199664
2849	0.0202209	0.0199658
2850	0.0202203	0.0199652
2851	0.0202197	0.0199647
2852	0.0202192	0.0199641
2853	0.0202187	0.0199636
2854	0.0202181	0.019963
2855	0.0202175	0.0199624
2856	0.020217	0.0199618
2857	0.0202164	0.0199613
2858	0.0202159	0.0199607
2859	0.0202153	0.0199602
2860	0.0202147	0.0199596
2861	0.0202141	0.0199591
2862	0.0202136	0.0199585
2863	0.0202131	0.019958
2864	0.0202125	0.0199574
2865	0.0202119	0.0199569
2866	0.0202114	0.0199563
2867	0.0202109	0.0199557
2868	0.0202103	0.0199552
2869	0.0202097	0.0199546
2870	0.0202092	0.019954
2871	0.0202086	0.0199534
2872	0.0202081	0.0199529
2873	0.0202075	0.0199523
2874	0.0202069	0.0199517
2875	0.0202064	0.0199511
2876	0.0202058	0.0199506
2877	0.0202053	0.01995
2878	0.0202047	0.0199495
2879	0.0202041	0.0199489
2880	0.0202037	0.0199483
2881	0.020203	0.0199478
2882	0.0202025	0.0199473
2883	0.0202019	0.0199467
2884	0.0202014	0.0199462
2885	0.0202009	0.0199456
2886	0.0202003	0.0199451
2887	0.0201998	0.0199445
2888	0.0201992	0.0199439
2889	0.0201986	0.0199433
2890	0.0201981	0.0199427
2891	0.0201975	0.0199422
2892	0.020197	0.0199417
2893	0.0201965	0.0199411
2894	0.0201959	0.0199406
2895	0.0201953	0.0199401
2896	0.0201948	0.0199395
2897	0.0201942	0.0199389
2898	0.0201937	0.0199383
2899	0.0201931	0.0199378
2900	0.0201926	0.0199372
2901	0.020192	0.0199366
2902	0.0201914	0.0199361
2903	0.0201909	0.0199355
2904	0.0201903	0.019935
2905	0.0201898	0.0199344
2906	0.0201892	0.0199338
2907	0.0201887	0.0199333
2908	0.0201881	0.0199327
2909	0.0201876	0.0199322
2910	0.0201871	0.0199316
2911	0.0201865	0.019931
2912	0.020186	0.0199305
2913	0.0201854	0.0199299
2914	0.0201848	0.0199294
2915	0.0201843	0.0199288
2916	0.0201838	0.0199283
2917	0.0201832	0.0199277
2918	0.0201827	0.0199271
2919	0.0201821	0.0199266
2920	0.0201815	0.0199261
2921	0.0201809	0.0199255
2922	0.0201805	0.019925
2923	0.0201798	0.0199244
2924	0.0201794	0.0199238
2925	0.0201788	0.0199233
2926	0.0201782	0.0199227
2927	0.0201778	0.0199222
2928	0.0201772	0.0199216
2929	0.0201766	0.0199211
2930	0.0201761	0.0199205
2931	0.0201755	0.01992
2932	0.020175	0.0199194
2933	0.0201745	0.0199189
2934	0.0201738	0.0199183
2935	0.0201734	0.0199178
2936	0.0201728	0.0199172
2937	0.0201723	0.0199167
2938	0.0201718	0.0199161
2939	0.0201712	0.0199156
2940	0.0201706	0.019915
2941	0.0201702	0.0199145
2942	0.0201696	0.0199139
2943	0.020169	0.0199134
2944	0.0201685	0.0199128
2945	0.0201679	0.0199123
2946	0.0201673	0.0199117
2947	0.0201668	0.0199111
2948	0.0201663	0.0199106
2949	0.0201658	0.0199101
2950	0.0201652	0.0199095
2951	0.0201646	0.019909
2952	0.0201641	0.0199084
2953	0.0201635	0.0199079
2954	0.020163	0.0199073
2955	0.0201625	0.0199068
2956	0.0201619	0.0199062
2957	0.0201613	0.0199057
2958	0.0201608	0.0199051
2959	0.0201603	0.0199046
2960	0.0201597	0.0199041
2961	0.0201592	0.0199035
2962	0.0201586	0.019903
2963	0.0201581	0.0199024
2964	0.0201575	0.0199019
2965	0.020157	0.0199013
2966	0.0201565	0.0199008
2967	0.0201559	0.0199002
2968	0.0201554	0.0198997
2969	0.0201549	0.0198992
2970	0.0201543	0.0198986
2971	0.0201538	0.0198981
2972	0.0201532	0.0198975
2973	0.0201527	0.019897
2974	0.0201521	0.0198964
2975	0.0201516	0.0198958
2976	0.020151	0.0198953
2977	0.0201505	0.0198948
2978	0.0201499	0.0198942
2979	0.0201494	0.0198936
2980	0.0201489	0.0198931
2981	0.0201483	0.0198926
2982	0.0201479	0.019892
2983	0.0201473	0.0198914
2984	0.0201467	0.0198909
2985	0.0201462	0.0198904
2986	0.0201456	0.0198898
2987	0.0201451	0.0198893
2988	0.0201446	0.0198887
2989	0.020144	0.0198882
2990	0.0201434	0.0198876
2991	0.020143	0.0198871
2992	0.0201424	0.0198865
2993	0.0201418	0.019886
2994	0.0201413	0.0198855
2995	0.0201408	0.0198849
2996	0.0201402	0.0198844
2997	0.0201396	0.0198839
2998	0.0201392	0.0198833
2999	0.0201386	0.0198828
3000	0.0201381	0.0198822
3001	0.0201375	0.0198817
3002	0.020137	0.0198812
3003	0.0201365	0.0198806
3004	0.0201359	0.01988
3005	0.0201354	0.0198795
3006	0.0201348	0.019879
3007	0.0201343	0.0198785
3008	0.0201337	0.019878
3009	0.0201332	0.0198774
3010	0.0201327	0.0198769
3011	0.0201322	0.0198763
3012	0.0201316	0.0198758
3013	0.0201311	0.0198752
3014	0.0201306	0.0198747
3015	0.02013	0.0198742
3016	0.0201295	0.0198736
3017	0.020129	0.0198731
3018	0.0201284	0.0198725
3019	0.0201279	0.019872
3020	0.0201274	0.0198714
3021	0.0201268	0.0198709
3022	0.0201263	0.0198703
3023	0.0201257	0.0198698
3024	0.0201252	0.0198693
3025	0.0201247	0.0198687
3026	0.0201241	0.0198682
3027	0.0201236	0.0198677
3028	0.020123	0.0198671
3029	0.0201226	0.0198666
3030	0.020122	0.019866
3031	0.0201215	0.0198655
3032	0.0201209	0.019865
3033	0.0201204	0.0198644
3034	0.0201198	0.0198639
3035	0.0201193	0.0198633
3036	0.0201188	0.0198628
3037	0.0201182	0.0198622
3038	0.0201178	0.0198617
3039	0.0201171	0.0198612
3040	0.0201166	0.0198606
3041	0.0201161	0.0198601
3042	0.0201156	0.0198596
3043	0.0201151	0.0198591
3044	0.0201145	0.0198585
3045	0.020114	0.019858
3046	0.0201135	0.0198574
3047	0.020113	0.0198569
3048	0.0201124	0.0198563
3049	0.0201119	0.0198558
3050	0.0201112	0.0198553
3051	0.0201108	0.0198548
3052	0.0201103	0.0198542
3053	0.0201097	0.0198537
3054	0.0201091	0.0198532
3055	0.0201087	0.0198526
3056	0.0201081	0.0198521
3057	0.0201076	0.0198516
3058	0.020107	0.019851
3059	0.0201065	0.0198504
3060	0.020106	0.0198499
3061	0.0201055	0.0198494
3062	0.020105	0.0198489
3063	0.0201044	0.0198484
3064	0.0201039	0.0198478
3065	0.0201034	0.0198473
3066	0.0201028	0.0198467
3067	0.0201023	0.0198462
3068	0.0201018	0.0198456
3069	0.0201013	0.0198451
3070	0.0201007	0.0198445
3071	0.0201002	0.019844
3072	0.0200997	0.0198435
3073	0.0200992	0.019843
3074	0.0200986	0.0198425
3075	0.0200981	0.0198419
3076	0.0200976	0.0198414
3077	0.020097	0.0198408
3078	0.0200965	0.0198403
3079	0.020096	0.0198397
3080	0.0200954	0.0198392
3081	0.0200948	0.0198387
3082	0.0200944	0.0198381
3083	0.0200938	0.0198376
3084	0.0200933	0.0198371
3085	0.0200928	0.0198366
3086	0.0200922	0.019836
3087	0.0200917	0.0198355
3088	0.0200912	0.019835
3089	0.0200907	0.0198344
3090	0.0200901	0.019834
3091	0.0200895	0.0198334
3092	0.0200891	0.0198329
3093	0.0200886	0.0198323
3094	0.020088	0.0198318
3095	0.0200875	0.0198313
3096	0.020087	0.0198308
3097	0.0200864	0.0198302
3098	0.0200859	0.0198298
3099	0.0200854	0.0198292
3100	0.0200849	0.0198287
3101	0.0200843	0.0198282
3102	0.0200838	0.0198277
3103	0.0200834	0.0198271
3104	0.0200828	0.0198265
3105	0.0200822	0.019826
3106	0.0200817	0.0198255
3107	0.0200812	0.019825
3108	0.0200807	0.0198245
3109	0.0200802	0.0198239
3110	0.0200795	0.0198234
3111	0.0200792	0.0198229
3112	0.0200786	0.0198223
3113	0.020078	0.0198218
3114	0.0200776	0.0198213
3115	0.020077	0.0198207
3116	0.0200765	0.0198202
3117	0.020076	0.0198196
3118	0.0200755	0.0198191
3119	0.0200749	0.0198186
3120	0.0200743	0.0198181
3121	0.0200738	0.0198175
3122	0.0200734	0.019817
3123	0.0200728	0.0198165
3124	0.0200723	0.019816
3125	0.0200718	0.0198154
3126	0.0200712	0.019815
3127	0.0200707	0.0198144
3128	0.0200702	0.0198139
3129	0.0200697	0.0198134
3130	0.0200691	0.0198128
3131	0.0200687	0.0198123
3132	0.020068	0.0198118
3133	0.0200676	0.0198113
3134	0.0200672	0.0198108
3135	0.0200665	0.0198102
3136	0.020066	0.0198096
3137	0.0200655	0.0198091
3138	0.020065	0.0198086
3139	0.0200645	0.0198081
3140	0.0200639	0.0198076
3141	0.0200634	0.0198071
3142	0.0200628	0.0198065
3143	0.0200624	0.019806
3144	0.0200618	0.0198055
3145	0.0200614	0.019805
3146	0.0200608	0.0198044
3147	0.0200602	0.0198039
3148	0.0200597	0.0198034
3149	0.0200592	0.0198029
3150	0.0200587	0.0198024
3151	0.0200582	0.0198018
3152	0.0200576	0.0198013
3153	0.0200572	0.0198008
3154	0.0200567	0.0198003
3155	0.020056	0.0197998
3156	0.0200555	0.0197993
3157	0.0200551	0.0197987
3158	0.0200546	0.0197982
3159	0.020054	0.0197977
3160	0.0200535	0.0197971
3161	0.020053	0.0197966
3162	0.0200525	0.0197961
3163	0.020052	0.0197956
3164	0.0200515	0.0197951
3165	0.0200509	0.0197945
3166	0.0200504	0.019794
3167	0.0200499	0.0197935
3168	0.0200494	0.019793
3169	0.0200488	0.0197925
3170	0.0200483	0.0197919
3171	0.0200478	0.0197915
3172	0.0200473	0.0197909
3173	0.0200468	0.0197904
3174	0.0200463	0.0197898
3175	0.0200457	0.0197893
3176	0.0200452	0.0197888
3177	0.0200448	0.0197883
3178	0.0200441	0.0197877
3179	0.0200437	0.0197873
3180	0.0200431	0.0197868
3181	0.0200426	0.0197862
3182	0.0200422	0.0197857
3183	0.0200416	0.0197851
3184	0.0200411	0.0197846
3185	0.0200406	0.0197841
3186	0.02004	0.0197836
3187	0.0200396	0.0197831
3188	0.020039	0.0197826
3189	0.0200385	0.0197821
3190	0.0200379	0.0197816
3191	0.0200375	0.0197811
3192	0.020037	0.0197805
3193	0.0200365	0.01978
3194	0.0200359	0.0197795
3195	0.0200354	0.0197789
3196	0.0200349	0.0197784
3197	0.0200343	0.0197779
3198	0.0200338	0.0197773
3199	0.0200333	0.0197768
3200	0.0200329	0.0197763
3201	0.0200324	0.0197758
3202	0.0200318	0.0197753
3203	0.0200312	0.0197748
3204	0.0200307	0.0197743
3205	0.0200302	0.0197737
3206	0.0200297	0.0197732
3207	0.0200292	0.0197727
3208	0.0200287	0.0197722
3209	0.0200282	0.0197717
3210	0.0200277	0.0197712
3211	0.0200272	0.0197707
3212	0.0200267	0.0197701
3213	0.0200262	0.0197696
3214	0.0200256	0.0197691
3215	0.0200251	0.0197686
3216	0.0200246	0.0197681
3217	0.0200241	0.0197675
3218	0.0200235	0.019767
3219	0.020023	0.0197665
3220	0.0200226	0.019766
3221	0.020022	0.0197655
3222	0.0200216	0.019765
3223	0.020021	0.0197645
3224	0.0200205	0.0197639
3225	0.02002	0.0197634
3226	0.0200195	0.0197629
3227	0.020019	0.0197624
3228	0.0200184	0.0197619
3229	0.0200179	0.0197614
3230	0.0200174	0.0197608
3231	0.0200169	0.0197604
3232	0.0200164	0.0197599
3233	0.0200159	0.0197593
3234	0.0200154	0.0197589
3235	0.0200149	0.0197584
3236	0.0200144	0.0197578
3237	0.0200138	0.0197573
3238	0.0200133	0.0197568
3239	0.0200128	0.0197563
3240	0.0200124	0.0197558
3241	0.0200118	0.0197553
3242	0.0200112	0.0197548
3243	0.0200108	0.0197542
3244	0.0200103	0.0197537
3245	0.0200098	0.0197532
3246	0.0200093	0.0197527
3247	0.0200087	0.0197522
3248	0.0200082	0.0197517
3249	0.0200078	0.0197512
3250	0.0200072	0.0197507
3251	0.0200068	0.0197502
3252	0.0200062	0.0197496
3253	0.0200056	0.0197491
3254	0.0200052	0.0197486
3255	0.0200046	0.0197481
3256	0.0200042	0.0197475
3257	0.0200037	0.019747
3258	0.0200031	0.0197465
3259	0.0200026	0.019746
3260	0.0200021	0.0197455
3261	0.0200016	0.019745
3262	0.0200011	0.0197445
3263	0.0200007	0.0197439
3264	0.0200001	0.0197435
3265	0.0199996	0.0197429
