1	0.214172	0.194205
2	0.198119	0.18184
3	0.185261	0.171941
4	0.175004	0.163768
5	0.166576	0.156803
6	0.159421	0.150674
7	0.15315	0.145138
8	0.147498	0.140093
9	0.142359	0.135408
10	0.137595	0.131006
11	0.133128	0.126838
12	0.128904	0.122887
13	0.124907	0.11913
14	0.121108	0.115552
15	0.117492	0.112136
16	0.114043	0.108885
17	0.110763	0.10578
18	0.107632	0.102813
19	0.10464	0.0999726
20	0.101779	0.0972528
21	0.099039	0.0946491
22	0.0964164	0.0921526
23	0.0939036	0.0897584
24	0.0914933	0.0874605
25	0.0891813	0.0852541
26	0.0869615	0.0831347
27	0.0848301	0.0810983
28	0.0827822	0.0791416
29	0.080816	0.0772602
30	0.0789253	0.0754503
31	0.0771066	0.0737083
32	0.0753567	0.072031
33	0.0736727	0.0704166
34	0.0720511	0.0688611
35	0.0704899	0.0673628
36	0.068986	0.0659196
37	0.0675374	0.0645293
38	0.0661429	0.0631897
39	0.0647987	0.0618979
40	0.0635034	0.0606531
41	0.062255	0.0594526
42	0.061051	0.0582952
43	0.0598906	0.0571787
44	0.0587716	0.0561025
45	0.0576926	0.0550645
46	0.0566522	0.0540632
47	0.0556487	0.0530976
48	0.0546805	0.052166
49	0.0537471	0.0512674
50	0.052847	0.0504005
51	0.051978	0.0495643
52	0.0511401	0.0487577
53	0.0503314	0.047979
54	0.0495515	0.0472279
55	0.0487985	0.046503
56	0.048072	0.0458036
57	0.0473711	0.0451282
58	0.0466945	0.0444765
59	0.0460412	0.0438474
60	0.0454105	0.0432398
61	0.0448017	0.0426533
62	0.0442135	0.0420867
63	0.0436456	0.0415397
64	0.0430968	0.041011
65	0.042567	0.0405002
66	0.0420548	0.0400068
67	0.0415598	0.0395298
68	0.0410813	0.0390687
69	0.0406189	0.0386229
70	0.0401719	0.0381919
71	0.0397395	0.0377751
72	0.0393211	0.0373716
73	0.0389164	0.0369814
74	0.0385249	0.0366039
75	0.0381457	0.0362383
76	0.037779	0.0358845
77	0.0374238	0.0355419
78	0.0370797	0.0352099
79	0.0367464	0.0348885
80	0.0364235	0.034577
81	0.0361108	0.0342751
82	0.0358074	0.0339826
83	0.0355136	0.0336988
84	0.0352284	0.0334237
85	0.034952	0.0331569
86	0.0346836	0.0328981
87	0.0344237	0.0326466
88	0.034171	0.0324028
89	0.0339258	0.0321662
90	0.0336877	0.0319363
91	0.0334567	0.031713
92	0.033232	0.0314961
93	0.0330138	0.0312855
94	0.0328018	0.0310807
95	0.032596	0.0308817
96	0.0323957	0.0306882
97	0.0322009	0.0304998
98	0.0320115	0.0303168
99	0.0318272	0.0301387
100	0.0316476	0.0299655
101	0.0314733	0.029797
102	0.0313035	0.0296327
103	0.0311381	0.0294729
104	0.030977	0.0293172
105	0.0308202	0.0291656
106	0.0306675	0.0290178
107	0.0305186	0.0288741
108	0.0303735	0.0287337
109	0.030232	0.028597
110	0.0300942	0.0284636
111	0.0299598	0.0283337
112	0.0298287	0.0282069
113	0.0297008	0.0280833
114	0.029576	0.0279625
115	0.0294544	0.0278448
116	0.0293354	0.0277299
117	0.0292195	0.0276178
118	0.0291064	0.0275082
119	0.0289958	0.0274012
120	0.0288878	0.0272966
121	0.0287823	0.0271946
122	0.0286792	0.027095
123	0.0285786	0.0269975
124	0.02848	0.0269023
125	0.0283839	0.0268092
126	0.0282899	0.0267183
127	0.0281978	0.0266293
128	0.028108	0.0265422
129	0.0280199	0.026457
130	0.0279339	0.0263738
131	0.0278497	0.0262923
132	0.0277673	0.0262126
133	0.0276867	0.0261346
134	0.0276078	0.0260581
135	0.0275304	0.0259833
136	0.0274548	0.0259101
137	0.0273807	0.0258385
138	0.0273083	0.0257681
139	0.0272371	0.0256994
140	0.0271673	0.0256319
141	0.0270992	0.0255659
142	0.0270323	0.0255012
143	0.0269667	0.0254377
144	0.0269025	0.0253756
145	0.0268395	0.0253145
146	0.0267779	0.0252548
147	0.0267172	0.0251962
148	0.0266578	0.0251388
149	0.0265995	0.0250824
150	0.0265424	0.0250269
151	0.0264864	0.0249727
152	0.0264312	0.0249194
153	0.0263773	0.0248671
154	0.0263242	0.0248159
155	0.0262723	0.0247654
156	0.0262213	0.024716
157	0.026171	0.0246675
158	0.0261218	0.0246199
159	0.0260734	0.024573
160	0.026026	0.0245271
161	0.0259793	0.0244818
162	0.0259333	0.0244376
163	0.0258883	0.0243938
164	0.0258442	0.0243511
165	0.0258005	0.0243089
166	0.0257578	0.0242676
167	0.0257159	0.0242269
168	0.0256746	0.0241868
169	0.025634	0.0241475
170	0.0255939	0.0241089
171	0.0255546	0.0240708
172	0.0255159	0.0240333
173	0.025478	0.0239966
174	0.0254407	0.0239605
175	0.0254038	0.0239248
176	0.0253678	0.0238898
177	0.0253321	0.0238553
178	0.0252971	0.0238213
179	0.0252626	0.023788
180	0.0252286	0.0237551
181	0.0251951	0.0237228
182	0.0251623	0.0236908
183	0.0251299	0.0236595
184	0.025098	0.0236286
185	0.0250665	0.0235983
186	0.0250355	0.0235683
187	0.0250052	0.0235387
188	0.024975	0.0235097
189	0.0249455	0.023481
190	0.0249163	0.0234527
191	0.0248875	0.023425
192	0.0248594	0.0233975
193	0.0248314	0.0233706
194	0.0248039	0.023344
195	0.0247767	0.0233176
196	0.02475	0.0232918
197	0.0247237	0.0232664
198	0.0246977	0.0232411
199	0.024672	0.0232164
200	0.0246469	0.0231919
201	0.0246219	0.0231678
202	0.0245973	0.023144
203	0.0245731	0.0231206
204	0.0245492	0.0230973
205	0.0245255	0.0230745
206	0.0245023	0.0230519
207	0.0244793	0.0230297
208	0.0244566	0.0230078
209	0.0244342	0.0229861
210	0.0244122	0.0229648
211	0.0243904	0.0229437
212	0.0243689	0.0229228
213	0.0243476	0.0229023
214	0.0243266	0.0228818
215	0.0243059	0.0228617
216	0.0242855	0.0228419
217	0.0242652	0.0228225
218	0.0242453	0.0228031
219	0.0242255	0.022784
220	0.0242061	0.0227652
221	0.0241868	0.0227466
222	0.0241678	0.0227282
223	0.0241491	0.02271
224	0.0241306	0.022692
225	0.0241122	0.0226743
226	0.0240941	0.0226567
227	0.0240762	0.0226394
228	0.0240583	0.0226222
229	0.0240409	0.0226053
230	0.0240238	0.0225886
231	0.0240066	0.022572
232	0.0239898	0.0225556
233	0.0239729	0.0225395
234	0.0239565	0.0225235
235	0.0239402	0.0225076
236	0.023924	0.022492
237	0.0239078	0.0224764
238	0.0238922	0.022461
239	0.0238765	0.022446
240	0.0238611	0.0224309
241	0.0238457	0.0224161
242	0.0238306	0.0224015
243	0.0238156	0.0223869
244	0.0238008	0.0223726
245	0.0237861	0.0223583
246	0.0237716	0.0223444
247	0.0237571	0.0223303
248	0.0237428	0.0223165
249	0.0237288	0.0223029
250	0.0237149	0.0222894
251	0.0237011	0.022276
252	0.0236874	0.0222629
253	0.0236739	0.0222496
254	0.0236605	0.0222367
255	0.0236472	0.0222239
256	0.0236341	0.0222111
257	0.0236211	0.0221984
258	0.0236083	0.022186
259	0.0235955	0.0221736
260	0.0235828	0.0221613
261	0.0235704	0.0221493
262	0.0235578	0.0221373
263	0.0235455	0.0221253
264	0.0235335	0.0221135
265	0.0235214	0.0221018
266	0.0235094	0.0220903
267	0.0234976	0.0220787
268	0.0234859	0.0220674
269	0.0234742	0.0220562
270	0.0234627	0.022045
271	0.0234512	0.0220338
272	0.0234399	0.0220228
273	0.0234288	0.022012
274	0.0234176	0.0220012
275	0.0234066	0.0219905
276	0.0233956	0.0219798
277	0.0233848	0.0219694
278	0.0233739	0.021959
279	0.0233634	0.0219486
280	0.0233527	0.0219384
281	0.0233423	0.0219282
282	0.0233319	0.0219181
283	0.0233216	0.0219081
284	0.0233114	0.0218982
285	0.0233012	0.0218884
286	0.0232912	0.0218785
287	0.0232811	0.0218689
288	0.0232712	0.0218593
289	0.0232614	0.0218499
290	0.0232517	0.0218403
291	0.023242	0.0218309
292	0.0232324	0.0218216
293	0.0232229	0.0218125
294	0.0232134	0.0218033
295	0.023204	0.0217942
296	0.0231948	0.0217851
297	0.0231856	0.0217761
298	0.0231764	0.0217673
299	0.0231671	0.0217584
300	0.0231583	0.0217497
301	0.0231494	0.0217409
302	0.0231404	0.0217323
303	0.0231316	0.0217237
304	0.0231228	0.0217152
305	0.0231141	0.0217068
306	0.0231055	0.0216984
307	0.0230969	0.0216901
308	0.0230883	0.0216818
309	0.0230799	0.0216736
310	0.0230715	0.0216655
311	0.0230631	0.0216574
312	0.0230548	0.0216494
313	0.0230466	0.0216413
314	0.0230385	0.0216334
315	0.0230304	0.0216255
316	0.0230223	0.0216177
317	0.0230144	0.0216099
318	0.0230064	0.0216022
319	0.0229985	0.0215946
320	0.0229906	0.021587
321	0.0229829	0.0215795
322	0.022975	0.0215719
323	0.0229675	0.0215644
324	0.0229598	0.021557
325	0.0229521	0.0215496
326	0.0229446	0.0215423
327	0.0229371	0.0215351
328	0.0229297	0.0215278
329	0.0229222	0.0215206
330	0.0229149	0.0215135
331	0.0229076	0.0215064
332	0.0229003	0.0214993
333	0.0228931	0.0214924
334	0.0228859	0.0214854
335	0.0228788	0.0214784
336	0.0228717	0.0214716
337	0.0228647	0.0214648
338	0.0228577	0.021458
339	0.0228507	0.0214513
340	0.0228437	0.0214445
341	0.022837	0.0214377
342	0.02283	0.021431
343	0.0228233	0.0214245
344	0.0228165	0.021418
345	0.0228098	0.0214115
346	0.0228031	0.0214049
347	0.0227964	0.0213986
348	0.0227898	0.0213921
349	0.0227834	0.0213857
350	0.0227767	0.0213793
351	0.0227702	0.021373
352	0.0227639	0.0213667
353	0.0227573	0.0213606
354	0.022751	0.0213544
355	0.0227446	0.0213483
356	0.0227383	0.021342
357	0.022732	0.021336
358	0.0227258	0.0213299
359	0.0227196	0.0213239
360	0.0227134	0.0213179
361	0.0227072	0.0213119
362	0.0227011	0.0213059
363	0.022695	0.0213001
364	0.0226891	0.0212942
365	0.022683	0.0212883
366	0.0226771	0.0212826
367	0.0226711	0.0212768
368	0.0226651	0.021271
369	0.0226592	0.0212652
370	0.0226533	0.0212596
371	0.0226476	0.0212539
372	0.0226417	0.0212483
373	0.0226359	0.0212426
374	0.0226302	0.0212371
375	0.0226245	0.0212315
376	0.0226189	0.021226
377	0.0226132	0.0212206
378	0.0226074	0.0212151
379	0.0226018	0.0212096
380	0.0225963	0.0212042
381	0.0225908	0.0211987
382	0.0225852	0.0211934
383	0.0225796	0.021188
384	0.0225743	0.0211827
385	0.0225688	0.0211775
386	0.0225634	0.0211723
387	0.022558	0.021167
388	0.0225525	0.0211618
389	0.0225473	0.0211566
390	0.0225419	0.0211515
391	0.0225366	0.0211463
392	0.0225314	0.0211412
393	0.0225261	0.0211361
394	0.0225209	0.0211309
395	0.0225158	0.021126
396	0.0225105	0.0211209
397	0.0225054	0.0211159
398	0.0225002	0.021111
399	0.0224953	0.021106
400	0.0224902	0.0211011
401	0.0224851	0.0210962
402	0.02248	0.0210913
403	0.022475	0.0210865
404	0.02247	0.0210816
405	0.0224651	0.0210768
406	0.0224602	0.021072
407	0.0224551	0.0210673
408	0.0224503	0.0210625
409	0.0224455	0.0210577
410	0.0224405	0.021053
411	0.0224357	0.0210483
412	0.0224308	0.0210436
413	0.0224259	0.021039
414	0.0224213	0.0210344
415	0.0224165	0.0210297
416	0.0224117	0.0210252
417	0.0224072	0.0210205
418	0.0224024	0.021016
419	0.0223978	0.0210114
420	0.022393	0.0210069
421	0.0223884	0.0210024
422	0.0223838	0.020998
423	0.0223792	0.0209934
424	0.0223746	0.0209889
425	0.0223701	0.0209845
426	0.0223656	0.0209802
427	0.0223611	0.0209758
428	0.0223565	0.0209715
429	0.0223519	0.0209671
430	0.0223475	0.0209627
431	0.022343	0.0209584
432	0.0223386	0.0209541
433	0.0223342	0.0209499
434	0.0223298	0.0209456
435	0.0223254	0.0209412
436	0.022321	0.020937
437	0.0223167	0.0209328
438	0.0223123	0.0209287
439	0.022308	0.0209245
440	0.0223038	0.0209203
441	0.0222994	0.0209162
442	0.0222952	0.020912
443	0.0222909	0.0209079
444	0.0222866	0.0209037
445	0.0222824	0.0208997
446	0.0222782	0.0208956
447	0.0222741	0.0208915
448	0.0222699	0.0208875
449	0.0222656	0.0208834
450	0.0222616	0.0208794
451	0.0222574	0.0208755
452	0.0222533	0.0208714
453	0.0222492	0.0208675
454	0.0222452	0.0208635
455	0.0222411	0.0208596
456	0.022237	0.0208557
457	0.0222329	0.0208517
458	0.0222289	0.0208478
459	0.0222249	0.020844
460	0.022221	0.0208402
461	0.022217	0.0208361
462	0.0222131	0.0208323
463	0.0222091	0.0208285
464	0.0222051	0.0208248
465	0.0222012	0.020821
466	0.0221973	0.0208172
467	0.0221933	0.0208134
468	0.0221894	0.0208096
469	0.0221857	0.0208059
470	0.0221819	0.0208022
471	0.022178	0.0207985
472	0.0221742	0.0207947
473	0.0221703	0.020791
474	0.0221666	0.0207874
475	0.0221627	0.0207838
476	0.022159	0.0207799
477	0.0221552	0.0207763
478	0.0221515	0.0207727
479	0.0221477	0.0207691
480	0.022144	0.0207655
481	0.0221403	0.020762
482	0.0221366	0.0207584
483	0.0221329	0.0207548
484	0.0221292	0.0207513
485	0.0221255	0.0207477
486	0.0221219	0.0207441
487	0.0221182	0.0207406
488	0.0221147	0.0207371
489	0.022111	0.0207336
490	0.0221074	0.0207301
491	0.0221038	0.0207267
492	0.0221001	0.0207232
493	0.0220967	0.0207197
494	0.0220931	0.0207163
495	0.0220895	0.0207128
496	0.022086	0.0207094
497	0.0220826	0.020706
498	0.0220789	0.0207027
499	0.0220755	0.0206992
500	0.022072	0.0206958
501	0.0220685	0.0206925
502	0.0220651	0.0206892
503	0.0220616	0.0206859
504	0.0220581	0.0206824
505	0.0220546	0.0206792
506	0.0220513	0.0206759
507	0.0220479	0.0206726
508	0.0220445	0.0206693
509	0.022041	0.020666
510	0.0220377	0.0206627
511	0.0220343	0.0206595
512	0.022031	0.0206562
513	0.0220275	0.020653
514	0.0220242	0.0206497
515	0.0220209	0.0206464
516	0.0220176	0.0206433
517	0.0220143	0.0206401
518	0.022011	0.0206369
519	0.0220077	0.0206337
520	0.0220044	0.0206306
521	0.0220011	0.0206274
522	0.0219978	0.0206242
523	0.0219946	0.020621
524	0.0219914	0.0206179
525	0.0219881	0.0206148
526	0.0219849	0.0206117
527	0.0219817	0.0206086
528	0.0219785	0.0206055
529	0.0219753	0.0206024
530	0.021972	0.0205993
531	0.021969	0.0205962
532	0.0219657	0.0205932
533	0.0219626	0.0205901
534	0.0219594	0.0205871
535	0.0219562	0.020584
536	0.0219532	0.0205811
537	0.02195	0.020578
538	0.021947	0.020575
539	0.0219437	0.020572
540	0.0219407	0.020569
541	0.0219377	0.0205661
542	0.0219345	0.0205631
543	0.0219314	0.0205601
544	0.0219284	0.020557
545	0.0219253	0.0205542
546	0.0219223	0.0205513
547	0.0219192	0.0205483
548	0.0219162	0.0205454
549	0.0219132	0.0205425
550	0.0219102	0.0205395
551	0.0219073	0.0205366
552	0.0219042	0.0205338
553	0.0219012	0.0205308
554	0.0218983	0.020528
555	0.0218952	0.0205252
556	0.0218923	0.0205223
557	0.0218893	0.0205194
558	0.0218864	0.0205164
559	0.0218833	0.0205138
560	0.0218805	0.0205109
561	0.0218775	0.0205081
562	0.0218747	0.0205054
563	0.0218717	0.0205025
564	0.0218688	0.0204997
565	0.021866	0.0204969
566	0.021863	0.0204941
567	0.0218602	0.0204913
568	0.0218573	0.0204885
569	0.0218544	0.0204858
570	0.0218515	0.0204831
571	0.0218487	0.0204803
572	0.0218458	0.0204776
573	0.021843	0.0204749
574	0.0218402	0.0204721
575	0.0218373	0.0204693
576	0.0218346	0.0204666
577	0.0218317	0.0204639
578	0.0218289	0.0204612
579	0.0218261	0.0204585
580	0.0218233	0.0204559
581	0.0218205	0.0204531
582	0.0218177	0.0204505
583	0.021815	0.0204478
584	0.0218123	0.0204452
585	0.0218094	0.0204425
586	0.0218068	0.0204399
587	0.021804	0.0204372
588	0.0218013	0.0204346
589	0.0217986	0.020432
590	0.0217959	0.0204293
591	0.0217932	0.0204268
592	0.0217905	0.0204241
593	0.0217878	0.0204216
594	0.0217849	0.0204189
595	0.0217824	0.0204163
596	0.0217797	0.0204138
597	0.0217769	0.0204112
598	0.0217743	0.0204086
599	0.0217716	0.0204061
600	0.0217691	0.0204035
601	0.0217663	0.020401
602	0.0217638	0.0203984
603	0.0217611	0.0203959
604	0.0217584	0.0203934
605	0.0217559	0.0203908
606	0.0217532	0.0203883
607	0.0217507	0.0203858
608	0.0217481	0.0203833
609	0.0217455	0.0203807
610	0.0217428	0.0203782
611	0.0217403	0.0203757
612	0.0217377	0.0203733
613	0.0217351	0.0203708
614	0.0217325	0.0203683
615	0.0217299	0.0203659
616	0.0217273	0.0203634
617	0.0217248	0.0203609
618	0.0217223	0.0203584
619	0.0217197	0.020356
620	0.0217172	0.0203536
621	0.0217146	0.0203512
622	0.0217121	0.0203487
623	0.0217096	0.0203463
624	0.0217071	0.0203439
625	0.0217046	0.0203415
626	0.0217022	0.0203391
627	0.0216996	0.0203367
628	0.0216971	0.0203343
629	0.0216947	0.0203319
630	0.0216922	0.0203295
631	0.0216898	0.0203271
632	0.0216873	0.0203247
633	0.0216847	0.0203224
634	0.0216823	0.0203201
635	0.0216798	0.0203177
636	0.0216774	0.0203153
637	0.021675	0.020313
638	0.0216725	0.0203105
639	0.0216701	0.0203083
640	0.0216676	0.0203058
641	0.0216652	0.0203035
642	0.0216628	0.0203012
643	0.0216605	0.0202989
644	0.0216581	0.0202966
645	0.0216556	0.0202943
646	0.0216532	0.020292
647	0.0216508	0.0202897
648	0.0216484	0.0202875
649	0.0216461	0.0202852
650	0.0216437	0.0202829
651	0.0216413	0.0202806
652	0.0216389	0.0202784
653	0.0216365	0.0202761
654	0.0216342	0.0202738
655	0.0216319	0.0202715
656	0.0216296	0.0202692
657	0.0216272	0.020267
658	0.0216248	0.0202648
659	0.0216224	0.0202625
660	0.0216201	0.0202603
661	0.0216177	0.0202581
662	0.0216155	0.0202558
663	0.0216131	0.0202535
664	0.0216109	0.0202514
665	0.0216086	0.0202491
666	0.0216063	0.0202469
667	0.021604	0.0202447
668	0.0216016	0.0202425
669	0.0215994	0.0202403
670	0.0215971	0.0202382
671	0.0215948	0.0202359
672	0.0215925	0.0202337
673	0.0215902	0.0202316
674	0.021588	0.0202294
675	0.0215857	0.0202272
676	0.0215835	0.0202251
677	0.0215813	0.0202229
678	0.021579	0.0202207
679	0.0215768	0.0202185
680	0.0215745	0.0202165
681	0.0215723	0.0202143
682	0.0215701	0.0202121
683	0.0215678	0.0202099
684	0.0215656	0.0202078
685	0.0215634	0.0202057
686	0.0215613	0.0202036
687	0.0215589	0.0202014
688	0.0215568	0.0201992
689	0.0215545	0.0201972
690	0.0215523	0.0201951
691	0.0215502	0.020193
692	0.0215479	0.0201909
693	0.0215458	0.0201888
694	0.0215435	0.0201866
695	0.0215415	0.0201846
696	0.0215392	0.0201825
697	0.0215371	0.0201804
698	0.0215349	0.0201784
699	0.0215328	0.0201762
700	0.0215305	0.0201742
701	0.0215284	0.0201721
702	0.0215263	0.0201701
703	0.0215242	0.020168
704	0.021522	0.020166
705	0.0215198	0.0201639
706	0.0215177	0.0201619
707	0.0215156	0.0201598
708	0.0215135	0.0201577
709	0.0215113	0.0201557
710	0.0215092	0.0201537
711	0.0215072	0.0201516
712	0.0215051	0.0201496
713	0.0215028	0.0201476
714	0.0215007	0.0201456
715	0.0214987	0.0201436
716	0.0214966	0.0201416
717	0.0214945	0.0201396
718	0.0214924	0.0201375
719	0.0214903	0.0201355
720	0.0214882	0.0201335
721	0.0214861	0.0201315
722	0.0214841	0.0201295
723	0.0214819	0.0201275
724	0.0214799	0.0201255
725	0.0214779	0.0201235
726	0.0214758	0.0201216
727	0.0214737	0.0201196
728	0.0214717	0.0201177
729	0.0214697	0.0201157
730	0.0214675	0.0201137
731	0.0214655	0.0201117
732	0.0214635	0.0201097
733	0.0214616	0.0201078
734	0.0214594	0.0201059
735	0.0214574	0.0201039
736	0.0214554	0.020102
737	0.0214533	0.0201001
738	0.0214513	0.0200981
739	0.0214494	0.0200962
740	0.0214473	0.0200943
741	0.0214454	0.0200924
742	0.0214432	0.0200904
743	0.0214413	0.0200884
744	0.0214392	0.0200865
745	0.0214373	0.0200845
746	0.0214353	0.0200826
747	0.0214333	0.0200807
748	0.0214313	0.0200789
749	0.0214293	0.0200769
750	0.0214274	0.0200751
751	0.0214254	0.0200732
752	0.0214234	0.0200713
753	0.0214214	0.0200694
754	0.0214195	0.0200674
755	0.0214175	0.0200655
756	0.0214155	0.0200637
757	0.0214135	0.0200618
758	0.0214116	0.02006
759	0.0214097	0.0200581
760	0.0214077	0.0200562
761	0.0214058	0.0200543
762	0.0214038	0.0200524
763	0.021402	0.0200506
764	0.0213999	0.0200488
765	0.021398	0.0200468
766	0.0213961	0.020045
767	0.0213941	0.0200432
768	0.0213923	0.0200413
769	0.0213904	0.0200395
770	0.0213884	0.0200376
771	0.0213865	0.0200359
772	0.0213846	0.020034
773	0.0213827	0.0200322
774	0.0213807	0.0200303
775	0.0213788	0.0200285
776	0.0213769	0.0200266
777	0.021375	0.0200248
778	0.0213732	0.020023
779	0.0213712	0.0200212
780	0.0213693	0.0200194
781	0.0213675	0.0200176
782	0.0213656	0.0200158
783	0.0213637	0.020014
784	0.0213619	0.0200122
785	0.0213599	0.0200104
786	0.0213581	0.0200086
787	0.0213563	0.0200068
788	0.0213544	0.020005
789	0.0213525	0.0200032
790	0.0213506	0.0200014
791	0.0213488	0.0199997
792	0.0213469	0.0199979
793	0.021345	0.0199961
794	0.0213432	0.0199943
795	0.0213414	0.0199925
796	0.0213395	0.0199908
797	0.0213377	0.019989
798	0.0213358	0.0199872
799	0.021334	0.0199855
800	0.0213321	0.0199837
801	0.0213302	0.0199819
802	0.0213285	0.0199801
803	0.0213267	0.0199784
804	0.0213248	0.0199767
805	0.021323	0.0199749
806	0.0213212	0.0199731
807	0.0213193	0.0199714
808	0.0213175	0.0199696
809	0.0213157	0.0199679
810	0.0213139	0.0199662
811	0.021312	0.0199645
812	0.0213103	0.0199627
813	0.0213084	0.0199609
814	0.0213067	0.0199593
815	0.0213049	0.0199576
816	0.0213031	0.0199558
817	0.0213012	0.0199541
818	0.0212995	0.0199524
819	0.0212977	0.0199507
820	0.021296	0.0199489
821	0.0212942	0.0199472
822	0.0212924	0.0199455
823	0.0212907	0.0199438
824	0.0212889	0.0199421
825	0.0212871	0.0199404
826	0.0212854	0.0199387
827	0.0212836	0.019937
828	0.0212818	0.0199353
829	0.0212801	0.0199336
830	0.0212782	0.0199319
831	0.0212765	0.0199303
832	0.0212748	0.0199286
833	0.021273	0.0199269
834	0.0212712	0.0199252
835	0.0212695	0.0199236
836	0.0212678	0.0199219
837	0.021266	0.0199202
838	0.0212643	0.0199185
839	0.0212626	0.0199168
840	0.0212608	0.0199151
841	0.0212591	0.0199135
842	0.0212574	0.0199118
843	0.0212557	0.0199102
844	0.0212539	0.0199085
845	0.0212522	0.0199069
846	0.0212505	0.0199052
847	0.0212488	0.0199035
848	0.021247	0.0199019
849	0.0212453	0.0199003
850	0.0212437	0.0198987
851	0.0212419	0.0198971
852	0.0212402	0.0198954
853	0.0212385	0.0198938
854	0.0212367	0.0198922
855	0.021235	0.0198906
856	0.0212334	0.0198889
857	0.0212316	0.0198873
858	0.02123	0.0198857
859	0.0212282	0.019884
860	0.0212266	0.0198824
861	0.0212249	0.0198808
862	0.0212233	0.0198791
863	0.0212215	0.0198775
864	0.0212198	0.0198759
865	0.0212182	0.0198743
866	0.0212165	0.0198726
867	0.0212148	0.0198711
868	0.0212131	0.0198695
869	0.0212115	0.0198679
870	0.0212098	0.0198663
871	0.0212082	0.0198647
872	0.0212064	0.0198631
873	0.0212048	0.0198614
874	0.0212031	0.0198599
875	0.0212014	0.0198583
876	0.0211998	0.0198567
877	0.0211982	0.0198551
878	0.0211966	0.0198535
879	0.0211948	0.019852
880	0.0211932	0.0198504
881	0.0211915	0.0198488
882	0.02119	0.0198472
883	0.0211883	0.0198456
884	0.0211866	0.019844
885	0.021185	0.0198425
886	0.0211834	0.0198409
887	0.0211818	0.0198393
888	0.0211802	0.0198378
889	0.0211785	0.0198362
890	0.0211769	0.0198346
891	0.0211753	0.019833
892	0.0211736	0.0198315
893	0.021172	0.01983
894	0.0211704	0.0198284
895	0.0211688	0.0198269
896	0.0211672	0.0198254
897	0.0211656	0.0198238
898	0.0211639	0.0198223
899	0.0211623	0.0198207
900	0.0211607	0.0198191
901	0.0211591	0.0198177
902	0.0211575	0.0198161
903	0.0211559	0.0198145
904	0.0211543	0.019813
905	0.0211527	0.0198115
906	0.021151	0.0198099
907	0.0211495	0.0198084
908	0.0211479	0.0198068
909	0.0211463	0.0198053
910	0.0211447	0.0198038
911	0.0211432	0.0198023
912	0.0211416	0.0198008
913	0.02114	0.0197992
914	0.0211384	0.0197977
915	0.0211368	0.0197963
916	0.0211352	0.0197946
917	0.0211337	0.0197931
918	0.0211321	0.0197917
919	0.0211306	0.0197902
920	0.021129	0.0197887
921	0.0211274	0.0197871
922	0.0211258	0.0197856
923	0.0211243	0.0197842
924	0.0211227	0.0197827
925	0.0211211	0.0197811
926	0.0211196	0.0197797
927	0.021118	0.0197782
928	0.0211165	0.0197767
929	0.0211149	0.0197752
930	0.0211134	0.0197737
931	0.0211118	0.0197722
932	0.0211103	0.0197707
933	0.0211088	0.0197692
934	0.0211072	0.0197677
935	0.0211057	0.0197663
936	0.0211041	0.0197648
937	0.0211025	0.0197633
938	0.0211009	0.0197618
939	0.0210994	0.0197603
940	0.0210979	0.0197588
941	0.0210964	0.0197574
942	0.0210949	0.0197559
943	0.0210933	0.0197545
944	0.0210917	0.019753
945	0.0210903	0.0197515
946	0.0210888	0.0197501
947	0.0210872	0.0197487
948	0.0210858	0.0197472
949	0.0210842	0.0197457
950	0.0210827	0.0197443
951	0.0210812	0.0197428
952	0.0210797	0.0197414
953	0.0210781	0.0197399
954	0.0210767	0.0197385
955	0.0210752	0.019737
956	0.0210737	0.0197356
957	0.0210721	0.0197342
958	0.0210707	0.0197327
959	0.0210692	0.0197313
960	0.0210676	0.0197298
961	0.0210661	0.0197284
962	0.0210647	0.0197269
963	0.0210632	0.0197255
964	0.0210617	0.0197241
965	0.0210602	0.0197226
966	0.0210587	0.0197212
967	0.0210572	0.0197197
968	0.0210558	0.0197183
969	0.0210542	0.019717
970	0.0210528	0.0197156
971	0.0210513	0.0197142
972	0.0210498	0.0197127
973	0.0210483	0.0197112
974	0.0210469	0.0197099
975	0.0210454	0.0197084
976	0.0210439	0.019707
977	0.0210425	0.0197056
978	0.021041	0.0197041
979	0.0210395	0.0197028
980	0.0210381	0.0197014
981	0.0210366	0.0196999
982	0.0210351	0.0196986
983	0.0210337	0.0196972
984	0.0210322	0.0196958
985	0.0210307	0.0196944
986	0.0210293	0.019693
987	0.0210278	0.0196916
988	0.0210264	0.0196902
989	0.021025	0.0196888
990	0.0210235	0.0196874
991	0.021022	0.019686
992	0.0210206	0.0196847
993	0.0210191	0.0196832
994	0.0210177	0.0196818
995	0.0210163	0.0196804
996	0.0210148	0.019679
997	0.0210134	0.0196777
998	0.021012	0.0196763
999	0.0210105	0.0196749
1000	0.0210091	0.0196735
1001	0.0210076	0.0196721
1002	0.0210062	0.0196708
1003	0.0210048	0.0196695
1004	0.0210034	0.019668
1005	0.021002	0.0196667
1006	0.0210005	0.0196653
1007	0.0209991	0.0196639
1008	0.0209976	0.0196626
1009	0.0209962	0.0196611
1010	0.0209948	0.0196599
1011	0.0209934	0.0196585
1012	0.020992	0.0196572
1013	0.0209906	0.0196558
1014	0.0209892	0.0196544
1015	0.0209878	0.019653
1016	0.0209864	0.0196517
1017	0.020985	0.0196503
1018	0.0209836	0.019649
1019	0.0209822	0.0196477
1020	0.0209808	0.0196463
1021	0.0209794	0.019645
1022	0.020978	0.0196437
1023	0.0209766	0.0196423
1024	0.0209752	0.019641
1025	0.0209737	0.0196396
1026	0.0209723	0.0196383
1027	0.020971	0.019637
1028	0.0209696	0.0196356
1029	0.0209682	0.0196343
1030	0.0209668	0.0196329
1031	0.0209654	0.0196316
1032	0.020964	0.0196303
1033	0.0209627	0.0196289
1034	0.0209612	0.0196276
1035	0.0209599	0.0196263
1036	0.0209586	0.019625
1037	0.0209572	0.0196237
1038	0.0209557	0.0196223
1039	0.0209544	0.019621
1040	0.020953	0.0196197
1041	0.0209517	0.0196184
1042	0.0209503	0.019617
1043	0.0209489	0.0196156
1044	0.0209476	0.0196143
1045	0.0209462	0.019613
1046	0.0209449	0.0196117
1047	0.0209435	0.0196105
1048	0.0209421	0.0196091
1049	0.0209408	0.0196078
1050	0.0209394	0.0196065
1051	0.0209381	0.0196052
1052	0.0209367	0.0196039
1053	0.0209353	0.0196026
1054	0.020934	0.0196012
1055	0.0209327	0.0195999
1056	0.0209311	0.0195986
1057	0.0209299	0.0195974
1058	0.0209285	0.0195961
1059	0.0209272	0.0195948
1060	0.0209259	0.0195935
1061	0.0209246	0.0195922
1062	0.0209232	0.019591
1063	0.0209219	0.0195897
1064	0.0209206	0.0195884
1065	0.0209192	0.0195871
1066	0.0209179	0.0195858
1067	0.0209165	0.0195846
1068	0.0209152	0.0195833
1069	0.0209138	0.019582
1070	0.0209124	0.0195807
1071	0.0209112	0.0195794
1072	0.0209098	0.0195781
1073	0.0209084	0.0195768
1074	0.0209072	0.0195756
1075	0.0209058	0.0195742
1076	0.0209044	0.019573
1077	0.0209031	0.0195717
1078	0.0209018	0.0195705
1079	0.0209005	0.0195693
1080	0.0208992	0.019568
1081	0.0208979	0.0195667
1082	0.0208966	0.0195654
1083	0.0208952	0.0195642
1084	0.020894	0.0195629
1085	0.0208926	0.0195616
1086	0.0208914	0.0195604
1087	0.0208901	0.0195591
1088	0.0208887	0.0195578
1089	0.0208874	0.0195566
1090	0.0208861	0.0195553
1091	0.0208847	0.019554
1092	0.0208834	0.0195528
1093	0.0208822	0.0195516
1094	0.0208808	0.0195503
1095	0.0208795	0.019549
1096	0.0208783	0.0195478
1097	0.020877	0.0195466
1098	0.0208756	0.0195453
1099	0.0208744	0.0195441
1100	0.0208732	0.0195429
1101	0.0208718	0.0195416
1102	0.0208705	0.0195404
1103	0.0208693	0.0195391
1104	0.020868	0.0195379
1105	0.0208667	0.0195366
1106	0.0208655	0.0195354
1107	0.0208641	0.0195342
1108	0.0208629	0.0195329
1109	0.0208615	0.0195317
1110	0.0208603	0.0195305
1111	0.020859	0.0195292
1112	0.0208577	0.019528
1113	0.0208565	0.0195268
1114	0.0208551	0.0195256
1115	0.0208539	0.0195243
1116	0.0208527	0.0195231
1117	0.0208513	0.0195219
1118	0.0208501	0.0195207
1119	0.0208488	0.0195195
1120	0.0208475	0.0195183
1121	0.0208463	0.0195171
1122	0.020845	0.0195159
1123	0.0208437	0.0195147
1124	0.0208425	0.0195134
1125	0.0208412	0.0195122
1126	0.02084	0.0195109
1127	0.0208387	0.0195097
1128	0.0208374	0.0195086
1129	0.0208361	0.0195074
1130	0.0208349	0.0195061
1131	0.0208336	0.0195049
1132	0.0208323	0.0195037
1133	0.0208311	0.0195025
1134	0.02083	0.0195013
1135	0.0208286	0.0195001
1136	0.0208274	0.0194989
1137	0.0208261	0.0194977
1138	0.0208249	0.0194965
1139	0.0208237	0.0194953
1140	0.0208224	0.0194941
1141	0.0208212	0.0194929
1142	0.0208199	0.0194917
1143	0.0208187	0.0194905
1144	0.0208174	0.0194893
1145	0.0208162	0.0194881
1146	0.020815	0.0194869
1147	0.0208138	0.0194857
1148	0.0208125	0.0194846
1149	0.0208113	0.0194834
1150	0.0208101	0.0194822
1151	0.0208089	0.019481
1152	0.0208077	0.0194798
1153	0.0208065	0.0194786
1154	0.0208052	0.0194775
1155	0.0208039	0.0194763
1156	0.0208028	0.0194751
1157	0.0208015	0.019474
1158	0.0208003	0.0194729
1159	0.020799	0.0194717
1160	0.0207978	0.0194705
1161	0.0207966	0.0194693
1162	0.0207953	0.0194681
1163	0.0207942	0.019467
1164	0.0207929	0.0194658
1165	0.0207917	0.0194647
1166	0.0207905	0.0194635
1167	0.0207893	0.0194623
1168	0.020788	0.0194612
1169	0.0207869	0.01946
1170	0.0207857	0.0194588
1171	0.0207844	0.0194576
1172	0.0207833	0.0194565
1173	0.0207821	0.0194553
1174	0.0207809	0.0194541
1175	0.0207796	0.019453
1176	0.0207785	0.0194519
1177	0.0207772	0.0194507
1178	0.020776	0.0194495
1179	0.0207748	0.0194484
1180	0.0207737	0.0194472
1181	0.0207725	0.019446
1182	0.0207712	0.0194449
1183	0.0207701	0.0194438
1184	0.0207688	0.0194427
1185	0.0207676	0.0194415
1186	0.0207664	0.0194403
1187	0.0207652	0.0194391
1188	0.0207641	0.019438
1189	0.0207629	0.0194369
1190	0.0207617	0.0194357
1191	0.0207606	0.0194346
1192	0.0207594	0.0194334
1193	0.0207582	0.0194323
1194	0.020757	0.0194311
1195	0.0207558	0.01943
1196	0.0207546	0.0194288
1197	0.0207534	0.0194277
1198	0.0207523	0.0194266
1199	0.0207511	0.0194255
1200	0.0207499	0.0194243
1201	0.0207487	0.0194232
1202	0.0207475	0.0194221
1203	0.0207464	0.0194209
1204	0.0207452	0.0194198
1205	0.0207441	0.0194187
1206	0.020743	0.0194176
1207	0.0207417	0.0194164
1208	0.0207405	0.0194153
1209	0.0207394	0.0194142
1210	0.0207382	0.0194131
1211	0.020737	0.019412
1212	0.0207358	0.0194109
1213	0.0207347	0.0194097
1214	0.0207336	0.0194086
1215	0.0207324	0.0194075
1216	0.0207313	0.0194064
1217	0.0207301	0.0194052
1218	0.020729	0.0194041
1219	0.0207278	0.019403
1220	0.0207267	0.0194019
1221	0.0207255	0.0194008
1222	0.0207244	0.0193997
1223	0.0207232	0.0193986
1224	0.0207221	0.0193974
1225	0.0207209	0.0193964
1226	0.0207198	0.0193953
1227	0.0207186	0.0193942
1228	0.0207175	0.0193931
1229	0.0207164	0.0193919
1230	0.0207152	0.0193908
1231	0.0207141	0.0193897
1232	0.0207129	0.0193886
1233	0.0207118	0.0193875
1234	0.0207106	0.0193864
1235	0.0207094	0.0193853
1236	0.0207083	0.0193843
1237	0.0207072	0.0193832
1238	0.020706	0.0193821
1239	0.0207049	0.019381
1240	0.0207039	0.0193799
1241	0.0207027	0.0193788
1242	0.0207015	0.0193777
1243	0.0207004	0.0193766
1244	0.0206992	0.0193756
1245	0.0206981	0.0193744
1246	0.0206969	0.0193734
1247	0.0206959	0.0193723
1248	0.0206947	0.0193712
1249	0.0206936	0.0193701
1250	0.0206925	0.0193691
1251	0.0206914	0.019368
1252	0.0206903	0.0193669
1253	0.0206891	0.0193658
1254	0.020688	0.0193647
1255	0.0206869	0.0193636
1256	0.0206858	0.0193625
1257	0.0206847	0.0193614
1258	0.0206836	0.0193604
1259	0.0206824	0.0193593
1260	0.0206813	0.0193583
1261	0.0206802	0.0193572
1262	0.0206791	0.0193561
1263	0.020678	0.019355
1264	0.0206768	0.019354
1265	0.0206758	0.0193529
1266	0.0206747	0.0193518
1267	0.0206736	0.0193507
1268	0.0206724	0.0193497
1269	0.0206713	0.0193486
1270	0.0206702	0.0193475
1271	0.0206691	0.0193464
1272	0.020668	0.0193454
1273	0.0206669	0.0193443
1274	0.0206658	0.0193433
1275	0.0206647	0.0193422
1276	0.0206636	0.0193412
1277	0.0206625	0.0193401
1278	0.0206614	0.0193391
1279	0.0206604	0.019338
1280	0.0206593	0.019337
1281	0.0206582	0.0193359
1282	0.0206571	0.0193349
1283	0.020656	0.0193338
1284	0.0206548	0.0193328
1285	0.0206537	0.0193318
1286	0.0206527	0.0193307
1287	0.0206516	0.0193296
1288	0.0206505	0.0193286
1289	0.0206495	0.0193275
1290	0.0206483	0.0193264
1291	0.0206473	0.0193255
1292	0.0206462	0.0193244
1293	0.0206451	0.0193234
1294	0.020644	0.0193223
1295	0.0206429	0.0193213
1296	0.0206419	0.0193203
1297	0.0206408	0.0193192
1298	0.0206397	0.0193182
1299	0.0206386	0.0193172
1300	0.0206376	0.0193161
1301	0.0206365	0.0193151
1302	0.0206354	0.019314
1303	0.0206343	0.019313
1304	0.0206333	0.019312
1305	0.0206322	0.019311
1306	0.020631	0.0193099
1307	0.02063	0.0193089
1308	0.0206289	0.0193079
1309	0.0206279	0.0193069
1310	0.0206268	0.0193058
1311	0.0206257	0.0193048
1312	0.0206247	0.0193038
1313	0.0206237	0.0193028
1314	0.0206226	0.0193017
1315	0.0206215	0.0193007
1316	0.0206204	0.0192998
1317	0.0206194	0.0192987
1318	0.0206183	0.0192976
1319	0.0206173	0.0192966
1320	0.0206163	0.0192956
1321	0.0206152	0.0192946
1322	0.0206142	0.0192936
1323	0.0206131	0.0192925
1324	0.020612	0.0192915
1325	0.020611	0.0192904
1326	0.0206099	0.0192894
1327	0.0206088	0.0192884
1328	0.0206078	0.0192874
1329	0.0206067	0.0192864
1330	0.0206056	0.0192854
1331	0.0206046	0.0192845
1332	0.0206035	0.0192835
1333	0.0206025	0.0192824
1334	0.0206014	0.0192815
1335	0.0206005	0.0192804
1336	0.0205994	0.0192794
1337	0.0205984	0.0192784
1338	0.0205973	0.0192774
1339	0.0205963	0.0192764
1340	0.0205952	0.0192754
1341	0.0205942	0.0192744
1342	0.0205931	0.0192734
1343	0.0205921	0.0192724
1344	0.020591	0.0192714
1345	0.0205901	0.0192704
1346	0.0205891	0.0192694
1347	0.0205879	0.0192684
1348	0.020587	0.0192674
1349	0.0205859	0.0192664
1350	0.0205849	0.0192654
1351	0.0205839	0.0192644
1352	0.0205829	0.0192635
1353	0.0205818	0.0192625
1354	0.0205808	0.0192615
1355	0.0205798	0.0192605
1356	0.0205787	0.0192595
1357	0.0205777	0.0192585
1358	0.0205767	0.0192576
1359	0.0205757	0.0192566
1360	0.0205746	0.0192556
1361	0.0205736	0.0192546
1362	0.0205726	0.0192536
1363	0.0205716	0.0192526
1364	0.0205706	0.0192516
1365	0.0205696	0.0192506
1366	0.0205686	0.0192497
1367	0.0205674	0.0192487
1368	0.0205664	0.0192478
1369	0.0205654	0.0192468
1370	0.0205644	0.0192458
1371	0.0205634	0.0192448
1372	0.0205624	0.0192439
1373	0.0205614	0.0192429
1374	0.0205604	0.0192419
1375	0.0205593	0.0192409
1376	0.0205583	0.0192399
1377	0.0205574	0.0192389
1378	0.0205564	0.019238
1379	0.0205554	0.019237
1380	0.0205544	0.0192361
1381	0.0205533	0.0192351
1382	0.0205523	0.0192342
1383	0.0205513	0.0192332
1384	0.0205502	0.0192322
1385	0.0205493	0.0192312
1386	0.0205482	0.0192302
1387	0.0205473	0.0192293
1388	0.0205462	0.0192283
1389	0.0205453	0.0192274
1390	0.0205443	0.0192264
1391	0.0205432	0.0192255
1392	0.0205423	0.0192246
1393	0.0205413	0.0192236
1394	0.0205403	0.0192226
1395	0.0205393	0.0192216
1396	0.0205383	0.0192207
1397	0.0205373	0.0192197
1398	0.0205363	0.0192188
1399	0.0205353	0.0192178
1400	0.0205344	0.0192168
1401	0.0205334	0.0192159
1402	0.0205324	0.0192149
1403	0.0205314	0.0192139
1404	0.0205304	0.0192129
1405	0.0205295	0.019212
1406	0.0205285	0.019211
1407	0.0205275	0.0192101
1408	0.0205265	0.0192091
1409	0.0205255	0.0192082
1410	0.0205245	0.0192073
1411	0.0205235	0.0192063
1412	0.0205225	0.0192054
1413	0.0205216	0.0192044
1414	0.0205206	0.0192035
1415	0.0205197	0.0192026
1416	0.0205186	0.0192016
1417	0.0205177	0.0192006
1418	0.0205167	0.0191997
1419	0.0205157	0.0191988
1420	0.0205148	0.0191978
1421	0.0205138	0.0191969
1422	0.0205127	0.0191959
1423	0.0205118	0.019195
1424	0.0205108	0.0191941
1425	0.0205099	0.0191931
1426	0.0205089	0.0191922
1427	0.0205079	0.0191913
1428	0.020507	0.0191904
1429	0.020506	0.0191894
1430	0.020505	0.0191885
1431	0.0205041	0.0191875
1432	0.0205031	0.0191866
1433	0.0205022	0.0191857
1434	0.0205012	0.0191848
1435	0.0205002	0.0191839
1436	0.0204993	0.019183
1437	0.0204984	0.019182
1438	0.0204973	0.0191811
1439	0.0204964	0.0191801
1440	0.0204954	0.0191792
1441	0.0204945	0.0191783
1442	0.0204935	0.0191773
1443	0.0204926	0.0191764
1444	0.0204916	0.0191755
1445	0.0204906	0.0191746
1446	0.0204897	0.0191737
1447	0.0204887	0.0191728
1448	0.0204878	0.0191719
1449	0.0204869	0.019171
1450	0.0204859	0.0191701
1451	0.0204849	0.0191692
1452	0.0204839	0.0191682
1453	0.0204829	0.0191673
1454	0.0204821	0.0191664
1455	0.0204812	0.0191655
1456	0.0204802	0.0191645
1457	0.0204792	0.0191636
1458	0.0204782	0.0191628
1459	0.0204773	0.0191618
1460	0.0204763	0.0191609
1461	0.0204753	0.01916
1462	0.0204745	0.0191591
1463	0.0204736	0.0191581
1464	0.0204726	0.0191572
1465	0.0204717	0.0191563
1466	0.0204707	0.0191554
1467	0.0204698	0.0191546
1468	0.0204689	0.0191537
1469	0.020468	0.0191527
1470	0.020467	0.0191518
1471	0.020466	0.0191509
1472	0.0204652	0.01915
1473	0.0204641	0.0191491
1474	0.0204633	0.0191482
1475	0.0204622	0.0191474
1476	0.0204614	0.0191465
1477	0.0204605	0.0191456
1478	0.0204594	0.0191447
1479	0.0204585	0.0191438
1480	0.0204576	0.0191428
1481	0.0204567	0.0191419
1482	0.0204558	0.0191411
1483	0.0204548	0.0191402
1484	0.0204539	0.0191393
1485	0.020453	0.0191384
1486	0.020452	0.0191375
1487	0.020451	0.0191366
1488	0.0204502	0.0191357
1489	0.0204493	0.0191349
1490	0.0204484	0.019134
1491	0.0204474	0.0191331
1492	0.0204465	0.0191322
1493	0.0204457	0.0191314
1494	0.0204447	0.0191305
1495	0.0204438	0.0191295
1496	0.0204428	0.0191287
1497	0.020442	0.0191278
1498	0.020441	0.0191269
1499	0.0204401	0.019126
1500	0.0204392	0.0191251
1501	0.0204383	0.0191242
1502	0.0204373	0.0191233
1503	0.0204364	0.0191225
1504	0.0204356	0.0191216
1505	0.0204347	0.0191208
1506	0.0204337	0.0191199
1507	0.0204328	0.019119
1508	0.0204318	0.0191181
1509	0.0204309	0.0191172
1510	0.02043	0.0191163
1511	0.0204291	0.0191154
1512	0.0204281	0.0191145
1513	0.0204273	0.0191137
1514	0.0204263	0.0191128
1515	0.0204254	0.019112
1516	0.0204246	0.0191111
1517	0.0204237	0.0191102
1518	0.0204228	0.0191094
1519	0.0204218	0.0191085
1520	0.020421	0.0191075
1521	0.0204201	0.0191067
1522	0.0204192	0.0191059
1523	0.0204183	0.019105
1524	0.0204174	0.0191041
1525	0.0204164	0.0191033
1526	0.0204156	0.0191024
1527	0.0204147	0.0191015
1528	0.0204138	0.0191007
1529	0.0204129	0.0190998
1530	0.020412	0.019099
1531	0.0204111	0.0190981
1532	0.0204102	0.0190972
1533	0.0204093	0.0190964
1534	0.0204084	0.0190955
1535	0.0204075	0.0190946
1536	0.0204066	0.0190937
1537	0.0204057	0.0190929
1538	0.0204048	0.019092
1539	0.020404	0.0190912
1540	0.0204031	0.0190903
1541	0.0204022	0.0190894
1542	0.0204012	0.0190886
1543	0.0204004	0.0190877
1544	0.0203995	0.0190869
1545	0.0203986	0.019086
1546	0.0203977	0.0190852
1547	0.0203968	0.0190843
1548	0.020396	0.0190835
1549	0.0203951	0.0190826
1550	0.0203942	0.0190817
1551	0.0203933	0.0190809
1552	0.0203925	0.0190801
1553	0.0203915	0.0190792
1554	0.0203907	0.0190783
1555	0.0203898	0.0190775
1556	0.0203889	0.0190766
1557	0.0203881	0.0190758
1558	0.0203872	0.0190749
1559	0.0203863	0.019074
1560	0.0203854	0.0190732
1561	0.0203845	0.0190724
1562	0.0203837	0.0190716
1563	0.0203829	0.0190707
1564	0.0203819	0.0190699
1565	0.0203811	0.019069
1566	0.0203802	0.0190682
1567	0.0203793	0.0190674
1568	0.0203784	0.0190665
1569	0.0203775	0.0190657
1570	0.0203767	0.0190648
1571	0.0203759	0.019064
1572	0.020375	0.0190632
1573	0.0203742	0.0190624
1574	0.0203732	0.0190616
1575	0.0203723	0.0190607
1576	0.0203714	0.0190599
1577	0.0203705	0.019059
1578	0.0203697	0.0190582
1579	0.0203689	0.0190573
1580	0.020368	0.0190565
1581	0.0203671	0.0190557
1582	0.0203663	0.0190548
1583	0.0203654	0.019054
1584	0.0203645	0.0190532
1585	0.0203637	0.0190523
1586	0.0203629	0.0190515
1587	0.020362	0.0190507
1588	0.0203611	0.0190498
1589	0.0203603	0.019049
1590	0.0203594	0.0190482
1591	0.0203585	0.0190474
1592	0.0203577	0.0190465
1593	0.0203568	0.0190457
1594	0.020356	0.0190449
1595	0.0203551	0.019044
1596	0.0203543	0.0190432
1597	0.0203534	0.0190423
1598	0.0203526	0.0190415
1599	0.0203517	0.0190407
1600	0.0203509	0.0190399
1601	0.02035	0.019039
1602	0.0203492	0.0190382
1603	0.0203484	0.0190375
1604	0.0203475	0.0190367
1605	0.0203467	0.0190358
1606	0.0203458	0.019035
1607	0.0203449	0.0190342
1608	0.0203441	0.0190334
1609	0.0203432	0.0190325
1610	0.0203424	0.0190318
1611	0.0203415	0.0190309
1612	0.0203407	0.0190302
1613	0.0203399	0.0190293
1614	0.020339	0.0190285
1615	0.0203381	0.0190277
1616	0.0203373	0.019027
1617	0.0203364	0.0190261
1618	0.0203356	0.0190253
1619	0.0203348	0.0190245
1620	0.0203339	0.0190237
1621	0.0203332	0.0190228
1622	0.0203322	0.019022
1623	0.0203314	0.0190212
1624	0.0203305	0.0190204
1625	0.0203298	0.0190196
1626	0.020329	0.0190188
1627	0.0203282	0.019018
1628	0.0203273	0.0190172
1629	0.0203264	0.0190164
1630	0.0203256	0.0190156
1631	0.0203248	0.0190147
1632	0.0203239	0.0190139
1633	0.0203231	0.0190131
1634	0.0203223	0.0190123
1635	0.0203214	0.0190115
1636	0.0203206	0.0190108
1637	0.0203198	0.0190099
1638	0.0203189	0.0190091
1639	0.0203181	0.0190083
1640	0.0203173	0.0190075
1641	0.0203165	0.0190067
1642	0.0203157	0.019006
1643	0.0203149	0.0190052
1644	0.020314	0.0190044
1645	0.0203132	0.0190036
1646	0.0203124	0.0190028
1647	0.0203115	0.019002
1648	0.0203107	0.0190012
1649	0.0203099	0.0190004
1650	0.020309	0.0189996
1651	0.0203082	0.0189988
1652	0.0203073	0.018998
1653	0.0203065	0.0189972
1654	0.0203057	0.0189964
1655	0.0203049	0.0189956
1656	0.0203041	0.0189948
1657	0.0203033	0.018994
1658	0.0203024	0.0189932
1659	0.0203017	0.0189925
1660	0.0203009	0.0189917
1661	0.0203	0.0189909
1662	0.0202992	0.0189901
1663	0.0202984	0.0189893
1664	0.0202976	0.0189885
1665	0.0202967	0.0189878
1666	0.020296	0.018987
1667	0.0202952	0.0189862
1668	0.0202943	0.0189854
1669	0.0202935	0.0189846
1670	0.0202927	0.0189838
1671	0.0202919	0.018983
1672	0.0202911	0.0189823
1673	0.0202902	0.0189815
1674	0.0202894	0.0189808
1675	0.0202887	0.01898
1676	0.0202878	0.0189792
1677	0.020287	0.0189784
1678	0.0202862	0.0189776
1679	0.0202853	0.0189769
1680	0.0202846	0.0189761
1681	0.0202838	0.0189753
1682	0.0202829	0.0189744
1683	0.0202822	0.0189737
1684	0.0202813	0.018973
1685	0.0202806	0.0189722
1686	0.0202797	0.0189714
1687	0.020279	0.0189706
1688	0.0202782	0.0189699
1689	0.0202773	0.0189691
1690	0.0202765	0.0189683
1691	0.0202757	0.0189675
1692	0.020275	0.0189667
1693	0.0202741	0.0189659
1694	0.0202732	0.0189652
1695	0.0202725	0.0189644
1696	0.0202718	0.0189637
1697	0.020271	0.0189629
1698	0.0202702	0.0189621
1699	0.0202694	0.0189613
1700	0.0202686	0.0189606
1701	0.0202677	0.0189598
1702	0.0202669	0.018959
1703	0.0202661	0.0189583
1704	0.0202653	0.0189576
1705	0.0202645	0.0189568
1706	0.0202637	0.018956
1707	0.020263	0.0189552
1708	0.0202622	0.0189544
1709	0.0202613	0.0189537
1710	0.0202606	0.0189529
1711	0.0202598	0.0189522
1712	0.020259	0.0189514
1713	0.0202583	0.0189506
1714	0.0202575	0.0189498
1715	0.0202567	0.0189491
1716	0.0202559	0.0189483
1717	0.020255	0.0189476
1718	0.0202543	0.0189469
1719	0.0202536	0.0189461
1720	0.0202527	0.0189453
1721	0.020252	0.0189445
1722	0.0202512	0.0189438
1723	0.0202504	0.018943
1724	0.0202497	0.0189423
1725	0.0202488	0.0189415
1726	0.020248	0.0189408
1727	0.0202473	0.0189401
1728	0.0202465	0.0189393
1729	0.0202457	0.0189385
1730	0.0202449	0.0189378
1731	0.0202442	0.018937
1732	0.0202434	0.0189363
1733	0.0202426	0.0189355
1734	0.0202418	0.0189348
1735	0.0202411	0.018934
1736	0.0202402	0.0189333
1737	0.0202395	0.0189325
1738	0.0202387	0.0189317
1739	0.0202379	0.0189309
1740	0.020237	0.0189302
1741	0.0202363	0.0189294
1742	0.0202355	0.0189287
1743	0.0202348	0.0189279
1744	0.020234	0.0189272
1745	0.0202333	0.0189265
1746	0.0202324	0.0189257
1747	0.0202317	0.018925
1748	0.0202309	0.0189243
1749	0.0202301	0.0189235
1750	0.0202294	0.0189228
1751	0.0202286	0.018922
1752	0.0202278	0.0189212
1753	0.020227	0.0189205
1754	0.0202263	0.0189198
1755	0.0202255	0.018919
1756	0.0202247	0.0189183
1757	0.020224	0.0189176
1758	0.0202232	0.0189168
1759	0.0202225	0.0189161
1760	0.0202217	0.0189153
1761	0.0202209	0.0189146
1762	0.0202202	0.0189139
1763	0.0202194	0.0189131
1764	0.0202186	0.0189124
1765	0.0202179	0.0189116
1766	0.0202171	0.0189109
1767	0.0202164	0.0189102
1768	0.0202156	0.0189095
1769	0.0202149	0.0189087
1770	0.0202141	0.018908
1771	0.0202133	0.0189072
1772	0.0202126	0.0189065
1773	0.0202118	0.0189057
1774	0.020211	0.018905
1775	0.0202103	0.0189042
1776	0.0202095	0.0189035
1777	0.0202088	0.0189028
1778	0.020208	0.018902
1779	0.0202073	0.0189013
1780	0.0202065	0.0189006
1781	0.0202057	0.0188998
1782	0.020205	0.0188991
1783	0.0202042	0.0188984
1784	0.0202034	0.0188977
1785	0.0202026	0.0188969
1786	0.020202	0.0188962
1787	0.0202012	0.0188954
1788	0.0202005	0.0188947
1789	0.0201997	0.018894
1790	0.0201989	0.0188933
1791	0.0201982	0.0188925
1792	0.0201974	0.0188918
1793	0.0201967	0.0188911
1794	0.0201959	0.0188904
1795	0.0201952	0.0188897
1796	0.0201944	0.0188889
1797	0.0201936	0.0188882
1798	0.0201929	0.0188874
1799	0.0201922	0.0188867
1800	0.0201914	0.018886
1801	0.0201907	0.0188853
1802	0.0201899	0.0188846
1803	0.0201892	0.0188838
1804	0.0201884	0.0188831
1805	0.0201876	0.0188824
1806	0.0201869	0.0188816
1807	0.0201862	0.0188809
1808	0.0201855	0.0188802
1809	0.0201846	0.0188796
1810	0.020184	0.0188789
1811	0.0201832	0.0188781
1812	0.0201825	0.0188774
1813	0.0201817	0.0188767
1814	0.020181	0.018876
1815	0.0201802	0.0188753
1816	0.0201795	0.0188745
1817	0.0201788	0.0188738
1818	0.020178	0.0188731
1819	0.0201773	0.0188724
1820	0.0201766	0.0188717
1821	0.0201758	0.018871
1822	0.020175	0.0188703
1823	0.0201744	0.0188696
1824	0.0201735	0.0188689
1825	0.0201727	0.0188682
1826	0.020172	0.0188674
1827	0.0201713	0.0188667
1828	0.0201706	0.018866
1829	0.0201698	0.0188654
1830	0.0201691	0.0188646
1831	0.0201684	0.0188639
1832	0.0201676	0.0188632
1833	0.020167	0.0188625
1834	0.0201662	0.0188618
1835	0.0201655	0.0188611
1836	0.0201648	0.0188603
1837	0.020164	0.0188596
1838	0.0201633	0.0188589
1839	0.0201625	0.0188582
1840	0.0201618	0.0188575
1841	0.0201611	0.0188568
1842	0.0201604	0.0188561
1843	0.0201596	0.0188555
1844	0.0201589	0.0188547
1845	0.0201582	0.018854
1846	0.0201575	0.0188533
1847	0.0201567	0.0188526
1848	0.020156	0.0188519
1849	0.0201552	0.0188512
1850	0.0201544	0.0188505
1851	0.0201537	0.0188499
1852	0.020153	0.0188492
1853	0.0201523	0.0188485
1854	0.0201516	0.0188477
1855	0.0201509	0.018847
1856	0.0201502	0.0188463
1857	0.0201494	0.0188456
1858	0.0201488	0.0188449
1859	0.020148	0.0188442
1860	0.0201473	0.0188435
1861	0.0201465	0.0188428
1862	0.0201458	0.0188422
1863	0.0201451	0.0188415
1864	0.0201443	0.0188407
1865	0.0201437	0.01884
1866	0.020143	0.0188393
1867	0.0201422	0.0188386
1868	0.0201414	0.0188379
1869	0.0201408	0.0188372
1870	0.02014	0.0188365
1871	0.0201394	0.0188358
1872	0.0201386	0.0188351
1873	0.0201379	0.0188344
1874	0.0201371	0.0188337
1875	0.0201365	0.018833
1876	0.0201358	0.0188323
1877	0.020135	0.0188317
1878	0.0201343	0.018831
1879	0.0201335	0.0188303
1880	0.0201328	0.0188296
1881	0.0201321	0.018829
1882	0.0201314	0.0188283
1883	0.0201307	0.0188276
1884	0.02013	0.0188269
1885	0.0201293	0.0188262
1886	0.0201286	0.0188255
1887	0.020128	0.0188248
1888	0.0201273	0.0188241
1889	0.0201265	0.0188234
1890	0.0201258	0.0188228
1891	0.020125	0.018822
1892	0.0201243	0.0188213
1893	0.0201237	0.0188206
1894	0.020123	0.01882
1895	0.0201223	0.0188193
1896	0.0201215	0.0188186
1897	0.0201208	0.0188179
1898	0.0201201	0.0188172
1899	0.0201194	0.0188165
1900	0.0201187	0.0188158
1901	0.020118	0.0188151
1902	0.0201173	0.0188145
1903	0.0201166	0.0188138
1904	0.0201159	0.0188131
1905	0.0201152	0.0188124
1906	0.0201145	0.0188118
1907	0.0201138	0.0188111
1908	0.0201131	0.0188105
1909	0.0201125	0.0188098
1910	0.0201117	0.0188091
1911	0.020111	0.0188084
1912	0.0201102	0.0188077
1913	0.0201096	0.0188071
1914	0.0201088	0.0188064
1915	0.0201081	0.0188057
1916	0.0201074	0.018805
1917	0.0201068	0.0188043
1918	0.0201061	0.0188037
1919	0.0201054	0.018803
1920	0.0201047	0.0188023
1921	0.0201039	0.0188017
1922	0.0201032	0.018801
1923	0.0201026	0.0188003
1924	0.0201019	0.0187996
1925	0.0201012	0.018799
1926	0.0201004	0.0187982
1927	0.0200998	0.0187975
1928	0.0200991	0.0187969
1929	0.0200984	0.0187962
1930	0.0200977	0.0187956
1931	0.020097	0.0187949
1932	0.0200963	0.0187943
1933	0.0200957	0.0187936
1934	0.0200949	0.018793
1935	0.0200943	0.0187923
1936	0.0200935	0.0187916
1937	0.0200929	0.0187909
1938	0.0200922	0.0187903
1939	0.0200915	0.0187896
1940	0.0200908	0.0187889
1941	0.0200901	0.0187882
1942	0.0200894	0.0187876
1943	0.0200887	0.0187869
1944	0.020088	0.0187863
1945	0.0200873	0.0187856
1946	0.0200866	0.0187849
1947	0.0200859	0.0187842
1948	0.0200853	0.0187836
1949	0.0200846	0.018783
1950	0.0200839	0.0187823
1951	0.0200832	0.0187816
1952	0.0200825	0.0187809
1953	0.0200819	0.0187803
1954	0.0200811	0.0187796
1955	0.0200805	0.018779
1956	0.0200797	0.0187783
1957	0.0200791	0.0187777
1958	0.0200784	0.018777
1959	0.0200777	0.0187764
1960	0.020077	0.0187757
1961	0.0200764	0.0187751
1962	0.0200757	0.0187744
1963	0.020075	0.0187737
1964	0.0200743	0.018773
1965	0.0200736	0.0187724
1966	0.0200728	0.0187717
1967	0.0200722	0.018771
1968	0.0200715	0.0187704
1969	0.0200708	0.0187697
1970	0.0200702	0.0187691
1971	0.0200696	0.0187684
1972	0.0200688	0.0187678
1973	0.0200682	0.0187671
1974	0.0200675	0.0187665
1975	0.0200668	0.0187658
1976	0.0200661	0.0187652
1977	0.0200654	0.0187645
1978	0.0200648	0.0187639
1979	0.020064	0.0187632
1980	0.0200634	0.0187625
1981	0.0200627	0.0187618
1982	0.0200621	0.0187612
1983	0.0200614	0.0187606
1984	0.0200606	0.0187599
1985	0.02006	0.0187593
1986	0.0200593	0.0187586
1987	0.0200587	0.018758
1988	0.020058	0.0187573
1989	0.0200573	0.0187567
1990	0.0200567	0.018756
1991	0.020056	0.0187554
1992	0.0200553	0.0187548
1993	0.0200547	0.0187541
1994	0.020054	0.0187535
1995	0.0200533	0.0187528
1996	0.0200526	0.0187522
1997	0.020052	0.0187515
1998	0.0200513	0.0187508
1999	0.0200506	0.0187502
2000	0.02005	0.0187495
2001	0.0200492	0.0187489
2002	0.0200486	0.0187483
2003	0.020048	0.0187476
2004	0.0200472	0.018747
2005	0.0200466	0.0187463
2006	0.0200459	0.0187457
2007	0.0200453	0.0187451
2008	0.0200446	0.0187444
2009	0.0200439	0.0187438
2010	0.0200432	0.0187432
2011	0.0200426	0.0187425
2012	0.020042	0.0187418
2013	0.0200413	0.0187412
2014	0.0200406	0.0187405
2015	0.02004	0.0187399
2016	0.0200394	0.0187392
2017	0.0200387	0.0187386
2018	0.020038	0.018738
2019	0.0200373	0.0187373
2020	0.0200367	0.0187367
2021	0.020036	0.0187361
2022	0.0200353	0.0187354
2023	0.0200347	0.0187348
2024	0.020034	0.0187341
2025	0.0200334	0.0187334
2026	0.0200327	0.0187328
2027	0.020032	0.0187322
2028	0.0200314	0.0187316
2029	0.0200307	0.0187309
2030	0.0200301	0.0187303
2031	0.0200294	0.0187296
2032	0.0200288	0.018729
2033	0.0200281	0.0187284
2034	0.0200274	0.0187278
2035	0.0200269	0.0187271
2036	0.0200262	0.0187265
2037	0.0200255	0.0187259
2038	0.0200248	0.0187252
2039	0.0200242	0.0187246
2040	0.0200235	0.018724
2041	0.0200229	0.0187233
2042	0.0200222	0.0187227
2043	0.0200215	0.0187221
2044	0.0200209	0.0187214
2045	0.0200202	0.0187208
2046	0.0200196	0.0187201
2047	0.0200189	0.0187195
2048	0.0200182	0.0187188
2049	0.0200176	0.0187182
2050	0.0200169	0.0187175
2051	0.0200163	0.0187169
2052	0.0200156	0.0187163
2053	0.020015	0.0187157
2054	0.0200143	0.0187151
2055	0.0200137	0.0187144
2056	0.0200131	0.0187138
2057	0.0200123	0.0187132
2058	0.0200117	0.0187126
2059	0.0200111	0.018712
2060	0.0200104	0.0187113
2061	0.0200097	0.0187107
2062	0.0200091	0.01871
2063	0.0200085	0.0187094
2064	0.0200079	0.0187088
2065	0.0200072	0.0187082
2066	0.0200065	0.0187076
2067	0.0200059	0.0187069
2068	0.0200053	0.0187062
2069	0.0200046	0.0187056
2070	0.0200039	0.018705
2071	0.0200033	0.0187044
2072	0.0200027	0.0187038
2073	0.020002	0.0187031
2074	0.0200014	0.0187025
2075	0.0200008	0.0187019
2076	0.0200001	0.0187013
2077	0.0199994	0.0187006
