1615 3 3
0.118169 0.151215 0.0739052
-0.663334 1.72659 -1.88047
0.0997816 0.154324 0.0985069
-0.573961 1.60358 -2.2954
0.103595 0.143533 0.0969014
-0.625173 1.85292 -1.92442
0.12975 0.148977 0.0738179
-0.716526 1.57147 -2.10072
0.102545 0.156425 0.0942343
-0.580269 1.57766 -2.29024
0.130008 0.14776 0.076764
-0.721575 1.55462 -2.15316
0.104504 0.151532 0.0845615
-0.603748 1.81929 -1.85209
0.118585 0.161991 0.0720432
-0.631912 1.47151 -2.23329
0.111345 0.154808 0.086529
-0.623526 1.61277 -2.16092
0.104307 0.145724 0.103127
-0.621244 1.67302 -2.24039
0.110074 0.144837 0.100115
-0.649863 1.64363 -2.25222
0.114412 0.154203 0.0762555
-0.638332 1.70518 -1.93169
0.113747 0.156139 0.0867269
-0.629598 1.4717 -2.37627
0.116705 0.15884 0.0739421
-0.633657 1.58507 -2.08197
0.129002 0.152596 0.0766499
-0.701805 1.36871 -2.4371
0.115501 0.162096 0.0723202
-0.619099 1.53972 -2.1336
0.100841 0.157656 0.078522
-0.569048 1.79986 -1.82256
0.105821 0.156513 0.0771572
-0.594517 1.77068 -1.84959
0.0990533 0.159438 0.0779009
-0.555908 1.79231 -1.82706
0.12924 0.145103 0.0748821
-0.727641 1.65779 -1.98587
0.121382 0.146204 0.0833498
-0.6929 1.68384 -2.0278
0.110144 0.154528 0.0737786
-0.619253 1.77563 -1.81219
0.12257 0.152257 0.0736159
-0.677796 1.63842 -2.00185
0.117312 0.152147 0.0802263
-0.656832 1.66153 -2.03015
0.111886 0.156136 0.0887968
-0.621777 1.44094 -2.44585
0.112248 0.152231 0.0910656
-0.635356 1.56985 -2.26976
0.109303 0.146351 0.0946873
-0.641485 1.73663 -2.06251
0.103566 0.167012 0.0735992
-0.555074 1.60772 -2.04587
0.0976963 0.147541 0.0864498
-0.584879 1.94862 -1.70102
0.113454 0.151952 0.0916314
-0.64135 1.51402 -2.3608
0.112255 0.151156 0.0757542
-0.638779 1.79463 -1.80441
0.104871 0.145508 0.0829496
-0.6245 1.92644 -1.69706
0.106458 0.152921 0.0851912
-0.608147 1.76093 -1.93732
0.0979661 0.161602 0.0754456
-0.54498 1.78172 -1.81904
0.101713 0.165087 0.0738655
-0.552186 1.678 -1.94793
0.108355 0.152665 0.0819574
-0.617241 1.77091 -1.89344
0.129637 0.143568 0.086581
-0.734451 1.45309 -2.40387
0.0977116 0.144292 0.0955768
-0.595247 1.92681 -1.81457
0.100207 0.14542 0.106898
-0.603362 1.66413 -2.29422
0.0997062 0.146428 0.0936991
-0.597806 1.8849 -1.85112
0.122252 0.149513 0.0742791
-0.685421 1.69412 -1.92906
0.0994964 0.144968 0.102589
-0.601496 1.8014 -2.05116
0.104368 0.153094 0.0877878
-0.598353 1.75873 -1.96489
0.115221 0.159346 0.0817398
-0.62605 1.41539 -2.4141
0.109181 0.160608 0.0790849
-0.597038 1.61192 -2.09092
0.102014 0.150562 0.0904491
-0.595504 1.81281 -1.91622
0.118778 0.161304 0.0719096
-0.634713 1.49475 -2.19691
0.118401 0.149816 0.0720979
-0.668805 1.76043 -1.81768
0.113012 0.148172 0.0941073
-0.651582 1.61686 -2.23015
0.115337 0.149898 0.0883606
-0.655826 1.63549 -2.14552
0.10735 0.163941 0.0799391
-0.579749 1.52925 -2.22128
0.106079 0.14914 0.0968525
-0.618253 1.68454 -2.1586
0.113284 0.157811 0.0846296
-0.622603 1.48496 -2.33462
0.128398 0.147203 0.0725157
-0.717268 1.65242 -1.9718
0.101958 0.1516 0.0806516
-0.592065 1.87696 -1.73988
0.106029 0.151216 0.0775084
-0.611515 1.85731 -1.73701
0.0981504 0.166626 0.0830311
-0.532326 1.57581 -2.18157
0.122401 0.148083 0.0878965
-0.690735 1.50177 -2.34154
0.113454 0.146226 0.0915076
-0.659861 1.71501 -2.06187
0.12031 0.148344 0.0800443
-0.681426 1.69491 -1.98112
0.115676 0.143756 0.0980432
-0.677583 1.5766 -2.3315
0.112114 0.151877 0.0897532
-0.635898 1.62082 -2.1807
0.110278 0.160676 0.0759479
-0.601497 1.63044 -2.03482
0.100562 0.168497 0.0783972
-0.538076 1.54926 -2.1766
0.108886 0.149297 0.0886526
-0.630136 1.76143 -1.96938
0.131153 0.151031 0.0738652
-0.715072 1.46777 -2.25621
0.116412 0.145321 0.0892266
-0.675392 1.71576 -2.03869
0.0982019 0.147267 0.0872903
-0.588115 1.94179 -1.71744
0.127291 0.144585 0.0835377
-0.721871 1.59567 -2.1571
0.104654 0.144907 0.0838011
-0.62548 1.93257 -1.69704
0.101792 0.152638 0.0788015
-0.588151 1.87344 -1.72764
0.099997 0.143848 0.0869739
-0.60747 1.97764 -1.6694
0.105549 0.144625 0.0987307
-0.630453 1.77566 -2.04799
0.122942 0.14665 0.0770714
-0.697683 1.71411 -1.92673
0.125695 0.147008 0.084495
-0.707403 1.54041 -2.24875
0.108979 0.150148 0.0935115
-0.627839 1.66446 -2.15417
0.10398 0.163278 0.0819617
-0.567062 1.58858 -2.15241
0.102995 0.155142 0.0874774
-0.586068 1.73811 -1.99057
0.110453 0.15538 0.0904559
-0.617974 1.49126 -2.38399
0.118755 0.16178 0.0724183
-0.633215 1.46685 -2.2439
0.116702 0.154542 0.0722534
-0.646787 1.69735 -1.90609
0.10996 0.155299 0.0821833
-0.616109 1.69056 -2.00727
0.103842 0.143036 0.0925308
-0.627957 1.90439 -1.81455
0.138725 0.145108 0.0744017
-0.762912 1.40089 -2.36446
0.114888 0.143014 0.0796082
-0.67677 1.86886 -1.74094
0.117542 0.144627 0.0780305
-0.682454 1.81983 -1.79133
0.117891 0.144078 0.0968261
-0.685769 1.49825 -2.44023
0.107275 0.144262 0.0974142
-0.639402 1.77613 -2.03421
0.0977462 0.160149 0.0718146
-0.547991 1.8308 -1.72069
0.102322 0.156133 0.0951625
-0.580128 1.56288 -2.32229
0.118298 0.147946 0.0921624
-0.674498 1.50062 -2.38711
0.106228 0.154349 0.0725964
-0.602786 1.83173 -1.72646
0.117653 0.15576 0.0776676
-0.646914 1.59867 -2.0969
0.108979 0.145151 0.0803597
-0.644014 1.90179 -1.70506
0.115009 0.15176 0.0731021
-0.648495 1.76585 -1.81936
0.114386 0.162128 0.0721177
-0.614427 1.56438 -2.09536
0.107803 0.156347 0.0873708
-0.603653 1.62588 -2.14991
0.102146 0.151034 0.0752971
-0.594649 1.91381 -1.64396
0.102762 0.159527 0.0752228
-0.572262 1.76609 -1.83823
0.105058 0.1474 0.0797929
-0.619225 1.91456 -1.68351
0.100353 0.154228 0.090492
-0.576852 1.75926 -1.99001
0.133257 0.146635 0.0743872
-0.737636 1.5422 -2.14923
0.101779 0.143579 0.0828131
-0.616655 1.98847 -1.61788
0.0985497 0.168771 0.079733
-0.528515 1.55637 -2.17875
0.101943 0.154305 0.0777554
-0.583834 1.85075 -1.74785
0.115148 0.150418 0.0829549
-0.653358 1.70509 -1.99403
0.112319 0.145219 0.0755665
-0.658339 1.88923 -1.67795
0.104537 0.157358 0.0781918
-0.586379 1.76305 -1.86946
0.0981105 0.154348 0.0967128
-0.566218 1.69213 -2.14621
0.11578 0.15282 0.0782417
-0.648362 1.69405 -1.9656
0.101379 0.167661 0.0772421
-0.543842 1.57974 -2.12061
0.100484 0.159998 0.0741646
-0.560779 1.79091 -1.79504
0.123771 0.149239 0.0734268
-0.692382 1.68225 -1.93794
0.0978019 0.158873 0.0724828
-0.551811 1.84811 -1.70386
0.110739 0.152478 0.0873595
-0.628133 1.67561 -2.07779
0.119046 0.143704 0.0787219
-0.691828 1.80998 -1.81079
0.108158 0.145319 0.097645
-0.63983 1.73171 -2.09891
0.100621 0.15951 0.0787143
-0.562768 1.76627 -1.86986
0.100796 0.148929 0.102421
-0.594988 1.6671 -2.24166
0.0988411 0.155338 0.0875002
-0.566682 1.79061 -1.91841
0.107866 0.157177 0.0780637
-0.601455 1.72353 -1.92274
0.115418 0.150487 0.0890102
-0.654269 1.60156 -2.20181
0.100227 0.143039 0.103127
-0.611193 1.82426 -2.02515
0.114235 0.160777 0.07391
-0.617748 1.58139 -2.08704
0.103637 0.160386 0.0898461
-0.573679 1.49831 -2.36675
0.124795 0.145642 0.0866156
-0.708464 1.56409 -2.23402
0.119218 0.143511 0.0869385
-0.693197 1.73524 -1.98945
0.129866 0.153063 0.0722887
-0.703592 1.46743 -2.2418
0.111947 0.155995 0.0805314
-0.62246 1.6612 -2.0335
0.101423 0.149604 0.0928743
-0.595768 1.81236 -1.94006
0.115737 0.143061 0.0799025
-0.680207 1.85559 -1.76101
0.126054 0.156661 0.0736313
-0.677555 1.40587 -2.34926
0.10413 0.145565 0.0936147
-0.620955 1.84545 -1.90259
0.103046 0.143933 0.077039
-0.621337 1.9994 -1.55236
0.105817 0.144655 0.103082
-0.631562 1.67358 -2.23907
0.106435 0.164212 0.0804435
-0.575078 1.53053 -2.22421
0.132655 0.150706 0.0733118
-0.721779 1.43914 -2.29474
0.105222 0.153636 0.0898109
-0.600506 1.70685 -2.05695
0.105958 0.144034 0.0765684
-0.634252 1.97065 -1.58369
0.10751 0.158454 0.087081
-0.596145 1.56683 -2.2345
0.105028 0.148644 0.0807064
-0.615122 1.8901 -1.72331
0.0986768 0.154332 0.0856628
-0.568873 1.82936 -1.84887
0.12408 0.148159 0.0797296
-0.697177 1.63367 -2.06548
0.106185 0.157221 0.0768164
-0.594016 1.75536 -1.8674
0.0988202 0.168173 0.0804043
-0.531259 1.55905 -2.1812
0.101706 0.15205 0.0915829
-0.589545 1.77346 -1.98088
0.10856 0.143359 0.0834919
-0.648129 1.91415 -1.71775
0.121321 0.152596 0.0785177
-0.671713 1.59504 -2.1102
0.116444 0.156977 0.0775163
-0.638227 1.59233 -2.10473
0.119072 0.144499 0.0779775
-0.689224 1.8018 -1.81498
0.101502 0.173244 0.0732413
-0.529982 1.44019 -2.29246
0.114941 0.147366 0.0940694
-0.662406 1.59165 -2.26745
0.103117 0.145188 0.102884
-0.617558 1.7248 -2.16234
0.104828 0.155501 0.0796493
-0.59315 1.78282 -1.85591
0.100853 0.16103 0.0722009
-0.559534 1.78017 -1.79183
0.102211 0.152635 0.0818942
-0.59006 1.84831 -1.78883
0.102707 0.14492 0.0972259
-0.616553 1.83436 -1.95255
0.104649 0.1437 0.105129
-0.629431 1.67297 -2.26183
0.0998401 0.148761 0.0870341
-0.591096 1.90193 -1.76617
0.102861 0.147899 0.0937584
-0.607689 1.81618 -1.94342
0.10049 0.152915 0.0741512
-0.581393 1.90742 -1.64187
0.107918 0.145976 0.0968592
-0.636606 1.73394 -2.08788
0.0985025 0.152211 0.0899636
-0.574367 1.8309 -1.88723
0.108577 0.143841 0.0814535
-0.646593 1.91954 -1.69222
0.11778 0.145175 0.0831957
-0.681592 1.76581 -1.91193
0.133472 0.144707 0.0778368
-0.745032 1.53317 -2.19527
0.105015 0.14625 0.0961963
-0.62274 1.78691 -2.00725
0.12545 0.147431 0.0849722
-0.705021 1.51736 -2.28838
0.10416 0.151409 0.0732062
-0.602588 1.89714 -1.64662
0.107149 0.149612 0.089783
-0.6215 1.76749 -1.97182
0.114741 0.143369 0.0923714
-0.674936 1.74402 -2.02944
0.118283 0.143933 0.0719504
-0.687889 1.85576 -1.68907
0.134857 0.143046 0.0757992
-0.75594 1.57748 -2.11039
0.100727 0.151344 0.0888666
-0.587229 1.83055 -1.87733
0.0982546 0.154722 0.0852038
-0.565787 1.83109 -1.84229
0.107768 0.151927 0.0831795
-0.616967 1.78186 -1.88985
0.121203 0.143425 0.0815371
-0.701621 1.76128 -1.90273
0.0981964 0.156567 0.0834109
-0.560169 1.81275 -1.8502
0.10388 0.150291 0.0871497
-0.604791 1.82672 -1.8663
0.122495 0.14629 0.0771768
-0.697098 1.727 -1.90978
0.109353 0.147152 0.0963776
-0.639092 1.68337 -2.15549
0.10432 0.144496 0.0881121
-0.62531 1.91223 -1.76288
0.109143 0.158835 0.0865823
-0.602048 1.51433 -2.30904
0.122251 0.155528 0.0772748
-0.666172 1.50066 -2.23882
0.133775 0.145118 0.0784448
-0.74475 1.49516 -2.25839
0.104307 0.154079 0.0805395
-0.595103 1.80832 -1.82966
0.114986 0.143324 0.0944062
-0.67613 1.708 -2.10035
0.101405 0.148356 0.0889156
-0.599582 1.87552 -1.81814
0.109093 0.15268 0.0782243
-0.620405 1.79112 -1.83162
0.10509 0.160209 0.0725201
-0.580553 1.74345 -1.8447
0.124261 0.152391 0.0775481
-0.684068 1.54822 -2.17008
0.112791 0.165384 0.0747605
-0.598538 1.43256 -2.31878
0.0994295 0.169536 0.0792793
-0.530418 1.51677 -2.23372
0.103624 0.1627 0.0722214
-0.567113 1.71575 -1.88019
0.115552 0.146124 0.0841144
-0.669096 1.77258 -1.91123
0.108645 0.163236 0.0807366
-0.587242 1.50285 -2.26889
0.116935 0.154796 0.083966
-0.646956 1.52475 -2.26723
0.128613 0.14577 0.0810362
-0.72295 1.57371 -2.1655
0.112084 0.14322 0.0962758
-0.66404 1.73406 -2.08189
0.109159 0.145068 0.0896772
-0.645078 1.82818 -1.88817
0.120307 0.153557 0.0723001
-0.66458 1.66119 -1.95738
0.117744 0.152647 0.0784853
-0.657024 1.66275 -2.01216
0.107589 0.144259 0.0950233
-0.640811 1.8051 -1.97077
0.107414 0.147173 0.0981955
-0.630482 1.68425 -2.17267
0.105421 0.169777 0.0748367
-0.555674 1.45258 -2.2887
0.107217 0.152846 0.0734942
-0.611712 1.84021 -1.72331
0.100729 0.159908 0.0763793
-0.562129 1.775 -1.83664
0.12295 0.143999 0.0882959
-0.706708 1.62891 -2.15451
0.103604 0.160096 0.080953
-0.574358 1.69329 -1.99188
0.108688 0.150418 0.0722167
-0.625719 1.86823 -1.67518
0.1066 0.153811 0.0768091
-0.606053 1.81179 -1.79096
0.104011 0.16143 0.0824745
-0.572365 1.63425 -2.0906
0.109404 0.152538 0.0866439
-0.622193 1.70752 -2.02555
0.103554 0.147725 0.079495
-0.611391 1.92745 -1.66437
0.121301 0.144159 0.0754507
-0.699504 1.79399 -1.80252
0.122191 0.156917 0.0754572
-0.661614 1.48986 -2.2378
0.115886 0.143589 0.0967242
-0.679035 1.62603 -2.24323
0.112218 0.146366 0.0974336
-0.654099 1.607 -2.27904
0.108951 0.149106 0.088347
-0.631031 1.7679 -1.95755
0.132726 0.149105 0.0723237
-0.727346 1.51704 -2.16738
0.098897 0.149483 0.103604
-0.584484 1.65527 -2.27181
0.121233 0.153246 0.0824307
-0.669291 1.49068 -2.30404
0.121271 0.147451 0.0741641
-0.688282 1.74766 -1.8538
0.111909 0.151466 0.0870307
-0.63632 1.68435 -2.06214
0.116715 0.157733 0.0777739
-0.637039 1.56051 -2.15398
0.106436 0.151511 0.0852344
-0.612399 1.78856 -1.8999
0.105662 0.161081 0.0757399
-0.580549 1.6938 -1.94288
0.108368 0.143572 0.100678
-0.646564 1.71197 -2.15798
0.109232 0.151688 0.0725369
-0.624094 1.8408 -1.71396
0.128909 0.143526 0.0857557
-0.731794 1.53058 -2.27605
0.0983204 0.154118 0.0885835
-0.567861 1.8103 -1.90191
0.131135 0.150781 0.0759767
-0.715825 1.4124 -2.36182
0.106282 0.149047 0.0876355
-0.619448 1.81396 -1.88803
0.108312 0.147438 0.0996622
-0.63359 1.60523 -2.30508
0.107953 0.149406 0.0757753
-0.625698 1.87411 -1.69942
0.10782 0.166331 0.0783041
-0.575129 1.44631 -2.33188
0.108859 0.167792 0.0762065
-0.575514 1.37729 -2.41915
0.11196 0.149398 0.0821252
-0.643123 1.78138 -1.88071
0.121079 0.148809 0.0867319
-0.683011 1.55866 -2.24331
0.113633 0.150329 0.0879819
-0.647263 1.66589 -2.09776
0.114913 0.151978 0.0812454
-0.647403 1.69451 -1.99289
0.102116 0.145275 0.106468
-0.612679 1.62404 -2.35013
0.10619 0.157504 0.0723347
-0.593206 1.78039 -1.79273
0.123127 0.148204 0.0814933
-0.693236 1.62766 -2.09083
0.0980298 0.151571 0.0998359
-0.574092 1.70858 -2.15423
0.101483 0.145938 0.103869
-0.607623 1.71211 -2.19098
0.10991 0.143508 0.088475
-0.653585 1.85696 -1.83847
0.12454 0.146692 0.0781302
-0.703907 1.67639 -1.98948
0.103048 0.160593 0.0722777
-0.570498 1.76244 -1.81655
0.111492 0.143118 0.086166
-0.661818 1.86274 -1.80927
0.116093 0.159653 0.0775533
-0.628722 1.5149 -2.21999
0.125035 0.155959 0.074435
-0.675786 1.46088 -2.27216
0.122952 0.15279 0.0819591
-0.677607 1.45732 -2.35078
0.117266 0.148282 0.0875501
-0.669127 1.65309 -2.11205
0.10502 0.145121 0.0792407
-0.62644 1.95191 -1.63114
0.118821 0.155876 0.0800121
-0.651312 1.52578 -2.2272
0.120816 0.145677 0.0723697
-0.692379 1.79485 -1.77358
0.103296 0.157371 0.0920113
-0.580849 1.58694 -2.25361
0.10071 0.149511 0.0933246
-0.592782 1.81853 -1.93604
0.110011 0.143812 0.0849792
-0.65301 1.87934 -1.7765
0.098103 0.153065 0.0922673
-0.569969 1.79353 -1.95989
0.102457 0.145639 0.0796677
-0.613071 1.96872 -1.61395
0.110142 0.15954 0.0860192
-0.604233 1.44226 -2.41514
0.104878 0.159635 0.0830372
-0.58127 1.65886 -2.06049
0.112228 0.153215 0.0772586
-0.632195 1.74727 -1.88255
0.118793 0.145491 0.092338
-0.684722 1.59769 -2.24081
0.128188 0.14488 0.07984
-0.724347 1.62603 -2.07757
0.111333 0.151757 0.0743912
-0.632939 1.80457 -1.77874
0.108332 0.154045 0.071757
-0.612901 1.81719 -1.73822
0.108077 0.150284 0.0735894
-0.623463 1.87044 -1.68458
0.0996049 0.14922 0.0998522
-0.588581 1.74497 -2.10239
0.0991415 0.163975 0.0873929
-0.543806 1.55158 -2.26052
0.11765 0.152431 0.0872135
-0.657327 1.50005 -2.33729
0.117638 0.152091 0.0812984
-0.658354 1.6432 -2.06653
0.108829 0.163991 0.0722312
-0.585896 1.6135 -2.02492
0.107214 0.159498 0.0760982
-0.591822 1.70227 -1.93431
0.0979187 0.147718 0.0748796
-0.585372 2.00488 -1.52638
0.108322 0.150731 0.0837338
-0.623129 1.79189 -1.88136
0.106578 0.147859 0.0780074
-0.624554 1.90103 -1.68472
0.102105 0.144536 0.09494
-0.615034 1.8762 -1.87447
0.0994351 0.158052 0.0889373
-0.561562 1.70441 -2.05197
0.106494 0.147122 0.0972842
-0.626553 1.72351 -2.10696
0.108915 0.166866 0.076468
-0.578277 1.4381 -2.32671
0.107005 0.146367 0.102779
-0.631278 1.54347 -2.43415
0.0977771 0.149327 0.091357
-0.579732 1.879 -1.83658
0.118361 0.147097 0.0865945
-0.677567 1.67602 -2.06985
0.107927 0.159388 0.0754547
-0.595215 1.70016 -1.93136
0.108641 0.144454 0.0770577
-0.64483 1.93398 -1.63411
0.0977825 0.143178 0.085559
-0.599187 2.01849 -1.60601
0.112529 0.150727 0.0755841
-0.641303 1.79957 -1.79623
0.118965 0.157501 0.0785981
-0.646902 1.49047 -2.26699
0.119873 0.151817 0.0842457
-0.668358 1.54602 -2.23785
0.103407 0.15417 0.0717374
-0.590812 1.86928 -1.66953
0.123273 0.150419 0.0846086
-0.686539 1.46831 -2.36017
0.108221 0.144429 0.0993074
-0.643055 1.72115 -2.13077
0.11129 0.152819 0.0748072
-0.629431 1.78441 -1.80961
0.102211 0.147704 0.0775586
-0.605339 1.95172 -1.61623
0.109699 0.156475 0.0856161
-0.611442 1.6149 -2.14894
0.108701 0.145552 0.0759087
-0.641463 1.92304 -1.63768
0.107568 0.1647 0.0794607
-0.57856 1.50346 -2.25559
0.105515 0.158492 0.0721183
-0.587365 1.77222 -1.80184
0.118467 0.154391 0.0798264
-0.654492 1.58684 -2.1346
0.117957 0.145166 0.0913621
-0.682354 1.65295 -2.14957
0.10261 0.155971 0.0737976
-0.581896 1.83867 -1.72807
0.0998447 0.156364 0.0782639
-0.568277 1.83574 -1.77229
0.127298 0.151477 0.0754591
-0.69888 1.5353 -2.16957
0.10407 0.145476 0.0937237
-0.62097 1.84672 -1.90194
0.0998501 0.149182 0.100854
-0.589837 1.72089 -2.14696
0.116258 0.148002 0.0840018
-0.665846 1.72607 -1.97447
0.0995722 0.145452 0.0868227
-0.600297 1.95885 -1.69156
0.115261 0.15035 0.0852146
-0.654054 1.67617 -2.05643
0.099969 0.149213 0.0872572
-0.590288 1.89122 -1.78213
0.115936 0.150058 0.0755616
-0.657817 1.76667 -1.84052
0.102742 0.15932 0.0894308
-0.572765 1.59472 -2.21613
0.099001 0.143563 0.0988034
-0.603712 1.89 -1.89377
0.1093 0.148968 0.0731904
-0.632997 1.87888 -1.67005
0.102153 0.145607 0.0916607
-0.611779 1.88931 -1.82595
0.106178 0.147654 0.0926529
-0.623429 1.7872 -1.97229
0.11158 0.151199 0.0934771
-0.635758 1.55372 -2.31882
0.102161 0.14543 0.0818065
-0.612384 1.96328 -1.6401
0.101231 0.147134 0.103718
-0.602637 1.6818 -2.2337
0.099832 0.157986 0.0775589
-0.563549 1.81216 -1.79727
0.11402 0.151058 0.0790757
-0.646573 1.74781 -1.8985
0.118204 0.160102 0.0772413
-0.635973 1.42717 -2.35117
0.106641 0.150085 0.0761896
-0.617763 1.87595 -1.70076
0.11442 0.146116 0.0952727
-0.664335 1.61906 -2.23873
0.107162 0.146079 0.0790206
-0.632914 1.91591 -1.67479
0.107725 0.155099 0.0781168
-0.607062 1.7654 -1.86557
0.111169 0.146966 0.078733
-0.6476 1.85791 -1.74732
0.139921 0.14407 0.0746217
-0.77079 1.37993 -2.39944
0.101475 0.171363 0.0775131
-0.534635 1.39783 -2.39967
0.111621 0.158188 0.0718549
-0.614488 1.7016 -1.89654
0.107366 0.155682 0.0729357
-0.603744 1.79453 -1.77909
0.111396 0.156504 0.0765372
-0.618586 1.70046 -1.94087
0.114589 0.145854 0.0918162
-0.665926 1.6976 -2.08965
0.113583 0.147422 0.0937761
-0.656467 1.63623 -2.19814
0.121463 0.14489 0.0916771
-0.697672 1.55268 -2.30196
0.106822 0.157218 0.0724008
-0.596803 1.77751 -1.79723
0.105693 0.146949 0.0894531
-0.623528 1.84247 -1.86693
0.125523 0.146451 0.0803103
-0.708602 1.63754 -2.06537
0.0997384 0.158898 0.0898117
-0.560531 1.66261 -2.12032
0.119696 0.147516 0.0722631
-0.68166 1.78058 -1.79184
0.12439 0.152376 0.0756191
-0.684624 1.57625 -2.1105
0.103921 0.143963 0.0738105
-0.625246 2.00354 -1.51852
0.115032 0.146631 0.0933733
-0.665217 1.63513 -2.19571
0.106562 0.157463 0.0886685
-0.594945 1.58886 -2.2173
0.132478 0.14751 0.0790743
-0.73176 1.40124 -2.40976
0.114111 0.14391 0.0840537
-0.67042 1.8325 -1.82973
0.109846 0.14666 0.08274
-0.642854 1.85166 -1.79218
0.106051 0.15152 0.0879812
-0.610671 1.7651 -1.95793
0.0995564 0.159298 0.072306
-0.558577 1.82377 -1.73439
0.108175 0.145617 0.102404
-0.638928 1.56959 -2.38917
0.122095 0.143895 0.0885449
-0.703623 1.64711 -2.1304
0.0989648 0.158644 0.0825877
-0.557748 1.77057 -1.89975
0.106363 0.14794 0.0900786
-0.623337 1.8088 -1.91813
0.0982397 0.149283 0.0959724
-0.582034 1.824 -1.95431
0.110959 0.144193 0.0908954
-0.655875 1.80611 -1.92957
0.102069 0.164067 0.0860121
-0.556525 1.50243 -2.32156
0.100361 0.144827 0.0926038
-0.605993 1.91503 -1.80146
0.11111 0.149975 0.0894007
-0.637624 1.69994 -2.06279
0.0997414 0.149279 0.0900879
-0.589032 1.86857 -1.83831
0.10052 0.150214 0.0892049
-0.589741 1.85068 -1.85366
0.100911 0.162394 0.0772041
-0.556006 1.71723 -1.9236
0.0979465 0.149536 0.0971029
-0.579885 1.80779 -1.98748
0.111006 0.157924 0.085011
-0.612676 1.54585 -2.24562
0.108024 0.145407 0.0824384
-0.638947 1.89571 -1.73186
0.104755 0.146577 0.0929591
-0.620507 1.82523 -1.92346
0.118973 0.145014 0.0790255
-0.687073 1.78683 -1.84476
0.124497 0.147873 0.0730218
-0.699782 1.70005 -1.90931
0.111654 0.152576 0.0783053
-0.631746 1.75872 -1.87642
0.0995633 0.172021 0.0740203
-0.524675 1.5238 -2.17318
0.0979539 0.153254 0.0745723
-0.568717 1.92533 -1.62281
0.120507 0.152626 0.0817572
-0.66834 1.55667 -2.19773
0.100115 0.166828 0.083781
-0.540498 1.49725 -2.3073
0.129293 0.147186 0.0742709
-0.720771 1.61859 -2.03637
0.123187 0.147543 0.0753274
-0.695677 1.70826 -1.91889
0.118057 0.15459 0.0763201
-0.652198 1.63704 -2.0288
0.110847 0.153614 0.0729694
-0.625074 1.78771 -1.78857
0.10091 0.146722 0.0870628
-0.602463 1.923 -1.7393
0.120998 0.14352 0.0818198
-0.700461 1.76012 -1.90694
0.126034 0.145612 0.0800881
-0.713451 1.64966 -2.04585
0.107531 0.143307 0.0994624
-0.643727 1.75971 -2.07766
0.118033 0.143814 0.0739174
-0.687255 1.85074 -1.71326
0.120113 0.158483 0.0777044
-0.648531 1.41906 -2.36833
0.0984978 0.145019 0.0748706
-0.596633 2.03676 -1.48761
0.113702 0.143348 0.0866451
-0.670575 1.82537 -1.86339
0.103508 0.15696 0.0834471
-0.582993 1.73686 -1.95424
0.117739 0.158873 0.0759002
-0.637773 1.53238 -2.17808
0.0996103 0.143688 0.0956066
-0.606176 1.9147 -1.83051
0.115754 0.15232 0.0808251
-0.649834 1.67765 -2.01282
0.107007 0.148603 0.0835116
-0.624081 1.84822 -1.80384
0.118305 0.150621 0.086958
-0.665806 1.56794 -2.23162
0.10306 0.158797 0.0908417
-0.575678 1.56798 -2.27031
0.124487 0.149246 0.0812379
-0.695194 1.57186 -2.17016
0.111047 0.148987 0.0882458
-0.640516 1.73929 -1.99626
0.106562 0.154252 0.0834524
-0.604547 1.75024 -1.93576
0.103705 0.167503 0.07808
-0.554359 1.52169 -2.21481
0.112346 0.16164 0.0752324
-0.607387 1.57659 -2.10639
0.104623 0.153314 0.080053
-0.598823 1.82166 -1.80733
0.110951 0.150931 0.0944758
-0.633903 1.54929 -2.33595
0.106828 0.150262 0.0960971
-0.618034 1.65016 -2.20112
0.0980067 0.157956 0.0785379
-0.555333 1.82634 -1.78727
0.109833 0.159882 0.0816827
-0.601923 1.57835 -2.16483
0.124105 0.156188 0.0770624
-0.671428 1.38549 -2.41465
0.112743 0.155358 0.0757986
-0.627766 1.71051 -1.92007
0.139696 0.143516 0.0747455
-0.77191 1.42611 -2.32859
0.116816 0.157141 0.0809156
-0.639252 1.51315 -2.25501
0.104452 0.14309 0.101729
-0.63056 1.77846 -2.07433
0.103668 0.148293 0.0771698
-0.610103 1.93001 -1.64014
0.105253 0.143799 0.0740948
-0.631846 1.99149 -1.53583
0.0991269 0.153431 0.0884682
-0.573608 1.81476 -1.8948
0.111561 0.143462 0.0976799
-0.660954 1.71208 -2.12726
0.101643 0.148822 0.103497
-0.599213 1.59956 -2.3549
0.106001 0.147701 0.080295
-0.622489 1.89657 -1.7112
0.120411 0.146606 0.0777156
-0.687612 1.74838 -1.88521
0.105789 0.143609 0.0858227
-0.634898 1.92622 -1.72372
0.0991169 0.151212 0.0738227
-0.580219 1.94783 -1.5877
0.106104 0.157028 0.0806246
-0.594233 1.72747 -1.94096
0.120108 0.14626 0.0758348
-0.687531 1.77296 -1.83446
0.115479 0.147603 0.077681
-0.663895 1.80021 -1.81441
0.10433 0.148266 0.0753088
-0.613183 1.93253 -1.62026
0.102681 0.153834 0.0749688
-0.588566 1.86634 -1.70229
0.103829 0.147943 0.086653
-0.611948 1.87287 -1.80047
0.115259 0.150459 0.0728217
-0.653693 1.78646 -1.78892
0.10397 0.158679 0.0718687
-0.58004 1.78834 -1.77782
0.132491 0.150706 0.073473
-0.721165 1.44128 -2.293
0.112382 0.146029 0.0824857
-0.655921 1.83199 -1.81591
0.109714 0.163138 0.0820238
-0.592047 1.39115 -2.45532
0.114561 0.163119 0.0723754
-0.612275 1.52779 -2.15183
0.0996174 0.152612 0.085388
-0.578306 1.85173 -1.81656
0.102817 0.166304 0.0807582
-0.553729 1.53115 -2.22631
0.106707 0.144379 0.0718819
-0.636471 1.97733 -1.53367
0.101683 0.155995 0.0801218
-0.577662 1.80835 -1.82578
0.100063 0.148208 0.0965751
-0.593852 1.81327 -1.9748
0.124985 0.147463 0.0866158
-0.703078 1.46569 -2.38451
0.100461 0.163986 0.0857401
-0.549647 1.56196 -2.22859
0.121759 0.145457 0.0800157
-0.696944 1.72887 -1.93336
0.111621 0.152047 0.088544
-0.633262 1.65043 -2.12558
0.114391 0.166378 0.0728317
-0.602312 1.35934 -2.41443
0.115263 0.165143 0.0738504
-0.609355 1.3576 -2.42712
0.110038 0.15204 0.0813506
-0.626485 1.76522 -1.8956
0.132665 0.151822 0.072218
-0.71816 1.41635 -2.31943
0.101559 0.160301 0.0755346
-0.564723 1.76381 -1.84418
0.107016 0.169354 0.074898
-0.563551 1.41594 -2.34584
0.120719 0.153769 0.0810556
-0.66557 1.5253 -2.23799
0.121931 0.148504 0.0781951
-0.68745 1.68333 -1.98028
0.117853 0.146683 0.0806116
-0.676842 1.76042 -1.89534
0.104469 0.152412 0.0812005
-0.600885 1.83084 -1.80563
0.102371 0.14523 0.106863
-0.613999 1.58239 -2.41894
0.133168 0.148046 0.0722024
-0.732543 1.53809 -2.13492
0.132546 0.144439 0.07509
-0.742489 1.60509 -2.06348
0.11712 0.144 0.0927722
-0.682819 1.67616 -2.12987
0.10947 0.15049 0.0807083
-0.628894 1.80641 -1.83378
0.117655 0.15415 0.0779465
-0.651929 1.63573 -2.04581
0.112543 0.159331 0.0732503
-0.614975 1.65277 -1.97803
0.0992808 0.158838 0.082274
-0.558633 1.76561 -1.90363
0.124555 0.146203 0.0720891
-0.705613 1.73582 -1.85127
0.125816 0.14843 0.075227
-0.703128 1.64694 -2.00451
0.106577 0.151527 0.0975304
-0.612976 1.54702 -2.37155
0.101236 0.145086 0.0975316
-0.609222 1.8475 -1.93785
0.117168 0.150126 0.0721379
-0.662714 1.77137 -1.80316
0.100434 0.14901 0.0772173
-0.593068 1.95202 -1.61279
0.103907 0.156757 0.0815429
-0.585359 1.75431 -1.91235
0.109431 0.161519 0.0809891
-0.595474 1.54535 -2.20725
0.109495 0.155802 0.0879848
-0.612588 1.59226 -2.20549
0.126259 0.143996 0.0755939
-0.719864 1.72304 -1.90077
0.13152 0.15129 0.0741693
-0.715606 1.43285 -2.31264
0.136736 0.143745 0.0748628
-0.760411 1.52409 -2.18067
0.101907 0.171259 0.0721541
-0.536769 1.53284 -2.14227
0.118424 0.152951 0.0782245
-0.658849 1.6468 -2.03252
0.103533 0.158617 0.0792238
-0.578288 1.74278 -1.90678
0.11849 0.153832 0.0786447
-0.656339 1.61892 -2.07662
0.111881 0.155335 0.0822502
-0.624193 1.65643 -2.05652
0.126117 0.154617 0.0738948
-0.684226 1.49224 -2.21938
0.101548 0.163453 0.0775859
-0.555912 1.68195 -1.97658
0.110863 0.148764 0.0824971
-0.640439 1.80451 -1.85283
0.117625 0.150591 0.0851063
-0.663104 1.6245 -2.12997
0.10997 0.147073 0.0804078
-0.642044 1.85978 -1.76012
0.116427 0.146086 0.0902419
-0.672895 1.68173 -2.09698
0.130741 0.147623 0.074967
-0.724825 1.56822 -2.11621
0.12056 0.15191 0.0853723
-0.670846 1.47654 -2.35508
0.106345 0.155526 0.0918797
-0.599753 1.58262 -2.25876
0.111433 0.162411 0.0755816
-0.601348 1.56752 -2.12299
0.106615 0.157775 0.0851062
-0.594257 1.64717 -2.09705
0.0978429 0.147449 0.0938177
-0.585856 1.88783 -1.84841
0.0985302 0.154059 0.0989394
-0.569001 1.63564 -2.25185
0.112878 0.149353 0.0785336
-0.647189 1.79843 -1.82459
0.117264 0.147174 0.0770369
-0.672769 1.78811 -1.82485
0.114286 0.15093 0.0771582
-0.6481 1.76194 -1.86152
0.122856 0.157855 0.0735872
-0.661357 1.4743 -2.24365
0.107631 0.161947 0.0765259
-0.586575 1.63656 -2.0314
0.112546 0.153308 0.0802218
-0.633259 1.71444 -1.95537
0.115871 0.143332 0.080542
-0.679848 1.84528 -1.78045
0.102466 0.154408 0.071933
-0.585881 1.87446 -1.66455
0.1221 0.153709 0.0718705
-0.671291 1.63181 -1.9953
0.109403 0.165411 0.0771216
-0.584348 1.4783 -2.2713
0.115284 0.157272 0.0821233
-0.632546 1.52298 -2.25188
0.123311 0.145261 0.0868904
-0.703851 1.61135 -2.16654
0.111421 0.161531 0.0779032
-0.603835 1.55784 -2.15916
0.107083 0.145573 0.0798951
-0.63422 1.91943 -1.67821
0.098652 0.145355 0.104263
-0.596286 1.77467 -2.10568
0.1063 0.145326 0.0732779
-0.631528 1.96309 -1.56375
0.11985 0.147329 0.0835774
-0.682909 1.68395 -2.02979
0.0985808 0.153697 0.0750413
-0.570303 1.91022 -1.64626
0.119119 0.149641 0.0794741
-0.672317 1.69379 -1.9774
0.109952 0.159552 0.0806471
-0.603394 1.60355 -2.1179
0.0994323 0.163694 0.0824924
-0.545862 1.65021 -2.06774
0.119312 0.147757 0.075083
-0.679288 1.76365 -1.84029
0.114844 0.1605 0.0723327
-0.621077 1.59616 -2.05095
0.106631 0.144345 0.092899
-0.636244 1.84221 -1.90006
0.0978911 0.144002 0.0825175
-0.597033 2.02249 -1.57345
0.101566 0.157588 0.0900377
-0.572502 1.66278 -2.12228
0.0994729 0.161277 0.0765946
-0.552667 1.76234 -1.85583
0.104213 0.155978 0.0878006
-0.589014 1.69531 -2.05392
0.0993485 0.169908 0.0757637
-0.529108 1.56992 -2.12116
0.115032 0.144173 0.09622
-0.673444 1.64387 -2.21164
0.119119 0.148135 0.0734375
-0.677253 1.77082 -1.81564
0.103602 0.150035 0.093421
-0.604333 1.76497 -2.01044
0.117264 0.147368 0.0813017
-0.672127 1.75024 -1.91573
0.114748 0.149446 0.0895976
-0.654812 1.63782 -2.15425
0.121865 0.148127 0.0888631
-0.688433 1.47485 -2.39318
0.107219 0.161436 0.0820978
-0.586265 1.57747 -2.17011
0.101428 0.150654 0.0863064
-0.592546 1.8575 -1.81747
0.0981667 0.143157 0.0798336
-0.601084 2.04469 -1.5224
0.111194 0.149389 0.0855512
-0.639859 1.75964 -1.94248
0.119754 0.144118 0.081327
-0.693328 1.77249 -1.88544
0.0992689 0.145799 0.0781111
-0.597765 2.00539 -1.55462
0.101562 0.144419 0.0808851
-0.612902 1.98902 -1.59973
0.110481 0.149101 0.0948644
-0.637704 1.63101 -2.21684
0.135322 0.14593 0.0724882
-0.747701 1.538 -2.13772
0.130461 0.144939 0.0831138
-0.732873 1.49222 -2.30842
0.109184 0.148931 0.0937159
-0.632608 1.69057 -2.11847
0.121442 0.16064 0.0728249
-0.647323 1.41294 -2.33053
0.115297 0.154615 0.0859941
-0.640745 1.52564 -2.28592
0.102104 0.16753 0.0718586
-0.547353 1.635 -1.99063
0.100611 0.143457 0.0815015
-0.61162 2.00894 -1.5808
0.0983603 0.164027 0.0723441
-0.540169 1.75223 -1.83108
0.105819 0.152826 0.0881426
-0.605615 1.73878 -1.99598
0.109095 0.160753 0.0727609
-0.596251 1.67789 -1.93801
0.114847 0.14399 0.083241
-0.673279 1.82787 -1.82838
0.100559 0.174732 0.0725917
-0.522215 1.4041 -2.34201
0.123412 0.147752 0.0796218
-0.695879 1.65738 -2.03043
0.120629 0.151692 0.0779547
-0.671821 1.63899 -2.04119
0.105649 0.157887 0.073258
-0.589715 1.7744 -1.80915
0.124254 0.144269 0.0744388
-0.710999 1.75727 -1.84314
0.0986467 0.15016 0.093276
-0.581241 1.83333 -1.9156
0.102266 0.169795 0.0738238
-0.542103 1.54808 -2.13524
0.110715 0.162272 0.0775481
-0.598737 1.55569 -2.15899
0.098543 0.150519 0.0740765
-0.579664 1.96237 -1.57175
0.108144 0.168051 0.0753989
-0.571806 1.43488 -2.32134
0.124027 0.143303 0.0824412
-0.713418 1.70849 -1.98443
0.107323 0.152252 0.091466
-0.614009 1.67789 -2.1145
0.120985 0.154424 0.0820364
-0.664573 1.44855 -2.36516
0.116935 0.145775 0.0779531
-0.676057 1.80958 -1.80432
0.0997938 0.16437 0.0794147
-0.545645 1.66615 -2.01597
0.114832 0.151636 0.0906979
-0.648147 1.51583 -2.3484
0.102901 0.158671 0.0790846
-0.575334 1.75111 -1.89403
0.0984839 0.169206 0.078046
-0.527106 1.57261 -2.13868
0.113648 0.152531 0.0791674
-0.640347 1.72379 -1.93258
0.12743 0.145412 0.0725384
-0.719586 1.7027 -1.90122
0.0993896 0.156709 0.0770082
-0.565209 1.84269 -1.75171
0.113444 0.149264 0.0879614
-0.649884 1.6962 -2.05421
0.1122 0.156004 0.0808684
-0.623502 1.65239 -2.04927
0.120166 0.143293 0.0781148
-0.697841 1.80569 -1.811
0.117403 0.154801 0.0739376
-0.64886 1.66743 -1.96352
0.112415 0.152944 0.0737431
-0.633834 1.77481 -1.81299
0.115941 0.155918 0.0818924
-0.639395 1.56089 -2.19275
0.120988 0.148023 0.0864959
-0.685236 1.59421 -2.18797
0.129791 0.145549 0.0719988
-0.72823 1.66535 -1.94876
0.109446 0.167235 0.0751582
-0.579492 1.44134 -2.30907
0.117216 0.146115 0.0832949
-0.676091 1.75572 -1.92672
0.108741 0.160503 0.0726411
-0.595465 1.68906 -1.92122
0.100156 0.145198 0.0776462
-0.603841 2.00737 -1.54803
0.100098 0.156751 0.0760684
-0.568303 1.84001 -1.74675
0.103182 0.14857 0.0851446
-0.607026 1.88169 -1.77496
0.102231 0.152764 0.0891969
-0.589763 1.77959 -1.94956
0.101741 0.151403 0.0718004
-0.591679 1.92778 -1.59501
0.115514 0.155921 0.0762461
-0.63762 1.65126 -2.00775
0.11961 0.143273 0.078589
-0.695629 1.81031 -1.80914
0.105343 0.161759 0.0726963
-0.577242 1.70895 -1.89394
0.135653 0.146623 0.0762753
-0.746555 1.40496 -2.37635
0.115894 0.149443 0.0898057
-0.659625 1.60564 -2.20365
0.122156 0.147638 0.0747135
-0.691226 1.72728 -1.88686
0.118879 0.158873 0.0764117
-0.642389 1.49064 -2.24573
0.11223 0.147046 0.0817913
-0.651915 1.82207 -1.82274
0.12158 0.143755 0.0879849
-0.702015 1.67136 -2.08993
0.116123 0.159602 0.0788916
-0.628996 1.4824 -2.28214
0.103058 0.152842 0.0968438
-0.593254 1.63082 -2.23734
0.11266 0.144073 0.0790743
-0.663648 1.88296 -1.71773
0.120419 0.148858 0.0752236
-0.680174 1.72701 -1.89189
0.10096 0.144434 0.0901073
-0.610058 1.93568 -1.75143
0.108685 0.159039 0.0759592
-0.599489 1.69219 -1.94716
0.0981944 0.146507 0.0726623
-0.59047 2.02725 -1.4795
0.1061 0.145082 0.0736038
-0.631433 1.96722 -1.5615
0.107793 0.158769 0.0772277
-0.596445 1.69916 -1.94905
0.113266 0.167366 0.0724358
-0.594955 1.36209 -2.40623
0.104562 0.167051 0.0768899
-0.559265 1.542 -2.1731
0.103847 0.150218 0.0733453
-0.604868 1.91758 -1.6217
0.109684 0.15168 0.0826837
-0.626081 1.7649 -1.90841
0.109282 0.151336 0.0930063
-0.625417 1.63158 -2.19725
0.105151 0.157593 0.0802891
-0.588393 1.73222 -1.93125
0.103543 0.163542 0.0779082
-0.564422 1.64675 -2.02963
0.106916 0.145573 0.0741606
-0.633477 1.94964 -1.58844
0.105824 0.146427 0.0752812
-0.625806 1.94389 -1.60567
0.104752 0.145529 0.092295
-0.623892 1.85198 -1.88124
0.113138 0.152034 0.0767048
-0.639754 1.76097 -1.85871
0.101895 0.1629 0.0834355
-0.558962 1.6155 -2.12704
0.101594 0.161335 0.0873243
-0.561978 1.59764 -2.19101
0.111006 0.158828 0.0743018
-0.609993 1.67752 -1.9526
0.105242 0.161516 0.0809967
-0.577492 1.63151 -2.08055
0.101885 0.145377 0.0840776
-0.611287 1.95351 -1.67307
0.111748 0.144359 0.0854144
-0.658744 1.84494 -1.8258
0.102066 0.165421 0.0847471
-0.552834 1.47033 -2.35843
0.116859 0.156379 0.0813059
-0.641757 1.53262 -2.2294
0.102368 0.155966 0.0889602
-0.580824 1.70906 -2.0456
0.139345 0.14396 0.0736907
-0.76911 1.45405 -2.2755
0.10902 0.144982 0.0906272
-0.644751 1.82189 -1.90565
0.10119 0.152712 0.0776948
-0.585194 1.88516 -1.70239
0.100361 0.14767 0.101325
-0.596924 1.74337 -2.11969
0.101777 0.146775 0.0721046
-0.606296 1.99208 -1.51744
0.122026 0.156501 0.0772978
-0.66225 1.46526 -2.29294
0.100312 0.166851 0.0754205
-0.541305 1.64194 -2.01344
0.111884 0.150579 0.0810846
-0.639022 1.76958 -1.88717
0.126122 0.1458 0.0849108
-0.713161 1.56058 -2.22252
0.10207 0.15268 0.0844918
-0.589284 1.829 -1.83845
0.105511 0.143112 0.0759145
-0.635299 1.99088 -1.55279
0.129998 0.15168 0.0767292
-0.708575 1.37036 -2.43527
0.109536 0.143767 0.0865566
-0.651071 1.87368 -1.79852
0.114975 0.158611 0.0788124
-0.627235 1.55478 -2.17234
0.113586 0.14551 0.073071
-0.662801 1.88265 -1.6641
0.0993166 0.151739 0.0723572
-0.579548 1.94419 -1.57923
0.110756 0.15859 0.0767487
-0.609637 1.66309 -1.99556
0.135032 0.145516 0.0741304
-0.748044 1.53165 -2.1625
0.105887 0.155487 0.0933381
-0.59786 1.54584 -2.32944
0.118943 0.146577 0.0877355
-0.681696 1.65944 -2.10468
0.109118 0.149003 0.0945014
-0.632092 1.67445 -2.14956
0.0984068 0.145121 0.0821575
-0.595878 2.00348 -1.59343
0.10906 0.146421 0.081289
-0.640189 1.8752 -1.74799
0.103544 0.150333 0.0978661
-0.603143 1.67915 -2.17672
0.123718 0.158852 0.0722929
-0.661695 1.43251 -2.29523
0.104815 0.159453 0.0756046
-0.581518 1.73931 -1.87839
0.103561 0.157736 0.0800312
-0.580963 1.75294 -1.90025
0.104089 0.172137 0.0717525
-0.543858 1.45723 -2.25226
0.114617 0.150201 0.0755817
-0.651827 1.78167 -1.82033
0.104731 0.159277 0.0754629
-0.581658 1.74484 -1.86949
0.116048 0.144878 0.0915263
-0.675355 1.69795 -2.08631
0.104494 0.152318 0.0911053
-0.601287 1.73155 -2.03462
0.111045 0.143966 0.0783743
-0.657012 1.90744 -1.6798
0.106228 0.150952 0.0923495
-0.613221 1.71669 -2.06773
0.101139 0.160511 0.0897743
-0.562263 1.57906 -2.24294
0.109212 0.150705 0.0929027
-0.627094 1.65559 -2.16103
0.105676 0.168423 0.0754658
-0.560357 1.49216 -2.23441
0.104679 0.150485 0.0980812
-0.607773 1.64149 -2.23425
0.114705 0.159861 0.0734961
-0.622394 1.60156 -2.05384
0.105592 0.146357 0.0951215
-0.624988 1.79077 -1.99138
0.103582 0.145451 0.0798633
-0.618828 1.95886 -1.62804
0.109745 0.154415 0.0850256
-0.617879 1.67896 -2.05064
0.099883 0.149677 0.0786406
-0.588457 1.94046 -1.64016
0.11623 0.145683 0.080957
-0.673414 1.79844 -1.8468
0.108355 0.152162 0.0809581
-0.6188 1.78882 -1.85982
0.0989826 0.156183 0.079298
-0.564875 1.84152 -1.77406
0.12927 0.143647 0.0728025
-0.732768 1.70304 -1.90314
0.117726 0.162179 0.0754676
-0.627898 1.37799 -2.41078
0.105047 0.170687 0.0733178
-0.551691 1.45974 -2.26325
0.101645 0.155904 0.0959747
-0.577758 1.56423 -2.32868
0.131699 0.148921 0.0765576
-0.724105 1.46595 -2.28474
0.0987545 0.167571 0.0717942
-0.532536 1.67993 -1.92633
0.0990482 0.159022 0.077878
-0.557059 1.80018 -1.81626
0.12327 0.151347 0.0840502
-0.683514 1.4249 -2.42244
0.131856 0.143677 0.0758113
-0.742523 1.6281 -2.03693
0.119893 0.148838 0.0859123
-0.678101 1.60839 -2.16136
0.107894 0.158831 0.0777303
-0.596698 1.69157 -1.96436
0.108057 0.146701 0.0731522
-0.634856 1.92592 -1.60939
0.106918 0.156655 0.0737202
-0.598889 1.77816 -1.80824
0.125604 0.155682 0.0743719
-0.67887 1.45435 -2.28153
0.0990916 0.151258 0.0903532
-0.579963 1.83775 -1.88175
0.0995392 0.148455 0.0919019
-0.590653 1.86851 -1.85557
0.0977713 0.163609 0.0906004
-0.538647 1.48553 -2.39442
0.0993516 0.159409 0.0826176
-0.55734 1.74978 -1.9286
0.108797 0.159884 0.072676
-0.597498 1.7006 -1.9054
0.0983457 0.153857 0.0971423
-0.568747 1.69319 -2.14901
0.105192 0.14754 0.0728891
-0.619381 1.94472 -1.5833
0.101286 0.14798 0.0736253
-0.600218 1.97425 -1.55295
0.098169 0.149011 0.0913906
-0.582538 1.87972 -1.83596
0.111595 0.161733 0.0762955
-0.603981 1.57366 -2.12066
0.118245 0.143565 0.0879101
-0.688987 1.73884 -1.99368
0.100188 0.163182 0.0727165
-0.550626 1.74476 -1.84467
0.104487 0.152598 0.0954952
-0.600396 1.64152 -2.20773
0.0979617 0.147726 0.098406
-0.58555 1.82782 -1.97302
0.109436 0.157138 0.081181
-0.608329 1.66832 -2.02943
0.130701 0.144201 0.0751435
-0.73633 1.64668 -2.00411
0.105654 0.154448 0.0817659
-0.59996 1.77449 -1.88677
0.0989906 0.149061 0.0843274
-0.586219 1.92555 -1.71082
0.108954 0.147103 0.0861739
-0.637499 1.82757 -1.85603
0.102393 0.156072 0.0738358
-0.580625 1.83915 -1.72778
0.103416 0.17122 0.0750205
-0.543352 1.43467 -2.31802
0.132074 0.144358 0.0736269
-0.740987 1.6327 -2.01013
0.111269 0.152868 0.0900013
-0.629192 1.60261 -2.21009
0.128802 0.150439 0.0786361
-0.708068 1.44649 -2.33484
0.116174 0.158206 0.0732928
-0.63339 1.61821 -2.02789
0.118368 0.155695 0.0827399
-0.650034 1.46555 -2.34578
0.0999958 0.16856 0.0811841
-0.53543 1.49518 -2.28493
0.134872 0.146962 0.0721816
-0.742526 1.52529 -2.15375
0.112354 0.15226 0.0762514
-0.635718 1.77068 -1.84134
0.102123 0.14777 0.0818051
-0.604725 1.92857 -1.68391
0.126233 0.152093 0.0717692
-0.692753 1.59321 -2.05004
0.0977135 0.157709 0.0756304
-0.554693 1.85162 -1.72751
0.119096 0.15723 0.0765342
-0.648262 1.54154 -2.17042
0.114172 0.153966 0.0821072
-0.638064 1.6508 -2.06325
0.118002 0.15288 0.0846694
-0.657346 1.55042 -2.2354
0.100515 0.149288 0.09426
-0.592577 1.81443 -1.95065
0.101419 0.164287 0.0812605
-0.553066 1.61808 -2.10254
0.115696 0.156132 0.0781649
-0.637725 1.62043 -2.06993
0.113871 0.149862 0.0901755
-0.649767 1.63363 -2.16607
0.124578 0.143047 0.0904602
-0.716495 1.55959 -2.27915
0.110913 0.148502 0.0894789
-0.6415 1.73617 -2.01243
0.0999869 0.145112 0.0835152
-0.603327 1.98041 -1.63426
0.109899 0.156347 0.0867897
-0.612681 1.59067 -2.19609
0.109371 0.156148 0.087258
-0.611015 1.59976 -2.18722
0.110253 0.149308 0.0829948
-0.636053 1.79866 -1.86534
0.112768 0.16225 0.0736784
-0.607379 1.57224 -2.0983
0.113497 0.149244 0.091796
-0.650175 1.62627 -2.19297
0.105652 0.147466 0.0818177
-0.621682 1.8946 -1.72761
0.106006 0.155555 0.0886773
-0.598179 1.66101 -2.11156
0.107588 0.155623 0.0825031
-0.604889 1.71652 -1.97376
0.122118 0.150647 0.0770574
-0.681184 1.64591 -2.02292
0.0993762 0.172815 0.0723977
-0.521867 1.52659 -2.15382
0.106504 0.143083 0.0927545
-0.639877 1.86802 -1.86433
0.11991 0.154248 0.0811594
-0.660799 1.52866 -2.23394
0.129338 0.148216 0.0773707
-0.717489 1.54809 -2.1686
0.116346 0.151784 0.0753419
-0.653993 1.73132 -1.887
0.117443 0.15823 0.0777726
-0.638509 1.52612 -2.20521
0.111431 0.155147 0.0818176
-0.622855 1.67424 -2.02698
0.11358 0.146594 0.0750731
-0.659184 1.85628 -1.71637
0.115813 0.146937 0.0888104
-0.667492 1.69546 -2.06345
0.120948 0.144321 0.0847733
-0.697514 1.71464 -1.99775
0.121521 0.159718 0.0726641
-0.650407 1.46097 -2.25518
0.0984619 0.154921 0.0876115
-0.566157 1.80256 -1.90321
0.101142 0.152895 0.0930749
-0.584425 1.74248 -2.03845
0.106793 0.144711 0.0914199
-0.635758 1.84887 -1.87704
0.104147 0.159534 0.0816007
-0.578357 1.69083 -2.00142
0.104643 0.154481 0.0811512
-0.595388 1.79203 -1.85726
0.114515 0.164724 0.0737924
-0.607494 1.43459 -2.30634
0.104578 0.143944 0.104525
-0.628302 1.68612 -2.23592
0.122469 0.158548 0.0727236
-0.657708 1.47769 -2.23033
0.0988157 0.157615 0.0950334
-0.559995 1.60475 -2.25766
0.12389 0.143713 0.0761855
-0.711459 1.7596 -1.85584
0.103624 0.151943 0.09541
-0.59854 1.6831 -2.14614
0.107867 0.15183 0.0955854
-0.617701 1.57262 -2.31185
0.106036 0.149122 0.100614
-0.618117 1.54731 -2.40428
0.111115 0.149678 0.0923028
-0.638595 1.65707 -2.1529
0.102097 0.164548 0.0722452
-0.555335 1.69761 -1.90566
0.105899 0.16356 0.0761461
-0.57459 1.62906 -2.03865
0.127576 0.14399 0.0862776
-0.725029 1.54425 -2.26052
0.105465 0.158323 0.0820094
-0.587636 1.69403 -2.00073
0.0997809 0.168857 0.0732106
-0.533715 1.62329 -2.01982
0.110579 0.150758 0.0850591
-0.632851 1.74643 -1.95611
0.112314 0.1445 0.097954
-0.660719 1.65801 -2.20856
0.115982 0.15332 0.0847976
-0.647628 1.58624 -2.18322
0.105703 0.146437 0.0908857
-0.625228 1.83743 -1.88724
0.103026 0.143888 0.103715
-0.621394 1.7443 -2.14302
0.109126 0.143008 0.077833
-0.651819 1.94559 -1.62641
0.108723 0.165251 0.0778155
-0.581928 1.48794 -2.2633
0.104689 0.154927 0.07954
-0.594251 1.79594 -1.83715
0.100644 0.146974 0.10564
-0.600435 1.63078 -2.33072
0.104981 0.171342 0.0737698
-0.549704 1.41125 -2.34223
0.107164 0.155769 0.0730966
-0.602605 1.7945 -1.78058
0.119845 0.155873 0.0797183
-0.655463 1.50176 -2.26067
0.106372 0.16406 0.072891
-0.575231 1.64368 -1.98768
0.101945 0.160409 0.0862869
-0.566138 1.63993 -2.11892
0.102633 0.157718 0.0734077
-0.576895 1.81125 -1.76095
0.120846 0.152981 0.0813943
-0.668578 1.54296 -2.21473
0.117866 0.148842 0.0913037
-0.669773 1.51295 -2.35908
0.115964 0.150555 0.0768681
-0.656333 1.74764 -1.87847
0.11491 0.146154 0.0847019
-0.666287 1.77581 -1.91231
0.105961 0.148126 0.0760582
-0.620947 1.9139 -1.65068
0.100202 0.145023 0.0856045
-0.604617 1.9668 -1.67035
0.102894 0.150878 0.0948336
-0.598522 1.73544 -2.06563
0.107492 0.152427 0.0852372
-0.61421 1.75577 -1.94486
0.133206 0.145305 0.0738233
-0.741985 1.58595 -2.07958
0.0989298 0.150904 0.0948109
-0.580288 1.7957 -1.98157
0.129149 0.146136 0.079423
-0.723769 1.57799 -2.14379
0.126568 0.143374 0.0830759
-0.723218 1.6508 -2.07243
0.120882 0.146699 0.0863506
-0.689213 1.63803 -2.12228
0.120525 0.147017 0.0851062
-0.686701 1.65733 -2.0824
0.126322 0.147436 0.0749351
-0.708425 1.66169 -1.98081
0.110577 0.152541 0.0901377
-0.627242 1.62718 -2.17516
0.105323 0.153257 0.0759466
-0.602106 1.84124 -1.74402
0.101675 0.160343 0.0771928
-0.565123 1.74916 -1.87935
0.104706 0.156477 0.0762216
-0.589718 1.79158 -1.81276
0.115403 0.15926 0.0747693
-0.627059 1.5886 -2.08451
0.101441 0.144112 0.08061
-0.613339 1.996 -1.58863
0.122894 0.154683 0.0769476
-0.671372 1.52033 -2.20605
0.121195 0.143562 0.0905385
-0.701118 1.63891 -2.16192
0.105596 0.158424 0.0784459
-0.587917 1.72601 -1.92283
0.10035 0.158091 0.0851675
-0.565589 1.7379 -1.96897
0.108683 0.16315 0.0807369
-0.587647 1.50564 -2.26465
0.1358 0.147921 0.0719876
-0.742704 1.4704 -2.23444
0.110322 0.143634 0.0895072
-0.654972 1.83971 -1.87113
0.109796 0.15104 0.0722709
-0.628574 1.84593 -1.70483
0.122644 0.143627 0.0826451
-0.706757 1.72353 -1.96529
0.105945 0.151797 0.0874353
-0.609344 1.76706 -1.95006
0.109194 0.150048 0.0976666
-0.629095 1.48727 -2.46676
0.0988965 0.159805 0.0851936
-0.55417 1.71962 -1.99474
0.102034 0.149955 0.0916347
-0.597474 1.81139 -1.92948
0.103637 0.148699 0.0976085
-0.608682 1.72919 -2.10212
0.103341 0.157031 0.0854959
-0.582043 1.71453 -2.00475
0.126456 0.143163 0.0898573
-0.723512 1.49202 -2.37664
0.10319 0.149121 0.0905234
-0.605327 1.82424 -1.9015
0.0983858 0.160835 0.0876747
-0.548992 1.66774 -2.09213
0.100405 0.169899 0.0774795
-0.533753 1.51878 -2.21345
0.0991348 0.146307 0.106625
-0.59552 1.66859 -2.28456
0.118174 0.143457 0.0826684
-0.689061 1.7956 -1.86644
0.110615 0.149939 0.0750525
-0.635605 1.83909 -1.7388
0.100803 0.144353 0.0840659
-0.609592 1.98001 -1.63979
0.12071 0.146763 0.0725964
-0.688299 1.77735 -1.7992
0.102317 0.167786 0.0737229
-0.547598 1.60617 -2.04925
0.105573 0.165515 0.0785182
-0.567782 1.54307 -2.18698
0.108044 0.152356 0.0814146
-0.616843 1.78555 -1.86846
0.103678 0.151308 0.0845647
-0.600729 1.83347 -1.83316
0.112185 0.149306 0.0856135
-0.644382 1.74569 -1.96235
0.102188 0.154565 0.0977356
-0.584163 1.52791 -2.40344
0.108155 0.14535 0.0785018
-0.639716 1.91869 -1.66656
0.110812 0.149017 0.0846313
-0.639406 1.78159 -1.90375
0.104024 0.16003 0.0721909
-0.576392 1.76175 -1.81672
0.105915 0.150457 0.0876637
-0.613374 1.79177 -1.91837
0.105311 0.155793 0.0856832
-0.594411 1.71048 -2.01223
0.111292 0.157799 0.0868644
-0.614258 1.47135 -2.37821
0.139094 0.14437 0.0745314
-0.766787 1.41918 -2.33728
0.117843 0.143177 0.0751961
-0.688643 1.8558 -1.71812
0.102615 0.159239 0.0734259
-0.572437 1.78481 -1.7966
0.104691 0.154862 0.0867084
-0.594457 1.72842 -1.99679
0.13292 0.1499 0.0731205
-0.725434 1.46868 -2.24776
0.10284 0.165025 0.0834885
-0.557289 1.51408 -2.27873
0.100563 0.155787 0.0872597
-0.573214 1.76116 -1.95653
0.124916 0.147163 0.0830052
-0.703816 1.59034 -2.15982
0.104885 0.170205 0.072238
-0.552266 1.5058 -2.18339
0.120275 0.143642 0.0820371
-0.69709 1.76695 -1.8996
0.118626 0.148651 0.0829435
-0.673534 1.68438 -2.02319
0.119562 0.144893 0.0942283
-0.689905 1.5189 -2.38027
0.10413 0.144244 0.0908699
-0.625278 1.89571 -1.81012
0.113583 0.149561 0.0730441
-0.649518 1.82077 -1.745
0.105071 0.147675 0.0920253
-0.618402 1.81023 -1.9348
0.105467 0.16842 0.073433
-0.559471 1.535 -2.15098
0.112518 0.151083 0.0889119
-0.640131 1.65221 -2.12658
0.113168 0.152356 0.0866325
-0.638869 1.6435 -2.11707
0.121822 0.149049 0.0757183
-0.685219 1.69764 -1.93731
0.122072 0.151424 0.075756
-0.678487 1.64359 -2.01417
0.122699 0.149573 0.0834564
-0.687014 1.56363 -2.20379
0.119321 0.153459 0.0726542
-0.660899 1.67589 -1.93984
0.104982 0.151683 0.0753323
-0.605416 1.87373 -1.69593
0.123605 0.14466 0.0881724
-0.707071 1.59452 -2.20398
0.135264 0.145275 0.0757276
-0.749728 1.50255 -2.2212
0.10131 0.172714 0.0752547
-0.530491 1.40891 -2.36025
0.117989 0.152701 0.0861776
-0.657859 1.51287 -2.30723
0.0989979 0.154059 0.0899438
-0.571155 1.78817 -1.94494
0.102409 0.146501 0.10341
-0.610077 1.68469 -2.22619
0.116579 0.147303 0.0889894
-0.669488 1.6686 -2.10364
0.105971 0.150419 0.0954482
-0.613741 1.67928 -2.15206
0.114389 0.150198 0.0827239
-0.650877 1.72447 -1.96471
0.097706 0.154547 0.0949089
-0.563766 1.7276 -2.07746
0.100195 0.169506 0.0800449
-0.53385 1.47512 -2.3045
0.115516 0.160483 0.0748493
-0.623895 1.55035 -2.14148
0.10418 0.157864 0.0772005
-0.583329 1.76559 -1.85692
0.106977 0.14471 0.0829349
-0.636586 1.91523 -1.71127
0.119218 0.14702 0.0859106
-0.681351 1.67128 -2.07008
0.102626 0.148772 0.0746302
-0.603862 1.94553 -1.59779
0.108822 0.148195 0.0768557
-0.63339 1.87716 -1.7052
0.107914 0.159465 0.0729046
-0.594936 1.71902 -1.88185
0.106322 0.146937 0.0916
-0.626383 1.81195 -1.92839
0.102294 0.160888 0.0777271
-0.566336 1.72589 -1.91637
0.100515 0.157549 0.0831541
-0.567886 1.76766 -1.909
0.0984669 0.156659 0.0752458
-0.561144 1.86334 -1.7087
0.111833 0.157766 0.0804899
-0.616643 1.61903 -2.09385
0.118558 0.143692 0.0728846
-0.689853 1.8514 -1.70314
0.107962 0.164768 0.0717357
-0.580048 1.61356 -2.02028
0.108231 0.147649 0.0937678
-0.632552 1.73926 -2.04976
0.104737 0.15471 0.0804462
-0.595115 1.79229 -1.8504
0.118538 0.155801 0.0757781
-0.650393 1.60515 -2.06979
0.10122 0.157865 0.0842949
-0.570151 1.74032 -1.95739
0.121417 0.154543 0.0808221
-0.665932 1.47258 -2.316
0.110691 0.145736 0.0731359
-0.649572 1.9115 -1.62759
0.131618 0.148686 0.0724626
-0.724586 1.55452 -2.11306
0.102836 0.145349 0.101581
-0.61575 1.75413 -2.10703
0.128714 0.14999 0.0789045
-0.709207 1.46507 -2.30881
0.109811 0.151345 0.0953235
-0.62768 1.53001 -2.37453
0.105637 0.143361 0.103354
-0.63504 1.71325 -2.18392
0.126481 0.149126 0.0773555
-0.703418 1.59157 -2.10434
0.0995445 0.144356 0.0859097
-0.603695 1.98158 -1.65471
0.0995565 0.157671 0.0849213
-0.563201 1.76019 -1.93579
0.0998732 0.143554 0.10396
-0.607846 1.80397 -2.06162
0.114865 0.150868 0.0836717
-0.650731 1.69143 -2.02007
0.108703 0.158123 0.0846036
-0.602258 1.60431 -2.15468
0.101129 0.155383 0.0959412
-0.576962 1.60771 -2.26254
0.11445 0.156343 0.0733359
-0.631909 1.68626 -1.93148
0.121016 0.144735 0.0889371
-0.696382 1.64174 -2.14204
0.108029 0.150032 0.0937476
-0.624046 1.68279 -2.12999
0.122568 0.15412 0.0723173
-0.671853 1.60969 -2.03121
0.110549 0.153484 0.0810073
-0.624198 1.73286 -1.93702
0.100196 0.160004 0.0820288
-0.559468 1.73192 -1.94784
0.123796 0.153655 0.0722075
-0.678191 1.59863 -2.0462
0.108254 0.143831 0.100677
-0.645193 1.70699 -2.16516
0.120753 0.146761 0.0850611
-0.688481 1.65969 -2.07857
0.105596 0.155117 0.0746225
-0.597691 1.81489 -1.76704
0.11399 0.14821 0.0763062
-0.655622 1.81843 -1.77753
0.103759 0.144477 0.102017
-0.622817 1.75089 -2.11611
0.124284 0.151249 0.0817444
-0.687846 1.49109 -2.29668
0.115161 0.147172 0.088192
-0.663972 1.71076 -2.03581
0.124669 0.144356 0.0805137
-0.712349 1.6969 -1.9827
0.102391 0.145839 0.0960796
-0.612122 1.83507 -1.94039
0.120638 0.155807 0.0758665
-0.65886 1.55999 -2.13677
0.0991143 0.152787 0.0746967
-0.575468 1.92051 -1.63005
0.123352 0.146358 0.0738873
-0.700302 1.73842 -1.86399
0.10886 0.148549 0.0760894
-0.632418 1.87546 -1.70049
0.127298 0.14921 0.0805647
-0.706318 1.50504 -2.2639
0.0987473 0.160834 0.0782401
-0.550628 1.76695 -1.86458
0.102919 0.156078 0.073296
-0.58296 1.83624 -1.72677
0.113876 0.160111 0.0788118
-0.618222 1.53025 -2.20896
0.103112 0.14546 0.0788916
-0.616651 1.96855 -1.60716
0.114794 0.152795 0.0732513
-0.644326 1.74949 -1.84303
0.106554 0.154115 0.0844773
-0.604929 1.74254 -1.95602
0.1161 0.157358 0.0822938
-0.635653 1.48557 -2.31053
0.131396 0.144204 0.0842282
-0.738957 1.42457 -2.42476
0.110294 0.151115 0.0832789
-0.630491 1.76164 -1.91844
0.100963 0.143448 0.0727336
-0.613292 2.04257 -1.46168
0.0989221 0.153046 0.0785755
-0.573809 1.89848 -1.69313
0.129866 0.153319 0.0732748
-0.702768 1.43009 -2.30832
0.103806 0.1601 0.0854767
-0.575239 1.62788 -2.12861
0.111317 0.157192 0.084708
-0.616182 1.57266 -2.20252
0.102985 0.149714 0.0978827
-0.602543 1.70858 -2.13434
0.101255 0.165262 0.0734513
-0.5497 1.68384 -1.93592
0.130903 0.146266 0.0723627
-0.730027 1.62745 -2.00606
0.11042 0.153993 0.0829628
-0.622076 1.70345 -1.99641
0.114048 0.151987 0.0887317
-0.643743 1.59233 -2.21275
0.103326 0.156867 0.0810485
-0.582455 1.7642 -1.8942
0.105119 0.148437 0.0920114
-0.616189 1.79454 -1.95605
0.0997409 0.159344 0.0838189
-0.559281 1.73371 -1.96211
0.112817 0.14793 0.083008
-0.651539 1.78863 -1.87904
0.111831 0.149026 0.0906583
-0.643764 1.69036 -2.08868
0.0993439 0.160847 0.0853676
-0.553283 1.68585 -2.04409
0.100623 0.169911 0.0729499
-0.534671 1.58539 -2.07231
0.138118 0.145076 0.0750512
-0.760836 1.41146 -2.35429
0.113242 0.14346 0.0836138
-0.668219 1.85476 -1.79614
0.107619 0.152025 0.0789719
-0.61601 1.81558 -1.80557
0.101761 0.15663 0.0948737
-0.576157 1.56816 -2.31125
0.107649 0.152558 0.0850212
-0.614492 1.75312 -1.94649
0.113047 0.146874 0.0890588
-0.655981 1.74184 -2.00048
0.114017 0.153308 0.0863066
-0.639466 1.60296 -2.17319
0.117944 0.145746 0.0797223
-0.680353 1.78325 -1.856
0.117944 0.147559 0.0855322
-0.674315 1.68802 -2.04257
0.11105 0.149219 0.0790812
-0.639784 1.82021 -1.80039
0.100217 0.150767 0.0826923
-0.58665 1.89608 -1.7337
0.121389 0.160608 0.0732418
-0.64721 1.40132 -2.35259
0.107257 0.157007 0.076396
-0.599318 1.74882 -1.87253
0.128751 0.151174 0.077818
-0.705467 1.43864 -2.339
0.0986386 0.160865 0.0919632
-0.550052 1.56411 -2.28753
0.120834 0.143797 0.0919631
-0.698839 1.60806 -2.22158
0.100568 0.143992 0.103222
-0.609673 1.79569 -2.06555
0.104294 0.15358 0.0974678
-0.596553 1.50563 -2.43552
0.109421 0.155282 0.0906217
-0.613848 1.53719 -2.31483
0.120995 0.152757 0.0770257
-0.66989 1.61786 -2.063
0.128855 0.143157 0.0814748
-0.732871 1.63022 -2.08695
0.101683 0.151638 0.0744797
-0.590696 1.91326 -1.63735
0.112789 0.146103 0.0779838
-0.657424 1.85662 -1.74221
0.119084 0.151151 0.0856887
-0.667288 1.5579 -2.23417
0.114996 0.151943 0.09031
-0.647863 1.50779 -2.35684
0.103301 0.147645 0.0915528
-0.610496 1.83975 -1.89048
0.108579 0.155164 0.0719702
-0.610572 1.79452 -1.77042
0.104957 0.144716 0.0827968
-0.62748 1.93843 -1.68042
0.10324 0.152984 0.0929851
-0.59364 1.70696 -2.08779
0.0997513 0.154943 0.0918506
-0.572001 1.7333 -2.0394
0.106866 0.151503 0.0978093
-0.614321 1.50348 -2.44261
0.102739 0.168837 0.0764468
-0.546653 1.52671 -2.19173
0.119688 0.153332 0.0846068
-0.662787 1.46517 -2.36502
0.122017 0.151397 0.0742887
-0.678352 1.65991 -1.9774
0.111097 0.157292 0.073806
-0.614949 1.71168 -1.90023
0.127669 0.152551 0.0721609
-0.696836 1.54605 -2.12276
0.105202 0.161825 0.0792455
-0.576441 1.64709 -2.04163
0.113001 0.155939 0.0846146
-0.627078 1.57634 -2.19613
0.135423 0.146064 0.0757295
-0.747615 1.46681 -2.27548
0.104366 0.143845 0.0929453
-0.627663 1.88024 -1.85005
0.122214 0.146681 0.0840293
-0.694659 1.64727 -2.08659
0.0995944 0.157237 0.087334
-0.56462 1.74229 -1.98339
0.0997059 0.151964 0.0915639
-0.580663 1.80313 -1.94003
0.120793 0.144585 0.0751649
-0.695986 1.79584 -1.79745
0.1066 0.155805 0.0788605
-0.600036 1.76078 -1.87871
0.0984925 0.149208 0.0905919
-0.583445 1.87986 -1.82822
0.101847 0.152647 0.0833674
-0.588375 1.84128 -1.8117
0.122892 0.144802 0.0806127
-0.70373 1.71728 -1.95504
0.111163 0.155198 0.081178
-0.621561 1.68507 -2.00561
0.1212 0.145946 0.0846496
-0.693033 1.67609 -2.05116
0.112483 0.160203 0.0805823
-0.61215 1.52439 -2.23479
0.115552 0.158501 0.0776045
-0.629944 1.56598 -2.1443
0.128732 0.143684 0.0870785
-0.730565 1.47619 -2.37286
0.104833 0.144457 0.0784518
-0.627771 1.96741 -1.60463
0.111019 0.158227 0.08199
-0.611827 1.59869 -2.13781
0.128036 0.144361 0.0732289
-0.725539 1.70676 -1.90183
0.105199 0.157855 0.0762372
-0.587838 1.76024 -1.85544
0.100216 0.162632 0.084299
-0.552256 1.63964 -2.1002
0.104886 0.153725 0.0922642
-0.598743 1.66913 -2.13501
0.105475 0.148056 0.09149
-0.619 1.80321 -1.9392
0.110986 0.151603 0.0905658
-0.631936 1.63803 -2.16348
0.102861 0.152137 0.0998803
-0.594511 1.53348 -2.41792
0.107227 0.161914 0.0746488
-0.584934 1.6631 -1.97618
0.11269 0.148922 0.0879069
-0.647781 1.71801 -2.02284
0.115466 0.157347 0.0825761
-0.633073 1.5004 -2.29061
0.115188 0.145892 0.0825358
-0.668334 1.79627 -1.86431
0.1199 0.152379 0.0741904
-0.666676 1.67538 -1.9546
0.10295 0.149826 0.07643
-0.602036 1.91822 -1.6485
0.0978822 0.170569 0.0777983
-0.520975 1.54254 -2.18091
0.11778 0.147222 0.0759511
-0.674751 1.78782 -1.81537
0.101749 0.145592 0.0917294
-0.609963 1.89377 -1.82077
0.112837 0.151928 0.0898489
-0.638813 1.59888 -2.2141
0.111985 0.152605 0.0736697
-0.633066 1.78655 -1.79645
0.100818 0.152068 0.0974257
-0.585446 1.69242 -2.15299
0.115211 0.14308 0.0914441
-0.677917 1.75495 -2.00518
0.115572 0.158766 0.0813286
-0.629232 1.46435 -2.33368
0.102108 0.146246 0.0838488
-0.609512 1.93941 -1.68879
0.100045 0.151704 0.0765211
-0.583007 1.91894 -1.64839
0.136293 0.145715 0.073331
-0.751999 1.50364 -2.1969
0.121453 0.143562 0.0865604
-0.702167 1.69918 -2.03655
0.107328 0.164453 0.0742505
-0.578225 1.60454 -2.0565
0.110911 0.149323 0.0822901
-0.638849 1.79558 -1.86297
0.106679 0.143229 0.088348
-0.640175 1.90296 -1.77706
0.110038 0.154644 0.0758983
-0.618442 1.76046 -1.85205
0.118184 0.155974 0.0779905
-0.648419 1.57671 -2.13211
0.11851 0.144619 0.0953546
-0.686498 1.52907 -2.37631
0.118826 0.160221 0.0742889
-0.638127 1.48649 -2.23181
0.102484 0.150977 0.0755808
-0.59636 1.9098 -1.65163
0.102974 0.172598 0.0728492
-0.537923 1.4394 -2.28994
0.107885 0.147579 0.0773098
-0.63125 1.89466 -1.68663
0.105659 0.154945 0.0855005
-0.598485 1.72645 -1.98809
0.10757 0.165602 0.0776859
-0.576074 1.50847 -2.23095
0.11692 0.143863 0.0896395
-0.68245 1.73313 -2.01824
0.109409 0.144784 0.0792407
-0.64712 1.90899 -1.68565
0.113211 0.156028 0.0741928
-0.62769 1.70371 -1.91486
0.111449 0.143777 0.101329
-0.659406 1.59454 -2.33911
0.103845 0.148886 0.0869485
-0.609031 1.85405 -1.82803
0.124097 0.149787 0.0730726
-0.691875 1.66909 -1.95326
0.117579 0.159688 0.072459
-0.63468 1.56381 -2.09934
0.123453 0.151338 0.08383
-0.684265 1.4287 -2.41422
0.122871 0.149933 0.0763261
-0.686523 1.65604 -2.00168
0.106964 0.144483 0.0725284
-0.63728 1.97089 -1.54738
0.100978 0.146194 0.101083
-0.604465 1.77484 -2.07283
0.126514 0.154144 0.0752577
-0.687267 1.46633 -2.2717
0.107477 0.148995 0.0778193
-0.62491 1.87445 -1.71742
0.116475 0.147382 0.0729353
-0.668794 1.82037 -1.74455
0.107356 0.145107 0.0940055
-0.636968 1.80451 -1.96168
0.119109 0.158129 0.0761584
-0.645571 1.51791 -2.20218
0.0979516 0.148819 0.0996787
-0.582114 1.78501 -2.04448
0.122904 0.158218 0.0721542
-0.660434 1.48893 -2.20797
0.109267 0.153439 0.0834533
-0.618814 1.72775 -1.96697
0.114751 0.146607 0.0887776
-0.664111 1.72261 -2.02472
0.112879 0.16195 0.0750138
-0.608711 1.55994 -2.12885
0.113492 0.146028 0.0727827
-0.660679 1.87744 -1.66827
0.108066 0.155447 0.0745935
-0.607494 1.77995 -1.81371
0.103913 0.146984 0.084303
-0.615387 1.90517 -1.73674
0.0984871 0.156577 0.0965158
-0.561472 1.61018 -2.26476
0.104641 0.146076 0.0758395
-0.621614 1.95859 -1.59221
0.112385 0.146799 0.0731676
-0.653391 1.87685 -1.67247
0.103698 0.153708 0.093812
-0.593504 1.66226 -2.16038
0.11268 0.147963 0.0843293
-0.650848 1.77783 -1.90606
0.100894 0.153504 0.0727762
-0.581472 1.90063 -1.63831
0.124307 0.146189 0.0744875
-0.70468 1.72258 -1.89131
0.105844 0.162039 0.0766654
-0.57862 1.66095 -1.99782
0.10146 0.157252 0.0949898
-0.572998 1.53642 -2.36111
0.108198 0.143609 0.0747676
-0.645689 1.96122 -1.57934
0.116778 0.155028 0.0817095
-0.645591 1.57322 -2.17267
0.125314 0.14432 0.0767659
-0.715025 1.72247 -1.91229
0.0990462 0.148603 0.0816966
-0.587898 1.94835 -1.65786
0.1118 0.151385 0.0769842
-0.636111 1.78815 -1.82432
0.103581 0.155543 0.086602
-0.587494 1.73112 -1.992
0.110748 0.164295 0.0754118
-0.593118 1.52488 -2.18466
0.113621 0.146302 0.0787701
-0.66032 1.8382 -1.77364
0.100446 0.167584 0.0742005
-0.539962 1.6348 -2.01241
0.121337 0.147096 0.0745183
-0.689728 1.7504 -1.85327
0.10639 0.151333 0.095855
-0.612751 1.6298 -2.22873
0.115074 0.15379 0.086043
-0.642382 1.56538 -2.22644
0.107864 0.155733 0.0779862
-0.605756 1.75263 -1.88185
0.113633 0.153502 0.0873007
-0.637246 1.58419 -2.21074
0.118351 0.14425 0.0906345
-0.687093 1.68216 -2.1002
0.107022 0.149948 0.0771431
-0.619882 1.86849 -1.71907
0.0982008 0.168664 0.0767042
-0.527249 1.61252 -2.06774
0.106006 0.143348 0.0934946
-0.636749 1.86227 -1.87903
0.109588 0.164935 0.0756005
-0.586452 1.52622 -2.18445
0.104709 0.151534 0.0748029
-0.604657 1.88174 -1.68078
0.12186 0.150035 0.0865334
-0.682142 1.47243 -2.37317
0.115274 0.145817 0.0764652
-0.668947 1.83978 -1.75064
0.106271 0.169693 0.0726321
-0.559498 1.48521 -2.21809
0.10303 0.156597 0.0864658
-0.581931 1.71719 -2.01023
0.125692 0.155816 0.0733572
-0.678795 1.4711 -2.24632
0.099658 0.149724 0.103593
-0.587273 1.62011 -2.32461
0.110125 0.14692 0.0986524
-0.643216 1.60718 -2.2915
0.105884 0.156049 0.0831574
-0.596173 1.72544 -1.96742
0.126507 0.146609 0.0839096
-0.711927 1.5445 -2.23685
0.0989192 0.161896 0.0753409
-0.548471 1.76606 -1.83934
0.118338 0.14488 0.0828264
-0.684903 1.76632 -1.90779
0.104921 0.153317 0.0866555
-0.600139 1.7589 -1.95392
0.0992032 0.144196 0.0846416
-0.602611 1.99511 -1.62633
0.122138 0.151088 0.0831004
-0.679835 1.53385 -2.24499
0.109907 0.15637 0.0751228
-0.612645 1.73568 -1.87899
0.108747 0.149363 0.0910085
-0.629318 1.73176 -2.03339
0.110845 0.144174 0.0758679
-0.655443 1.91966 -1.64161
0.114051 0.146348 0.0971824
-0.661997 1.5434 -2.37346
0.112984 0.14407 0.0750437
-0.665051 1.90113 -1.65793
0.111138 0.157433 0.080808
-0.6147 1.63631 -2.07183
0.127369 0.150897 0.0764096
-0.701045 1.53471 -2.17942
0.105932 0.16506 0.0741033
-0.570574 1.61385 -2.04166
0.108478 0.15593 0.0792306
-0.607825 1.72972 -1.92492
0.116685 0.150924 0.0839091
-0.658143 1.65388 -2.07593
0.115309 0.15077 0.0916248
-0.652908 1.49777 -2.38595
0.107803 0.155882 0.0821799
-0.605045 1.71118 -1.97821
0.116493 0.145083 0.0922024
-0.676531 1.67153 -2.13093
0.119431 0.143728 0.077861
-0.69333 1.81037 -1.80241
0.108719 0.152841 0.0807373
-0.618283 1.77329 -1.87889
0.0991766 0.170717 0.0741439
-0.526287 1.57133 -2.10396
0.111292 0.14885 0.0785458
-0.642017 1.82703 -1.78642
0.104069 0.152597 0.0912479
-0.598534 1.72975 -2.03853
0.110039 0.145839 0.0881907
-0.64639 1.81686 -1.88934
0.106798 0.144079 0.081541
-0.637873 1.93533 -1.67291
0.110168 0.145555 0.0822969
-0.647888 1.86889 -1.76546
0.106949 0.144054 0.094383
-0.638637 1.82643 -1.93558
0.124285 0.144308 0.0804617
-0.710985 1.70507 -1.97073
0.11667 0.152531 0.0773684
-0.652963 1.69444 -1.95698
0.126403 0.144713 0.0727943
-0.717967 1.7292 -1.86678
0.107169 0.145021 0.104005
-0.636417 1.54044 -2.45263
0.108835 0.145634 0.0944672
-0.641785 1.76429 -2.0216
0.126727 0.147704 0.0788912
-0.709107 1.60085 -2.10523
0.123718 0.151983 0.073749
-0.683234 1.6224 -2.02607
0.132074 0.144469 0.0822631
-0.740605 1.47356 -2.32869
0.0978644 0.171598 0.0747514
-0.518304 1.55888 -2.12796
0.113618 0.15377 0.0861583
-0.636349 1.60074 -2.17503
0.124529 0.152254 0.0755089
-0.685564 1.57803 -2.10687
0.0995939 0.166241 0.073229
-0.539752 1.68628 -1.93047
0.101123 0.170676 0.0759725
-0.534877 1.50269 -2.22332
0.123592 0.149412 0.0738384
-0.691101 1.67826 -1.94732
0.100997 0.167533 0.0743296
-0.542511 1.62646 -2.02557
0.104004 0.153474 0.0756667
-0.595576 1.85401 -1.7247
0.0999103 0.159254 0.0857201
-0.560297 1.71133 -2.01138
0.108961 0.151785 0.0910441
-0.622616 1.66626 -2.12713
0.109151 0.156661 0.0726708
-0.608528 1.75722 -1.82722
0.103321 0.151514 0.0878117
-0.598492 1.8046 -1.90234
0.102279 0.156392 0.0887285
-0.579178 1.70335 -2.05145
0.120738 0.146258 0.083999
-0.690104 1.68627 -2.03049
0.102801 0.143671 0.0752309
-0.621072 2.01294 -1.51967
0.107401 0.159409 0.0839577
-0.592887 1.6038 -2.14919
0.112607 0.145896 0.0982487
-0.657328 1.58184 -2.32568
0.122262 0.144654 0.0811315
-0.701704 1.72537 -1.94859
0.110723 0.150688 0.0723108
-0.633692 1.8406 -1.71219
0.120199 0.147534 0.0771302
-0.683652 1.73941 -1.8922
0.103586 0.168655 0.0778224
-0.550786 1.48123 -2.27358
0.122576 0.145754 0.0763078
-0.69923 1.74257 -1.88032
0.115515 0.144285 0.0878402
-0.675106 1.76963 -1.95035
0.113881 0.149948 0.0811257
-0.649535 1.7528 -1.91057
0.118346 0.144604 0.0955757
-0.685869 1.52533 -2.38446
0.101521 0.161789 0.0719019
-0.560386 1.7606 -1.81568
0.131854 0.143109 0.080278
-0.744488 1.57977 -2.14931
0.124681 0.148853 0.0837946
-0.697259 1.5203 -2.2723
0.104332 0.154434 0.0906506
-0.594148 1.68878 -2.09086
0.105023 0.145591 0.0741609
-0.624917 1.96877 -1.56453
0.109121 0.144682 0.0986466
-0.646192 1.70966 -2.14054
0.10903 0.153193 0.0891833
-0.618546 1.65933 -2.11892
0.106737 0.151589 0.0923882
-0.613486 1.69055 -2.10537
0.101797 0.154912 0.0844544
-0.581367 1.7911 -1.88915
0.114725 0.158381 0.0721433
-0.626888 1.64946 -1.9726
0.107075 0.156635 0.0821873
-0.599631 1.70556 -1.98617
0.109052 0.160242 0.0815406
-0.597549 1.58646 -2.1515
0.117193 0.143732 0.0882698
-0.684038 1.74868 -1.98341
0.0999894 0.144961 0.0980938
-0.603824 1.85962 -1.92713
0.104243 0.172172 0.0720782
-0.544422 1.44301 -2.27706
0.100311 0.143899 0.095465
-0.608771 1.90413 -1.84289
0.105167 0.14649 0.0776918
-0.622648 1.93833 -1.6343
0.106798 0.145861 0.0723375
-0.632002 1.95423 -1.56646
0.114738 0.147252 0.0809096
-0.661928 1.79198 -1.8551
0.0979258 0.15796 0.0835721
-0.554954 1.78795 -1.88521
0.112731 0.152695 0.0873237
-0.635953 1.6308 -2.14226
0.106079 0.150958 0.096585
-0.61254 1.63097 -2.23446
0.114513 0.148464 0.0900619
-0.657008 1.66189 -2.12381
0.110377 0.161896 0.0739594
-0.598388 1.621 -2.03001
0.103917 0.165908 0.078326
-0.559571 1.56853 -2.14736
0.121946 0.156004 0.078294
-0.663471 1.46158 -2.30824
0.117413 0.145445 0.0817651
-0.679156 1.77924 -1.88029
0.109199 0.146901 0.0827911
-0.639234 1.85528 -1.78788
0.105624 0.14668 0.0776393
-0.62409 1.93096 -1.64317
0.100862 0.146209 0.102223
-0.603879 1.75473 -2.11277
0.107839 0.153819 0.0761789
-0.611446 1.80086 -1.79989
0.123073 0.151614 0.0771106
-0.681866 1.6037 -2.08435
0.103303 0.156653 0.0803048
-0.582983 1.77498 -1.87261
0.109292 0.162831 0.0763008
-0.591134 1.58707 -2.10103
0.0984624 0.145786 0.104262
-0.594016 1.7668 -2.11676
0.129111 0.1456 0.0789033
-0.725446 1.6013 -2.10469
0.116981 0.14505 0.0931751
-0.678682 1.64076 -2.18544
0.117162 0.157748 0.0719977
-0.638826 1.6251 -2.00609
0.11018 0.144178 0.0860538
-0.652525 1.86287 -1.80804
0.102107 0.170631 0.0743342
-0.539247 1.51434 -2.19029
0.123612 0.144421 0.0765522
-0.707918 1.7487 -1.87412
0.104142 0.157928 0.0914207
-0.582977 1.55578 -2.29465
0.125723 0.153736 0.0737969
-0.68549 1.53387 -2.15608
0.117034 0.143149 0.0955113
-0.685362 1.64281 -2.20599
0.110355 0.147562 0.0897822
-0.642125 1.76134 -1.98031
0.104643 0.161998 0.0780888
-0.573524 1.66502 -2.00523
0.100358 0.159241 0.0719807
-0.562347 1.81794 -1.73923
0.110751 0.149624 0.0849598
-0.637198 1.76758 -1.926
0.104947 0.14404 0.106341
-0.629663 1.56881 -2.4343
0.139385 0.146272 0.0719355
-0.761294 1.39284 -2.35322
0.102854 0.146634 0.101348
-0.611685 1.72393 -2.14768
0.106693 0.167711 0.0744646
-0.56659 1.5152 -2.19022
0.128757 0.145544 0.0830483
-0.724276 1.53314 -2.24555
0.121534 0.152707 0.0829876
-0.672212 1.48614 -2.3165
0.0999009 0.145147 0.106905
-0.602814 1.68449 -2.26394
0.111221 0.155867 0.0728341
-0.619773 1.74406 -1.8467
0.109929 0.165515 0.0721504
-0.586267 1.55441 -2.11032
0.100001 0.158442 0.0833181
-0.563013 1.75452 -1.92859
0.101141 0.168715 0.0817653
-0.540036 1.40156 -2.43619
0.115441 0.150718 0.0765663
-0.653623 1.75432 -1.86654
0.124785 0.153802 0.079575
-0.681614 1.38957 -2.43317
0.100793 0.153052 0.0869607
-0.582363 1.81585 -1.87913
0.106506 0.155968 0.0769731
-0.599138 1.7735 -1.84408
0.101144 0.160323 0.0912236
-0.562813 1.539 -2.3182
0.100171 0.163242 0.0816516
-0.550383 1.66142 -2.04371
0.115911 0.149531 0.0752263
-0.659414 1.77846 -1.82146
0.102965 0.151212 0.0729202
-0.597811 1.91367 -1.62291
0.127085 0.151561 0.0752539
-0.697787 1.54167 -2.15816
0.0992912 0.154438 0.0721336
-0.571381 1.90507 -1.62688
0.100754 0.171669 0.0717845
-0.530737 1.54669 -2.11831
0.111581 0.144047 0.0910284
-0.659068 1.79821 -1.94159
0.104453 0.157576 0.0855466
-0.585374 1.68342 -2.04925
0.113322 0.157876 0.0759469
-0.622568 1.64626 -2.01212
0.102266 0.163772 0.0799441
-0.5582 1.63629 -2.06373
0.1041 0.150479 0.0958791
-0.605195 1.70591 -2.11801
0.112445 0.16301 0.0776886
-0.60385 1.479 -2.2757
0.0999609 0.159158 0.07387
-0.560796 1.81321 -1.76249
0.110999 0.14513 0.0856024
-0.652923 1.84006 -1.83403
0.101412 0.157275 0.0746854
-0.572718 1.82495 -1.75421
0.114222 0.159947 0.0800632
-0.620141 1.49633 -2.27227
0.103007 0.157793 0.0780181
-0.578342 1.77522 -1.85129
0.114756 0.154117 0.0783616
-0.640036 1.68159 -1.98427
0.104304 0.169616 0.0745627
-0.551332 1.49769 -2.21748
0.134374 0.145023 0.0797931
-0.747305 1.4207 -2.38635
0.103927 0.159277 0.0721383
-0.578127 1.77674 -1.7959
0.105498 0.156888 0.0746437
-0.591989 1.78522 -1.80704
0.117582 0.148037 0.0748754
-0.671242 1.78389 -1.81094
0.112185 0.148615 0.0793166
-0.646611 1.81438 -1.81034
0.111186 0.143784 0.0793553
-0.658238 1.90296 -1.69443
0.113292 0.156367 0.0728235
-0.626998 1.70661 -1.89836
0.1012 0.157505 0.087008
-0.571098 1.71686 -2.01586
0.120356 0.143821 0.0833334
-0.696809 1.75006 -1.9349
0.101911 0.14971 0.0771409
-0.59767 1.9271 -1.64358
0.119759 0.14388 0.0890335
-0.694159 1.68873 -2.07521
0.101165 0.153138 0.0735207
-0.583799 1.90013 -1.64559
0.113664 0.149891 0.0757463
-0.648798 1.79822 -1.79952
0.101711 0.149478 0.0804455
-0.597478 1.91467 -1.68929
0.0977538 0.160798 0.0727619
-0.546229 1.81468 -1.75056
0.104732 0.157505 0.0906839
-0.586807 1.58115 -2.24891
0.116516 0.146769 0.076919
-0.670991 1.80568 -1.80013
0.101586 0.164281 0.0829834
-0.553817 1.58603 -2.16598
0.127495 0.148002 0.0791884
-0.711101 1.56992 -2.15347
0.11082 0.14693 0.0733986
-0.646207 1.89147 -1.65564
0.109786 0.144306 0.0849159
-0.650369 1.87462 -1.78208
0.115097 0.143394 0.0740641
-0.676364 1.89134 -1.66175
0.100879 0.155306 0.0906781
-0.576059 1.72403 -2.04106
0.103174 0.169518 0.0717986
-0.546741 1.56743 -2.08792
0.115542 0.143357 0.0868217
-0.678376 1.79736 -1.90283
0.118101 0.14614 0.094593
-0.679682 1.47844 -2.44757
0.122942 0.149206 0.0748377
-0.689188 1.6842 -1.9481
0.101582 0.150413 0.0917833
-0.593992 1.80668 -1.93729
0.105404 0.161659 0.0804174
-0.57779 1.63288 -2.0731
0.106059 0.146101 0.0952288
-0.627918 1.78756 -1.99685
0.0983184 0.144468 0.100405
-0.597557 1.86187 -1.9469
0.0998754 0.149653 0.0802186
-0.588495 1.93234 -1.66471
0.112882 0.159317 0.0814372
-0.616434 1.52774 -2.23802
0.100659 0.149062 0.0912276
-0.593945 1.85044 -1.87311
0.0981508 0.157291 0.0964499
-0.557885 1.58917 -2.29571
0.108567 0.146856 0.0769943
-0.636604 1.89971 -1.67728
0.121056 0.14604 0.0801387
-0.692129 1.72775 -1.93606
0.102277 0.150164 0.101888
-0.59793 1.57982 -2.36773
0.114609 0.152013 0.0737935
-0.64602 1.7622 -1.83057
0.122398 0.148704 0.0774758
-0.68867 1.67851 -1.98042
0.107847 0.143837 0.103847
-0.643364 1.61253 -2.33889
0.11966 0.153477 0.0776824
-0.662215 1.61765 -2.06945
0.119107 0.144231 0.080885
-0.69028 1.78369 -1.8661
0.11336 0.155894 0.0745087
-0.628724 1.70164 -1.92064
0.114123 0.160212 0.0790922
-0.618951 1.5133 -2.23716
0.121566 0.153772 0.0806785
-0.668959 1.508 -2.26051
0.0992077 0.155983 0.0812004
-0.56648 1.82914 -1.80789
0.12998 0.148391 0.0789822
-0.719356 1.48605 -2.27745
0.103448 0.143733 0.0729472
-0.623839 2.0144 -1.4976
0.108332 0.15504 0.0758214
-0.609877 1.77566 -1.83066
0.102606 0.150609 0.0795879
-0.598047 1.89246 -1.71008
0.103736 0.143349 0.105965
-0.62643 1.68267 -2.25647
0.101382 0.148185 0.10112
-0.600016 1.7137 -2.16005
0.120682 0.153376 0.0759244
-0.666662 1.62223 -2.04643
0.107422 0.144758 0.0832379
-0.638413 1.90744 -1.72404
0.120909 0.150864 0.0738746
-0.675621 1.69235 -1.92785
0.111911 0.166102 0.0752934
-0.592891 1.40235 -2.37085
0.107962 0.161816 0.0796004
-0.588365 1.59329 -2.12299
0.0980957 0.147247 0.0929885
-0.587679 1.89648 -1.82918
0.1003 0.16059 0.0782445
-0.558289 1.75288 -1.88387
0.104976 0.162646 0.0728181
-0.573155 1.69481 -1.91478
0.111369 0.143393 0.0978339
-0.66035 1.71476 -2.12499
0.106759 0.150326 0.0768864
-0.617531 1.86694 -1.71878
0.106494 0.1458 0.0894949
-0.630847 1.85217 -1.85442
0.108226 0.145159 0.0798986
-0.640657 1.91291 -1.68658
0.104664 0.1524 0.0781861
-0.60179 1.84928 -1.75371
0.137777 0.143716 0.0776087
-0.764304 1.39939 -2.39817
0.103286 0.145908 0.100514
-0.615998 1.75246 -2.09852
0.125705 0.14557 0.0725072
-0.712303 1.72684 -1.86744
0.132587 0.147347 0.0759799
-0.732721 1.51029 -2.21194
0.124825 0.147249 0.0853076
-0.703167 1.53744 -2.26123
0.109155 0.167604 0.0746543
-0.577265 1.4473 -2.29505
0.101978 0.162724 0.0738949
-0.559818 1.72369 -1.88438
0.114769 0.145583 0.0857471
-0.667591 1.77829 -1.91872
0.118641 0.151948 0.0808122
-0.662926 1.63402 -2.07519
0.123867 0.15398 0.0775823
-0.677439 1.50369 -2.23718
0.101491 0.151704 0.0841828
-0.58962 1.85552 -1.80039
0.106871 0.147712 0.0734183
-0.626328 1.92265 -1.61591
0.101398 0.144328 0.0995783
-0.612436 1.83332 -1.97717
0.106132 0.1562 0.0771805
-0.596808 1.77239 -1.84748
0.112748 0.164099 0.0765703
-0.601997 1.44639 -2.31491
0.100599 0.147374 0.0886985
-0.598956 1.90326 -1.77994
0.125799 0.143059 0.0909219
-0.721288 1.47 -2.42211
0.10928 0.147727 0.0723922
-0.636904 1.9012 -1.63414
0.108641 0.145213 0.0739987
-0.642315 1.93733 -1.60249
0.112279 0.146109 0.0765205
-0.655211 1.87117 -1.70996
0.102269 0.152462 0.0759364
-0.590848 1.88732 -1.68374
0.130483 0.148302 0.0721744
-0.721571 1.59245 -2.05487
0.115875 0.160661 0.0739327
-0.624839 1.55107 -2.13184
0.104544 0.17078 0.0720425
-0.54931 1.49585 -2.19651
0.107768 0.1604 0.0833285
-0.591595 1.57569 -2.18463
0.107597 0.143718 0.100769
-0.642647 1.72213 -2.14431
0.109283 0.149713 0.0793664
-0.630544 1.83183 -1.78752
0.103614 0.158942 0.0880035
-0.577708 1.62016 -2.16447
0.0978857 0.151886 0.0924195
-0.572476 1.81872 -1.92707
0.104772 0.156689 0.079341
-0.589384 1.76359 -1.87929
0.101559 0.151327 0.0945642
-0.591082 1.75061 -2.04166
0.134182 0.144454 0.0759091
-0.748551 1.55532 -2.14407
0.106403 0.146058 0.0719325
-0.629599 1.95707 -1.55932
0.0983608 0.154159 0.0747946
-0.567928 1.90645 -1.64887
0.0995887 0.16956 0.0783287
-0.531056 1.53288 -2.2004
0.112572 0.150941 0.0730485
-0.640805 1.81073 -1.75841
0.105684 0.163384 0.0720978
-0.574154 1.67549 -1.93534
0.110153 0.143376 0.0718464
-0.655096 1.95568 -1.56029
0.108647 0.163697 0.0746839
-0.585953 1.59633 -2.07244
0.116109 0.143542 0.0941369
-0.680136 1.68401 -2.1321
0.104004 0.143907 0.0839679
-0.625811 1.95362 -1.67192
0.135239 0.143561 0.0721077
-0.755558 1.60252 -2.03965
0.111025 0.147117 0.0770208
-0.64648 1.86751 -1.71925
0.107 0.149021 0.0944119
-0.622718 1.71716 -2.08736
0.109682 0.143997 0.0986823
-0.650945 1.71598 -2.13183
0.10839 0.148259 0.0995339
-0.631286 1.56074 -2.37176
0.120689 0.148308 0.0777209
-0.683085 1.7122 -1.93536
0.107267 0.161331 0.0734681
-0.586771 1.68568 -1.93349
0.117489 0.151727 0.0739058
-0.658899 1.7269 -1.88004
0.1075 0.14594 0.0887203
-0.634875 1.84394 -1.85806
0.103941 0.145167 0.0939337
-0.621391 1.85185 -1.8971
0.113246 0.158087 0.0767993
-0.621617 1.63303 -2.03901
0.104246 0.16476 0.0806164
-0.564127 1.55859 -2.18391
0.112347 0.150471 0.0738453
-0.641342 1.81662 -1.75773
0.110076 0.156013 0.0781036
-0.614446 1.71556 -1.9342
0.122792 0.158786 0.0747837
-0.658258 1.38277 -2.39656
0.120978 0.15071 0.0783118
-0.676397 1.65101 -2.02729
0.101526 0.151321 0.0946204
-0.59095 1.75041 -2.04249
0.119132 0.150576 0.08299
-0.669336 1.62748 -2.10532
0.103579 0.146092 0.0966108
-0.61674 1.80617 -1.98484
0.115982 0.151192 0.083286
-0.654366 1.66914 -2.04812
0.117241 0.154569 0.0748767
-0.648919 1.66624 -1.97382
0.102352 0.161269 0.0766002
-0.565523 1.72691 -1.90461
0.128458 0.14565 0.0749931
-0.722762 1.65966 -1.98423
0.105639 0.162265 0.0744024
-0.577096 1.68057 -1.94922
0.10827 0.166828 0.0754713
-0.575669 1.4895 -2.23849
0.0990004 0.155314 0.0897682
-0.56748 1.76355 -1.97712
0.101352 0.144809 0.0863489
-0.610661 1.95305 -1.69449
0.115165 0.157528 0.0784143
-0.63128 1.59004 -2.11655
0.106107 0.155707 0.0837755
-0.598169 1.7228 -1.97691
0.112701 0.143406 0.0772205
-0.666074 1.90294 -1.67516
0.124823 0.154093 0.0719984
-0.680838 1.56964 -2.08653
0.11198 0.155248 0.0724124
-0.624877 1.74821 -1.83719
0.101817 0.151625 0.094431
-0.591346 1.74143 -2.05322
0.114015 0.143633 0.0820817
-0.670947 1.85339 -1.78384
0.121943 0.158042 0.0742699
-0.657172 1.47973 -2.24187
0.101016 0.146554 0.0992835
-0.603491 1.7959 -2.02544
0.102545 0.152522 0.0827213
-0.591911 1.84026 -1.80709
0.111481 0.168616 0.0717866
-0.584176 1.39131 -2.35418
0.120106 0.143089 0.0907983
-0.698295 1.67178 -2.11673
0.103809 0.15627 0.092687
-0.586356 1.59824 -2.24352
0.101064 0.149645 0.0908855
-0.593993 1.83802 -1.88645
0.108061 0.163212 0.0799308
-0.584826 1.53937 -2.20601
0.114943 0.154516 0.0822359
-0.639577 1.61972 -2.10943
0.110612 0.153957 0.0832287
-0.623009 1.69807 -2.00651
0.0980444 0.163058 0.0889044
-0.541364 1.57659 -2.23795
0.117246 0.14943 0.0831722
-0.665292 1.68854 -2.01945
0.123782 0.142985 0.0879232
-0.713538 1.6441 -2.12873
0.0988209 0.154826 0.0837629
-0.568086 1.83454 -1.82431
0.128168 0.148269 0.0775267
-0.712809 1.57327 -2.1328
0.128858 0.143222 0.0760087
-0.732655 1.69102 -1.94926
0.108797 0.14387 0.102937
-0.647471 1.61832 -2.32024
0.10844 0.153668 0.0755797
-0.614529 1.80006 -1.79553
0.119317 0.14382 0.0765142
-0.692547 1.81927 -1.77829
0.098323 0.152541 0.0857038
-0.572548 1.86517 -1.80177
0.113164 0.143103 0.078844
-0.669096 1.89299 -1.70265
0.107267 0.158992 0.0758349
-0.593524 1.7142 -1.91525
0.0988335 0.156441 0.0724248
-0.563447 1.87722 -1.66536
0.125731 0.144269 0.0721371
-0.716845 1.75112 -1.83073
0.0983917 0.143592 0.0902786
-0.600736 1.97523 -1.70304
0.105556 0.149579 0.086355
-0.614532 1.8256 -1.86036
0.105907 0.160016 0.0808805
-0.584662 1.66036 -2.03797
0.101306 0.155624 0.0859487
-0.577055 1.76868 -1.93378
0.101705 0.159323 0.0905131
-0.568147 1.59209 -2.23085
0.105027 0.168637 0.0767915
-0.557013 1.46716 -2.28515
0.105319 0.147128 0.093912
-0.621272 1.79478 -1.97409
0.0989068 0.156571 0.0976027
-0.563407 1.54773 -2.37121
0.11397 0.143404 0.0888706
-0.671529 1.79867 -1.9204
0.126714 0.147567 0.0731692
-0.709518 1.6685 -1.95497
0.105 0.146016 0.0758825
-0.623429 1.95557 -1.59638
0.12616 0.151513 0.0796905
-0.694345 1.47035 -2.30836
0.103783 0.165069 0.0830045
-0.561273 1.49747 -2.2993
0.115059 0.148343 0.0726221
-0.659703 1.82438 -1.73642
0.103659 0.169798 0.075705
-0.548093 1.48103 -2.25357
0.102921 0.156549 0.0883941
-0.581586 1.69378 -2.06182
0.104626 0.153337 0.0717282
-0.598764 1.86946 -1.66921
0.107381 0.150154 0.0892341
-0.620816 1.75928 -1.97792
0.100691 0.16454 0.0822742
-0.549165 1.60783 -2.12714
0.101473 0.154032 0.0880123
-0.582523 1.77708 -1.94175
0.114127 0.143778 0.0765731
-0.67093 1.88427 -1.69342
0.098525 0.15777 0.0913577
-0.558229 1.68864 -2.09798
0.11157 0.15537 0.0772892
-0.622766 1.71434 -1.9284
0.123357 0.146254 0.0760096
-0.700673 1.72399 -1.90326
0.118533 0.155376 0.0798267
-0.65169 1.555 -2.18169
0.106352 0.153195 0.0775951
-0.606843 1.82013 -1.78696
0.0977313 0.154567 0.0821501
-0.563825 1.86334 -1.77138
0.118071 0.144348 0.0875648
-0.685596 1.72982 -2.00299
0.105283 0.150708 0.0988394
-0.609778 1.58489 -2.32727
0.124727 0.149505 0.0843823
-0.695288 1.46007 -2.3707
0.0993993 0.166852 0.0808945
-0.537276 1.58323 -2.15009
0.112556 0.155213 0.086038
-0.627421 1.58109 -2.20295
0.0996746 0.171732 0.0783343
-0.525888 1.41468 -2.38135
0.0991744 0.162924 0.0865508
-0.546804 1.61069 -2.1642
0.103958 0.164819 0.0791846
-0.562714 1.58773 -2.12721
0.106516 0.165253 0.0732164
-0.572543 1.60925 -2.04013
0.123286 0.151832 0.0831664
-0.682007 1.44292 -2.38523
0.103468 0.152184 0.0890819
-0.5971 1.77567 -1.95385
0.0989883 0.14393 0.0809532
-0.602458 2.02087 -1.56128
0.101739 0.149884 0.0952395
-0.596345 1.77104 -2.01981
0.101558 0.168009 0.0747312
-0.543707 1.60061 -2.06667
0.10499 0.145024 0.103725
-0.626618 1.6608 -2.26485
0.131651 0.146784 0.0780782
-0.731102 1.51392 -2.22648
0.100758 0.149151 0.0937977
-0.594121 1.81947 -1.93934
0.103561 0.159599 0.0745393
-0.575589 1.75986 -1.84052
0.100207 0.151074 0.0992387
-0.585663 1.69403 -2.16913
0.107235 0.146122 0.10152
-0.633098 1.62772 -2.29084
0.110703 0.152297 0.0892901
-0.628547 1.64871 -2.13536
0.115239 0.144133 0.0844539
-0.674456 1.8099 -1.86371
0.105421 0.163652 0.0732938
-0.572273 1.66312 -1.96372
0.127359 0.147305 0.0733598
-0.712905 1.66095 -1.96741
0.125743 0.144077 0.0872618
-0.717556 1.57403 -2.22551
0.115461 0.145389 0.0826656
-0.671167 1.80022 -1.86018
0.12411 0.145407 0.0808626
-0.706545 1.68119 -2.00816
0.116161 0.152427 0.078209
-0.651187 1.69651 -1.96184
0.131227 0.145371 0.0769755
-0.734308 1.58676 -2.10781
0.131249 0.150165 0.0723726
-0.718284 1.52354 -2.15814
0.108026 0.152579 0.0796009
-0.616076 1.7962 -1.83737
0.113378 0.143088 0.075589
-0.670071 1.90817 -1.65379
0.105672 0.160152 0.0738075
-0.583248 1.7282 -1.87735
0.124712 0.143574 0.0870413
-0.715208 1.62235 -2.15186
0.104939 0.155993 0.0899004
-0.592178 1.64697 -2.14387
0.105644 0.166209 0.0753432
-0.566192 1.57178 -2.11449
0.110044 0.147808 0.0758982
-0.639975 1.87445 -1.70009
0.117165 0.143899 0.095386
-0.683352 1.61662 -2.24352
0.109096 0.143468 0.104109
-0.650136 1.54064 -2.4535
0.101596 0.166104 0.0749989
-0.548935 1.64557 -2.00435
0.0995077 0.172384 0.0729993
-0.52352 1.52918 -2.15559
0.114503 0.144244 0.0976144
-0.670959 1.61483 -2.26916
0.105167 0.146585 0.086388
-0.622338 1.8818 -1.78633
0.12009 0.149507 0.0739397
-0.676714 1.72974 -1.87643
0.108455 0.163745 0.0773967
-0.585003 1.55974 -2.15156
0.100674 0.153957 0.0866899
-0.579119 1.80263 -1.89444
0.0997743 0.148248 0.0730196
-0.59239 1.98727 -1.53148
0.0978481 0.144763 0.0770828
-0.59438 2.03756 -1.50635
0.104137 0.156123 0.0747924
-0.588249 1.81348 -1.77044
0.1012 0.145208 0.0921852
-0.608665 1.90263 -1.81356
0.115812 0.15756 0.0762506
-0.633854 1.60632 -2.07249
0.122805 0.154376 0.0726047
-0.671988 1.59596 -2.05374
0.121731 0.144171 0.0717993
-0.701207 1.8096 -1.7487
0.132642 0.151745 0.0729403
-0.718327 1.39441 -2.36044
0.0977311 0.158942 0.0846935
-0.551293 1.75975 -1.93427
0.118783 0.144805 0.0816034
-0.686995 1.77212 -1.8885
0.117683 0.148933 0.0770634
-0.668723 1.75123 -1.87532
0.121521 0.152912 0.0758861
-0.671509 1.6179 -2.05233
0.116215 0.14879 0.0814858
-0.663087 1.73704 -1.93568
0.111871 0.156888 0.0766189
-0.61944 1.68453 -1.96401
0.11019 0.158897 0.0775431
-0.606328 1.65663 -2.01212
0.104706 0.155349 0.0777415
-0.593066 1.80123 -1.8136
0.123572 0.146945 0.0789915
-0.699209 1.67908 -1.99367
0.1286 0.143425 0.0852244
-0.730954 1.55963 -2.22702
0.133921 0.150477 0.0729156
-0.727251 1.40459 -2.34436
0.103551 0.150802 0.0793553
-0.601724 1.88048 -1.7235
0.0991978 0.15185 0.0813427
-0.578665 1.89818 -1.71866
0.123385 0.143591 0.0759316
-0.709857 1.77087 -1.83817
0.102676 0.156655 0.0729918
-0.580181 1.83095 -1.73103
0.102345 0.155942 0.085431
-0.580792 1.75346 -1.94988
0.113094 0.158917 0.0758517
-0.618506 1.62641 -2.03973
0.13223 0.146031 0.0732503
-0.735843 1.59671 -2.05862
0.101109 0.15366 0.0930508
-0.581981 1.72481 -2.06309
0.0991416 0.163394 0.0796432
-0.545379 1.69589 -1.97601
0.108221 0.148213 0.0830392
-0.630689 1.84353 -1.80568
0.0992329 0.156287 0.0773909
-0.565716 1.84919 -1.74661
0.105589 0.152034 0.0723903
-0.607032 1.8763 -1.66624
0.11057 0.143454 0.0828441
-0.656659 1.8934 -1.73856
0.0995114 0.148736 0.104616
-0.58965 1.62849 -2.32301
0.099387 0.158463 0.0872514
-0.560176 1.71825 -2.01624
0.116601 0.163015 0.0736657
-0.620904 1.45055 -2.28061
0.11286 0.154121 0.0826151
-0.632064 1.66391 -2.04925
0.103363 0.166923 0.0815301
-0.554437 1.45896 -2.344
0.100702 0.144025 0.0765599
-0.610188 2.02297 -1.51932
0.121706 0.150728 0.0782242
-0.67927 1.63812 -2.04497
0.101494 0.145814 0.075481
-0.608069 1.99513 -1.54369
0.112933 0.147309 0.0964214
-0.654066 1.57716 -2.31364
0.101154 0.15631 0.0744791
-0.574361 1.84505 -1.72579
0.100161 0.155847 0.0878796
-0.571217 1.75836 -1.96628
0.107331 0.151484 0.0809723
-0.616428 1.81392 -1.82613
0.10367 0.154773 0.0962965
-0.590181 1.5321 -2.38156
0.107513 0.146369 0.0942755
-0.63353 1.77235 -2.00854
0.107669 0.153673 0.0721988
-0.611154 1.82852 -1.72715
0.0999868 0.147322 0.103872
-0.596284 1.70041 -2.20803
0.107116 0.153409 0.0805614
-0.609541 1.78519 -1.86108
0.138349 0.144233 0.0741849
-0.764575 1.46911 -2.25721
0.122171 0.145419 0.0817076
-0.698738 1.7057 -1.98147
0.101988 0.159668 0.0855843
-0.568428 1.6705 -2.06807
0.136096 0.14629 0.0762536
-0.749313 1.40018 -2.38361
0.102717 0.152276 0.0951894
-0.593435 1.69564 -2.12586
0.109853 0.158469 0.0841016
-0.60616 1.57705 -2.19009
0.101054 0.147228 0.0881416
-0.601522 1.90498 -1.77252
0.122932 0.143615 0.0758138
-0.707959 1.77777 -1.82773
0.122467 0.147942 0.0813336
-0.691464 1.64959 -2.05768
0.0992006 0.145731 0.0796181
-0.597663 1.99995 -1.57483
0.117519 0.144544 0.0848302
-0.682639 1.76559 -1.92752
0.11769 0.161735 0.0724005
-0.629058 1.49873 -2.19553
0.112099 0.156332 0.0808121
-0.622081 1.64683 -2.05672
0.108699 0.143972 0.0844542
-0.646692 1.89645 -1.74941
0.120657 0.148324 0.0867732
-0.6829 1.58707 -2.20127
0.122095 0.144035 0.0869722
-0.703144 1.6698 -2.0824
0.108718 0.158132 0.0805947
-0.602298 1.66356 -2.03072
0.107042 0.152119 0.0933676
-0.61319 1.64966 -2.17432
0.12655 0.146725 0.0757165
-0.711705 1.66467 -1.98378
0.106239 0.14697 0.0906185
-0.625905 1.82315 -1.90388
0.110043 0.155308 0.0860234
-0.616439 1.63477 -2.12387
0.11331 0.148879 0.0766799
-0.650558 1.81358 -1.78739
0.102348 0.146776 0.0929638
-0.608915 1.85334 -1.88582
0.0989496 0.160868 0.0876883
-0.551448 1.65694 -2.10783
0.108727 0.145604 0.0882524
-0.641405 1.83818 -1.86134
0.106428 0.160507 0.0776919
-0.585511 1.67665 -1.98505
0.120477 0.152674 0.0784131
-0.668067 1.61207 -2.08439
0.109055 0.157048 0.074077
-0.606959 1.74181 -1.86105
0.101323 0.161587 0.0809822
-0.560072 1.69209 -1.99385
0.135512 0.144496 0.0775411
-0.753325 1.47928 -2.27385
0.117208 0.149019 0.0811397
-0.666473 1.72045 -1.95552
0.123465 0.146451 0.078526
-0.700445 1.69583 -1.96572
0.106471 0.151472 0.0811649
-0.612677 1.82329 -1.81537
0.105043 0.156781 0.0863093
-0.590302 1.68278 -2.05745
0.106542 0.160091 0.0874085
-0.587199 1.50989 -2.32413
0.0982823 0.157686 0.0846365
-0.55736 1.77906 -1.90725
0.11666 0.147709 0.0732196
-0.668485 1.81129 -1.75921
0.109497 0.163188 0.0782303
-0.590986 1.54015 -2.18859
0.11445 0.143719 0.0747883
-0.672511 1.89061 -1.66918
0.107077 0.160064 0.0833433
-0.589594 1.60135 -2.14689
0.10622 0.159076 0.0822685
-0.588742 1.66081 -2.05042
0.134084 0.145841 0.0794956
-0.743421 1.38786 -2.43508
0.117613 0.151974 0.0752721
-0.658621 1.70968 -1.91639
0.105718 0.148138 0.0780332
-0.619824 1.90602 -1.67854
0.103589 0.148877 0.0807159
-0.607906 1.90226 -1.70768
0.100605 0.16096 0.0869339
-0.558624 1.63735 -2.12892
0.111049 0.159721 0.0750844
-0.607545 1.64973 -1.99921
0.0980063 0.16542 0.0746825
-0.534864 1.71195 -1.90785
0.108059 0.147519 0.0757489
-0.632212 1.90182 -1.66337
0.102365 0.162293 0.0797562
-0.562719 1.67395 -2.00807
0.106294 0.151752 0.0840136
-0.611027 1.79717 -1.87681
0.101174 0.161709 0.0726431
-0.559072 1.76145 -1.8212
0.114616 0.157614 0.0729391
-0.628748 1.66063 -1.96401
0.109148 0.16739 0.0739733
-0.577819 1.4756 -2.24533
0.111884 0.151624 0.0889807
-0.635714 1.64896 -2.13197
0.106084 0.166864 0.0795676
-0.566292 1.43099 -2.36806
0.0992079 0.150739 0.0730798
-0.582079 1.95691 -1.56971
0.129442 0.149028 0.0746925
-0.715179 1.5651 -2.11824
0.103885 0.143562 0.083691
-0.626409 1.9617 -1.65924
0.122502 0.157825 0.0756065
-0.66005 1.43117 -2.32909
0.107467 0.164173 0.0737673
-0.579598 1.61487 -2.03709
0.131818 0.146108 0.0724113
-0.734027 1.61262 -2.02784
0.116685 0.14499 0.0795806
-0.677649 1.81444 -1.81267
0.13938 0.143501 0.0743393
-0.77083 1.45434 -2.28125
0.105005 0.149412 0.0760039
-0.612595 1.90503 -1.66154
0.103189 0.161466 0.087172
-0.568659 1.55758 -2.24929
0.0989072 0.147666 0.0840597
-0.590172 1.94985 -1.67751
0.11095 0.161233 0.0771582
-0.602721 1.58827 -2.10731
0.108977 0.151343 0.0716955
-0.624065 1.85323 -1.69011
0.0989494 0.164668 0.0864935
-0.541083 1.55187 -2.25117
0.0980995 0.172774 0.0735074
-0.5164 1.53521 -2.15137
0.106549 0.155947 0.0723585
-0.599389 1.80286 -1.76273
0.120015 0.144764 0.0897214
-0.692196 1.64904 -2.13911
0.113956 0.161914 0.0755759
-0.613276 1.5278 -2.18185
0.105918 0.150411 0.096778
-0.613532 1.64941 -2.20916
0.132142 0.148725 0.0780019
-0.726425 1.38924 -2.41803
0.110344 0.153588 0.0822628
-0.622997 1.72107 -1.96514
0.103548 0.1594 0.0821849
-0.576103 1.69623 -1.99928
0.0981589 0.148023 0.087933
-0.585552 1.92548 -1.7442
0.104527 0.159548 0.0780644
-0.57998 1.72082 -1.92653
0.106358 0.145312 0.0929155
-0.631833 1.82774 -1.91966
0.118232 0.150677 0.0751609
-0.665325 1.72609 -1.89259
0.103006 0.143104 0.0889624
-0.623889 1.94262 -1.73191
0.0985955 0.162841 0.0876874
-0.544433 1.60179 -2.18843
0.101794 0.149732 0.0974265
-0.597069 1.73859 -2.08697
0.101662 0.158701 0.0906566
-0.569731 1.61268 -2.20168
0.104254 0.148613 0.0907548
-0.611743 1.81735 -1.913
0.12637 0.145154 0.0861845
-0.716329 1.54282 -2.26176
0.124936 0.152712 0.0775307
-0.68569 1.51963 -2.21265
0.120168 0.153787 0.0790407
-0.663293 1.57901 -2.13867
