111 3 3
0.101855 0.0470953 0.14853
-1.1377 2.25254 -2.02901
0.0984112 0.0578927 0.15231
-1.03904 2.05674 -2.33966
0.1012 0.0549791 0.151541
-1.07313 2.07412 -2.30118
0.101116 0.0589549 0.149798
-1.04294 2.1097 -2.223
0.102169 0.0469676 0.152696
-1.1399 2.09251 -2.29737
0.102196 0.0562707 0.151799
-1.06748 1.9578 -2.47709
0.099592 0.0544195 0.151183
-1.0707 2.14048 -2.20693
0.109401 0.0498601 0.14892
-1.14317 2.05956 -2.27505
0.0984951 0.0493069 0.154476
-1.10667 2.03177 -2.41927
0.0990235 0.0474617 0.153169
-1.12385 2.14291 -2.23931
0.0986896 0.051503 0.15164
-1.08981 2.17277 -2.17423
0.101569 0.0449469 0.152815
-1.15418 2.12698 -2.25354
0.102477 0.0438933 0.151903
-1.16611 2.15855 -2.19659
0.098255 0.0466732 0.154851
-1.12733 2.06333 -2.38082
0.0994602 0.0612733 0.150924
-1.01865 2.05575 -2.31539
0.0983512 0.0454825 0.151639
-1.13764 2.23312 -2.10176
0.097898 0.0586007 0.149183
-1.03141 2.19913 -2.10129
0.0980021 0.0488126 0.149888
-1.10869 2.26388 -2.03775
0.104547 0.0543807 0.148962
-1.09116 2.12446 -2.18998
0.109103 0.0486489 0.150215
-1.15136 1.9953 -2.38908
0.100833 0.0509969 0.149093
-1.10256 2.223 -2.07174
0.104372 0.0603357 0.148954
-1.04665 2.04642 -2.29367
0.105541 0.046164 0.151386
-1.15847 2.08278 -2.28652
0.106307 0.0506815 0.149963
-1.12592 2.0811 -2.26372
0.105991 0.0489285 0.148492
-1.13831 2.16676 -2.12938
0.106858 0.0520684 0.150351
-1.11739 2.01348 -2.36502
0.0977166 0.0455986 0.152415
-1.13419 2.21765 -2.13326
0.103951 0.0484795 0.15246
-1.13441 2.01617 -2.40118
0.100854 0.0487442 0.150859
-1.12059 2.18643 -2.14413
0.101304 0.0461281 0.148468
-1.14351 2.26965 -2.00889
0.0985559 0.0467531 0.148877
-1.12785 2.29634 -1.98601
0.102707 0.0467296 0.153361
-1.14381 2.01383 -2.42286
0.107371 0.0533748 0.149393
-1.10947 2.04263 -2.30652
0.10839 0.0509881 0.149944
-1.1311 2.00535 -2.36937
0.101066 0.0430066 0.15368
-1.16848 2.11466 -2.28608
0.0997792 0.0518243 0.149974
-1.09176 2.20727 -2.10442
0.0990642 0.0433281 0.155202
-1.15849 2.0564 -2.39831
0.104985 0.0466697 0.148728
-1.15249 2.19734 -2.09617
0.102856 0.0585412 0.148906
-1.05336 2.11407 -2.20244
0.11216 0.0475685 0.148545
-1.16968 2.02504 -2.31649
0.103715 0.0580473 0.150753
-1.06055 1.95719 -2.45703
0.106274 0.0450597 0.148443
-1.16978 2.19523 -2.09417
0.100285 0.0467564 0.152989
-1.13452 2.12953 -2.25341
0.110107 0.0445002 0.148724
-1.18671 2.11104 -2.20337
0.107583 0.0536724 0.149072
-1.10804 2.05087 -2.28956
0.104017 0.0468245 0.148976
-1.14781 2.20595 -2.08989
0.106226 0.0527111 0.148846
-1.11018 2.11048 -2.2061
0.102161 0.0519464 0.15126
-1.10039 2.10739 -2.25129
0.102998 0.0465955 0.150899
-1.14595 2.16244 -2.17435
0.100373 0.0514433 0.148754
-1.09718 2.23636 -2.05094
0.100078 0.0462593 0.151781
-1.13782 2.19066 -2.15472
0.0977139 0.0486371 0.151422
-1.10895 2.22505 -2.1075
0.100947 0.060934 0.150368
-1.02772 2.05263 -2.30975
0.0980882 0.04581 0.152595
-1.13387 2.20261 -2.15444
0.0993006 0.0679812 0.148953
-0.970481 2.05392 -2.28333
0.0977622 0.0444826 0.152057
-1.14379 2.23769 -2.10358
0.10299 0.0458605 0.152317
-1.15187 2.10576 -2.27249
0.106646 0.0432683 0.150644
-1.18537 2.12353 -2.21942
0.104087 0.0467144 0.14904
-1.14894 2.20364 -2.09365
0.102815 0.0605233 0.149493
-1.03876 2.05774 -2.28735
0.101521 0.062794 0.149448
-1.01686 2.05818 -2.28597
0.101971 0.0551664 0.149098
-1.07489 2.16364 -2.14296
0.100214 0.055214 0.149543
-1.06722 2.18103 -2.12889
0.104363 0.0448606 0.152441
-1.16482 2.06954 -2.32418
0.105381 0.0569431 0.149146
-1.07539 2.06166 -2.27603
0.107374 0.0448069 0.151488
-1.17547 2.03134 -2.36032
0.101764 0.0565146 0.150541
-1.06385 2.09208 -2.25903
0.103604 0.0572615 0.148752
-1.06589 2.11968 -2.19268
0.0994632 0.0515029 0.149795
-1.093 2.22103 -2.08529
0.101046 0.0569938 0.151021
-1.05724 2.07777 -2.28681
0.0980223 0.0489286 0.149168
-1.10782 2.28146 -2.00679
0.0983458 0.0512529 0.149881
-1.09037 2.23906 -2.06579
0.0994093 0.0677996 0.148957
-0.972236 2.05411 -2.28315
0.108069 0.053723 0.149867
-1.10946 1.94934 -2.45203
0.101625 0.0454408 0.15139
-1.15032 2.18216 -2.15836
0.0993042 0.0457893 0.154513
-1.13875 2.07068 -2.36328
0.100358 0.0464498 0.152679
-1.13732 2.14635 -2.22592
0.099296 0.0588686 0.149681
-1.03564 2.15404 -2.16441
0.0983408 0.0510923 0.150844
-1.09164 2.21126 -2.11406
0.103956 0.0481817 0.150317
-1.13679 2.14966 -2.18051
0.103616 0.0609458 0.149254
-1.03911 2.04027 -2.30738
0.0987274 0.0535209 0.152239
-1.07403 2.12247 -2.24894
0.0987574 0.0613685 0.149988
-1.01479 2.12168 -2.21064
0.10195 0.0638504 0.148648
-1.01127 2.07172 -2.254
0.100446 0.0552706 0.14994
-1.06776 2.16223 -2.15852
0.0993522 0.0479079 0.151047
-1.12149 2.2149 -2.11314
0.104749 0.0565026 0.14898
-1.07612 2.093 -2.23119
0.0999883 0.0667402 0.149401
-0.982231 2.03017 -2.3241
0.107695 0.0506309 0.149349
-1.13133 2.07542 -2.26084
0.103328 0.0601988 0.149055
-1.04327 2.0727 -2.25953
0.105043 0.0526962 0.149057
-1.10582 2.12868 -2.18616
0.101509 0.0431047 0.151919
-1.16923 2.18495 -2.16406
0.0984089 0.0527468 0.148996
-1.07877 2.25006 -2.03912
0.101508 0.0621333 0.148864
-1.02153 2.0983 -2.22228
0.108112 0.0481043 0.150666
-1.15215 2.01073 -2.37482
0.0999666 0.0452891 0.151533
-1.14542 2.20973 -2.12749
0.10543 0.0467651 0.150857
-1.15331 2.10695 -2.24479
0.103106 0.0484496 0.150769
-1.13152 2.14722 -2.19125
0.0985558 0.0484438 0.153161
-1.11394 2.14308 -2.23895
0.110458 0.0473483 0.148618
-1.16584 2.07669 -2.24684
0.0982873 0.0593895 0.150977
-1.02726 2.11493 -2.2364
0.101966 0.0491369 0.149504
-1.12174 2.20711 -2.09698
0.100249 0.0659664 0.149393
-0.988798 2.03892 -2.31168
0.0998224 0.0484197 0.149919
-1.11917 2.23711 -2.06865
0.100418 0.06005 0.148551
-1.03185 2.15904 -2.13984
0.106896 0.0530148 0.150225
-1.1104 2.00218 -2.37914
0.099567 0.0495655 0.15013
-1.1089 2.2258 -2.08518
0.100298 0.0471552 0.15362
-1.13131 2.0857 -2.32436
0.111568 0.045658 0.149764
-1.18235 1.97978 -2.4038
0.0981338 0.044798 0.151818
-1.14255 2.23653 -2.10084
0.103969 0.0438932 0.149664
-1.17132 2.20871 -2.09767
