407 3 3
0.100204 0.20031 -0.00947192
-0.463842 0.985273 -2.26819
0.0984648 0.198576 -0.042304
-0.460326 0.846013 -2.20434
0.108595 0.193851 -0.028611
-0.51064 0.957662 -2.14524
0.106744 0.195478 -0.00548483
-0.499821 1.06175 -2.18097
0.112408 0.194354 -0.0252976
-0.524359 0.858014 -2.33478
0.103117 0.194754 -0.00933325
-0.486945 1.13529 -2.03106
0.0980805 0.197966 -0.0380709
-0.459994 0.921686 -2.11927
0.0997869 0.199519 -0.0408071
-0.463757 0.780869 -2.32333
0.108625 0.194716 -0.00674207
-0.508863 1.04715 -2.19325
0.106441 0.195533 -0.0190741
-0.498505 1.00684 -2.15011
0.101951 0.197185 -0.0241221
-0.477182 0.999592 -2.1174
0.102988 0.195317 -0.0116293
-0.485238 1.11132 -2.04888
0.0989577 0.199111 -0.0166858
-0.461244 1.03169 -2.13129
0.0987127 0.195567 -0.0395765
-0.467441 0.969096 -2.02864
0.100639 0.20063 -0.0298198
-0.464937 0.815049 -2.36455
0.0986998 0.201098 -0.0298013
-0.456265 0.85319 -2.30322
0.100965 0.200114 -0.0167992
-0.467272 0.944797 -2.26933
0.103959 0.195491 -0.0254736
-0.488748 1.01061 -2.08779
0.11085 0.194569 -0.0167955
-0.517858 0.957381 -2.24919
0.101271 0.196822 -0.0185768
-0.475205 1.05744 -2.07362
0.107892 0.196982 -0.02665
-0.501096 0.837772 -2.35559
0.106466 0.194921 -0.00506417
-0.499923 1.08951 -2.14062
0.107857 0.194518 -0.0296428
-0.506279 0.939953 -2.16467
0.102566 0.193215 -0.0111274
-0.488011 1.17423 -1.95397
0.104343 0.194243 -0.0353366
-0.492944 0.962681 -2.07729
0.102785 0.199455 -0.0237717
-0.475836 0.882282 -2.30903
0.108777 0.193272 -0.0103855
-0.512632 1.08315 -2.10439
0.112415 0.193592 -0.0267352
-0.526093 0.892147 -2.26727
0.105377 0.195622 -0.0246762
-0.494107 0.987372 -2.13214
0.102141 0.195869 -0.0296379
-0.48068 0.996907 -2.07289
0.102677 0.193876 -0.0177025
-0.487047 1.12268 -1.97748
0.106724 0.196843 -0.00972957
-0.496818 0.988296 -2.26112
0.101991 0.199461 -0.0297689
-0.472675 0.852725 -2.30426
0.10412 0.197413 -0.0271733
-0.485344 0.925346 -2.20996
0.104355 0.199527 -0.0221072
-0.481888 0.805484 -2.44702
0.1084 0.1959 -0.00555295
-0.505407 0.99902 -2.28022
0.106995 0.195497 -0.0231983
-0.500765 0.970433 -2.17234
0.10431 0.194234 -0.0372862
-0.492832 0.945617 -2.08746
0.110008 0.194841 -0.00673969
-0.513988 1.00572 -2.25924
0.102009 0.195582 -0.00614962
-0.480753 1.14075 -2.05024
0.105157 0.19826 -0.0114966
-0.48767 0.948906 -2.30879
0.108191 0.197092 -0.0285506
-0.502025 0.781174 -2.43016
0.105652 0.196434 -0.024962
-0.493467 0.949477 -2.19054
0.112476 0.193355 -0.0204801
-0.526861 0.948883 -2.23071
0.101964 0.194661 -0.0157466
-0.482507 1.12313 -1.99402
0.106527 0.196555 -0.00837252
-0.496658 1.01218 -2.23478
0.102922 0.196649 -0.017948
-0.482175 1.03956 -2.10768
0.107897 0.196959 -0.0157716
-0.501165 0.919826 -2.3183
0.109068 0.194025 -0.0103686
-0.512111 1.05193 -2.15415
0.103686 0.19406 -0.0228503
-0.490707 1.07304 -2.01098
0.104469 0.193484 -0.00685677
-0.495086 1.16011 -2.01359
0.0982373 0.197967 -0.0256523
-0.460627 1.02337 -2.06571
0.106598 0.194043 -0.0127521
-0.502346 1.08641 -2.07856
0.106992 0.193815 -0.0273606
-0.504402 0.99777 -2.09172
0.108633 0.194238 -0.0325359
-0.50994 0.90841 -2.19003
0.0983535 0.199889 -0.0275402
-0.457259 0.941691 -2.18041
0.0982628 0.19352 -0.0325114
-0.46984 1.08343 -1.90759
0.109308 0.194943 -0.0310742
-0.511035 0.873726 -2.25893
0.0978554 0.200333 -0.0224753
-0.454376 0.971229 -2.1774
0.100199 0.199441 -0.0167515
-0.465565 0.995219 -2.189
0.0979615 0.202049 -0.0067504
-0.451447 0.946994 -2.35298
0.107028 0.194806 -0.0285186
-0.502387 0.955368 -2.14975
0.0991121 0.196413 -0.0366233
-0.46733 0.967273 -2.05829
0.106714 0.19515 -0.0143797
-0.500408 1.04059 -2.13724
0.103625 0.19312 -0.0112393
-0.492483 1.1623 -1.97176
0.0979339 0.198861 -0.0052834
-0.457608 1.10578 -2.11296
0.107804 0.197444 -0.0129012
-0.499763 0.894828 -2.38329
0.114354 0.193266 -0.0182374
-0.53429 0.907569 -2.31655
0.102181 0.193748 -0.0135187
-0.485321 1.15465 -1.96378
0.109 0.196053 -0.0324524
-0.507415 0.794126 -2.37528
0.10075 0.200988 -0.0240733
-0.464667 0.839503 -2.37523
0.104479 0.194389 -0.0373777
-0.493177 0.937205 -2.10029
0.100877 0.193753 -0.0249908
-0.480028 1.10282 -1.94431
0.104886 0.197467 -0.0257347
-0.488262 0.91603 -2.23758
0.108765 0.194085 -0.0401242
-0.51079 0.829845 -2.25001
0.0986825 0.193232 -0.0302848
-0.472167 1.10199 -1.89795
0.111255 0.193297 -0.0358953
-0.522258 0.849594 -2.25546
0.106173 0.194311 -0.0388047
-0.500081 0.894941 -2.15612
0.103668 0.195904 -0.0362464
-0.486716 0.911995 -2.15129
0.103759 0.195225 -0.00588272
-0.488516 1.12491 -2.07755
0.105235 0.197458 -0.0303093
-0.489659 0.865867 -2.27833
0.102682 0.196754 -0.00843144
-0.480997 1.08499 -2.1185
0.10454 0.196324 -0.0247464
-0.489297 0.977952 -2.14666
0.109151 0.193931 -0.0343697
-0.512645 0.891327 -2.20143
0.10633 0.193052 -0.0424985
-0.503444 0.895833 -2.1215
0.103154 0.197465 -0.0206095
-0.481403 0.990856 -2.16227
0.102788 0.198331 -0.0143504
-0.478152 0.998453 -2.20475
0.0982573 0.201723 -0.0198575
-0.453266 0.910945 -2.29704
0.0990083 0.199827 -0.0257575
-0.460017 0.945057 -2.19067
0.105796 0.195401 -0.0318057
-0.496241 0.930325 -2.16108
0.0990613 0.201199 -0.0315727
-0.457513 0.811935 -2.35426
0.105089 0.194963 -0.00706262
-0.494373 1.1068 -2.09587
0.0978936 0.195195 -0.0414643
-0.46486 0.971799 -2.00705
0.10859 0.196014 -0.0349991
-0.505902 0.780532 -2.37493
0.0994281 0.196501 -0.0133005
-0.468431 1.12163 -2.0179
0.103635 0.194441 -0.0252675
-0.48969 1.04735 -2.03064
0.114589 0.193215 -0.01353
-0.535305 0.924504 -2.33024
0.10947 0.195135 -0.0146942
-0.511246 0.978389 -2.23384
0.0997947 0.19486 -0.0214851
-0.473308 1.11269 -1.95982
0.0992766 0.193394 -0.00947488
-0.474261 1.21725 -1.90101
0.109293 0.195836 -0.0246469
-0.509027 0.883249 -2.29984
0.104052 0.194047 -0.0386057
-0.492204 0.94287 -2.08006
0.107313 0.19606 -0.0211216
-0.500806 0.954135 -2.21668
0.107187 0.196186 -0.00970517
-0.50004 1.00852 -2.22906
0.100598 0.198595 -0.0281713
-0.468875 0.943448 -2.17202
0.108456 0.193691 -0.0172722
-0.510445 1.04209 -2.10956
0.104742 0.195453 -0.0146781
-0.491949 1.06453 -2.09649
0.105212 0.198917 -0.0236704
-0.48652 0.816141 -2.41631
0.0992411 0.193845 -0.034313
-0.473172 1.05076 -1.94396
0.109076 0.193599 -0.0121529
-0.513079 1.05924 -2.12697
0.098384 0.195203 -0.0135651
-0.466849 1.16649 -1.94469
0.108249 0.193049 -0.00578567
-0.511045 1.1167 -2.09135
0.098801 0.198735 -0.0245662
-0.461365 0.998049 -2.11596
0.103263 0.197266 -0.00741757
-0.482248 1.05903 -2.16852
0.100293 0.198218 -0.0126112
-0.468413 1.05971 -2.12222
0.100454 0.197776 -0.0380794
-0.469964 0.885673 -2.17764
0.099754 0.200563 -0.0106711
-0.461541 0.979982 -2.26624
0.101471 0.193003 -0.0277501
-0.484034 1.09369 -1.93416
0.101843 0.195186 -0.0395586
-0.480912 0.934512 -2.08505
0.104401 0.195036 -0.0270212
-0.491481 1.00606 -2.0814
0.0978453 0.200526 -0.0317044
-0.453956 0.888288 -2.22988
0.104416 0.198115 -0.0343301
-0.48505 0.804231 -2.34255
0.100005 0.194458 -0.0299275
-0.475001 1.06154 -1.96622
0.106777 0.197795 -0.0209155
-0.495008 0.87156 -2.35113
0.0981817 0.198081 -0.0135588
-0.460173 1.09325 -2.06064
0.10069 0.194433 -0.0422998
-0.477835 0.946201 -2.04118
0.101488 0.199784 -0.00775455
-0.47002 0.982547 -2.28743
0.10749 0.194344 -0.00909605
-0.505216 1.07662 -2.126
0.104173 0.199292 -0.0148499
-0.481655 0.897134 -2.3627
0.101438 0.199913 -0.0273242
-0.469557 0.866069 -2.30413
0.106985 0.196227 -0.0144088
-0.499157 0.992612 -2.21358
0.102871 0.195502 -0.035398
-0.48438 0.947578 -2.10121
0.109495 0.193206 -0.0246399
-0.515596 0.992387 -2.12441
0.101468 0.196214 -0.0284297
-0.477258 1.00637 -2.06839
0.105903 0.196277 -0.0268223
-0.494791 0.936068 -2.19578
0.10454 0.195709 -0.0212543
-0.490602 1.02244 -2.10602
0.101726 0.196483 -0.00826505
-0.477734 1.11039 -2.07973
0.100083 0.197476 -0.0227668
-0.46908 1.03002 -2.08056
0.109781 0.195153 -0.0139847
-0.512418 0.97232 -2.24972
0.0989377 0.195668 -0.0136513
-0.468151 1.14797 -1.97317
0.108653 0.196909 -0.0122735
-0.50422 0.903633 -2.3746
0.0978073 0.201731 -0.0341975
-0.451446 0.781227 -2.38083
0.107574 0.194547 -0.0342967
-0.505101 0.90268 -2.1837
0.100935 0.198714 -0.0213754
-0.469978 0.98188 -2.16995
0.101633 0.196629 -0.0120982
-0.477056 1.09128 -2.07655
0.100462 0.197001 -0.0091902
-0.471581 1.11078 -2.07105
0.109523 0.194941 -0.0162172
-0.511877 0.978317 -2.2207
0.104982 0.195537 -0.00880811
-0.492724 1.08356 -2.11749
0.107599 0.194278 -0.0166219
-0.505788 1.04209 -2.11525
0.105657 0.194111 -0.0108638
-0.498467 1.10823 -2.06046
0.0979518 0.19369 -0.0279233
-0.468208 1.11732 -1.89473
0.112016 0.194375 -0.0322147
-0.522802 0.794797 -2.37628
0.106307 0.193283 -0.0268695
-0.50285 1.02802 -2.04745
0.102459 0.194201 -0.0417806
-0.485479 0.931963 -2.06911
0.109025 0.194884 -0.0303238
-0.510059 0.891689 -2.23654
0.109242 0.194149 -0.0237712
-0.512521 0.970256 -2.1676
0.102619 0.193504 -0.0105582
-0.487607 1.1692 -1.96688
0.101251 0.193363 -0.0306157
-0.482374 1.06693 -1.95134
0.1012 0.197292 -0.0180745
-0.473951 1.04687 -2.09489
0.107235 0.194479 -0.0280232
-0.503915 0.966785 -2.13573
0.098902 0.201875 -0.0183077
-0.455548 0.886816 -2.34926
0.10726 0.195556 -0.0349517
-0.501683 0.859443 -2.24786
0.0977951 0.193579 -0.0388892
-0.467794 1.03478 -1.92808
0.102072 0.198212 -0.01767
-0.475549 1.00125 -2.17133
0.107607 0.195137 -0.0296419
-0.50395 0.921234 -2.19487
0.100738 0.197898 -0.037064
-0.470852 0.885803 -2.18646
0.100636 0.201376 -0.0134921
-0.463443 0.869711 -2.41849
0.102009 0.200828 -0.0162012
-0.469982 0.833567 -2.45307
0.107129 0.197566 -0.0116445
-0.496867 0.92139 -2.35158
0.102037 0.199018 -0.0257755
-0.473758 0.912609 -2.24273
0.108646 0.19533 -0.0336914
-0.507604 0.845029 -2.28227
0.0980804 0.201202 -0.0319419
-0.453576 0.842828 -2.30119
0.0988287 0.20047 -0.0312769
-0.458021 0.871153 -2.2613
0.0978832 0.20092 -0.0114398
-0.453334 1.00549 -2.21882
0.100573 0.195806 -0.0294783
-0.474498 1.02302 -2.03224
0.0989807 0.195147 -0.00717051
-0.469399 1.18985 -1.96415
0.110261 0.195858 -0.00744284
-0.512741 0.92353 -2.38456
0.107245 0.195202 -0.0315691
-0.502387 0.909482 -2.19684
0.107425 0.193004 -0.0106955
-0.507891 1.11286 -2.05461
0.102967 0.197605 -0.00950392
-0.480366 1.04471 -2.17315
0.104762 0.19752 -0.0313393
-0.487661 0.865882 -2.26926
0.102201 0.198834 -0.0140951
-0.474787 0.990748 -2.21929
0.100113 0.196773 -0.0369614
-0.470643 0.938 -2.10274
0.105407 0.197287 -0.0413576
-0.490695 0.684519 -2.47403
0.10926 0.194732 -0.0332797
-0.51131 0.863221 -2.25649
0.10679 0.196533 -0.0246887
-0.497739 0.920014 -2.24032
0.100909 0.199693 -0.025763
-0.467896 0.907604 -2.25089
0.0980022 0.198075 -0.0124275
-0.459457 1.10147 -2.0575
0.103787 0.195409 -0.0134056
-0.488237 1.08789 -2.07049
0.100874 0.201075 -0.014997
-0.464985 0.887436 -2.37699
0.100093 0.199932 -0.0141255
-0.464155 0.989298 -2.22134
0.106952 0.196634 -0.0281268
-0.498158 0.88132 -2.27254
0.101617 0.195628 -0.020237
-0.47908 1.07669 -2.02827
0.100803 0.196576 -0.00959445
-0.473833 1.11662 -2.05827
0.106894 0.193358 -0.0112919
-0.505011 1.1085 -2.05629
0.101845 0.195103 -0.0393804
-0.481097 0.938708 -2.07984
0.0994634 0.197943 -0.0324243
-0.465634 0.951729 -2.12101
0.114294 0.193008 -0.0346079
-0.534642 0.75691 -2.41644
0.0977772 0.197922 -0.0341011
-0.458851 0.964734 -2.08503
0.103979 0.196631 -0.0272941
-0.486423 0.958532 -2.15546
0.0996227 0.198172 -0.0261315
-0.465811 0.991837 -2.11213
0.0992813 0.199013 -0.00923464
-0.462742 1.06359 -2.14547
0.102191 0.199231 -0.0312141
-0.473936 0.845401 -2.30341
0.109477 0.194382 -0.015159
-0.512927 1.00831 -2.18196
0.105455 0.19788 -0.0295899
-0.489638 0.839024 -2.32791
0.101395 0.194837 -0.0132578
-0.479841 1.13907 -1.99069
0.112314 0.194793 -0.0091196
-0.523022 0.913053 -2.38683
0.104601 0.195202 -0.0340974
-0.491922 0.939365 -2.12611
0.109126 0.194344 -0.036478
-0.511636 0.850993 -2.24805
0.105301 0.196333 -0.0349193
-0.492295 0.873312 -2.22571
0.0980248 0.199977 -0.00940562
-0.455761 1.05002 -2.16555
0.101908 0.196167 -0.0233919
-0.479124 1.03706 -2.06375
0.105167 0.194602 -0.016553
-0.495459 1.07373 -2.06543
0.108206 0.19313 -0.00645545
-0.510698 1.11269 -2.09185
0.0984597 0.1985 -0.0255344
-0.460458 1.00441 -2.09721
0.101575 0.195032 -0.0373526
-0.480157 0.964012 -2.05701
0.109553 0.194968 -0.0182175
-0.511937 0.965348 -2.22404
0.100705 0.197574 -0.0246263
-0.471382 1.0043 -2.1054
0.111202 0.193685 -0.0149742
-0.521184 0.997688 -2.20054
0.0982778 0.196525 -0.0062149
-0.463709 1.16729 -2.00791
0.101658 0.200607 -0.0206341
-0.469033 0.861527 -2.3697
0.102659 0.199538 -0.025303
-0.475166 0.867966 -2.31872
0.0997492 0.19591 -0.0299435
-0.470947 1.02801 -2.02005
0.106254 0.19421 -0.0394075
-0.500621 0.890662 -2.15768
0.103026 0.193788 -0.0391164
-0.48864 0.961061 -2.04588
0.103546 0.195461 -0.0228541
-0.487166 1.03608 -2.07008
0.107298 0.193518 -0.0190107
-0.506261 1.05738 -2.06989
0.101673 0.195596 -0.0185298
-0.479372 1.08694 -2.02701
0.105068 0.193126 -0.0155506
-0.498257 1.12105 -1.99905
0.111232 0.194679 -0.0158288
-0.519094 0.945137 -2.27722
0.107746 0.197221 -0.0164457
-0.500013 0.903352 -2.33888
0.10704 0.194421 -0.0126141
-0.503273 1.06753 -2.10976
0.102861 0.199123 -0.00597218
-0.476816 0.982674 -2.30268
0.109417 0.194754 -0.00682046
-0.511872 1.02602 -2.2262
0.101956 0.197275 -0.00764613
-0.477015 1.08286 -2.1287
0.109682 0.194601 -0.0298288
-0.513245 0.892203 -2.24006
0.104171 0.198924 -0.00715134
-0.482405 0.946482 -2.35033
0.112739 0.193644 -0.00979488
-0.527225 0.978282 -2.27655
0.0980604 0.196445 -0.0407682
-0.462987 0.942424 -2.06125
0.110069 0.194185 -0.018983
-0.515669 0.981891 -2.19086
0.0994204 0.198468 -0.0167214
-0.464399 1.04554 -2.10888
0.102912 0.193587 -0.0120354
-0.488611 1.1564 -1.97407
0.106717 0.196768 -0.0170277
-0.496948 0.960994 -2.24138
0.110317 0.194009 -0.0236403
-0.517024 0.952815 -2.19676
0.098111 0.195453 -0.0177197
-0.46522 1.14144 -1.94757
0.0993421 0.196344 -0.0406086
-0.468404 0.927964 -2.08623
0.105197 0.193377 -0.0336927
-0.498225 0.988584 -2.0501
0.102439 0.195514 -0.0316848
-0.482621 0.986316 -2.07173
0.108254 0.195785 -0.0302533
-0.505083 0.868315 -2.27487
0.106095 0.19541 -0.0312806
-0.497402 0.928607 -2.16851
0.102914 0.196097 -0.00515471
-0.483301 1.11386 -2.10132
0.098685 0.193225 -0.0384897
-0.472191 1.03608 -1.92963
0.102631 0.197159 -0.0432413
-0.479952 0.800475 -2.26997
0.10117 0.196335 -0.0415894
-0.475807 0.887708 -2.14292
0.111419 0.194444 -0.0154527
-0.52034 0.953989 -2.26631
0.103129 0.195279 -0.0334318
-0.485884 0.967745 -2.08614
0.105885 0.194948 -0.00623158
-0.497565 1.096 -2.1202
0.0999565 0.196738 -0.0280493
-0.470082 1.01657 -2.05535
0.103423 0.195578 -0.0115593
-0.486424 1.0972 -2.07187
0.104292 0.193446 -0.0350211
-0.494459 0.988804 -2.03781
0.101741 0.19491 -0.0381885
-0.481086 0.957275 -2.06041
0.106019 0.194724 -0.0157074
-0.498578 1.06049 -2.09392
0.104846 0.197937 -0.0301515
-0.487119 0.851151 -2.30345
0.0996276 0.20164 -0.0182269
-0.458905 0.876296 -2.36686
0.102184 0.198397 -0.0122367
-0.475613 1.01839 -2.19131
0.110216 0.196096 -0.0136352
-0.512047 0.893907 -2.37841
0.112895 0.194226 -0.0279766
-0.526525 0.816357 -2.37851
0.103721 0.198925 -0.0355919
-0.480626 0.721001 -2.46568
0.109834 0.19376 -0.011682
-0.515692 1.04039 -2.16107
0.0997442 0.193837 -0.0172312
-0.475242 1.16239 -1.91872
0.0987836 0.193487 -0.0356065
-0.472046 1.05353 -1.9277
0.101746 0.198668 -0.0405396
-0.473313 0.774833 -2.33546
0.10186 0.197323 -0.0361601
-0.47653 0.895057 -2.17951
0.107768 0.195769 -0.0140285
-0.503218 0.995665 -2.21201
0.0999187 0.193539 -0.0228769
-0.47658 1.13293 -1.91518
0.10457 0.193329 -0.0115318
-0.495826 1.14284 -1.99989
0.113019 0.194209 -0.0134359
-0.527039 0.919506 -2.33907
0.103119 0.194207 -0.0426069
-0.48812 0.912967 -2.09259
0.0987305 0.193929 -0.0239814
-0.470907 1.13059 -1.90901
0.0978505 0.198022 -0.0421088
-0.458947 0.881587 -2.14821
0.0983057 0.193896 -0.0225792
-0.469234 1.14513 -1.89841
0.101415 0.193115 -0.00757352
-0.48357 1.20676 -1.93413
0.10749 0.197003 -0.026883
-0.49948 0.851291 -2.33179
0.102287 0.196123 -0.0115548
-0.480736 1.09877 -2.06942
0.109265 0.193288 -0.0308035
-0.514511 0.946 -2.14465
0.107753 0.193997 -0.0321758
-0.50701 0.938955 -2.14386
0.104517 0.195849 -0.0203989
-0.490214 1.02364 -2.11162
0.0988743 0.198957 -0.00783142
-0.461216 1.07801 -2.13478
0.104841 0.198007 -0.0159875
-0.486953 0.954646 -2.2606
0.10409 0.19637 -0.00997243
-0.487413 1.06683 -2.13391
0.109806 0.195039 -0.0161147
-0.512765 0.966887 -2.23989
0.102859 0.197129 -0.0139193
-0.480923 1.04565 -2.1332
0.105715 0.197791 -0.0273124
-0.490849 0.859131 -2.31541
0.110266 0.193197 -0.0232648
-0.518632 0.987294 -2.14469
0.10548 0.195317 -0.0379893
-0.495169 0.879739 -2.18806
0.10052 0.195283 -0.0220376
-0.475371 1.08954 -1.99183
0.102897 0.198438 -0.0114741
-0.478363 1.00358 -2.22157
0.113879 0.193096 -0.0201918
-0.532852 0.922563 -2.27548
0.104057 0.193606 -0.00787572
-0.493172 1.15875 -2.00683
0.099706 0.200617 -0.00587304
-0.461241 0.989433 -2.29274
0.102065 0.19783 -0.0247414
-0.476303 0.970359 -2.15891
0.0978378 0.198379 -0.0144988
-0.458182 1.08477 -2.06588
0.10211 0.195776 -0.0364537
-0.480753 0.94176 -2.10119
0.098882 0.19749 -0.0387225
-0.464202 0.917792 -2.11975
0.105852 0.196083 -0.0228887
-0.495003 0.973904 -2.16948
0.101688 0.195002 -0.0392844
-0.480678 0.945028 -2.07043
0.101762 0.193697 -0.0174044
-0.483733 1.14039 -1.95202
0.10569 0.195807 -0.016725
-0.494953 1.02493 -2.14174
0.104037 0.19486 -0.0207566
-0.490402 1.05937 -2.05133
0.112076 0.195051 -0.0155179
-0.521533 0.885331 -2.37585
0.10769 0.195625 -0.0257154
-0.503221 0.931107 -2.21348
0.0998831 0.197803 -0.035842
-0.46761 0.917997 -2.14517
0.106747 0.195144 -0.00732563
-0.500549 1.06903 -2.15343
0.0995395 0.193646 -0.0228592
-0.474807 1.135 -1.91204
0.104537 0.198533 -0.0203743
-0.48466 0.908069 -2.29717
0.0979843 0.200287 -0.0111568
-0.454987 1.03181 -2.17931
0.105579 0.196544 -0.0309217
-0.492945 0.896648 -2.22327
0.108312 0.19473 -0.0165059
-0.507603 1.01302 -2.16268
0.115497 0.193379 -0.0163217
-0.538401 0.834872 -2.44993
0.106785 0.196528 -0.0102248
-0.497729 1.00093 -2.23665
0.100197 0.193083 -0.0343522
-0.478678 1.05656 -1.93423
0.0985559 0.196644 -0.0139522
-0.464599 1.12632 -2.00475
0.101708 0.200434 -0.0241011
-0.469581 0.84611 -2.36436
0.0986239 0.200537 -0.0389575
-0.457065 0.776919 -2.34602
0.10404 0.193451 -0.0404625
-0.493434 0.942403 -2.06405
0.100419 0.193792 -0.0218265
-0.478086 1.12807 -1.9323
0.105607 0.195446 -0.025203
-0.495394 0.985357 -2.13074
0.104616 0.195511 -0.0423446
-0.491324 0.841055 -2.21204
0.0980908 0.194867 -0.0161127
-0.466343 1.16433 -1.92558
0.104697 0.197984 -0.0331462
-0.486431 0.818634 -2.32968
0.0993547 0.198172 -0.0356472
-0.464732 0.91617 -2.14987
0.101769 0.196066 -0.0122931
-0.478775 1.10502 -2.05306
0.100131 0.20159 -0.00904829
-0.461007 0.869801 -2.45685
0.109788 0.194555 -0.00599318
-0.513759 1.02752 -2.23098
0.0998399 0.201134 -0.0203538
-0.460752 0.895033 -2.31829
0.107354 0.196667 -0.0170119
-0.499663 0.948632 -2.26133
0.104285 0.196253 -0.0226559
-0.488434 0.999714 -2.13011
0.0986012 0.199577 -0.0235745
-0.458877 0.978723 -2.15572
0.0989201 0.194052 -0.0423657
-0.471425 0.978825 -1.98734
0.108054 0.193628 -0.0282671
-0.509003 0.978136 -2.11529
0.106502 0.198268 -0.0217766
-0.492932 0.830351 -2.4099
0.105412 0.19787 -0.0117277
-0.489491 0.963902 -2.28278
0.103877 0.198039 -0.0155628
-0.483078 0.980194 -2.22339
0.102396 0.197767 -0.0411119
-0.477756 0.803487 -2.28399
0.10003 0.200151 -0.0282221
-0.463463 0.885537 -2.2649
0.0985585 0.194227 -0.01244
-0.469581 1.19268 -1.91339
0.0984927 0.195382 -0.00795007
-0.466924 1.18692 -1.96192
0.106289 0.197914 -0.014165
-0.492844 0.921109 -2.33018
0.099289 0.196354 -0.0322886
-0.468169 1.00371 -2.03825
0.104755 0.197629 -0.00708459
-0.487403 1.0094 -2.25038
0.105533 0.197316 -0.0211013
-0.491134 0.940718 -2.2384
0.104492 0.19617 -0.0241531
-0.489434 0.988528 -2.13489
0.109897 0.193232 -0.0326701
-0.517112 0.918541 -2.17247
0.098945 0.200273 -0.038748
-0.458878 0.788525 -2.3291
0.10562 0.194491 -0.0241585
-0.497496 1.02307 -2.07941
0.102363 0.196841 -0.0403755
-0.479543 0.858471 -2.20132
0.106729 0.195056 -0.0361407
-0.500671 0.882334 -2.20029
0.110441 0.19462 -0.0096131
-0.516155 0.996939 -2.24833
0.108684 0.193687 -0.0334705
-0.511349 0.919715 -2.16348
0.1039 0.196487 -0.00567548
-0.486414 1.08104 -2.14872
0.105728 0.195974 -0.0127
-0.494747 1.03807 -2.1559
0.103468 0.194928 -0.0299427
-0.487984 1.00161 -2.06259
0.105402 0.193018 -0.0308899
-0.499825 1.01826 -2.0273
0.100538 0.198737 -0.0330336
-0.468343 0.895747 -2.2061
0.102186 0.198603 -0.0324031
-0.475199 0.868852 -2.25511
0.100174 0.197659 -0.0110154
-0.469074 1.08726 -2.09239
0.10521 0.198872 -0.0243417
-0.486603 0.815064 -2.41221
0.104537 0.198291 -0.0365538
-0.485164 0.738208 -2.42958
0.0987555 0.197973 -0.0287457
-0.462714 0.992397 -2.08808
0.101418 0.194028 -0.0164585
-0.481641 1.14208 -1.95772
0.098925 0.196515 -0.0213263
-0.466361 1.08314 -2.00835
0.111856 0.194861 -0.0111197
-0.521106 0.928245 -2.34515
0.100027 0.19534 -0.0137109
-0.473255 1.14197 -1.98212
0.0999057 0.200569 -0.0211656
-0.462137 0.922422 -2.26722
0.099433 0.198342 -0.0260861
-0.464704 0.989697 -2.11597
0.110155 0.193218 -0.0214547
-0.51815 1.00082 -2.1389
0.108474 0.19397 -0.0245482
-0.509901 0.986625 -2.13447
0.108939 0.19397 -0.0343949
-0.511728 0.894388 -2.19625
0.100507 0.198324 -0.0345182
-0.469061 0.89916 -2.18744
0.105764 0.193411 -0.0176945
-0.500408 1.0918 -2.02662
0.104588 0.197502 -0.0415732
-0.487011 0.723629 -2.40911
0.109225 0.194122 -0.0326483
-0.512512 0.898508 -2.20504
0.10342 0.198683 -0.00878031
-0.479935 0.986428 -2.27234
0.106666 0.194028 -0.00988755
-0.502648 1.09835 -2.08463
0.111295 0.194822 -0.0142936
-0.519023 0.941924 -2.2957
0.103453 0.193748 -0.00910063
-0.490442 1.15837 -1.99671
0.0991854 0.196123 -0.0168163
-0.468222 1.11651 -1.99509
0.112377 0.194092 -0.0354652
-0.524828 0.742913 -2.43151
0.0999793 0.194159 -0.00897885
-0.475524 1.19372 -1.94222
0.101711 0.194575 -0.0127449
-0.481669 1.14407 -1.9873
0.100047 0.196228 -0.0377283
-0.471499 0.948594 -2.07866
0.11217 0.194108 -0.0195676
-0.523992 0.925787 -2.27574
0.102434 0.198468 -0.0160296
-0.476463 0.992102 -2.20028
0.106674 0.196147 -0.00679524
-0.498105 1.03169 -2.21738
0.104757 0.198803 -0.0311498
-0.484967 0.752123 -2.4543
0.104024 0.194637 -0.0241129
-0.490828 1.04412 -2.04607
0.101246 0.197824 -0.0321404
-0.473041 0.926345 -2.16455
0.115163 0.193039 -0.0244054
-0.537901 0.841262 -2.36951
0.102914 0.193982 -0.0269042
-0.487777 1.05794 -1.99909
0.101858 0.193891 -0.0110609
-0.48371 1.16724 -1.96555
0.105508 0.197058 -0.0406883
-0.491578 0.73907 -2.39196
0.106636 0.19432 -0.00513528
-0.501894 1.1067 -2.11281
0.108598 0.194156 -0.0098144
-0.50998 1.0589 -2.14789
0.101352 0.195613 -0.0288415
-0.478043 1.02215 -2.03933
0.109581 0.19575 -0.0261338
-0.510337 0.865346 -2.31569
0.11034 0.193754 -0.0119212
-0.517678 1.02868 -2.17765
0.102396 0.199634 -0.0244201
-0.473929 0.878348 -2.30971
