714 3 3
0.0224644 0.102929 0.148709
-0.214882 2.35721 -1.91962
0.0455212 0.0944176 0.152256
-0.449247 2.27775 -2.0615
0.0205131 0.09493 0.158423
-0.212815 2.18404 -2.29279
0.0261547 0.117 0.150301
-0.21993 1.93349 -2.48537
0.0501475 0.0985095 0.149849
-0.470871 2.24646 -2.05681
0.0515128 0.0952655 0.148393
-0.495698 2.32001 -1.95323
0.0361844 0.105304 0.148962
-0.330979 2.25635 -2.03148
0.0200545 0.1148 0.150249
-0.172945 2.10271 -2.23986
0.0198426 0.105352 0.152148
-0.186166 2.23856 -2.10414
0.0290681 0.0975422 0.148968
-0.289626 2.40209 -1.87918
0.026466 0.110217 0.1532
-0.235664 1.99931 -2.44156
0.0256092 0.107256 0.148981
-0.234379 2.27424 -2.01182
0.0216422 0.114619 0.148803
-0.186622 2.15831 -2.14479
0.0331687 0.0980631 0.150374
-0.326158 2.34683 -1.95651
0.029065 0.108783 0.152242
-0.261085 2.11394 -2.26024
0.0153804 0.106789 0.153291
-0.143043 2.18348 -2.19026
0.0279099 0.103494 0.148772
-0.26341 2.32842 -1.95026
0.0198529 0.101477 0.152003
-0.1932 2.30815 -2.024
0.042457 0.0978819 0.15387
-0.409265 2.18614 -2.19758
0.0239863 0.10284 0.152
-0.229143 2.27177 -2.06381
0.0407732 0.0992088 0.148619
-0.389939 2.33083 -1.94537
0.0396002 0.0979979 0.153022
-0.38403 2.23823 -2.11975
0.0225047 0.105995 0.155017
-0.209212 2.06595 -2.38052
0.0315379 0.100694 0.148664
-0.303528 2.35578 -1.92038
0.0287648 0.0955128 0.151859
-0.292523 2.36695 -1.96046
0.0199616 0.102018 0.150101
-0.193226 2.34675 -1.9522
0.0222369 0.102239 0.151561
-0.214165 2.30021 -2.02513
0.0211337 0.121249 0.148728
-0.172566 1.92042 -2.47555
0.0310243 0.108435 0.153509
-0.278666 1.98191 -2.47506
0.0197138 0.103881 0.151992
-0.187542 2.26967 -2.06602
0.033899 0.104027 0.153401
-0.315015 2.14187 -2.24496
0.0328149 0.094656 0.15592
-0.33371 2.23875 -2.17291
0.0192289 0.09312 0.15099
-0.203634 2.44892 -1.8676
0.0288172 0.11056 0.151455
-0.254975 2.1076 -2.25447
0.0446565 0.095944 0.14858
-0.435622 2.35306 -1.92183
0.0196735 0.100046 0.155854
-0.194168 2.20457 -2.21277
0.0473895 0.0954564 0.154618
-0.460804 2.15409 -2.25225
0.0489412 0.106438 0.14872
-0.430983 2.14993 -2.15386
0.0280468 0.0960307 0.153192
-0.284158 2.32893 -2.02232
0.0129996 0.0940341 0.15753
-0.137373 2.27441 -2.16386
0.0413521 0.0990246 0.153606
-0.395581 2.18335 -2.19617
0.0229346 0.103158 0.153766
-0.218766 2.21209 -2.16401
0.051978 0.0940665 0.152461
-0.504812 2.22315 -2.12756
0.0467397 0.0964678 0.148693
-0.451179 2.33016 -1.94722
0.0221811 0.106 0.150964
-0.206279 2.25465 -2.06571
0.0433899 0.0974236 0.154026
-0.419 2.1804 -2.20762
0.0162556 0.0990571 0.150073
-0.162653 2.39819 -1.90042
0.0284817 0.0948489 0.148991
-0.291719 2.43819 -1.84541
0.0387228 0.100099 0.153872
-0.369115 2.17141 -2.21601
0.0168365 0.110226 0.150502
-0.151573 2.20881 -2.11127
0.0343944 0.105967 0.149982
-0.313848 2.22669 -2.08174
0.0323162 0.108628 0.148824
-0.289156 2.22441 -2.06583
0.0223104 0.0979113 0.150305
-0.224039 2.39269 -1.90949
0.0219055 0.10725 0.154035
-0.201475 2.10401 -2.30732
0.0207782 0.102402 0.149072
-0.20019 2.3619 -1.92052
0.0386168 0.0967539 0.153801
-0.379751 2.24039 -2.13116
0.0210784 0.114714 0.149283
-0.18172 2.14119 -2.17399
0.0266157 0.0996879 0.14901
-0.260905 2.38187 -1.89959
0.038106 0.100587 0.154062
-0.362129 2.15675 -2.2382
0.0173845 0.121169 0.148848
-0.142501 1.96887 -2.40334
0.0474569 0.112074 0.148952
-0.40055 1.99908 -2.36067
0.0179546 0.096885 0.155768
-0.183239 2.27515 -2.12793
0.046815 0.106348 0.149535
-0.414678 2.14188 -2.17728
0.0427223 0.100867 0.151511
-0.400644 2.21455 -2.12139
0.0180856 0.105093 0.15282
-0.170423 2.2271 -2.12921
0.0158462 0.0941112 0.154193
-0.166813 2.37078 -1.9971
0.0269088 0.104069 0.153415
-0.253025 2.1873 -2.18778
0.0226537 0.109929 0.153059
-0.203231 2.0751 -2.32821
0.013801 0.0948908 0.152513
-0.144428 2.40541 -1.93377
0.0169152 0.102989 0.151584
-0.16279 2.30378 -2.02165
0.0444687 0.111854 0.149588
-0.378401 2.00866 -2.35816
0.0339317 0.106488 0.148492
-0.308472 2.26135 -2.01851
0.0229317 0.110539 0.153431
-0.204552 1.99353 -2.45527
0.0359442 0.105673 0.150348
-0.327869 2.21148 -2.10558
0.0156813 0.105697 0.149017
-0.147287 2.32799 -1.95453
0.0174336 0.100879 0.155002
-0.171127 2.23141 -2.16393
0.0243127 0.0971917 0.157453
-0.245122 2.16256 -2.29931
0.027943 0.099063 0.149451
-0.27493 2.37604 -1.91229
0.0519346 0.103179 0.150693
-0.46632 2.10995 -2.238
0.0480162 0.0997507 0.15268
-0.448626 2.14328 -2.22989
0.0289642 0.102123 0.154122
-0.276364 2.18757 -2.2005
0.0141469 0.102956 0.155906
-0.136552 2.15395 -2.278
0.0131988 0.104399 0.148689
-0.125759 2.35942 -1.91707
0.0240393 0.106212 0.152248
-0.222583 2.20201 -2.14907
0.04952 0.107384 0.149149
-0.432087 2.10628 -2.21657
0.0159619 0.106694 0.148681
-0.148504 2.31991 -1.9578
0.0508049 0.0955308 0.15415
-0.488776 2.13527 -2.26775
0.0311969 0.0944924 0.156615
-0.318886 2.22328 -2.2052
0.0147304 0.113399 0.152042
-0.129176 2.06989 -2.31623
0.0327232 0.109616 0.149719
-0.290103 2.17553 -2.13848
0.0215598 0.0937031 0.148525
-0.22615 2.48337 -1.79738
0.0146087 0.119675 0.149444
-0.121469 2.01179 -2.35106
0.0387632 0.102268 0.151684
-0.362303 2.21217 -2.12716
0.0499928 0.107697 0.150685
-0.4346 1.98298 -2.41629
0.038351 0.10403 0.151117
-0.353195 2.20113 -2.13073
0.0253693 0.101554 0.154662
-0.2448 2.19724 -2.19873
0.0156742 0.0971738 0.157617
-0.159923 2.19848 -2.25662
0.0239684 0.107476 0.148538
-0.219421 2.28777 -1.99005
0.0520405 0.108586 0.148504
-0.446914 2.07526 -2.24686
0.040414 0.102863 0.150227
-0.374362 2.23602 -2.07491
0.032233 0.103509 0.151457
-0.301884 2.23784 -2.0932
0.0258626 0.0941111 0.151897
-0.268189 2.39623 -1.93219
0.0340275 0.112152 0.148929
-0.294579 2.14121 -2.16817
0.0413221 0.093965 0.148652
-0.414306 2.39663 -1.87958
0.0183639 0.101045 0.151788
-0.179777 2.32477 -2.0027
0.0160908 0.108015 0.154482
-0.14788 2.0797 -2.34986
0.046782 0.109574 0.14867
-0.403515 2.10327 -2.21258
0.0277333 0.0973343 0.154376
-0.277573 2.27504 -2.10198
0.0138635 0.108667 0.151556
-0.126892 2.21293 -2.12407
0.0258676 0.0953525 0.157677
-0.264908 2.18601 -2.27373
0.0315961 0.0993996 0.153282
-0.307769 2.25547 -2.10446
0.0239107 0.0981732 0.14931
-0.238905 2.40514 -1.88161
0.0428642 0.0935042 0.155208
-0.429834 2.21325 -2.18959
0.0429519 0.110375 0.150286
-0.371114 2.03808 -2.32866
0.0328579 0.0943044 0.15062
-0.33527 2.39354 -1.91373
0.0245899 0.115759 0.149
-0.209313 2.11029 -2.20889
0.0233975 0.0976677 0.155112
-0.235132 2.26411 -2.12799
0.0414257 0.0934149 0.155504
-0.417401 2.21499 -2.1932
0.0217666 0.103685 0.155893
-0.206925 2.08686 -2.36918
0.0351094 0.115503 0.148639
-0.295096 2.0588 -2.27135
0.0305417 0.103676 0.153375
-0.286484 2.17567 -2.2015
0.0227099 0.0972982 0.149048
-0.2293 2.42555 -1.85808
0.03867 0.0951675 0.151839
-0.385957 2.32309 -2.00533
0.0300594 0.0930424 0.148672
-0.312487 2.46038 -1.82014
0.0533047 0.106932 0.149976
-0.462441 2.01732 -2.35265
0.0517399 0.104923 0.150762
-0.45813 2.06048 -2.30589
0.0287346 0.0936709 0.156133
-0.297648 2.27205 -2.13851
0.0145432 0.115642 0.148613
-0.125103 2.16675 -2.13133
0.0157168 0.104533 0.153518
-0.149234 2.22069 -2.14923
0.0210489 0.0987541 0.156995
-0.210002 2.16957 -2.2803
0.0444213 0.0976733 0.150222
-0.426835 2.29179 -2.0123
0.0499758 0.0936857 0.154796
-0.490041 2.155 -2.25452
0.0176765 0.0952246 0.158621
-0.183541 2.17833 -2.3047
0.0202464 0.119934 0.148847
-0.167236 2.01147 -2.34099
0.0462187 0.100575 0.148481
-0.430764 2.27979 -1.9979
0.0341592 0.107483 0.153497
-0.307717 1.98823 -2.46491
0.0314546 0.0982779 0.156547
-0.309756 2.13425 -2.31751
0.0136237 0.101307 0.154839
-0.133677 2.24059 -2.15003
0.0178578 0.110613 0.149804
-0.160063 2.22003 -2.08661
0.0357141 0.10561 0.151835
-0.326096 2.16127 -2.19197
0.036875 0.0954651 0.151624
-0.368612 2.33445 -1.98981
0.0191069 0.105581 0.15474
-0.179032 2.12707 -2.2901
0.0318642 0.0968284 0.155003
-0.317917 2.23995 -2.15386
0.0399948 0.093358 0.150151
-0.404749 2.38012 -1.91935
0.0349656 0.11036 0.150108
-0.306826 2.12938 -2.20276
0.0149855 0.118223 0.149962
-0.126084 2.03213 -2.33127
0.0194004 0.100667 0.1502
-0.190385 2.36545 -1.93478
0.0372768 0.0998847 0.153128
-0.35719 2.21674 -2.14694
0.0224772 0.100405 0.15204
-0.220233 2.31525 -2.01703
0.0142226 0.106372 0.153546
-0.132917 2.18574 -2.19211
0.0317549 0.109691 0.1513
-0.281792 2.11692 -2.23946
0.0270658 0.0994174 0.153308
-0.265802 2.27699 -2.08062
0.0274478 0.0939802 0.153431
-0.284156 2.35476 -1.99975
0.0164754 0.100212 0.14986
-0.162949 2.38653 -1.90839
0.0359042 0.0958375 0.156199
-0.358452 2.17891 -2.25177
0.0251621 0.0986435 0.151076
-0.249755 2.35572 -1.95884
0.0260871 0.105631 0.152967
-0.242118 2.17631 -2.19329
0.0388315 0.100989 0.154602
-0.367084 2.10751 -2.31376
0.0482818 0.0970812 0.152936
-0.461513 2.18606 -2.18067
0.0166162 0.116571 0.150752
-0.141587 2.03098 -2.34719
0.042818 0.107441 0.150295
-0.379236 2.12419 -2.2126
0.0534215 0.0956199 0.152
-0.509488 2.19785 -2.14978
0.026671 0.107277 0.152279
-0.243677 2.1649 -2.19525
0.0291335 0.10473 0.152217
-0.271318 2.20705 -2.14247
0.0384117 0.103417 0.151822
-0.355633 2.18773 -2.15899
0.0353649 0.111307 0.150636
-0.307639 2.07489 -2.28388
0.0235822 0.0957183 0.154485
-0.24156 2.31544 -2.05967
0.0127784 0.118538 0.149148
-0.107385 2.07893 -2.25272
0.0139979 0.0995188 0.154852
-0.139739 2.27181 -2.11439
0.0156075 0.115395 0.148797
-0.134437 2.16285 -2.13908
0.0240187 0.112411 0.151726
-0.210504 2.06984 -2.31045
0.0417948 0.0948847 0.150768
-0.414908 2.3351 -1.97502
0.0143719 0.10306 0.155576
-0.138558 2.16869 -2.25227
0.0163744 0.0979261 0.149238
-0.165679 2.43003 -1.85687
0.0151334 0.0934087 0.152058
-0.160617 2.43224 -1.90074
0.0463952 0.109798 0.148693
-0.399795 2.10084 -2.21613
0.0128654 0.0976379 0.155396
-0.131012 2.2887 -2.10569
0.0307846 0.0990546 0.156867
-0.301321 2.08374 -2.39517
0.0512268 0.101468 0.151301
-0.467526 2.13088 -2.22131
0.0271492 0.0988786 0.151284
-0.267967 2.33984 -1.97856
0.0429699 0.103119 0.149171
-0.39482 2.24424 -2.04851
0.0398984 0.101129 0.154079
-0.375782 2.12459 -2.2805
0.0325335 0.110363 0.150464
-0.286667 2.13212 -2.20528
0.0134491 0.103513 0.154813
-0.129204 2.19721 -2.20161
0.0475083 0.0947569 0.152044
-0.464743 2.26355 -2.07377
0.045076 0.100155 0.151837
-0.422904 2.19747 -2.14741
0.0344574 0.109836 0.150623
-0.303992 2.12382 -2.21869
0.0187077 0.101575 0.150402
-0.182135 2.3497 -1.95402
0.0385278 0.107098 0.149906
-0.345328 2.1814 -2.13439
0.0153481 0.0962333 0.155519
-0.158157 2.30201 -2.09337
0.0220098 0.094659 0.156961
-0.228457 2.25514 -2.1744
0.0151074 0.105941 0.150537
-0.141648 2.28834 -2.02117
0.0133104 0.0979976 0.149395
-0.134997 2.43201 -1.85748
0.0405814 0.0930965 0.155986
-0.411072 2.2075 -2.2118
0.0262057 0.108953 0.151336
-0.23604 2.16792 -2.17501
0.0303143 0.100007 0.156128
-0.294319 2.12188 -2.32542
0.0165055 0.106435 0.152141
-0.15385 2.22929 -2.11481
0.0297984 0.104697 0.15224
-0.277284 2.20319 -2.1475
0.0373959 0.094421 0.157652
-0.3771 2.09585 -2.39574
0.0366645 0.108949 0.149705
-0.324623 2.16396 -2.15248
0.0332893 0.111705 0.149357
-0.289631 2.14013 -2.17654
0.031447 0.0995989 0.151693
-0.30583 2.29962 -2.02798
0.0489768 0.101158 0.148624
-0.450897 2.24697 -2.03679
0.0438926 0.105316 0.149347
-0.394881 2.194 -2.11007
0.0329129 0.107182 0.151741
-0.297935 2.15012 -2.20439
0.025961 0.0989415 0.156543
-0.256603 2.16094 -2.28203
0.0323495 0.0998608 0.152857
-0.313278 2.25696 -2.09528
0.0305522 0.0957896 0.153259
-0.308751 2.31932 -2.03364
0.0352412 0.107917 0.149831
-0.315642 2.18999 -2.12274
0.05237 0.0931348 0.150942
-0.512239 2.28025 -2.03668
0.0269169 0.0937479 0.151162
-0.279599 2.41337 -1.90351
0.040758 0.100646 0.148815
-0.384777 2.30576 -1.97491
0.0270786 0.096144 0.155626
-0.274534 2.25573 -2.14739
0.0547815 0.0987895 0.153256
-0.506313 2.02102 -2.40995
0.035701 0.114107 0.148641
-0.303225 2.09325 -2.22523
0.0331762 0.0993367 0.148802
-0.32233 2.36422 -1.91398
0.0174205 0.109843 0.15396
-0.157285 2.03617 -2.40194
0.0282766 0.102673 0.152422
-0.268741 2.24295 -2.10379
0.0391427 0.0965304 0.15015
-0.385235 2.34247 -1.95739
0.0393521 0.105819 0.150066
-0.356034 2.19508 -2.12047
0.0169458 0.0972568 0.152619
-0.172506 2.36338 -1.97693
0.0263468 0.118803 0.149207
-0.218237 1.97296 -2.40375
0.0307436 0.109816 0.152331
-0.272969 2.06068 -2.33451
0.0279179 0.0958966 0.150677
-0.283295 2.39212 -1.91605
0.0395574 0.0938222 0.149329
-0.399006 2.39411 -1.89259
0.0147261 0.0981618 0.156271
-0.148908 2.24283 -2.175
0.0247647 0.109033 0.149089
-0.223342 2.24479 -2.04658
0.0529082 0.0983875 0.149651
-0.493392 2.2308 -2.07161
0.0514668 0.104432 0.151612
-0.457892 2.01493 -2.38651
0.0348622 0.104346 0.152569
-0.322443 2.16505 -2.20022
0.0546623 0.105828 0.150457
-0.476778 1.98786 -2.40466
0.0179819 0.106949 0.148773
-0.166576 2.3089 -1.9709
0.0524911 0.0970781 0.150682
-0.495683 2.22526 -2.09488
0.0136342 0.0936859 0.156681
-0.144516 2.30952 -2.10769
0.0142155 0.0969709 0.15055
-0.145558 2.42012 -1.88712
0.0135051 0.0960755 0.155091
-0.139653 2.32217 -2.06363
0.0469064 0.0986378 0.153754
-0.443891 2.12842 -2.26919
0.0173216 0.114783 0.151295
-0.149778 2.05778 -2.31929
0.0426717 0.101159 0.154498
-0.399183 2.05087 -2.39153
0.0157299 0.095647 0.156266
-0.162999 2.28575 -2.12568
0.0315752 0.114372 0.148671
-0.269365 2.11601 -2.19608
0.0192252 0.117473 0.148827
-0.162218 2.09936 -2.22029
0.0172591 0.101078 0.149946
-0.16912 2.37078 -1.92537
0.0314925 0.0991616 0.154654
-0.307513 2.21116 -2.18159
0.012925 0.119297 0.150058
-0.107922 1.97942 -2.4098
0.0388214 0.101855 0.154769
-0.364146 2.06105 -2.38239
0.0293152 0.111074 0.151607
-0.25804 2.07988 -2.29449
0.0306863 0.0940042 0.155125
-0.31553 2.29068 -2.09842
0.0190999 0.0949177 0.153804
-0.198574 2.36095 -2.00005
0.0291081 0.106819 0.149408
-0.266041 2.2555 -2.0395
0.0218221 0.107134 0.153653
-0.20094 2.13081 -2.26413
0.0455332 0.108283 0.149048
-0.398055 2.13033 -2.18391
0.0317 0.0953017 0.155264
-0.321115 2.25866 -2.1371
0.0474343 0.109182 0.148916
-0.40985 2.09527 -2.22712
0.0336387 0.10303 0.150457
-0.315582 2.26741 -2.04301
0.0431322 0.0935695 0.153362
-0.431934 2.2754 -2.08335
0.0313327 0.109006 0.153154
-0.279894 2.00229 -2.43606
0.0302178 0.11042 0.150412
-0.267123 2.14827 -2.18386
0.0421183 0.0956824 0.151581
-0.414665 2.30105 -2.02456
0.0253317 0.094608 0.151733
-0.261618 2.39526 -1.93039
0.0299773 0.116032 0.14983
-0.252824 2.01287 -2.35642
0.0245697 0.115035 0.149142
-0.210422 2.1226 -2.19533
0.0336863 0.110214 0.150787
-0.296627 2.11276 -2.23593
0.0277384 0.0950722 0.150062
-0.283882 2.41661 -1.88257
0.0320943 0.0973934 0.149471
-0.318326 2.38102 -1.90766
0.042252 0.100977 0.153158
-0.396295 2.15233 -2.22701
0.0352668 0.102875 0.150415
-0.330256 2.26217 -2.04821
0.0184399 0.0979179 0.157648
-0.18614 2.1653 -2.29995
0.0257735 0.106283 0.148707
-0.237907 2.29592 -1.98382
0.0454123 0.0986226 0.150157
-0.431523 2.27224 -2.03277
0.0173118 0.109149 0.154456
-0.157296 1.99878 -2.46928
0.0158867 0.094418 0.157497
-0.166698 2.26063 -2.17902
0.0413519 0.103622 0.150206
-0.379699 2.2169 -2.09683
0.0415142 0.0930371 0.157562
-0.419699 2.09094 -2.40073
0.0524627 0.108997 0.148763
-0.448594 2.04347 -2.2945
0.0195393 0.104735 0.149341
-0.184438 2.32529 -1.96244
0.019066 0.115512 0.150525
-0.163582 2.07201 -2.28584
0.0451845 0.103715 0.150886
-0.410867 2.16105 -2.17586
0.017239 0.0996496 0.153939
-0.1713 2.29011 -2.0773
0.0201186 0.0976051 0.154079
-0.203275 2.31012 -2.05803
0.0339799 0.10411 0.151045
-0.315482 2.22998 -2.09541
0.0155419 0.11253 0.152343
-0.137246 2.07634 -2.31292
0.0184272 0.0999261 0.150339
-0.182359 2.37532 -1.92714
0.0138838 0.106095 0.15057
-0.130122 2.28767 -2.02243
0.0288377 0.104849 0.153036
-0.268404 2.17486 -2.19635
0.0383616 0.0943347 0.157286
-0.38623 2.12211 -2.35021
0.0410212 0.0948493 0.153766
-0.408196 2.25708 -2.11126
0.0161107 0.114098 0.149887
-0.140273 2.15106 -2.17155
0.0484229 0.106479 0.148594
-0.426808 2.15825 -2.1415
0.0145212 0.0997505 0.149523
-0.14456 2.40402 -1.88603
0.0466917 0.0949951 0.153592
-0.456838 2.21511 -2.15722
0.0347134 0.0973668 0.150658
-0.342473 2.34243 -1.96562
0.0365638 0.101765 0.151678
-0.344931 2.2361 -2.09896
0.0230637 0.0998641 0.155977
-0.226972 2.18661 -2.23756
0.0271945 0.103861 0.154595
-0.256087 2.13379 -2.27832
0.0407598 0.114776 0.149206
-0.341231 1.96487 -2.41589
0.0183086 0.0940131 0.155356
-0.192338 2.33361 -2.05649
0.0141168 0.0990576 0.156362
-0.141558 2.22288 -2.20058
0.0185767 0.093281 0.155716
-0.196575 2.33316 -2.06376
0.0149159 0.09426 0.153109
-0.156941 2.3977 -1.95147
0.0175521 0.106801 0.150958
-0.162888 2.25594 -2.06415
0.0279425 0.109185 0.151025
-0.250542 2.16538 -2.17285
0.027445 0.0986671 0.148819
-0.271299 2.39648 -1.88231
0.0282005 0.106006 0.153806
-0.260005 2.11136 -2.29293
0.0514622 0.0973135 0.154391
-0.486444 2.04764 -2.39402
0.0268125 0.108929 0.152933
-0.241349 2.08611 -2.31057
0.0488407 0.0941465 0.149083
-0.478553 2.3385 -1.94461
0.0297886 0.0989206 0.154969
-0.292499 2.21372 -2.18445
0.0196454 0.105295 0.148534
-0.184455 2.33498 -1.93974
0.0497305 0.0955458 0.155532
-0.479904 2.03094 -2.44359
0.0371606 0.0985244 0.150731
-0.360673 2.311 -1.99982
0.0323346 0.0940425 0.151024
-0.331167 2.39041 -1.92339
0.0196434 0.0965811 0.151532
-0.20065 2.39131 -1.93089
0.0377923 0.10486 0.149327
-0.345915 2.24445 -2.05075
0.0543518 0.0971106 0.148492
-0.510252 2.26948 -2.00945
0.0194331 0.104545 0.151688
-0.183785 2.26812 -2.06261
0.0254874 0.11472 0.149668
-0.21862 2.10289 -2.22972
0.0279983 0.106334 0.149969
-0.257462 2.25345 -2.05079
0.0514793 0.108435 0.149822
-0.443244 2.00406 -2.36904
0.0371705 0.101551 0.151015
-0.350881 2.25595 -2.06508
0.0153957 0.104792 0.154341
-0.145873 2.18331 -2.2099
0.0251845 0.105661 0.151637
-0.233986 2.22824 -2.10741
0.0151179 0.098495 0.154698
-0.152301 2.29146 -2.08963
0.0315607 0.0999498 0.149235
-0.305857 2.35359 -1.93149
0.0263252 0.0953907 0.151174
-0.26927 2.39385 -1.92249
0.043094 0.100019 0.153945
-0.406823 2.12673 -2.27508
0.0513586 0.0951256 0.148487
-0.495058 2.3209 -1.95375
0.0355908 0.0953462 0.153519
-0.357261 2.29201 -2.06772
0.0328174 0.0961706 0.153692
-0.328851 2.28944 -2.07362
0.0191345 0.110173 0.151646
-0.171962 2.16112 -2.18886
0.0443533 0.092968 0.149232
-0.445145 2.37962 -1.9053
0.0178808 0.106078 0.152542
-0.166993 2.21834 -2.13468
0.0138465 0.0935246 0.150136
-0.146985 2.47275 -1.8323
0.047025 0.102667 0.150277
-0.429515 2.18751 -2.13309
0.0195801 0.0981199 0.153308
-0.196965 2.32561 -2.02784
0.0531637 0.0949293 0.149681
-0.510515 2.28091 -2.01554
0.0249422 0.0973788 0.152743
-0.250746 2.3335 -2.00974
0.0290808 0.0961286 0.148833
-0.293767 2.42295 -1.85718
0.0201457 0.110494 0.148815
-0.180344 2.24319 -2.04409
0.023015 0.11353 0.149286
-0.200012 2.15922 -2.15149
0.0399642 0.0985899 0.150123
-0.385117 2.30906 -1.99206
0.0291386 0.103111 0.152374
-0.275414 2.23226 -2.11537
0.0281575 0.107045 0.153309
-0.257217 2.11082 -2.28417
0.0260899 0.0995333 0.150149
-0.256355 2.36114 -1.93831
0.024148 0.106289 0.1502
-0.2234 2.26385 -2.04281
0.0340587 0.0949179 0.155973
-0.344513 2.22326 -2.1924
0.0401002 0.109854 0.150682
-0.350002 2.067 -2.29548
0.0290931 0.102375 0.151113
-0.276881 2.28263 -2.0369
0.018705 0.104551 0.152688
-0.177035 2.23963 -2.11226
0.0311806 0.118026 0.148451
-0.258283 2.02165 -2.31965
0.0536307 0.108324 0.149242
-0.459715 2.01415 -2.34408
0.0194046 0.11769 0.148862
-0.163409 2.09109 -2.23175
0.0164875 0.111797 0.148779
-0.146421 2.2317 -2.05669
0.0418549 0.105277 0.148475
-0.37841 2.23486 -2.04827
0.0456525 0.0986136 0.149337
-0.433565 2.29181 -1.99814
0.022586 0.0973458 0.149521
-0.227985 2.41579 -1.87473
0.0443 0.0982326 0.148474
-0.42366 2.32649 -1.94766
0.0515606 0.101105 0.150109
-0.471594 2.18133 -2.13781
0.0268587 0.0948969 0.154194
-0.275816 2.32317 -2.04617
0.038872 0.0993368 0.149657
-0.372997 2.31582 -1.97742
0.0328906 0.0986258 0.153347
-0.32189 2.25943 -2.10109
0.0182902 0.108551 0.151329
-0.166927 2.20993 -2.12379
0.0327516 0.097602 0.153031
-0.323755 2.28672 -2.06496
0.0214629 0.110015 0.153335
-0.192671 2.0586 -2.35682
0.0298846 0.0985606 0.156481
-0.2944 2.14484 -2.30193
0.0203376 0.116672 0.150264
-0.17258 2.03992 -2.32567
0.0479886 0.0964621 0.151528
-0.461635 2.24798 -2.08274
0.0235569 0.0952182 0.152024
-0.24253 2.38656 -1.94375
0.0487115 0.0993281 0.152382
-0.455946 2.15852 -2.20511
0.014809 0.108334 0.154455
-0.135856 2.07649 -2.35386
0.0169509 0.0962986 0.154148
-0.17424 2.33749 -2.03029
0.0263957 0.102322 0.150095
-0.252463 2.32086 -1.97907
0.046052 0.0964503 0.152311
-0.445461 2.23936 -2.10603
0.0127566 0.100941 0.155923
-0.125709 2.20623 -2.2121
0.0142231 0.0966858 0.157282
-0.146059 2.23063 -2.21001
0.0239427 0.116711 0.149211
-0.202338 2.07826 -2.25468
0.0442393 0.0986675 0.153534
-0.421495 2.16757 -2.21457
0.0350647 0.0992804 0.151291
-0.339513 2.29663 -2.02452
0.0300839 0.107474 0.152486
-0.272934 2.12907 -2.24478
0.0214076 0.104259 0.149739
-0.202516 2.31758 -1.97686
0.0172158 0.107637 0.152418
-0.1586 2.19351 -2.16234
0.0476448 0.0961259 0.152134
-0.460161 2.23747 -2.10516
0.0182705 0.0983374 0.156433
-0.183699 2.22058 -2.20479
0.0184196 0.0989833 0.157641
-0.183984 2.13311 -2.34302
0.0271156 0.113711 0.149034
-0.234089 2.14431 -2.16599
0.0252987 0.0980008 0.152214
-0.252632 2.33665 -1.99744
0.0204573 0.0990068 0.153529
-0.203758 2.30282 -2.05611
0.0155429 0.0935729 0.158136
-0.164602 2.2504 -2.20447
0.0179214 0.102783 0.150183
-0.172626 2.33916 -1.96135
0.0237438 0.099331 0.152025
-0.234634 2.32751 -2.00378
0.0148751 0.101575 0.151367
-0.145411 2.33598 -1.98395
0.0208342 0.0949622 0.152389
-0.215972 2.3901 -1.94647
0.0386801 0.0963046 0.154697
-0.381922 2.21485 -2.17795
0.0272933 0.098141 0.156368
-0.271249 2.18177 -2.2516
0.0203331 0.104884 0.148661
-0.191487 2.33629 -1.94035
0.0490173 0.10103 0.151662
-0.451716 2.14932 -2.20402
0.038783 0.110024 0.149427
-0.338897 2.13505 -2.18414
0.0376583 0.104111 0.153646
-0.347072 2.08807 -2.32158
0.0158963 0.104325 0.154259
-0.15121 2.19554 -2.19323
0.0288734 0.099191 0.150429
-0.283261 2.34872 -1.95545
0.0518358 0.107628 0.150007
-0.448835 2.01569 -2.35555
0.0175971 0.115884 0.148836
-0.150701 2.14433 -2.16275
0.0298772 0.095781 0.157061
-0.302368 2.18236 -2.26523
0.0433926 0.0933258 0.157272
-0.435223 2.07246 -2.42108
0.0363517 0.0959384 0.153102
-0.362191 2.29061 -2.06191
0.0363103 0.113812 0.150162
-0.308829 2.00068 -2.3802
0.0491687 0.106432 0.150694
-0.432767 2.05575 -2.31123
0.0214963 0.0990813 0.155004
-0.213646 2.25038 -2.14174
0.0384628 0.0937568 0.150279
-0.389303 2.38048 -1.92105
0.0130673 0.105741 0.151479
-0.122954 2.27047 -2.05647
0.0165209 0.101977 0.148987
-0.160611 2.38057 -1.90053
0.0505926 0.0954501 0.14956
-0.487391 2.29663 -1.99646
0.0157072 0.0947927 0.153057
-0.164208 2.38999 -1.95806
0.0223661 0.0969619 0.149654
-0.226704 2.41872 -1.87407
0.0275663 0.0994411 0.151246
-0.270422 2.33087 -1.98727
0.0158965 0.100272 0.156474
-0.157226 2.1846 -2.25017
0.0270986 0.100173 0.149219
-0.264194 2.369 -1.91568
0.0203236 0.0933733 0.155338
-0.214317 2.3375 -2.05209
0.0321622 0.103048 0.154705
-0.302528 2.10864 -2.31427
0.0187586 0.0949417 0.155828
-0.195068 2.30313 -2.09804
0.0186348 0.0937304 0.155322
-0.196254 2.33789 -2.05138
0.0261533 0.0948049 0.157198
-0.26917 2.22141 -2.21942
0.0377093 0.0964863 0.157013
-0.372572 2.07082 -2.41745
0.0334133 0.109967 0.149644
-0.294983 2.16657 -2.14826
0.0354767 0.101063 0.154722
-0.337596 2.13367 -2.28097
0.0250887 0.101554 0.156024
-0.242197 2.12593 -2.31774
0.0167184 0.0941614 0.14902
-0.17572 2.48057 -1.8076
0.0421159 0.0937422 0.154516
-0.42225 2.24184 -2.14256
0.02407 0.0977569 0.15417
-0.241421 2.29064 -2.08089
0.0374995 0.0954446 0.15614
-0.374364 2.17692 -2.25311
0.0197918 0.110137 0.152154
-0.177804 2.1372 -2.22825
0.0371405 0.0960095 0.149013
-0.369111 2.38512 -1.89645
0.0509816 0.100542 0.151159
-0.469285 2.1596 -2.18234
0.0242496 0.0966232 0.156625
-0.245892 2.22051 -2.20875
0.0231521 0.101132 0.152409
-0.225053 2.29134 -2.04914
0.0221201 0.113214 0.149884
-0.192952 2.14827 -2.175
0.0429577 0.0943401 0.150038
-0.427294 2.35253 -1.94527
0.0551812 0.0943878 0.151128
-0.529035 2.23083 -2.0958
0.0148141 0.108405 0.153852
-0.135813 2.11719 -2.28599
0.0531891 0.0933939 0.152277
-0.517701 2.22921 -2.11725
0.0331075 0.109009 0.15241
-0.294859 2.05902 -2.33834
0.0345893 0.10117 0.150116
-0.329434 2.30066 -2.00097
0.0385055 0.0980158 0.154645
-0.374328 2.18375 -2.2151
0.0465699 0.104045 0.148894
-0.420852 2.20991 -2.08391
0.0485803 0.093659 0.156195
-0.47849 2.07433 -2.39379
0.0399082 0.106905 0.15135
-0.357284 2.11679 -2.24051
0.0392716 0.097626 0.154844
-0.382458 2.17638 -2.22816
0.0227731 0.0968614 0.157967
-0.230917 2.14651 -2.33213
0.0350795 0.107215 0.151657
-0.316211 2.1368 -2.21993
0.0266284 0.0987715 0.150907
-0.263335 2.35243 -1.95943
0.0198401 0.105304 0.154516
-0.186225 2.144 -2.26337
0.0426013 0.0931501 0.155884
-0.428942 2.1926 -2.22821
0.0482309 0.104217 0.14851
-0.43344 2.20493 -2.0837
0.0341397 0.0930515 0.151386
-0.351642 2.38687 -1.93281
0.0293382 0.105596 0.154113
-0.271 2.09408 -2.32245
0.0401305 0.111051 0.15002
-0.346769 2.06819 -2.28219
0.0352091 0.0942958 0.154325
-0.357358 2.28619 -2.08862
0.0354391 0.0949712 0.152385
-0.357153 2.32989 -2.0074
0.0434882 0.102456 0.153822
-0.401411 2.04787 -2.38197
0.0155853 0.104235 0.150811
-0.148421 2.30746 -2.00493
0.0220831 0.0945459 0.15587
-0.229456 2.29653 -2.10608
0.0446793 0.0959771 0.153082
-0.435685 2.23297 -2.12694
0.0206265 0.102908 0.15145
-0.197814 2.29787 -2.02581
0.034291 0.101914 0.152609
-0.32457 2.21692 -2.13753
0.0474097 0.094245 0.152186
-0.466083 2.2681 -2.07109
0.0451793 0.107247 0.149069
-0.398702 2.15498 -2.15322
0.0298484 0.115586 0.148574
-0.252715 2.10115 -2.21377
0.0411676 0.098242 0.154149
-0.396814 2.178 -2.21291
0.0324328 0.101715 0.149259
-0.308669 2.32384 -1.96267
0.0303599 0.10001 0.153277
-0.294728 2.25171 -2.10869
0.0155807 0.0951472 0.157496
-0.162314 2.24773 -2.19409
0.0215893 0.110783 0.148409
-0.192467 2.24426 -2.03651
0.0339956 0.0932365 0.156604
-0.349637 2.22933 -2.1977
0.0199744 0.0985099 0.155385
-0.200054 2.25283 -2.14612
0.0234119 0.113467 0.150003
-0.203477 2.13152 -2.19824
0.0205504 0.107179 0.149055
-0.189441 2.29123 -1.99434
0.0250233 0.0931766 0.152529
-0.262368 2.39705 -1.9421
0.0405025 0.103045 0.151038
-0.374506 2.20692 -2.12247
0.0376834 0.107289 0.150355
-0.337773 2.16787 -2.15843
0.0243685 0.0950847 0.158442
-0.250882 2.15243 -2.33501
0.0401312 0.0958696 0.148662
-0.396439 2.3786 -1.89742
0.0311742 0.0946765 0.152246
-0.318089 2.35868 -1.97534
0.0359827 0.0945156 0.149574
-0.363764 2.39842 -1.89226
0.0189 0.098447 0.150017
-0.189674 2.40127 -1.89653
0.0281354 0.0945012 0.155857
-0.289368 2.27082 -2.13455
0.0548318 0.103917 0.15062
-0.485522 2.05124 -2.31618
0.0171331 0.093477 0.150131
-0.181275 2.46676 -1.83753
0.0408258 0.108583 0.148884
-0.359635 2.16946 -2.13235
0.0366443 0.108482 0.150832
-0.325757 2.13026 -2.21397
0.0213146 0.0940368 0.154407
-0.222896 2.35077 -2.02123
0.0432327 0.106408 0.148773
-0.385919 2.19665 -2.0977
0.0191529 0.0958132 0.149908
-0.197298 2.43721 -1.86081
0.0321901 0.103042 0.155012
-0.30279 2.08453 -2.35393
0.0188407 0.120276 0.14838
-0.155383 2.03876 -2.29452
0.0287497 0.0952121 0.15099
-0.293249 2.39101 -1.92224
0.0502809 0.109146 0.15007
-0.431697 1.9626 -2.43551
0.0352343 0.0952778 0.153834
-0.354209 2.28567 -2.08033
0.0225248 0.108976 0.148797
-0.203824 2.2618 -2.02277
0.0335399 0.105536 0.151551
-0.307711 2.18876 -2.15306
0.0349028 0.101956 0.14959
-0.329828 2.30016 -1.99312
0.0351707 0.102504 0.154881
-0.330529 2.07901 -2.35901
0.024436 0.109006 0.151537
-0.220525 2.16799 -2.17838
0.043172 0.106685 0.148416
-0.384525 2.2028 -2.08474
0.0501096 0.0977804 0.150109
-0.473574 2.25104 -2.0558
0.0509535 0.107381 0.150549
-0.443049 1.99303 -2.39868
0.0212029 0.102637 0.152907
-0.203715 2.25834 -2.0946
0.0488378 0.100724 0.151987
-0.451469 2.14387 -2.2167
0.0205812 0.0984917 0.150904
-0.205999 2.3767 -1.93493
0.0500059 0.0993427 0.149268
-0.466338 2.25042 -2.04301
0.0326961 0.0953849 0.153331
-0.330229 2.31274 -2.04192
0.0331281 0.0999415 0.156426
-0.320077 2.05353 -2.42969
0.0304131 0.0966018 0.149577
-0.305006 2.39641 -1.89424
0.0269467 0.103971 0.150436
-0.253596 2.28448 -2.02376
0.0211448 0.102024 0.148917
-0.20436 2.3695 -1.91045
0.042083 0.0947983 0.149281
-0.417787 2.36845 -1.91719
0.0141243 0.100988 0.149112
-0.138959 2.39652 -1.88683
0.0262797 0.0963165 0.154317
-0.266363 2.30011 -2.07318
0.0190639 0.106155 0.154096
-0.177691 2.14754 -2.25071
0.0509637 0.104593 0.151069
-0.453403 2.06325 -2.30759
0.0535581 0.0936407 0.150453
-0.519542 2.27616 -2.03321
0.0231295 0.0980838 0.148962
-0.231583 2.41583 -1.86593
0.0145241 0.0936347 0.149804
-0.153888 2.47657 -1.82357
0.0174661 0.107292 0.150305
-0.161375 2.26605 -2.04206
0.0334924 0.0964501 0.150816
-0.334223 2.35746 -1.95281
0.0150825 0.100117 0.156421
-0.149524 2.19389 -2.23741
0.018121 0.105143 0.153435
-0.170669 2.20367 -2.16814
0.0541421 0.0946139 0.150459
-0.519759 2.25646 -2.05535
0.0408062 0.0964177 0.154795
-0.400365 2.19098 -2.20897
0.0526681 0.0960038 0.152045
-0.501771 2.19683 -2.1518
0.0263648 0.112955 0.148471
-0.229304 2.18309 -2.10919
0.0128094 0.106584 0.153071
-0.119607 2.20378 -2.16148
0.0218802 0.108066 0.150307
-0.19977 2.23843 -2.07344
0.0180126 0.0997481 0.157751
-0.178655 2.09301 -2.40219
0.0331609 0.102051 0.151924
-0.314181 2.24379 -2.09425
0.0194787 0.103045 0.149851
-0.186827 2.33885 -1.95636
0.0501927 0.103959 0.150268
-0.449805 2.13083 -2.2036
0.0506254 0.0971585 0.151722
-0.480353 2.20709 -2.13387
0.0214836 0.101313 0.156884
-0.208955 2.08977 -2.38686
0.028861 0.0932718 0.151873
-0.300085 2.39628 -1.93174
0.0419205 0.108235 0.151619
-0.369518 2.03253 -2.36107
0.0317421 0.112366 0.149375
-0.275315 2.13457 -2.1839
0.0413567 0.108015 0.151353
-0.365661 2.06913 -2.30461
0.0379922 0.101298 0.151229
-0.358817 2.24883 -2.07675
0.0183816 0.101358 0.156487
-0.179403 2.14387 -2.30335
0.0208314 0.100149 0.151815
-0.205079 2.33036 -1.99727
0.0241833 0.107077 0.148849
-0.222122 2.28579 -1.99704
0.0537143 0.10434 0.150012
-0.47542 2.09103 -2.25127
0.0386091 0.0999618 0.149414
-0.368587 2.31403 -1.97548
0.0204165 0.105173 0.149356
-0.191739 2.31575 -1.97273
0.0550062 0.103822 0.150211
-0.487213 2.07631 -2.27449
0.0135122 0.105688 0.149163
-0.127161 2.32931 -1.95542
0.0497024 0.100334 0.150072
-0.459937 2.21331 -2.09887
0.0313155 0.0996017 0.149793
-0.304622 2.34706 -1.94696
0.013611 0.102141 0.157313
-0.132477 2.05414 -2.44962
0.0246361 0.101441 0.15444
-0.238248 2.21247 -2.176
0.0381341 0.0932037 0.155859
-0.388368 2.23086 -2.18106
0.0524933 0.104521 0.148771
-0.465427 2.15236 -2.15165
0.0240292 0.10556 0.153488
-0.223821 2.16652 -2.21506
0.0517045 0.10381 0.150394
-0.462102 2.11147 -2.23083
0.0182576 0.104173 0.155892
-0.173499 2.0947 -2.35808
0.0238799 0.106902 0.15032
-0.219774 2.25107 -2.05919
0.0327871 0.0955666 0.154993
-0.330498 2.25729 -2.13356
0.0406343 0.0954236 0.153382
-0.402574 2.26278 -2.09792
0.0373121 0.101742 0.150497
-0.351504 2.26659 -2.04457
0.0418577 0.0996168 0.152974
-0.397787 2.19263 -2.17329
0.034928 0.102867 0.151405
-0.327332 2.23532 -2.09524
0.0141873 0.10364 0.151632
-0.136044 2.29864 -2.02803
0.0334085 0.105908 0.151189
-0.305568 2.19501 -2.13931
0.0354383 0.109774 0.151232
-0.312268 2.08669 -2.27847
0.0344525 0.108128 0.152779
-0.308456 2.04647 -2.36328
0.0272706 0.0989413 0.153552
-0.268946 2.27647 -2.08552
0.0347211 0.0953967 0.152073
-0.349061 2.33562 -1.99611
0.0468635 0.0977981 0.14872
-0.446858 2.31021 -1.96868
0.0382705 0.0963554 0.156835
-0.378074 2.09007 -2.38533
0.0469596 0.0964978 0.152005
-0.452902 2.24098 -2.09888
0.0449697 0.102968 0.15015
-0.411769 2.20319 -2.11216
0.0423711 0.0958225 0.154417
-0.416335 2.20535 -2.18419
0.0207934 0.102042 0.148568
-0.201021 2.37759 -1.89699
0.0239202 0.110137 0.14989
-0.213865 2.20461 -2.10621
0.033596 0.0969085 0.151583
-0.333712 2.33201 -1.99167
0.0162025 0.0981647 0.155975
-0.163579 2.24997 -2.16082
0.0169554 0.107596 0.152686
-0.156299 2.18499 -2.17752
0.0489873 0.0944561 0.149787
-0.478436 2.3169 -1.97834
0.0219517 0.093561 0.158961
-0.230456 2.1757 -2.31603
0.0434423 0.111387 0.149917
-0.371867 2.01872 -2.34957
0.0157997 0.114934 0.14977
-0.136611 2.13707 -2.18726
0.0154032 0.10723 0.155141
-0.142671 2.05243 -2.40286
0.0503525 0.0940991 0.151828
-0.491332 2.25719 -2.07729
0.0510096 0.0985692 0.152333
-0.477549 2.15203 -2.21246
0.0142274 0.110443 0.149935
-0.128115 2.22909 -2.07818
0.0396938 0.0962477 0.150206
-0.391161 2.34197 -1.95881
0.039833 0.0932152 0.15073
-0.403837 2.36998 -1.93879
0.0296598 0.0950488 0.155414
-0.302473 2.26911 -2.128
0.0365737 0.104209 0.152296
-0.337535 2.16657 -2.19344
0.0543924 0.0935666 0.154203
-0.526573 2.13152 -2.27371
0.0137275 0.0976945 0.155874
-0.139601 2.26922 -2.13671
0.0281425 0.103718 0.150516
-0.264958 2.28133 -2.02852
0.0243155 0.0934713 0.153122
-0.254498 2.3815 -1.96753
0.0459659 0.0999974 0.148418
-0.430867 2.29166 -1.98396
0.0365209 0.0990425 0.153229
-0.353271 2.2338 -2.12858
0.0158181 0.100361 0.149905
-0.156327 2.38497 -1.91063
0.0305826 0.0944681 0.150639
-0.313087 2.40092 -1.9069
0.0178862 0.09973 0.153601
-0.177459 2.29705 -2.06366
0.0245025 0.0940454 0.149226
-0.254873 2.45733 -1.83157
0.0252584 0.0935425 0.150512
-0.263731 2.43552 -1.8721
0.049791 0.0977658 0.153896
-0.471051 2.10495 -2.30335
0.0134511 0.114815 0.151467
-0.116622 2.06377 -2.3141
0.0187301 0.108664 0.153701
-0.17069 2.09961 -2.30683
0.0223482 0.100888 0.156122
-0.217995 2.15746 -2.27783
0.0281454 0.0969207 0.155562
-0.282623 2.2383 -2.16648
0.0455336 0.0995336 0.15405
-0.429048 2.10329 -2.3086
0.0542354 0.0994231 0.149452
-0.499382 2.20744 -2.09575
0.0414046 0.111536 0.149298
-0.355455 2.07894 -2.25526
0.0193249 0.0950042 0.156573
-0.200673 2.27442 -2.14448
0.0219815 0.103251 0.152311
-0.209763 2.26319 -2.07875
0.0244407 0.117389 0.148704
-0.205269 2.08053 -2.24314
0.0166781 0.0929926 0.159285
-0.177461 2.19783 -2.29484
0.014299 0.094849 0.150873
-0.149629 2.44064 -1.87326
0.0318771 0.0931169 0.150004
-0.329829 2.42594 -1.87285
0.0210914 0.107036 0.154222
-0.194557 2.10365 -2.3115
0.0148497 0.103947 0.152463
-0.141898 2.26847 -2.07544
0.029025 0.0994769 0.151922
-0.283896 2.30672 -2.02416
0.0217333 0.112729 0.151753
-0.190455 2.07313 -2.3064
0.0140838 0.100581 0.153279
-0.13912 2.30247 -2.05208
0.0189147 0.108429 0.153226
-0.172705 2.13321 -2.25299
0.0524987 0.0976584 0.150896
-0.493253 2.20848 -2.11823
0.0183541 0.0954948 0.150579
-0.189884 2.42959 -1.87869
0.0229168 0.105513 0.15547
-0.213873 2.01836 -2.46152
0.0416603 0.103569 0.15237
-0.382442 2.13398 -2.23629
0.0395523 0.0951436 0.150371
-0.393977 2.35403 -1.9491
0.0260896 0.105289 0.155198
-0.242897 2.03357 -2.43218
0.0360077 0.0988756 0.150601
-0.349244 2.31537 -1.99305
0.0414256 0.0961379 0.154616
-0.406855 2.19901 -2.19568
0.013694 0.109798 0.1505
-0.12408 2.2254 -2.09172
0.0248933 0.11619 0.148516
-0.211055 2.11779 -2.19125
0.0191328 0.0947275 0.157566
-0.199296 2.24014 -2.20455
0.0431614 0.115282 0.148692
-0.358242 1.93038 -2.45925
0.0246584 0.110687 0.149042
-0.219196 2.21685 -2.0781
0.0353247 0.108072 0.151065
-0.315916 2.14036 -2.20506
0.026716 0.116009 0.150564
-0.226347 1.97707 -2.4229
0.0424189 0.100286 0.152596
-0.400157 2.18928 -2.17065
0.0225527 0.106006 0.148946
-0.209624 2.30594 -1.97676
0.0389657 0.0976497 0.153651
-0.379674 2.22718 -2.14395
0.01281 0.0932599 0.152298
-0.136504 2.43337 -1.90377
0.0253314 0.0999441 0.151411
-0.248229 2.3281 -1.9929
0.0292542 0.117485 0.148721
-0.244041 2.04222 -2.29551
0.0409273 0.100474 0.150043
-0.386821 2.27671 -2.02597
0.0185385 0.0977274 0.158319
-0.187469 2.11472 -2.38442
0.0467141 0.101777 0.152074
-0.430299 2.13877 -2.22479
0.0185408 0.101465 0.151165
-0.180738 2.33358 -1.9831
0.0239463 0.0942184 0.153965
-0.248888 2.35094 -2.01311
0.0347103 0.107917 0.15268
-0.311189 2.06045 -2.34147
0.0145012 0.0957124 0.154956
-0.150365 2.3295 -2.05338
0.0396071 0.110848 0.150185
-0.343172 2.07078 -2.28155
0.0371 0.0954949 0.151594
-0.370556 2.33354 -1.99025
0.021301 0.112961 0.15256
-0.18638 1.97176 -2.47088
0.0338716 0.0955781 0.149846
-0.340578 2.38898 -1.90576
0.030868 0.0996522 0.149251
-0.300384 2.36038 -1.92485
0.0427068 0.106259 0.14888
-0.382154 2.20003 -2.09538
0.0371783 0.0970397 0.154604
-0.365875 2.21575 -2.17511
0.0152623 0.093757 0.152701
-0.16137 2.41314 -1.92963
0.0248207 0.101733 0.155877
-0.239303 2.1326 -2.30569
0.040808 0.111199 0.150541
-0.351721 2.01667 -2.36386
0.0221227 0.111732 0.150656
-0.195469 2.15224 -2.18298
0.0499676 0.105104 0.150604
-0.443782 2.08956 -2.26349
0.0328676 0.103739 0.151308
-0.306825 2.23486 -2.09414
0.013169 0.0942033 0.152334
-0.138893 2.41973 -1.91712
0.0189097 0.106105 0.153831
-0.176366 2.16253 -2.22647
0.0365817 0.0961856 0.154907
-0.363431 2.22445 -2.1704
0.040545 0.111503 0.150584
-0.348759 2.00187 -2.38627
0.0386316 0.10556 0.151661
-0.350829 2.1466 -2.20746
0.0253772 0.0952246 0.158518
-0.260445 2.13185 -2.36504
0.0148271 0.10101 0.157652
-0.145747 2.06038 -2.44836
0.0199515 0.103048 0.149608
-0.191247 2.34305 -1.94816
0.0267978 0.0997416 0.150556
-0.262473 2.34619 -1.9601
0.0198508 0.0936533 0.159485
-0.208869 2.14268 -2.37346
0.0216602 0.109057 0.153978
-0.196062 2.03557 -2.40319
0.0343445 0.0935607 0.154722
-0.351811 2.29044 -2.09118
0.0369834 0.103125 0.150285
-0.344338 2.25169 -2.05792
0.0522004 0.0956675 0.151298
-0.499493 2.23212 -2.09717
0.0364546 0.110235 0.148531
-0.319378 2.17883 -2.11528
0.0271664 0.108078 0.152447
-0.246259 2.13538 -2.23587
0.0344655 0.100566 0.155233
-0.330169 2.12591 -2.30152
0.0475937 0.105509 0.14874
-0.423757 2.17961 -2.11767
0.0244314 0.0995721 0.152551
-0.240611 2.30731 -2.03423
0.0433823 0.0976437 0.153612
-0.418097 2.19342 -2.18386
0.0263906 0.101911 0.149039
-0.253391 2.35119 -1.93087
0.0269521 0.0976318 0.152468
-0.26935 2.32903 -2.00972
0.0463124 0.0978401 0.152662
-0.442099 2.20036 -2.15833
0.0468003 0.097102 0.152442
-0.44912 2.21749 -2.13395
0.0415896 0.103384 0.150467
-0.382471 2.2113 -2.10774
0.0170264 0.10323 0.154772
-0.163465 2.19362 -2.20527
0.0464208 0.103864 0.152877
-0.420306 2.02072 -2.40273
0.0153981 0.107054 0.15112
-0.142856 2.25263 -2.07059
0.0253874 0.0933967 0.151129
-0.26541 2.42403 -1.8929
0.0181743 0.10004 0.156572
-0.179711 2.17548 -2.26381
0.0470001 0.0967303 0.155609
-0.452294 2.02948 -2.44755
0.0463224 0.1 0.149375
-0.433794 2.26511 -2.02819
0.0348874 0.105447 0.151598
-0.319517 2.17992 -2.16468
0.0230208 0.099751 0.156087
-0.226811 2.18396 -2.24311
0.0127999 0.0936171 0.152498
-0.135884 2.42436 -1.91557
0.0543393 0.0936975 0.15396
-0.525542 2.14237 -2.25484
0.0449142 0.0993726 0.149951
-0.424498 2.26965 -2.03231
0.0237031 0.104813 0.155655
-0.222405 2.0264 -2.45333
0.0181537 0.108045 0.152804
-0.166465 2.16575 -2.20356
0.0304965 0.0984173 0.150171
-0.300486 2.35866 -1.94117
0.0238756 0.0932218 0.159373
-0.250726 2.13489 -2.38157
0.0282387 0.100756 0.149397
-0.273257 2.35256 -1.93509
0.0528882 0.0936201 0.152979
-0.514229 2.20357 -2.16008
0.0243505 0.100432 0.15514
-0.237867 2.20586 -2.19727
0.0408437 0.10561 0.148666
-0.369023 2.23067 -2.0561
0.0134319 0.0948013 0.149665
-0.140748 2.46693 -1.8299
0.0160903 0.117485 0.150612
-0.13611 2.00248 -2.3859
0.0550545 0.0984886 0.148535
-0.509722 2.24152 -2.04159
