1	0.208983	0.201349
2	0.201988	0.19465
3	0.19528	0.188249
4	0.188873	0.182184
5	0.1828	0.176415
6	0.177027	0.170966
7	0.171572	0.165833
8	0.166434	0.161009
9	0.161604	0.156472
10	0.157062	0.152201
11	0.152784	0.148138
12	0.148716	0.144283
13	0.144855	0.140614
14	0.141181	0.137118
15	0.13768	0.133775
16	0.134332	0.130569
17	0.131121	0.127496
18	0.128045	0.124547
19	0.12509	0.121713
20	0.122253	0.11899
21	0.119526	0.116372
22	0.116903	0.113853
23	0.11438	0.111429
24	0.111953	0.109096
25	0.109616	0.106849
26	0.107365	0.104684
27	0.105197	0.102597
28	0.103106	0.100585
29	0.10109	0.0986443
30	0.0991455	0.0967719
31	0.09727	0.0949651
32	0.0954591	0.0932203
33	0.0937109	0.0915359
34	0.0920225	0.0899081
35	0.0903908	0.0883356
36	0.0888139	0.0868156
37	0.0872897	0.0853462
38	0.0858162	0.0839248
39	0.0843907	0.0825494
40	0.0830119	0.0812192
41	0.0816768	0.0799313
42	0.0803846	0.078684
43	0.0791342	0.0774767
44	0.0779221	0.0763072
45	0.076748	0.0751735
46	0.0756103	0.0740751
47	0.074508	0.07301
48	0.0734386	0.0719772
49	0.0724017	0.0709758
50	0.0713957	0.070004
51	0.0704193	0.0690609
52	0.0694721	0.0681456
53	0.0685522	0.0672563
54	0.0676591	0.066393
55	0.0667911	0.0655542
56	0.0659483	0.0647392
57	0.0651287	0.0639473
58	0.0643324	0.063177
59	0.0635579	0.0624276
60	0.0628047	0.0616995
61	0.0620718	0.0609907
62	0.0613587	0.0603008
63	0.0606647	0.0596293
64	0.0599887	0.0589753
65	0.0593305	0.0583382
66	0.0586898	0.0577178
67	0.0580653	0.0571135
68	0.0574566	0.0565243
69	0.0568634	0.0559498
70	0.0562847	0.0553897
71	0.0557206	0.0548437
72	0.0551706	0.0543108
73	0.0546332	0.0537904
74	0.0541089	0.053283
75	0.0535975	0.052787
76	0.0530982	0.0523032
77	0.0526105	0.0518306
78	0.0521341	0.0513688
79	0.0516683	0.0509176
80	0.0512133	0.0504771
81	0.050769	0.0500459
82	0.0503344	0.0496244
83	0.0499091	0.0492124
84	0.0494935	0.0488093
85	0.0490871	0.0484147
86	0.0486889	0.0480291
87	0.0482998	0.0476516
88	0.0479184	0.0472817
89	0.0475455	0.0469197
90	0.0471799	0.0465653
91	0.0468221	0.0462182
92	0.0464717	0.0458783
93	0.0461286	0.0455449
94	0.0457918	0.0452184
95	0.0454621	0.0448983
96	0.0451389	0.0445848
97	0.044822	0.0442767
98	0.0445112	0.0439752
99	0.0442063	0.0436793
100	0.0439075	0.0433891
101	0.0436142	0.0431043
102	0.0433263	0.0428247
103	0.043044	0.0425506
104	0.042767	0.0422815
105	0.0424947	0.0420172
106	0.0422275	0.0417579
107	0.0419655	0.0415028
108	0.0417079	0.0412524
109	0.0414549	0.0410065
110	0.0412063	0.0407651
111	0.0409623	0.0405279
112	0.0407222	0.0402947
113	0.0404865	0.0400653
114	0.040255	0.0398401
115	0.0400269	0.0396186
116	0.0398029	0.039401
117	0.0395828	0.0391865
118	0.0393662	0.0389762
119	0.0391531	0.0387691
120	0.0389435	0.0385652
121	0.0387375	0.0383649
122	0.0385346	0.0381677
123	0.0383353	0.0379735
124	0.0381389	0.0377825
125	0.0379456	0.0375946
126	0.0377556	0.0374096
127	0.0375685	0.0372274
128	0.0373841	0.0370481
129	0.0372027	0.0368713
130	0.037024	0.0366974
131	0.0368481	0.0365263
132	0.0366747	0.0363575
133	0.0365041	0.0361913
134	0.0363358	0.0360276
135	0.0361701	0.0358665
136	0.036007	0.0357075
137	0.0358463	0.0355511
138	0.0356877	0.0353966
139	0.0355316	0.0352447
140	0.0353777	0.0350947
141	0.035226	0.0349469
142	0.0350765	0.0348012
143	0.0349291	0.0346576
144	0.0347837	0.034516
145	0.0346403	0.0343764
146	0.034499	0.0342387
147	0.0343597	0.034103
148	0.0342223	0.0339689
149	0.0340867	0.0338368
150	0.033953	0.0337065
151	0.0338212	0.0335779
152	0.0336911	0.0334511
153	0.0335627	0.0333259
154	0.033436	0.0332025
155	0.0333109	0.0330808
156	0.0331877	0.0329606
157	0.0330661	0.0328418
158	0.0329459	0.0327248
159	0.0328274	0.0326092
160	0.0327105	0.0324951
161	0.0325949	0.0323824
162	0.0324809	0.0322711
163	0.0323683	0.0321615
164	0.0322571	0.0320531
165	0.0321475	0.031946
166	0.0320394	0.0318404
167	0.0319324	0.0317362
168	0.0318267	0.0316331
169	0.0317226	0.0315312
170	0.0316193	0.0314308
171	0.0315176	0.0313314
172	0.0314172	0.0312333
173	0.0313179	0.0311366
174	0.0312199	0.031041
175	0.0311231	0.0309463
176	0.0310274	0.0308531
177	0.030933	0.0307607
178	0.0308395	0.0306696
179	0.0307472	0.0305796
180	0.0306561	0.0304906
181	0.030566	0.0304025
182	0.030477	0.0303158
183	0.030389	0.0302299
184	0.0303022	0.030145
185	0.0302162	0.030061
186	0.0301313	0.0299781
187	0.0300477	0.0298963
188	0.0299647	0.0298153
189	0.0298826	0.0297352
190	0.0298017	0.0296561
191	0.0297215	0.0295779
192	0.0296422	0.0295005
193	0.0295639	0.0294238
194	0.0294866	0.0293483
195	0.0294101	0.0292737
196	0.0293345	0.0291997
197	0.0292595	0.0291266
198	0.0291856	0.0290544
199	0.0291126	0.028983
200	0.0290402	0.0289122
201	0.0289686	0.0288423
202	0.0288979	0.0287734
203	0.028828	0.028705
204	0.0287588	0.0286374
205	0.0286905	0.0285706
206	0.0286227	0.0285044
207	0.0285558	0.0284391
208	0.0284897	0.0283743
209	0.0284242	0.0283104
210	0.0283595	0.028247
211	0.0282955	0.0281843
212	0.0282319	0.0281224
213	0.0281694	0.0280612
214	0.0281074	0.0280005
215	0.0280461	0.0279406
216	0.0279853	0.0278811
217	0.0279252	0.0278226
218	0.0278659	0.0277644
219	0.027807	0.0277068
220	0.0277489	0.02765
221	0.0276912	0.0275937
222	0.0276344	0.027538
223	0.0275781	0.0274829
224	0.0275223	0.0274284
225	0.0274671	0.0273745
226	0.0274126	0.0273209
227	0.0273585	0.0272682
228	0.027305	0.0272159
229	0.0272521	0.0271641
230	0.0271997	0.0271129
231	0.0271479	0.027062
232	0.0270965	0.0270118
233	0.0270457	0.0269621
234	0.0269954	0.0269129
235	0.0269457	0.0268643
236	0.0268964	0.0268161
237	0.0268477	0.0267684
238	0.0267994	0.0267212
239	0.0267515	0.0266743
240	0.0267043	0.026628
241	0.0266576	0.0265823
242	0.026611	0.026537
243	0.0265652	0.026492
244	0.0265196	0.0264475
245	0.0264747	0.0264036
246	0.0264301	0.0263598
247	0.026386	0.0263167
248	0.0263425	0.026274
249	0.0262993	0.0262317
250	0.0262564	0.0261897
251	0.026214	0.0261482
252	0.0261721	0.0261071
253	0.0261306	0.0260664
254	0.0260894	0.0260262
255	0.0260485	0.0259862
256	0.0260082	0.0259466
257	0.0259682	0.0259075
258	0.0259285	0.0258688
259	0.0258893	0.0258304
260	0.0258506	0.0257924
261	0.0258121	0.0257546
262	0.0257738	0.0257175
263	0.0257361	0.0256805
264	0.0256989	0.0256438
265	0.0256618	0.0256076
266	0.0256251	0.0255717
267	0.0255888	0.025536
268	0.0255529	0.0255009
269	0.0255172	0.0254659
270	0.0254819	0.0254313
271	0.0254468	0.0253971
272	0.0254121	0.0253631
273	0.0253778	0.0253295
274	0.0253439	0.0252963
275	0.0253102	0.0252632
276	0.0252767	0.0252304
277	0.0252436	0.0251981
278	0.025211	0.0251658
279	0.0251784	0.025134
280	0.0251463	0.0251026
281	0.0251144	0.0250714
282	0.0250828	0.0250404
283	0.0250515	0.0250097
284	0.0250205	0.0249794
285	0.0249898	0.0249492
286	0.0249593	0.0249193
287	0.0249289	0.0248897
288	0.024899	0.0248604
289	0.0248694	0.0248314
290	0.02484	0.0248026
291	0.0248109	0.024774
292	0.0247821	0.0247458
293	0.0247535	0.0247177
294	0.0247251	0.0246899
295	0.024697	0.0246624
296	0.0246692	0.0246352
297	0.0246417	0.024608
298	0.0246143	0.0245811
299	0.0245872	0.0245548
300	0.0245602	0.0245284
301	0.0245335	0.0245023
302	0.0245072	0.0244764
303	0.0244811	0.0244508
304	0.0244551	0.0244253
305	0.0244293	0.0244001
306	0.0244038	0.0243751
307	0.0243786	0.0243502
308	0.0243534	0.0243257
309	0.0243286	0.0243014
310	0.0243039	0.0242771
311	0.0242795	0.0242531
312	0.0242553	0.0242294
313	0.0242312	0.0242057
314	0.0242074	0.0241823
315	0.0241838	0.0241592
316	0.0241602	0.0241364
317	0.024137	0.0241135
318	0.0241141	0.0240909
319	0.0240913	0.0240686
320	0.0240686	0.0240464
321	0.0240461	0.0240243
322	0.0240239	0.0240025
323	0.0240017	0.0239809
324	0.0239799	0.0239594
325	0.0239582	0.0239381
326	0.0239366	0.0239169
327	0.0239152	0.0238961
328	0.023894	0.0238752
329	0.023873	0.0238546
330	0.0238522	0.0238342
331	0.0238315	0.0238139
332	0.023811	0.0237937
333	0.0237906	0.0237737
334	0.0237703	0.0237539
335	0.0237504	0.0237343
336	0.0237306	0.0237148
337	0.0237108	0.0236956
338	0.0236912	0.0236765
339	0.0236719	0.0236575
340	0.0236527	0.0236386
341	0.0236336	0.0236199
342	0.0236146	0.0236012
343	0.0235958	0.0235829
344	0.0235773	0.0235646
345	0.0235587	0.0235464
346	0.0235403	0.0235284
347	0.0235221	0.0235106
348	0.0235042	0.0234928
349	0.0234863	0.0234753
350	0.0234685	0.0234578
351	0.0234508	0.0234405
352	0.0234333	0.0234234
353	0.023416	0.0234063
354	0.0233987	0.0233893
355	0.0233816	0.0233725
356	0.0233646	0.0233558
357	0.0233478	0.0233395
358	0.0233312	0.023323
359	0.0233145	0.0233066
360	0.023298	0.0232906
361	0.0232817	0.0232745
362	0.0232655	0.0232588
363	0.0232494	0.0232428
364	0.0232333	0.0232272
365	0.0232176	0.0232117
366	0.0232019	0.0231962
367	0.0231862	0.0231808
368	0.0231707	0.0231657
369	0.0231554	0.0231506
370	0.0231401	0.0231355
371	0.0231248	0.0231207
372	0.0231099	0.0231059
373	0.023095	0.0230913
374	0.02308	0.0230767
375	0.0230654	0.0230622
376	0.0230507	0.0230479
377	0.0230362	0.0230336
378	0.0230219	0.0230196
379	0.0230075	0.0230056
380	0.0229932	0.0229917
381	0.0229793	0.0229777
382	0.0229651	0.0229641
383	0.0229514	0.0229504
384	0.0229375	0.0229369
385	0.0229238	0.0229234
386	0.0229103	0.0229101
387	0.0228967	0.0228968
388	0.0228834	0.0228836
389	0.0228701	0.0228707
390	0.0228569	0.0228576
391	0.0228436	0.0228448
392	0.0228307	0.0228319
393	0.0228177	0.0228192
394	0.0228049	0.0228067
395	0.022792	0.0227943
396	0.0227794	0.0227817
397	0.0227668	0.0227694
398	0.0227544	0.0227571
399	0.0227419	0.0227449
400	0.0227296	0.0227328
401	0.0227173	0.0227208
402	0.0227051	0.0227088
403	0.022693	0.0226969
404	0.0226812	0.0226852
405	0.0226692	0.0226736
406	0.0226574	0.0226618
407	0.0226455	0.0226503
408	0.0226339	0.0226389
409	0.0226222	0.0226276
410	0.0226108	0.0226163
411	0.0225993	0.0226051
412	0.022588	0.0225939
413	0.0225767	0.0225828
414	0.0225655	0.0225718
415	0.0225543	0.0225609
416	0.0225432	0.0225501
417	0.0225322	0.0225392
418	0.0225214	0.0225284
419	0.0225105	0.0225179
420	0.0224997	0.0225072
421	0.022489	0.0224967
422	0.0224783	0.0224862
423	0.0224678	0.0224758
424	0.0224573	0.0224657
425	0.0224468	0.0224553
426	0.0224364	0.0224451
427	0.0224262	0.0224351
428	0.022416	0.022425
429	0.0224058	0.0224149
430	0.0223956	0.0224051
431	0.0223857	0.0223953
432	0.0223757	0.0223855
433	0.0223657	0.0223757
434	0.0223559	0.0223661
435	0.0223461	0.0223565
436	0.0223363	0.0223469
437	0.0223267	0.0223374
438	0.022317	0.022328
439	0.0223075	0.0223185
440	0.022298	0.0223093
441	0.0222886	0.0223001
442	0.0222792	0.0222908
443	0.02227	0.0222817
444	0.0222607	0.0222727
445	0.0222516	0.0222636
446	0.0222423	0.0222546
447	0.0222334	0.0222458
448	0.0222243	0.0222369
449	0.0222152	0.022228
450	0.0222064	0.0222194
451	0.0221975	0.0222106
452	0.0221887	0.0222019
453	0.0221799	0.0221935
454	0.0221713	0.0221848
455	0.0221626	0.0221763
456	0.022154	0.0221679
457	0.0221455	0.0221596
458	0.0221369	0.0221511
459	0.0221286	0.0221429
460	0.0221202	0.0221347
461	0.0221118	0.0221264
462	0.0221034	0.0221184
463	0.0220952	0.0221102
464	0.022087	0.0221022
465	0.0220789	0.0220943
466	0.0220708	0.0220863
467	0.0220627	0.0220783
468	0.0220547	0.0220705
469	0.0220467	0.0220627
470	0.0220388	0.0220549
471	0.022031	0.0220472
472	0.0220231	0.0220395
473	0.0220153	0.022032
474	0.0220076	0.0220242
475	0.022	0.0220168
476	0.0219923	0.0220093
477	0.0219848	0.0220019
478	0.0219771	0.0219944
479	0.0219696	0.021987
480	0.0219621	0.0219797
481	0.0219547	0.0219724
482	0.0219473	0.0219652
483	0.0219399	0.0219579
484	0.0219326	0.0219508
485	0.0219253	0.0219436
486	0.0219181	0.0219365
487	0.021911	0.0219294
488	0.0219039	0.0219225
489	0.0218967	0.0219155
490	0.0218897	0.0219086
491	0.0218828	0.0219017
492	0.0218757	0.0218949
493	0.0218688	0.021888
494	0.0218619	0.0218813
495	0.021855	0.0218745
496	0.0218481	0.021868
497	0.0218413	0.0218612
498	0.0218346	0.0218545
499	0.0218279	0.0218479
500	0.0218213	0.0218414
501	0.0218145	0.0218348
502	0.0218079	0.0218284
503	0.0218013	0.0218219
504	0.0217948	0.0218156
505	0.0217883	0.0218093
506	0.0217818	0.0218028
507	0.0217755	0.0217965
508	0.0217691	0.0217903
509	0.0217627	0.021784
510	0.0217563	0.0217777
511	0.0217501	0.0217716
512	0.0217438	0.0217655
513	0.0217376	0.0217592
514	0.0217312	0.0217532
515	0.0217251	0.0217472
516	0.021719	0.0217411
517	0.0217129	0.0217352
518	0.0217069	0.0217292
519	0.0217007	0.0217234
520	0.0216947	0.0217175
521	0.0216889	0.0217115
522	0.021683	0.0217058
523	0.0216771	0.0217
524	0.021671	0.0216941
525	0.0216652	0.0216883
526	0.0216595	0.0216827
527	0.0216536	0.021677
528	0.0216479	0.0216714
529	0.0216421	0.0216658
530	0.0216363	0.0216602
531	0.0216307	0.0216546
532	0.0216251	0.0216491
533	0.0216195	0.0216436
534	0.0216138	0.0216381
535	0.0216083	0.0216325
536	0.0216028	0.0216272
537	0.0215972	0.0216218
538	0.0215918	0.0216165
539	0.0215864	0.0216111
540	0.0215808	0.0216057
541	0.0215756	0.0216005
542	0.0215701	0.0215953
543	0.0215648	0.02159
544	0.0215595	0.0215847
545	0.0215542	0.0215795
546	0.0215489	0.0215744
547	0.0215437	0.0215692
548	0.0215384	0.0215642
549	0.0215333	0.0215591
550	0.0215281	0.021554
551	0.0215229	0.0215489
552	0.0215178	0.021544
553	0.0215128	0.0215391
554	0.0215077	0.021534
555	0.0215027	0.0215291
556	0.0214976	0.0215242
557	0.0214928	0.0215193
558	0.0214878	0.0215144
559	0.0214828	0.0215096
560	0.0214779	0.0215048
561	0.021473	0.0215
562	0.0214682	0.0214952
563	0.0214632	0.0214905
564	0.0214584	0.0214858
565	0.0214536	0.021481
566	0.0214489	0.0214764
567	0.0214441	0.0214717
568	0.0214394	0.0214671
569	0.0214347	0.0214623
570	0.0214299	0.0214578
571	0.0214253	0.0214532
572	0.0214207	0.0214487
573	0.021416	0.021444
574	0.0214115	0.0214396
575	0.0214068	0.0214352
576	0.0214022	0.0214307
577	0.0213977	0.0214263
578	0.0213931	0.0214218
579	0.0213887	0.0214174
580	0.0213843	0.0214131
581	0.0213797	0.0214087
582	0.0213754	0.0214042
583	0.0213709	0.0214
584	0.0213665	0.0213957
585	0.0213621	0.0213914
586	0.0213578	0.0213871
587	0.0213535	0.0213828
588	0.0213493	0.0213787
589	0.0213448	0.0213743
590	0.0213406	0.0213702
591	0.0213363	0.021366
592	0.021332	0.0213618
593	0.0213277	0.0213578
594	0.0213236	0.0213537
595	0.0213195	0.0213496
596	0.0213152	0.0213455
597	0.0213112	0.0213414
598	0.021307	0.0213374
599	0.0213029	0.0213333
600	0.0212988	0.0213294
601	0.0212947	0.0213252
602	0.0212907	0.0213214
603	0.0212865	0.0213174
604	0.0212826	0.0213135
605	0.0212787	0.0213095
606	0.0212746	0.0213057
607	0.0212707	0.0213017
608	0.0212667	0.0212978
609	0.0212628	0.021294
610	0.0212589	0.0212902
611	0.021255	0.0212863
612	0.021251	0.0212825
613	0.0212472	0.0212788
614	0.0212434	0.0212751
615	0.0212396	0.0212713
616	0.0212357	0.0212676
617	0.0212319	0.0212639
618	0.0212281	0.0212601
619	0.0212244	0.0212565
620	0.0212206	0.0212529
621	0.0212169	0.0212491
622	0.0212131	0.0212455
623	0.0212095	0.0212419
624	0.0212058	0.0212382
625	0.0212021	0.0212346
626	0.0211984	0.0212312
627	0.0211948	0.0212275
628	0.0211911	0.021224
629	0.0211876	0.0212204
630	0.0211839	0.0212168
631	0.0211804	0.0212133
632	0.0211768	0.0212098
633	0.0211732	0.0212064
634	0.0211697	0.0212028
635	0.0211661	0.0211994
636	0.0211625	0.0211961
637	0.0211591	0.0211927
638	0.0211556	0.0211892
639	0.0211522	0.0211858
640	0.0211488	0.0211824
641	0.0211453	0.021179
642	0.0211418	0.0211757
643	0.0211384	0.0211723
644	0.021135	0.0211691
645	0.0211316	0.0211657
646	0.0211284	0.0211624
647	0.021125	0.0211591
648	0.0211216	0.0211558
649	0.0211183	0.0211526
650	0.0211149	0.0211493
651	0.0211117	0.0211461
652	0.0211083	0.0211428
653	0.0211051	0.0211396
654	0.0211019	0.0211365
655	0.0210986	0.0211333
656	0.0210953	0.0211301
657	0.0210922	0.021127
658	0.0210889	0.0211238
659	0.0210858	0.0211206
660	0.0210825	0.0211175
661	0.0210794	0.0211145
662	0.0210761	0.0211114
663	0.021073	0.0211082
664	0.0210699	0.0211052
665	0.0210668	0.0211021
666	0.0210637	0.021099
667	0.0210605	0.021096
668	0.0210575	0.021093
669	0.0210544	0.02109
670	0.0210514	0.021087
671	0.0210483	0.0210839
672	0.0210453	0.021081
673	0.0210421	0.0210781
674	0.0210392	0.0210752
675	0.0210362	0.0210722
676	0.0210332	0.0210693
677	0.0210302	0.0210664
678	0.0210273	0.0210634
679	0.0210242	0.0210604
680	0.0210213	0.0210576
681	0.0210184	0.0210547
682	0.0210153	0.0210519
683	0.0210126	0.021049
684	0.0210095	0.0210461
685	0.0210067	0.0210433
686	0.0210037	0.0210406
687	0.021001	0.0210377
688	0.020998	0.0210348
689	0.0209952	0.0210321
690	0.0209924	0.0210293
691	0.0209895	0.0210266
692	0.0209866	0.0210238
693	0.0209839	0.0210211
694	0.020981	0.0210184
695	0.0209782	0.0210156
696	0.0209754	0.0210128
697	0.0209726	0.0210101
698	0.0209699	0.0210074
699	0.0209673	0.0210047
700	0.0209645	0.0210021
701	0.0209617	0.0209993
702	0.020959	0.0209967
703	0.0209562	0.0209941
704	0.0209535	0.0209913
705	0.0209508	0.0209887
706	0.0209481	0.0209861
707	0.0209454	0.0209835
708	0.0209428	0.0209809
709	0.0209402	0.0209783
710	0.0209375	0.0209757
711	0.0209348	0.0209732
712	0.0209323	0.0209706
713	0.0209296	0.0209681
714	0.020927	0.0209654
715	0.0209244	0.0209628
716	0.0209219	0.0209603
717	0.0209193	0.0209578
718	0.0209166	0.0209553
719	0.0209141	0.0209528
720	0.0209116	0.0209503
721	0.0209089	0.0209478
722	0.0209064	0.0209453
723	0.0209038	0.0209429
724	0.0209015	0.0209403
725	0.0208989	0.0209379
726	0.0208963	0.0209355
727	0.0208939	0.0209331
728	0.0208912	0.0209306
729	0.0208888	0.0209281
730	0.0208863	0.0209257
731	0.0208839	0.0209233
732	0.0208815	0.0209209
733	0.020879	0.0209185
734	0.0208766	0.0209162
735	0.0208741	0.0209138
736	0.0208718	0.0209115
737	0.0208694	0.0209091
738	0.0208669	0.0209067
739	0.0208646	0.0209044
740	0.0208621	0.0209019
741	0.0208598	0.0208997
742	0.0208573	0.0208973
743	0.020855	0.0208951
744	0.0208526	0.0208927
745	0.0208504	0.0208904
746	0.020848	0.020888
747	0.0208456	0.0208858
748	0.0208432	0.0208835
749	0.020841	0.0208814
750	0.0208386	0.0208791
751	0.0208363	0.0208769
752	0.0208341	0.0208747
753	0.0208318	0.0208723
754	0.0208295	0.0208701
755	0.0208271	0.0208678
756	0.020825	0.0208656
757	0.0208226	0.0208634
758	0.0208204	0.0208612
759	0.0208181	0.0208591
760	0.0208159	0.0208569
761	0.0208136	0.0208547
762	0.0208115	0.0208524
763	0.0208093	0.0208503
764	0.020807	0.0208481
765	0.0208048	0.0208459
766	0.0208026	0.0208439
767	0.0208004	0.0208417
768	0.0207983	0.0208395
769	0.0207961	0.0208374
770	0.0207939	0.0208352
771	0.0207917	0.0208331
772	0.0207896	0.020831
773	0.0207875	0.020829
774	0.0207853	0.0208268
775	0.0207832	0.0208247
776	0.020781	0.0208228
777	0.0207789	0.0208206
778	0.0207768	0.0208186
779	0.0207746	0.0208166
780	0.0207725	0.0208145
781	0.0207706	0.0208124
782	0.0207684	0.0208103
783	0.0207664	0.0208083
784	0.0207643	0.0208062
785	0.0207621	0.0208042
786	0.02076	0.0208022
787	0.020758	0.0208002
788	0.020756	0.0207982
789	0.0207539	0.0207961
790	0.0207518	0.0207941
791	0.0207498	0.0207922
792	0.0207477	0.0207901
793	0.0207457	0.0207882
794	0.0207438	0.0207863
795	0.0207417	0.0207843
796	0.0207396	0.0207823
797	0.0207377	0.0207804
798	0.0207357	0.0207785
799	0.0207338	0.0207765
800	0.0207317	0.0207746
801	0.0207297	0.0207726
802	0.0207278	0.0207707
803	0.0207258	0.0207688
804	0.0207238	0.0207669
805	0.0207219	0.020765
806	0.02072	0.0207631
807	0.0207179	0.0207612
808	0.0207162	0.0207593
809	0.0207141	0.0207574
810	0.0207122	0.0207554
811	0.0207102	0.0207535
812	0.0207084	0.0207516
813	0.0207065	0.0207499
814	0.0207045	0.020748
815	0.0207027	0.020746
816	0.0207008	0.0207442
817	0.0206989	0.0207423
818	0.020697	0.0207405
819	0.0206952	0.0207387
820	0.0206933	0.0207369
821	0.0206914	0.0207351
822	0.0206895	0.0207333
823	0.0206877	0.0207316
824	0.0206858	0.0207297
825	0.020684	0.0207279
826	0.0206821	0.0207261
827	0.0206802	0.0207243
828	0.0206785	0.0207225
829	0.0206766	0.0207207
830	0.0206748	0.0207189
831	0.020673	0.0207171
832	0.0206713	0.0207153
833	0.0206693	0.0207135
834	0.0206676	0.0207119
835	0.0206657	0.0207101
836	0.0206639	0.0207084
837	0.0206622	0.0207067
838	0.0206605	0.0207049
839	0.0206586	0.0207031
840	0.0206568	0.0207014
841	0.0206551	0.0206997
842	0.0206533	0.0206979
843	0.0206516	0.0206961
844	0.0206497	0.0206944
845	0.0206481	0.0206928
846	0.0206463	0.0206911
847	0.0206446	0.0206894
848	0.0206429	0.0206877
849	0.0206412	0.0206861
850	0.0206394	0.0206843
851	0.0206377	0.0206826
852	0.0206359	0.020681
853	0.0206342	0.0206793
854	0.0206324	0.0206777
855	0.0206308	0.020676
856	0.0206292	0.0206743
857	0.0206274	0.0206726
858	0.0206258	0.020671
859	0.0206241	0.0206694
860	0.0206224	0.0206677
861	0.0206207	0.0206661
862	0.020619	0.0206645
863	0.0206174	0.0206628
864	0.0206157	0.0206611
865	0.020614	0.0206596
866	0.0206123	0.020658
867	0.0206107	0.0206564
868	0.020609	0.0206548
869	0.0206074	0.0206531
870	0.0206057	0.0206514
871	0.0206042	0.0206499
872	0.0206025	0.0206482
873	0.0206009	0.0206466
874	0.0205993	0.0206451
875	0.0205978	0.0206436
876	0.0205961	0.020642
877	0.0205945	0.0206404
878	0.0205929	0.0206388
879	0.0205913	0.0206373
880	0.0205896	0.0206357
881	0.020588	0.0206341
882	0.0205864	0.0206326
883	0.0205848	0.0206311
884	0.0205833	0.0206295
885	0.0205818	0.0206279
886	0.0205801	0.0206263
887	0.0205785	0.0206248
888	0.020577	0.0206233
889	0.0205754	0.0206218
890	0.0205739	0.0206202
891	0.0205723	0.0206188
892	0.0205707	0.0206172
893	0.0205692	0.0206157
894	0.0205677	0.0206142
895	0.0205662	0.0206127
896	0.0205646	0.0206112
897	0.0205631	0.0206097
898	0.0205615	0.0206083
899	0.02056	0.0206067
900	0.0205585	0.0206052
901	0.0205569	0.0206037
902	0.0205554	0.0206023
903	0.020554	0.0206008
904	0.0205525	0.0205993
905	0.0205509	0.0205978
906	0.0205495	0.0205963
907	0.020548	0.0205949
908	0.0205465	0.0205935
909	0.020545	0.020592
910	0.0205435	0.0205905
911	0.020542	0.0205891
912	0.0205405	0.0205876
913	0.020539	0.0205862
914	0.0205375	0.0205848
915	0.020536	0.0205833
916	0.0205346	0.0205818
917	0.0205331	0.0205804
918	0.0205316	0.0205789
919	0.0205302	0.0205776
920	0.0205288	0.0205761
921	0.0205273	0.0205746
922	0.0205259	0.0205732
923	0.0205245	0.0205719
924	0.0205231	0.0205705
925	0.0205216	0.0205691
926	0.0205201	0.0205678
927	0.0205188	0.0205664
928	0.0205173	0.020565
929	0.0205157	0.0205635
930	0.0205144	0.0205621
931	0.0205131	0.0205608
932	0.0205116	0.0205594
933	0.0205102	0.020558
934	0.0205087	0.0205567
935	0.0205074	0.0205554
936	0.0205059	0.0205539
937	0.0205046	0.0205526
938	0.0205031	0.0205512
939	0.0205018	0.0205498
940	0.0205004	0.0205484
941	0.0204989	0.020547
942	0.0204976	0.0205456
943	0.0204963	0.0205443
944	0.0204949	0.020543
945	0.0204935	0.0205417
946	0.0204922	0.0205404
947	0.0204907	0.0205391
948	0.0204893	0.0205377
949	0.0204881	0.0205364
950	0.0204868	0.0205351
951	0.0204853	0.0205337
952	0.0204839	0.0205324
953	0.0204826	0.020531
954	0.0204812	0.0205297
955	0.02048	0.0205284
956	0.0204786	0.0205271
957	0.0204771	0.0205258
958	0.0204759	0.0205245
959	0.0204745	0.0205232
960	0.0204732	0.0205219
961	0.0204719	0.0205207
962	0.0204707	0.0205193
963	0.0204693	0.020518
964	0.020468	0.0205167
965	0.0204666	0.0205154
966	0.0204652	0.0205141
967	0.020464	0.0205128
968	0.0204627	0.0205116
969	0.0204613	0.0205102
970	0.0204601	0.0205089
971	0.0204588	0.0205076
972	0.0204574	0.0205064
973	0.0204562	0.0205052
974	0.0204549	0.0205039
975	0.0204536	0.0205027
976	0.0204522	0.0205015
977	0.020451	0.0205002
978	0.0204497	0.0204989
979	0.0204485	0.0204977
980	0.0204472	0.0204964
981	0.020446	0.0204952
982	0.0204445	0.020494
983	0.0204434	0.0204927
984	0.0204422	0.0204914
985	0.0204408	0.0204902
986	0.0204396	0.020489
987	0.0204384	0.0204877
988	0.0204371	0.0204865
989	0.020436	0.0204853
990	0.0204346	0.0204842
991	0.0204333	0.0204828
992	0.0204322	0.0204816
993	0.0204308	0.0204804
994	0.0204295	0.0204792
995	0.0204284	0.0204781
996	0.0204272	0.0204769
997	0.0204259	0.0204756
998	0.0204247	0.0204745
999	0.0204234	0.0204732
1000	0.0204221	0.020472
1001	0.020421	0.0204708
1002	0.0204197	0.0204695
1003	0.0204185	0.0204683
1004	0.0204173	0.0204672
1005	0.0204161	0.0204659
1006	0.0204149	0.0204648
1007	0.0204138	0.0204636
1008	0.0204124	0.0204624
1009	0.0204112	0.0204613
1010	0.0204101	0.0204601
1011	0.0204087	0.0204589
1012	0.0204077	0.0204577
1013	0.0204063	0.0204566
1014	0.0204052	0.0204554
1015	0.020404	0.0204542
1016	0.0204028	0.020453
1017	0.0204017	0.0204519
1018	0.0204005	0.0204507
1019	0.0203994	0.0204496
1020	0.0203982	0.0204483
1021	0.020397	0.0204472
1022	0.0203958	0.0204461
1023	0.0203947	0.020445
1024	0.0203935	0.0204437
1025	0.0203922	0.0204426
1026	0.0203912	0.0204414
1027	0.0203899	0.0204404
1028	0.0203889	0.0204393
1029	0.0203876	0.0204381
1030	0.0203866	0.0204368
1031	0.0203853	0.0204357
1032	0.0203842	0.0204346
1033	0.0203829	0.0204336
1034	0.0203818	0.0204325
1035	0.0203807	0.0204314
1036	0.0203796	0.0204302
1037	0.0203784	0.0204291
1038	0.0203772	0.0204279
1039	0.0203762	0.0204268
1040	0.020375	0.0204258
1041	0.0203739	0.0204247
1042	0.0203727	0.0204235
1043	0.0203716	0.0204224
1044	0.0203704	0.0204213
1045	0.0203694	0.0204202
1046	0.0203682	0.0204192
1047	0.020367	0.0204181
1048	0.0203659	0.0204168
1049	0.0203649	0.0204158
1050	0.0203638	0.0204146
1051	0.0203626	0.0204136
1052	0.0203615	0.0204125
1053	0.0203604	0.0204114
1054	0.0203591	0.0204103
1055	0.0203582	0.0204092
1056	0.0203571	0.0204081
1057	0.0203559	0.0204071
1058	0.0203548	0.0204061
1059	0.0203537	0.020405
1060	0.0203527	0.0204039
1061	0.0203516	0.0204029
1062	0.0203506	0.0204018
1063	0.0203493	0.0204006
1064	0.0203483	0.0203995
1065	0.0203473	0.0203985
1066	0.0203462	0.0203975
1067	0.020345	0.0203964
1068	0.020344	0.0203953
1069	0.0203429	0.0203942
1070	0.0203418	0.0203932
1071	0.0203407	0.0203921
1072	0.0203396	0.0203911
1073	0.0203385	0.02039
1074	0.0203374	0.020389
1075	0.0203364	0.0203879
1076	0.0203354	0.0203868
1077	0.0203343	0.0203858
1078	0.0203332	0.0203848
1079	0.0203321	0.0203837
1080	0.0203311	0.0203826
1081	0.02033	0.0203816
1082	0.020329	0.0203806
1083	0.0203279	0.0203796
1084	0.0203269	0.0203786
1085	0.0203258	0.0203775
1086	0.0203247	0.0203765
1087	0.0203237	0.0203755
1088	0.0203227	0.0203745
1089	0.0203216	0.0203734
1090	0.0203206	0.0203724
1091	0.0203196	0.0203714
1092	0.0203185	0.0203704
1093	0.0203174	0.0203694
1094	0.0203164	0.0203683
1095	0.0203154	0.0203674
1096	0.0203143	0.0203663
1097	0.0203132	0.0203653
1098	0.0203123	0.0203643
1099	0.0203113	0.0203633
1100	0.0203103	0.0203623
1101	0.0203092	0.0203613
1102	0.0203083	0.0203602
1103	0.0203072	0.0203592
1104	0.0203061	0.0203583
1105	0.0203051	0.0203573
1106	0.0203041	0.0203563
1107	0.020303	0.0203554
1108	0.020302	0.0203544
1109	0.0203011	0.0203534
1110	0.0203	0.0203523
1111	0.0202991	0.0203513
1112	0.020298	0.0203503
1113	0.020297	0.0203494
1114	0.0202961	0.0203484
1115	0.0202951	0.0203474
1116	0.0202941	0.0203464
1117	0.020293	0.0203455
1118	0.020292	0.0203444
1119	0.020291	0.0203435
1120	0.0202901	0.0203425
1121	0.0202891	0.0203415
1122	0.0202882	0.0203405
1123	0.020287	0.0203396
1124	0.020286	0.0203386
1125	0.0202851	0.0203377
1126	0.0202841	0.0203366
1127	0.0202832	0.0203357
1128	0.0202822	0.0203347
1129	0.0202812	0.0203338
1130	0.0202802	0.0203328
1131	0.0202792	0.0203318
1132	0.0202782	0.0203308
1133	0.0202773	0.0203299
1134	0.0202763	0.0203289
1135	0.0202754	0.020328
1136	0.0202743	0.020327
1137	0.0202734	0.020326
1138	0.0202724	0.0203251
1139	0.0202715	0.0203242
1140	0.0202706	0.0203233
1141	0.0202696	0.0203223
1142	0.0202686	0.0203214
1143	0.0202676	0.0203204
1144	0.0202667	0.0203194
1145	0.0202657	0.0203185
1146	0.0202647	0.0203176
1147	0.0202638	0.0203167
1148	0.0202628	0.0203158
1149	0.0202619	0.0203148
1150	0.0202609	0.0203139
1151	0.0202599	0.020313
1152	0.020259	0.020312
1153	0.020258	0.0203111
1154	0.0202572	0.0203102
1155	0.0202563	0.0203093
1156	0.0202552	0.0203083
1157	0.0202544	0.0203074
1158	0.0202534	0.0203065
1159	0.0202525	0.0203056
1160	0.0202515	0.0203047
1161	0.0202507	0.0203037
1162	0.0202496	0.0203028
1163	0.0202487	0.0203019
1164	0.0202478	0.020301
1165	0.0202469	0.0203001
1166	0.020246	0.0202992
1167	0.020245	0.0202982
1168	0.0202441	0.0202974
1169	0.0202432	0.0202965
1170	0.0202423	0.0202957
1171	0.0202414	0.0202947
1172	0.0202404	0.0202938
1173	0.0202396	0.0202928
1174	0.0202386	0.020292
1175	0.0202376	0.0202911
1176	0.0202368	0.0202902
1177	0.0202359	0.0202893
1178	0.020235	0.0202884
1179	0.0202341	0.0202875
1180	0.0202332	0.0202866
1181	0.0202322	0.0202856
1182	0.0202313	0.0202847
1183	0.0202304	0.0202839
1184	0.0202296	0.020283
1185	0.0202286	0.0202822
1186	0.0202277	0.0202813
1187	0.0202268	0.0202804
1188	0.0202259	0.0202795
1189	0.020225	0.0202786
1190	0.0202241	0.0202777
1191	0.0202232	0.0202769
1192	0.0202223	0.020276
1193	0.0202214	0.0202751
1194	0.0202206	0.0202742
1195	0.0202198	0.0202734
1196	0.0202188	0.0202725
1197	0.0202179	0.0202716
1198	0.020217	0.0202708
1199	0.0202162	0.02027
1200	0.0202152	0.0202691
1201	0.0202144	0.0202682
1202	0.0202134	0.0202673
1203	0.0202126	0.0202665
1204	0.0202117	0.0202656
1205	0.0202109	0.0202647
1206	0.0202099	0.0202638
1207	0.020209	0.0202629
1208	0.0202082	0.0202621
1209	0.0202073	0.0202612
1210	0.0202065	0.0202605
1211	0.0202056	0.0202596
1212	0.0202046	0.0202587
1213	0.020204	0.0202579
1214	0.020203	0.0202571
1215	0.0202021	0.0202562
1216	0.0202012	0.0202553
1217	0.0202004	0.0202544
1218	0.0201996	0.0202536
1219	0.0201986	0.0202527
1220	0.0201979	0.0202519
1221	0.020197	0.020251
1222	0.0201961	0.0202502
1223	0.0201953	0.0202494
1224	0.0201945	0.0202486
1225	0.0201936	0.0202477
1226	0.0201926	0.0202469
1227	0.0201918	0.0202461
1228	0.020191	0.0202452
1229	0.0201901	0.0202444
1230	0.0201893	0.0202435
1231	0.0201885	0.0202427
1232	0.0201877	0.0202419
1233	0.0201868	0.020241
1234	0.0201859	0.0202403
1235	0.0201852	0.0202394
1236	0.0201843	0.0202386
1237	0.0201834	0.0202377
1238	0.0201826	0.0202369
1239	0.0201817	0.020236
1240	0.020181	0.0202352
1241	0.0201801	0.0202344
1242	0.0201792	0.0202336
1243	0.0201785	0.0202327
1244	0.0201775	0.0202319
1245	0.0201767	0.0202311
1246	0.0201759	0.0202303
1247	0.020175	0.0202295
1248	0.0201742	0.0202287
1249	0.0201734	0.0202279
1250	0.0201726	0.0202271
1251	0.0201717	0.0202263
1252	0.0201708	0.0202255
1253	0.0201701	0.0202247
1254	0.0201693	0.0202239
1255	0.0201685	0.020223
1256	0.0201675	0.0202222
1257	0.0201668	0.0202214
1258	0.020166	0.0202206
1259	0.0201652	0.0202198
1260	0.0201644	0.020219
1261	0.0201634	0.0202182
1262	0.0201626	0.0202173
1263	0.0201619	0.0202166
1264	0.0201612	0.0202157
1265	0.0201603	0.020215
1266	0.0201595	0.0202142
1267	0.0201587	0.0202135
1268	0.0201578	0.0202126
1269	0.0201569	0.0202118
1270	0.0201563	0.020211
1271	0.0201554	0.0202102
1272	0.0201546	0.0202095
1273	0.0201539	0.0202086
1274	0.0201531	0.0202079
1275	0.0201522	0.0202071
1276	0.0201515	0.0202063
1277	0.0201506	0.0202055
1278	0.0201499	0.0202048
1279	0.0201489	0.020204
1280	0.0201483	0.0202033
1281	0.0201474	0.0202024
1282	0.0201467	0.0202017
1283	0.0201459	0.0202009
1284	0.0201451	0.0202001
1285	0.0201442	0.0201993
1286	0.0201435	0.0201986
1287	0.0201428	0.0201978
1288	0.020142	0.020197
1289	0.0201412	0.0201963
1290	0.0201403	0.0201955
1291	0.0201396	0.0201947
1292	0.0201387	0.0201939
1293	0.020138	0.0201932
1294	0.0201373	0.0201923
1295	0.0201364	0.0201915
1296	0.0201357	0.0201908
1297	0.0201349	0.02019
1298	0.0201341	0.0201893
1299	0.0201334	0.0201885
1300	0.0201326	0.0201878
1301	0.0201317	0.020187
1302	0.0201311	0.0201861
1303	0.0201303	0.0201854
1304	0.0201295	0.0201846
1305	0.0201287	0.0201838
1306	0.0201279	0.0201831
1307	0.0201272	0.0201823
1308	0.0201264	0.0201816
1309	0.0201257	0.0201808
1310	0.0201248	0.0201801
1311	0.020124	0.0201794
1312	0.0201233	0.0201786
1313	0.0201225	0.0201779
1314	0.0201217	0.0201772
1315	0.0201211	0.0201764
1316	0.0201204	0.0201757
1317	0.0201195	0.0201749
1318	0.0201188	0.0201741
1319	0.020118	0.0201734
1320	0.0201172	0.0201726
1321	0.0201165	0.0201719
1322	0.0201157	0.0201711
1323	0.020115	0.0201703
1324	0.0201143	0.0201696
1325	0.0201134	0.0201689
1326	0.0201128	0.0201682
1327	0.0201119	0.0201675
1328	0.0201112	0.0201667
1329	0.0201105	0.020166
1330	0.0201097	0.0201653
1331	0.0201089	0.0201645
1332	0.0201083	0.0201638
1333	0.0201074	0.0201631
1334	0.0201066	0.0201623
1335	0.020106	0.0201616
1336	0.0201053	0.0201609
1337	0.0201045	0.0201602
1338	0.0201037	0.0201594
1339	0.020103	0.0201586
1340	0.0201023	0.0201579
1341	0.0201016	0.0201572
1342	0.0201009	0.0201565
1343	0.0201	0.0201558
1344	0.0200993	0.0201551
1345	0.0200986	0.0201544
1346	0.0200978	0.0201537
1347	0.0200971	0.0201529
1348	0.0200964	0.0201522
1349	0.0200956	0.0201514
1350	0.0200949	0.0201507
1351	0.0200942	0.02015
1352	0.0200935	0.0201492
1353	0.0200927	0.0201485
1354	0.0200919	0.0201478
1355	0.0200913	0.020147
1356	0.0200905	0.0201463
1357	0.0200898	0.0201456
1358	0.020089	0.0201449
1359	0.0200883	0.0201442
1360	0.0200877	0.0201435
1361	0.0200869	0.0201428
1362	0.0200862	0.0201422
1363	0.0200855	0.0201414
1364	0.0200847	0.0201407
1365	0.020084	0.02014
1366	0.0200833	0.0201393
1367	0.0200825	0.0201386
1368	0.0200818	0.0201379
1369	0.0200811	0.0201372
1370	0.0200804	0.0201365
1371	0.0200797	0.0201358
1372	0.020079	0.020135
1373	0.0200782	0.0201344
1374	0.0200775	0.0201337
1375	0.0200769	0.020133
1376	0.0200761	0.0201322
1377	0.0200754	0.0201315
1378	0.0200747	0.0201308
1379	0.020074	0.0201301
1380	0.0200733	0.0201294
1381	0.0200726	0.0201287
1382	0.0200719	0.020128
1383	0.0200713	0.0201273
1384	0.0200705	0.0201266
1385	0.0200699	0.0201259
1386	0.020069	0.0201252
1387	0.0200684	0.0201246
1388	0.0200678	0.0201239
1389	0.0200671	0.0201231
1390	0.0200663	0.0201224
1391	0.0200657	0.0201217
1392	0.0200649	0.020121
1393	0.0200644	0.0201203
1394	0.0200636	0.0201197
1395	0.0200628	0.0201189
1396	0.0200622	0.0201183
1397	0.0200614	0.0201176
1398	0.0200608	0.0201169
1399	0.0200601	0.0201162
1400	0.0200592	0.0201155
1401	0.0200585	0.0201148
1402	0.0200579	0.0201142
1403	0.0200573	0.0201135
1404	0.0200567	0.0201129
1405	0.0200559	0.0201122
1406	0.0200552	0.0201115
1407	0.0200544	0.0201108
1408	0.0200537	0.0201101
1409	0.0200531	0.0201094
1410	0.0200525	0.0201088
1411	0.0200518	0.0201081
1412	0.0200511	0.0201074
1413	0.0200504	0.0201068
1414	0.0200497	0.0201061
1415	0.020049	0.0201054
1416	0.0200484	0.0201048
1417	0.0200476	0.020104
1418	0.020047	0.0201034
1419	0.0200462	0.0201027
1420	0.0200456	0.0201021
1421	0.020045	0.0201014
1422	0.0200444	0.0201007
1423	0.0200435	0.0201
1424	0.0200429	0.0200993
1425	0.0200423	0.0200986
1426	0.0200416	0.020098
1427	0.0200409	0.0200973
1428	0.0200402	0.0200967
1429	0.0200396	0.020096
1430	0.0200389	0.0200953
1431	0.0200382	0.0200947
1432	0.0200375	0.020094
1433	0.0200369	0.0200933
1434	0.0200362	0.0200927
1435	0.0200355	0.020092
1436	0.0200349	0.0200914
1437	0.0200342	0.0200907
1438	0.0200335	0.0200901
1439	0.0200329	0.0200894
1440	0.0200322	0.0200887
1441	0.0200316	0.0200881
1442	0.0200308	0.0200875
1443	0.0200302	0.0200869
1444	0.0200296	0.0200862
1445	0.0200289	0.0200855
1446	0.0200282	0.0200849
1447	0.0200275	0.0200842
1448	0.0200269	0.0200836
1449	0.0200261	0.0200829
1450	0.0200256	0.0200823
1451	0.0200249	0.0200816
1452	0.0200243	0.020081
1453	0.0200236	0.0200803
1454	0.020023	0.0200796
1455	0.0200223	0.0200789
1456	0.0200217	0.0200783
1457	0.0200212	0.0200777
1458	0.0200204	0.020077
1459	0.0200197	0.0200764
1460	0.0200192	0.0200758
1461	0.0200184	0.0200751
1462	0.0200178	0.0200745
1463	0.0200171	0.0200738
1464	0.0200165	0.0200732
1465	0.0200158	0.0200725
1466	0.0200153	0.0200719
1467	0.0200145	0.0200713
1468	0.0200139	0.0200707
1469	0.0200133	0.02007
1470	0.0200126	0.0200694
1471	0.0200119	0.0200688
1472	0.0200114	0.0200681
1473	0.0200106	0.0200675
1474	0.02001	0.0200669
1475	0.0200094	0.0200662
1476	0.0200087	0.0200656
1477	0.020008	0.0200649
1478	0.0200075	0.0200643
1479	0.0200068	0.0200637
1480	0.0200062	0.0200631
1481	0.0200056	0.0200624
1482	0.020005	0.0200618
1483	0.0200043	0.0200612
1484	0.0200036	0.0200605
1485	0.0200028	0.0200599
1486	0.0200023	0.0200593
1487	0.0200017	0.0200587
1488	0.020001	0.020058
1489	0.0200005	0.0200574
1490	0.0199998	0.0200568
