1	0.17118	0.16788
2	0.16715	0.164053
3	0.163357	0.160434
4	0.159769	0.157016
5	0.156379	0.153791
6	0.15318	0.150733
7	0.150148	0.147822
8	0.147261	0.145053
9	0.144516	0.14242
10	0.141903	0.139905
11	0.13941	0.137493
12	0.137017	0.135178
13	0.134721	0.132951
14	0.13251	0.130802
15	0.130379	0.128728
16	0.128319	0.12672
17	0.126327	0.124775
18	0.124396	0.122886
19	0.122521	0.12105
20	0.120698	0.119263
21	0.118923	0.11752
22	0.117192	0.115818
23	0.115502	0.114155
24	0.11385	0.112528
25	0.112233	0.110935
26	0.11065	0.109372
27	0.109098	0.10784
28	0.107574	0.106335
29	0.106078	0.104856
30	0.104608	0.103402
31	0.103163	0.101973
32	0.101741	0.100566
33	0.100341	0.0991804
34	0.0989639	0.0978155
35	0.0976073	0.0964714
36	0.0962698	0.0951472
37	0.0949528	0.0938412
38	0.0936534	0.0925547
39	0.0923732	0.0912861
40	0.0911104	0.0900355
41	0.0898663	0.0888023
42	0.0886391	0.0875863
43	0.0874287	0.0863872
44	0.0862352	0.0852052
45	0.0850583	0.0840392
46	0.0838981	0.0828907
47	0.0827542	0.0817582
48	0.0816264	0.0806418
49	0.0805148	0.0795415
50	0.0794195	0.0784573
51	0.0783396	0.0773892
52	0.0772759	0.0763372
53	0.0762281	0.0753005
54	0.0751961	0.0742805
55	0.0741791	0.0732752
56	0.0731781	0.0722865
57	0.0721926	0.0713126
58	0.0712231	0.0703549
59	0.0702686	0.0694124
60	0.0693292	0.0684847
61	0.0684058	0.0675728
62	0.067497	0.0666763
63	0.0666038	0.0657948
64	0.065725	0.0649281
65	0.0648617	0.0640766
66	0.0640132	0.0632397
67	0.0631792	0.062418
68	0.0623601	0.0616106
69	0.0615557	0.0608177
70	0.0607655	0.0600396
71	0.0599897	0.0592754
72	0.059228	0.0585252
73	0.0584804	0.0577894
74	0.0577468	0.0570673
75	0.0570272	0.0563588
76	0.0563212	0.0556638
77	0.0556282	0.0549824
78	0.054949	0.0543142
79	0.054283	0.0536592
80	0.0536296	0.0530167
81	0.0529896	0.0523874
82	0.0523621	0.0517704
83	0.0517471	0.051166
84	0.051144	0.0505738
85	0.0505539	0.0499935
86	0.0499753	0.0494252
87	0.0494086	0.0488688
88	0.0488536	0.0483237
89	0.0483101	0.04779
90	0.0477776	0.0472673
91	0.0472566	0.0467558
92	0.0467464	0.0462549
93	0.0462469	0.0457646
94	0.0457578	0.0452846
95	0.045279	0.0448149
96	0.0448105	0.0443552
97	0.0443523	0.0439055
98	0.0439035	0.0434655
99	0.0434643	0.0430346
100	0.0430347	0.0426132
101	0.0426145	0.0422012
102	0.0422033	0.0417979
103	0.0418007	0.0414035
104	0.0414071	0.0410176
105	0.0410221	0.0406402
106	0.0406453	0.0402708
107	0.0402766	0.0399097
108	0.0399161	0.0395562
109	0.0395634	0.0392107
110	0.0392186	0.0388727
111	0.0388811	0.038542
112	0.0385509	0.0382187
113	0.0382281	0.0379024
114	0.0379124	0.037593
115	0.0376036	0.0372904
116	0.0373014	0.0369944
117	0.0370056	0.0367048
118	0.0367165	0.0364216
119	0.0364337	0.0361448
120	0.036157	0.0358736
121	0.0358862	0.0356085
122	0.0356215	0.0353493
123	0.0353622	0.0350955
124	0.0351088	0.0348473
125	0.0348607	0.0346043
126	0.0346181	0.0343667
127	0.0343805	0.0341342
128	0.0341481	0.0339067
129	0.0339207	0.0336839
130	0.0336983	0.0334661
131	0.0334803	0.0332528
132	0.033267	0.0330441
133	0.0330585	0.0328396
134	0.0328541	0.0326398
135	0.032654	0.0324438
136	0.0324583	0.0322522
137	0.0322664	0.0320645
138	0.0320786	0.0318806
139	0.0318949	0.0317007
140	0.0317149	0.0315244
141	0.0315384	0.0313517
142	0.0313657	0.0311826
143	0.0311966	0.031017
144	0.0310307	0.0308547
145	0.0308683	0.0306956
146	0.0307092	0.0305397
147	0.0305531	0.0303871
148	0.0304005	0.0302374
149	0.0302506	0.0300907
150	0.0301038	0.0299471
151	0.0299598	0.029806
152	0.0298187	0.0296679
153	0.0296804	0.0295325
154	0.0295447	0.0293995
155	0.0294115	0.0292693
156	0.0292811	0.0291414
157	0.0291532	0.0290162
158	0.0290277	0.0288931
159	0.0289044	0.0287726
160	0.0287836	0.0286542
161	0.0286648	0.028538
162	0.0285485	0.0284239
163	0.0284344	0.0283119
164	0.0283223	0.0282022
165	0.0282121	0.0280944
166	0.0281039	0.0279883
167	0.027998	0.0278844
168	0.0278937	0.0277824
169	0.0277914	0.027682
170	0.0276907	0.0275836
171	0.027592	0.0274868
172	0.0274949	0.0273918
173	0.0273996	0.0272983
174	0.027306	0.0272066
175	0.0272139	0.0271163
176	0.0271234	0.0270278
177	0.0270345	0.0269406
178	0.0269471	0.0268548
179	0.0268611	0.0267707
180	0.0267765	0.0266877
181	0.0266935	0.0266064
182	0.0266119	0.0265261
183	0.0265315	0.0264475
184	0.0264524	0.02637
185	0.0263746	0.0262935
186	0.0262979	0.0262186
187	0.0262228	0.0261448
188	0.0261487	0.0260721
189	0.0260757	0.0260007
190	0.026004	0.0259302
191	0.0259332	0.025861
192	0.0258637	0.0257927
193	0.0257953	0.0257256
194	0.0257277	0.0256595
195	0.0256614	0.0255944
196	0.025596	0.0255304
197	0.0255314	0.0254671
198	0.0254681	0.0254049
199	0.0254055	0.0253436
200	0.025344	0.0252832
201	0.0252832	0.0252236
202	0.0252236	0.025165
203	0.0251646	0.0251072
204	0.0251066	0.0250502
205	0.0250493	0.0249942
206	0.0249929	0.0249388
207	0.0249372	0.0248841
208	0.0248823	0.0248303
209	0.0248282	0.0247773
210	0.0247751	0.0247251
211	0.0247223	0.0246734
212	0.0246706	0.0246226
213	0.0246194	0.0245724
214	0.024569	0.0245229
215	0.0245192	0.0244739
216	0.0244701	0.0244258
217	0.0244216	0.0243783
218	0.0243738	0.0243313
219	0.0243266	0.0242851
220	0.02428	0.0242394
221	0.0242341	0.0241943
222	0.0241887	0.0241498
223	0.0241439	0.0241058
224	0.0240997	0.0240624
225	0.024056	0.0240196
226	0.0240131	0.0239773
227	0.0239705	0.0239355
228	0.0239285	0.0238945
229	0.0238869	0.0238536
230	0.023846	0.0238133
231	0.0238054	0.0237737
232	0.0237654	0.0237345
233	0.0237259	0.0236957
234	0.023687	0.0236574
235	0.0236485	0.0236194
236	0.0236103	0.0235822
237	0.0235727	0.0235452
238	0.0235356	0.0235087
239	0.0234988	0.0234725
240	0.0234624	0.023437
241	0.0234267	0.0234018
242	0.0233911	0.023367
243	0.0233561	0.0233325
244	0.0233214	0.0232986
245	0.0232871	0.0232649
246	0.0232532	0.0232317
247	0.0232197	0.0231987
248	0.0231866	0.0231663
249	0.0231539	0.0231342
250	0.0231215	0.0231023
251	0.0230895	0.023071
252	0.0230579	0.0230399
253	0.0230265	0.0230093
254	0.0229955	0.0229788
255	0.0229651	0.0229487
256	0.0229346	0.0229189
257	0.0229046	0.0228895
258	0.0228749	0.0228603
259	0.0228456	0.0228316
260	0.0228165	0.0228031
261	0.0227878	0.0227749
262	0.0227593	0.0227471
263	0.0227312	0.0227194
264	0.0227034	0.0226921
265	0.0226758	0.0226651
266	0.0226486	0.0226384
267	0.0226218	0.0226119
268	0.0225948	0.0225857
269	0.0225685	0.0225598
270	0.0225424	0.022534
271	0.0225164	0.0225086
272	0.0224907	0.0224835
273	0.0224654	0.0224587
274	0.0224404	0.0224339
275	0.0224155	0.0224096
276	0.0223907	0.0223854
277	0.0223665	0.0223614
278	0.0223421	0.0223379
279	0.0223185	0.0223143
280	0.0222947	0.0222912
281	0.0222712	0.0222681
282	0.022248	0.0222454
283	0.0222251	0.0222228
284	0.0222022	0.0222004
285	0.0221797	0.0221783
286	0.0221572	0.0221564
287	0.0221352	0.0221347
288	0.0221132	0.0221133
289	0.0220915	0.0220919
290	0.0220701	0.0220708
291	0.0220488	0.0220498
292	0.0220276	0.0220292
293	0.0220068	0.0220087
294	0.021986	0.0219884
295	0.0219656	0.0219683
296	0.0219452	0.0219483
297	0.0219249	0.0219285
298	0.021905	0.0219089
299	0.0218852	0.0218895
300	0.0218655	0.0218703
301	0.0218461	0.0218512
302	0.0218269	0.0218324
303	0.0218079	0.0218137
304	0.021789	0.0217952
305	0.0217701	0.0217768
306	0.0217516	0.0217585
307	0.0217331	0.0217405
308	0.0217148	0.0217226
309	0.0216969	0.0217048
310	0.0216789	0.0216873
311	0.0216611	0.0216699
312	0.0216434	0.0216526
313	0.021626	0.0216354
314	0.0216086	0.0216185
315	0.0215915	0.0216016
316	0.0215745	0.021585
317	0.0215576	0.0215684
318	0.0215408	0.021552
319	0.0215243	0.0215357
320	0.0215078	0.0215197
321	0.0214915	0.0215036
322	0.0214752	0.0214877
323	0.0214592	0.0214719
324	0.0214433	0.0214564
325	0.0214277	0.021441
326	0.021412	0.0214257
327	0.0213964	0.0214104
328	0.0213811	0.0213955
329	0.0213658	0.0213805
330	0.0213506	0.0213658
331	0.0213356	0.0213509
332	0.0213206	0.0213363
333	0.021306	0.0213219
334	0.0212912	0.0213076
335	0.0212768	0.0212933
336	0.0212624	0.0212792
337	0.0212481	0.0212651
338	0.0212339	0.0212512
339	0.0212198	0.0212375
340	0.0212059	0.021224
341	0.021192	0.0212104
342	0.0211783	0.0211969
343	0.0211646	0.0211836
344	0.0211512	0.0211704
345	0.0211377	0.0211572
346	0.0211245	0.0211442
347	0.0211112	0.0211313
348	0.0210982	0.0211185
349	0.0210852	0.0211057
350	0.0210723	0.0210931
351	0.0210594	0.0210806
352	0.0210467	0.0210682
353	0.0210341	0.0210559
354	0.0210217	0.0210436
355	0.0210092	0.0210315
356	0.020997	0.0210195
357	0.0209848	0.0210074
358	0.0209726	0.0209956
359	0.0209606	0.0209838
360	0.0209487	0.0209723
361	0.0209368	0.0209606
362	0.0209251	0.0209492
363	0.0209134	0.0209378
364	0.0209018	0.0209264
365	0.0208904	0.0209151
366	0.020879	0.0209039
367	0.0208676	0.020893
368	0.0208565	0.020882
369	0.0208453	0.0208711
370	0.0208341	0.0208602
371	0.020823	0.0208494
372	0.0208122	0.0208387
373	0.0208015	0.0208283
374	0.0207908	0.0208177
375	0.02078	0.0208073
376	0.0207695	0.0207968
377	0.020759	0.0207866
378	0.0207486	0.0207764
379	0.0207383	0.0207663
380	0.0207278	0.0207562
381	0.0207177	0.0207463
382	0.0207076	0.0207364
383	0.0206975	0.0207265
384	0.0206875	0.0207168
385	0.0206776	0.0207071
386	0.0206677	0.0206974
387	0.0206579	0.0206878
388	0.0206482	0.0206784
389	0.0206387	0.020669
390	0.0206289	0.0206596
391	0.0206195	0.0206504
392	0.0206101	0.0206411
393	0.0206006	0.020632
394	0.0205913	0.0206229
395	0.0205822	0.0206138
396	0.0205728	0.0206049
397	0.0205638	0.020596
398	0.0205547	0.0205871
399	0.0205457	0.0205784
400	0.0205369	0.0205697
401	0.020528	0.020561
402	0.0205193	0.0205525
403	0.0205105	0.020544
404	0.0205019	0.0205354
405	0.0204932	0.0205269
406	0.0204846	0.0205186
407	0.0204762	0.0205104
408	0.0204678	0.0205021
409	0.0204594	0.020494
410	0.0204511	0.0204858
411	0.0204427	0.0204776
412	0.0204345	0.0204696
413	0.0204264	0.0204617
414	0.0204183	0.0204538
415	0.0204102	0.0204459
416	0.0204023	0.0204382
417	0.0203943	0.0204304
418	0.0203864	0.0204227
419	0.0203785	0.0204151
420	0.0203707	0.0204074
421	0.0203631	0.0203998
422	0.0203554	0.0203924
423	0.0203478	0.020385
424	0.0203401	0.0203776
425	0.0203327	0.0203702
426	0.0203251	0.0203629
427	0.0203177	0.0203556
428	0.0203103	0.0203484
429	0.020303	0.0203414
430	0.0202958	0.0203341
431	0.0202885	0.0203271
432	0.0202812	0.0203202
433	0.0202741	0.020313
434	0.0202671	0.0203063
435	0.02026	0.0202995
436	0.020253	0.0202926
437	0.0202461	0.0202858
438	0.0202391	0.020279
439	0.0202323	0.0202723
440	0.0202255	0.0202657
441	0.0202187	0.0202591
442	0.0202119	0.0202524
443	0.0202052	0.0202459
444	0.0201986	0.0202395
445	0.0201919	0.020233
446	0.0201854	0.0202266
447	0.0201789	0.0202203
448	0.0201723	0.020214
449	0.020166	0.0202076
450	0.0201596	0.0202014
451	0.0201531	0.0201952
452	0.0201468	0.0201891
453	0.0201406	0.0201829
454	0.0201344	0.0201768
455	0.0201282	0.0201708
456	0.020122	0.0201648
457	0.0201158	0.0201588
458	0.0201097	0.0201529
459	0.0201037	0.0201469
460	0.0200977	0.020141
461	0.0200917	0.0201352
462	0.0200857	0.0201295
463	0.0200799	0.0201237
464	0.020074	0.020118
465	0.0200682	0.0201123
466	0.0200625	0.0201067
467	0.0200566	0.0201011
468	0.0200508	0.0200955
469	0.0200453	0.0200899
470	0.0200396	0.0200845
471	0.0200339	0.020079
472	0.0200284	0.0200735
473	0.0200228	0.0200681
474	0.0200173	0.0200627
475	0.0200118	0.0200575
476	0.0200064	0.0200521
477	0.020001	0.0200468
478	0.0199955	0.0200416
