1	0.255102	0.243414
2	0.242693	0.232233
3	0.23154	0.222216
4	0.221544	0.213213
5	0.21256	0.205113
6	0.204475	0.197729
7	0.1971	0.190852
8	0.190232	0.184421
9	0.183807	0.178386
10	0.177777	0.172708
11	0.172101	0.167354
12	0.16675	0.162275
13	0.161672	0.157451
14	0.15685	0.152853
15	0.152252	0.148466
16	0.147865	0.144266
17	0.143664	0.140241
18	0.139638	0.136375
19	0.135771	0.132661
20	0.132056	0.129094
21	0.128486	0.125661
22	0.125051	0.122359
23	0.121746	0.119179
24	0.118564	0.116118
25	0.115499	0.113168
26	0.112547	0.110327
27	0.109703	0.107589
28	0.106962	0.10495
29	0.10432	0.102407
30	0.101775	0.0999565
31	0.099321	0.0975939
32	0.0969558	0.0953164
33	0.0946759	0.0931212
34	0.0924777	0.0910042
35	0.0903591	0.0889629
36	0.0883157	0.0869951
37	0.0863456	0.0850975
38	0.0844463	0.083267
39	0.0826147	0.0815021
40	0.0808482	0.0797995
41	0.0791444	0.0781572
42	0.0775008	0.0765719
43	0.0759161	0.075043
44	0.074386	0.0735671
45	0.0729098	0.0721429
46	0.0714855	0.0707681
47	0.070111	0.0694406
48	0.0687835	0.0681585
49	0.067502	0.0669205
50	0.0662646	0.0657247
51	0.0650692	0.0645691
52	0.0639142	0.0634523
53	0.0627986	0.0623729
54	0.0617201	0.0613294
55	0.060678	0.0603203
56	0.0596706	0.0593441
57	0.0586961	0.0583998
58	0.0577536	0.0574866
59	0.0568416	0.0566024
60	0.0559593	0.0557467
61	0.0551052	0.0549181
62	0.0542785	0.0541153
63	0.0534779	0.0533381
64	0.0527025	0.0525848
65	0.0519516	0.051855
66	0.0512236	0.0511472
67	0.0505184	0.0504611
68	0.0498344	0.0497957
69	0.0491713	0.0491505
70	0.0485286	0.0485242
71	0.0479046	0.0479167
72	0.0472993	0.0473267
73	0.0467121	0.0467537
74	0.0461416	0.0461978
75	0.0455882	0.0456575
76	0.0450504	0.0451327
77	0.0445278	0.0446227
78	0.0440204	0.044127
79	0.0435271	0.0436449
80	0.0430478	0.0431762
81	0.0425816	0.0427207
82	0.0421284	0.0422771
83	0.0416875	0.0418457
84	0.0412587	0.0414256
85	0.0408412	0.041017
86	0.0404349	0.040619
87	0.0400394	0.0402317
88	0.0396544	0.0398538
89	0.0392794	0.0394861
90	0.0389141	0.0391279
91	0.0385584	0.0387787
92	0.0382115	0.0384382
93	0.0378737	0.0381063
94	0.0375441	0.0377826
95	0.0372229	0.0374667
96	0.0369096	0.0371588
97	0.0366039	0.0368585
98	0.0363059	0.0365652
99	0.036015	0.0362789
100	0.0357311	0.0359994
101	0.0354541	0.0357265
102	0.0351834	0.03546
103	0.0349195	0.0351997
104	0.0346616	0.0349454
105	0.0344094	0.034697
106	0.0341633	0.0344542
107	0.0339226	0.0342169
108	0.0336877	0.0339849
109	0.0334579	0.033758
110	0.0332333	0.0335363
111	0.0330136	0.0333193
112	0.0327988	0.0331071
113	0.0325887	0.0328994
114	0.0323833	0.0326962
115	0.0321822	0.0324975
116	0.0319857	0.0323028
117	0.031793	0.0321126
118	0.0316046	0.0319258
119	0.0314201	0.0317433
120	0.0312395	0.0315644
121	0.0310626	0.0313893
122	0.0308894	0.0312176
123	0.0307197	0.0310495
124	0.0305534	0.0308847
125	0.0303906	0.0307231
126	0.0302311	0.0305649
127	0.0300745	0.0304096
128	0.0299214	0.0302576
129	0.0297711	0.0301084
130	0.0296237	0.0299622
131	0.0294793	0.0298185
132	0.0293377	0.0296779
133	0.0291986	0.0295398
134	0.0290623	0.0294044
135	0.0289287	0.0292712
136	0.0287974	0.0291409
137	0.0286686	0.0290126
138	0.0285423	0.0288872
139	0.0284184	0.0287637
140	0.0282965	0.0286424
141	0.0281771	0.0285236
142	0.0280597	0.0284066
143	0.0279444	0.0282919
144	0.0278312	0.0281791
145	0.0277199	0.0280682
146	0.0276109	0.0279594
147	0.0275036	0.0278526
148	0.0273981	0.0277474
149	0.0272947	0.0276441
150	0.0271927	0.0275426
151	0.0270929	0.0274428
152	0.0269946	0.0273445
153	0.0268978	0.0272482
154	0.0268028	0.0271531
155	0.0267094	0.0270599
156	0.0266175	0.0269682
157	0.0265271	0.0268778
158	0.0264383	0.0267891
159	0.0263509	0.0267016
160	0.026265	0.0266156
161	0.0261803	0.0265312
162	0.0260971	0.0264477
163	0.026015	0.0263659
164	0.0259346	0.0262853
165	0.0258552	0.0262059
166	0.0257772	0.0261276
167	0.0257002	0.0260507
168	0.0256246	0.025975
169	0.02555	0.0259004
170	0.0254768	0.0258269
171	0.0254045	0.0257544
172	0.0253333	0.0256833
173	0.0252634	0.0256131
174	0.0251943	0.0255439
175	0.0251263	0.0254757
176	0.0250594	0.0254086
177	0.0249936	0.0253424
178	0.0249284	0.0252771
179	0.0248645	0.0252129
180	0.0248014	0.0251494
181	0.024739	0.0250872
182	0.0246779	0.0250255
183	0.0246173	0.0249648
184	0.024558	0.024905
185	0.0244991	0.0248462
186	0.024441	0.0247879
187	0.0243841	0.0247306
188	0.0243279	0.0246739
189	0.0242723	0.0246182
190	0.0242175	0.0245631
191	0.0241635	0.0245087
192	0.0241102	0.0244552
193	0.0240576	0.0244024
194	0.0240057	0.0243503
195	0.0239548	0.0242986
196	0.0239042	0.024248
197	0.0238545	0.0241979
198	0.0238053	0.0241483
199	0.023757	0.0240996
200	0.0237091	0.0240514
201	0.0236618	0.0240038
202	0.0236152	0.0239568
203	0.0235692	0.0239105
204	0.0235237	0.0238647
205	0.0234789	0.0238195
206	0.0234346	0.023775
207	0.0233909	0.0237307
208	0.0233477	0.0236872
209	0.023305	0.0236442
210	0.0232628	0.0236018
211	0.0232213	0.0235598
212	0.0231801	0.0235183
213	0.0231396	0.0234775
214	0.0230995	0.023437
215	0.0230599	0.0233969
216	0.0230207	0.0233575
217	0.0229822	0.0233186
218	0.0229439	0.02328
219	0.0229061	0.0232418
220	0.0228689	0.0232042
221	0.0228321	0.0231669
222	0.0227955	0.0231301
223	0.0227596	0.0230937
224	0.0227239	0.0230577
225	0.0226887	0.0230223
226	0.0226539	0.0229871
227	0.0226195	0.0229524
228	0.0225855	0.0229178
229	0.0225519	0.0228839
230	0.0225186	0.0228502
231	0.0224859	0.0228169
232	0.0224532	0.0227841
233	0.0224211	0.0227517
234	0.0223894	0.0227194
235	0.0223578	0.0226876
236	0.0223267	0.0226562
237	0.0222958	0.0226251
238	0.0222656	0.0225942
239	0.0222355	0.0225637
240	0.0222056	0.0225336
241	0.0221761	0.0225037
242	0.0221469	0.0224741
243	0.0221182	0.0224449
244	0.0220895	0.022416
245	0.0220613	0.0223873
246	0.0220332	0.022359
247	0.0220056	0.022331
248	0.0219783	0.0223033
249	0.0219512	0.0222757
250	0.0219243	0.0222485
251	0.0218977	0.0222217
252	0.0218713	0.0221949
253	0.0218453	0.0221686
254	0.0218195	0.0221423
255	0.0217941	0.0221165
256	0.0217687	0.022091
257	0.0217436	0.0220655
258	0.0217189	0.0220403
259	0.0216944	0.0220154
260	0.0216701	0.0219908
261	0.0216459	0.0219664
262	0.0216221	0.021942
263	0.0215985	0.0219182
264	0.0215751	0.0218945
265	0.0215519	0.0218709
266	0.0215289	0.0218477
267	0.0215062	0.0218247
268	0.0214837	0.0218018
269	0.0214613	0.021779
270	0.0214392	0.0217566
271	0.0214173	0.0217342
272	0.0213955	0.0217122
273	0.0213741	0.0216905
274	0.0213527	0.0216688
275	0.0213316	0.0216473
276	0.0213107	0.0216261
277	0.02129	0.021605
278	0.0212694	0.0215842
279	0.0212489	0.0215633
280	0.0212287	0.0215428
281	0.0212087	0.0215224
282	0.0211887	0.0215022
283	0.0211691	0.0214824
284	0.0211495	0.0214623
285	0.0211301	0.0214427
286	0.021111	0.0214232
287	0.021092	0.0214038
288	0.0210731	0.0213849
289	0.0210545	0.0213658
290	0.0210359	0.0213469
291	0.0210174	0.021328
292	0.0209993	0.0213096
293	0.0209812	0.0212913
294	0.0209633	0.021273
295	0.0209454	0.0212549
296	0.0209277	0.021237
297	0.0209104	0.0212192
298	0.020893	0.0212015
299	0.0208758	0.021184
300	0.0208586	0.0211666
301	0.0208417	0.0211493
302	0.0208248	0.0211322
303	0.0208081	0.0211153
304	0.0207917	0.0210984
305	0.0207751	0.0210818
306	0.0207589	0.0210652
307	0.0207428	0.0210487
308	0.0207268	0.0210324
309	0.0207107	0.0210162
310	0.0206949	0.0210001
311	0.0206793	0.0209843
312	0.0206636	0.0209683
313	0.0206483	0.0209526
314	0.0206328	0.0209369
315	0.0206178	0.0209214
316	0.0206027	0.0209062
317	0.0205877	0.020891
318	0.0205728	0.0208757
319	0.020558	0.0208606
320	0.0205433	0.0208457
321	0.0205288	0.0208311
322	0.0205144	0.0208163
323	0.0205001	0.0208017
324	0.0204858	0.0207872
325	0.0204717	0.0207728
326	0.0204576	0.0207585
327	0.0204436	0.0207443
328	0.0204299	0.0207303
329	0.0204161	0.0207163
330	0.0204023	0.0207023
331	0.0203889	0.0206885
332	0.0203754	0.0206748
333	0.0203621	0.0206613
334	0.0203488	0.0206478
335	0.0203357	0.0206344
336	0.0203225	0.020621
337	0.0203095	0.0206077
338	0.0202966	0.0205946
339	0.0202838	0.0205815
340	0.020271	0.0205685
341	0.0202584	0.0205555
342	0.0202459	0.0205428
343	0.0202333	0.0205301
344	0.0202209	0.0205175
345	0.0202086	0.020505
346	0.0201964	0.0204925
347	0.0201841	0.0204801
348	0.0201721	0.0204678
349	0.0201601	0.0204556
350	0.0201481	0.0204434
351	0.0201364	0.0204313
352	0.0201246	0.0204193
353	0.0201129	0.0204074
354	0.0201013	0.0203956
355	0.0200897	0.0203838
356	0.0200782	0.020372
357	0.0200668	0.0203605
358	0.0200555	0.0203489
359	0.0200442	0.0203374
360	0.020033	0.020326
361	0.0200219	0.0203148
362	0.0200108	0.0203033
363	0.0199999	0.0202922
