1	0.220888	0.212977
2	0.213906	0.2066
3	0.20744	0.200693
4	0.201452	0.195216
5	0.195901	0.190102
6	0.19072	0.185314
7	0.185876	0.18083
8	0.181343	0.17659
9	0.177061	0.172561
10	0.172996	0.16872
11	0.169124	0.165045
12	0.16542	0.161541
13	0.161893	0.158171
14	0.158504	0.154933
15	0.155248	0.151814
16	0.152113	0.148806
17	0.149091	0.145899
18	0.146174	0.143083
19	0.143348	0.140352
20	0.140607	0.137701
21	0.13795	0.135134
22	0.135377	0.132641
23	0.13288	0.130219
24	0.130454	0.127857
25	0.128089	0.125553
26	0.125785	0.123307
27	0.123536	0.121113
28	0.121342	0.118972
29	0.119201	0.11688
30	0.11711	0.114835
31	0.115065	0.112833
32	0.113065	0.110877
33	0.11111	0.108963
34	0.109198	0.107089
35	0.107325	0.105254
36	0.105493	0.103458
37	0.103699	0.101698
38	0.101943	0.0999754
39	0.100223	0.0982883
40	0.0985384	0.0966366
41	0.0968898	0.0950184
42	0.0952745	0.0934344
43	0.0936936	0.0918833
44	0.0921459	0.0903649
45	0.0906306	0.0888777
46	0.0891467	0.0874222
47	0.0876947	0.0859981
48	0.0862735	0.0846041
49	0.0848828	0.0832396
50	0.0835211	0.0819052
51	0.0821901	0.0805991
52	0.0808872	0.0793213
53	0.0796135	0.0780724
54	0.0783673	0.0768506
55	0.0771486	0.0756564
56	0.0759574	0.0744878
57	0.0747923	0.0733463
58	0.0736539	0.0722303
59	0.0725407	0.0711399
60	0.0714532	0.070074
61	0.0703906	0.0690329
62	0.0693525	0.0680157
63	0.0683376	0.0670223
64	0.0673473	0.0660518
65	0.0663791	0.0651042
66	0.0654337	0.0641785
67	0.064511	0.0632746
68	0.0636094	0.0623919
69	0.0627298	0.0615306
70	0.0618706	0.0606892
71	0.0610317	0.0598681
72	0.060213	0.0590667
73	0.0594135	0.0582845
74	0.0586335	0.0575209
75	0.0578719	0.0567758
76	0.057129	0.0560485
77	0.0564038	0.0553389
78	0.0556958	0.0546463
79	0.0550052	0.0539701
80	0.0543309	0.0533106
81	0.053673	0.052667
82	0.053031	0.0520386
83	0.0524043	0.0514256
84	0.0517927	0.0508272
85	0.0511961	0.0502434
86	0.0506137	0.0496736
87	0.0500454	0.0491172
88	0.0494907	0.0485745
89	0.0489488	0.0480447
90	0.0484205	0.0475277
91	0.0479046	0.0470227
92	0.0474011	0.0465303
93	0.0469095	0.0460491
94	0.04643	0.0455797
95	0.0459613	0.0451211
96	0.0455041	0.0446736
97	0.0450577	0.0442364
98	0.0446213	0.0438098
99	0.0441957	0.0433928
100	0.0437798	0.0429858
101	0.0433739	0.042588
102	0.0429766	0.0421997
103	0.0425895	0.0418205
104	0.0422111	0.0414499
105	0.0418411	0.0410878
106	0.0414797	0.0407339
107	0.0411267	0.0403881
108	0.0407819	0.0400502
109	0.0404444	0.0397199
110	0.0401148	0.0393971
111	0.0397926	0.0390815
112	0.0394778	0.0387731
113	0.0391696	0.0384713
114	0.0388686	0.0381763
115	0.038574	0.0378879
116	0.0382861	0.0376054
117	0.0380047	0.0373295
118	0.037729	0.0370596
119	0.0374595	0.0367955
120	0.0371958	0.0365369
121	0.0369378	0.036284
122	0.0366849	0.0360363
123	0.036438	0.0357942
124	0.0361961	0.0355569
125	0.0359594	0.0353248
126	0.0357278	0.0350973
127	0.0355007	0.0348749
128	0.0352782	0.0346568
129	0.0350605	0.0344434
130	0.0348475	0.0342342
131	0.0346386	0.0340293
132	0.034434	0.0338285
133	0.0342337	0.0336319
134	0.0340372	0.0334391
135	0.0338447	0.0332502
136	0.0336561	0.0330652
137	0.0334713	0.0328836
138	0.03329	0.0327058
139	0.0331123	0.0325313
140	0.032938	0.0323601
141	0.0327672	0.0321924
142	0.0325995	0.032028
143	0.0324352	0.0318666
144	0.0322739	0.0317082
145	0.0321159	0.031553
146	0.0319606	0.0314005
147	0.0318082	0.031251
148	0.0316588	0.0311042
149	0.0315122	0.0309601
150	0.0313682	0.0308187
151	0.031227	0.0306799
152	0.0310883	0.0305434
153	0.0309521	0.0304097
154	0.0308182	0.0302783
155	0.0306869	0.0301494
156	0.0305578	0.0300223
157	0.0304311	0.0298978
158	0.0303067	0.0297755
159	0.0301843	0.0296553
160	0.0300641	0.0295372
161	0.0299459	0.029421
162	0.02983	0.0293068
163	0.0297158	0.0291949
164	0.0296037	0.0290845
165	0.0294935	0.0289761
166	0.029385	0.0288695
167	0.0292786	0.0287649
168	0.0291738	0.0286619
169	0.0290708	0.0285606
170	0.0289695	0.0284609
171	0.0288698	0.0283628
172	0.0287718	0.0282664
173	0.0286752	0.0281714
174	0.0285805	0.0280781
175	0.028487	0.0279862
176	0.028395	0.027896
177	0.0283045	0.0278069
178	0.0282155	0.0277192
179	0.0281279	0.027633
180	0.0280417	0.0275482
181	0.0279568	0.0274647
182	0.0278732	0.0273824
183	0.0277907	0.0273013
184	0.0277099	0.0272216
185	0.0276299	0.0271429
186	0.0275513	0.0270656
187	0.0274739	0.0269893
188	0.0273974	0.0269142
189	0.0273223	0.0268403
190	0.0272482	0.0267673
191	0.0271753	0.0266954
192	0.0271032	0.0266246
193	0.0270323	0.0265549
194	0.0269627	0.0264861
195	0.0268937	0.0264182
196	0.0268258	0.0263515
197	0.026759	0.0262858
198	0.0266929	0.0262206
199	0.0266279	0.0261567
200	0.0265638	0.0260935
201	0.0265006	0.0260314
202	0.026438	0.0259698
203	0.0263765	0.0259091
204	0.026316	0.0258496
205	0.026256	0.0257906
206	0.0261971	0.0257324
207	0.0261388	0.0256751
208	0.0260813	0.0256186
209	0.0260246	0.0255628
210	0.0259687	0.0255076
211	0.0259135	0.0254533
212	0.025859	0.0253995
213	0.025805	0.0253466
214	0.025752	0.0252942
215	0.0256995	0.0252427
216	0.025648	0.0251917
217	0.0255968	0.0251413
218	0.0255464	0.0250916
219	0.0254965	0.0250426
220	0.0254474	0.0249943
221	0.0253989	0.0249464
222	0.0253508	0.024899
223	0.0253034	0.0248524
224	0.0252566	0.0248063
225	0.0252104	0.0247608
226	0.0251649	0.0247159
227	0.0251196	0.0246714
228	0.0250751	0.0246276
229	0.0250311	0.0245841
230	0.0249876	0.0245413
231	0.0249445	0.024499
232	0.024902	0.0244571
233	0.0248601	0.0244158
234	0.0248186	0.0243748
235	0.0247775	0.0243345
236	0.024737	0.0242945
237	0.0246968	0.024255
238	0.0246573	0.024216
239	0.024618	0.0241774
240	0.0245792	0.0241393
241	0.0245411	0.0241015
242	0.0245031	0.0240643
243	0.0244656	0.0240274
244	0.0244287	0.0239908
245	0.024392	0.0239548
246	0.0243559	0.023919
247	0.02432	0.0238839
248	0.0242843	0.0238489
249	0.0242494	0.0238144
250	0.0242148	0.0237802
251	0.0241805	0.0237464
252	0.0241464	0.0237129
253	0.0241128	0.0236797
254	0.0240797	0.023647
255	0.0240467	0.0236147
256	0.0240142	0.0235827
257	0.0239819	0.023551
258	0.0239502	0.0235194
259	0.0239186	0.0234885
260	0.0238873	0.0234578
261	0.0238565	0.0234272
262	0.0238258	0.0233972
263	0.0237955	0.0233673
264	0.0237655	0.0233379
265	0.0237358	0.0233085
266	0.0237064	0.0232794
267	0.0236773	0.0232509
268	0.0236485	0.0232225
269	0.0236199	0.0231943
270	0.0235916	0.0231666
271	0.0235636	0.023139
272	0.023536	0.0231117
273	0.0235085	0.0230846
274	0.0234813	0.0230578
275	0.0234544	0.0230313
276	0.0234277	0.023005
277	0.0234013	0.0229789
278	0.0233751	0.0229533
279	0.0233492	0.0229277
280	0.0233235	0.0229024
281	0.0232981	0.0228773
282	0.0232728	0.0228525
283	0.0232477	0.0228279
284	0.023223	0.0228035
285	0.0231984	0.0227793
286	0.0231741	0.0227554
287	0.0231501	0.0227316
288	0.0231262	0.0227081
289	0.0231024	0.0226847
290	0.0230789	0.0226617
291	0.0230557	0.0226389
292	0.0230325	0.022616
293	0.0230098	0.0225936
294	0.0229872	0.0225712
295	0.0229647	0.0225492
296	0.0229424	0.0225272
297	0.0229203	0.0225056
298	0.0228985	0.0224839
299	0.0228767	0.0224627
300	0.0228552	0.0224413
301	0.0228339	0.0224204
302	0.0228128	0.0223997
303	0.0227917	0.0223789
304	0.022771	0.0223585
305	0.0227503	0.0223381
306	0.0227299	0.022318
307	0.0227095	0.0222979
308	0.0226892	0.0222781
309	0.0226693	0.0222585
310	0.0226495	0.022239
311	0.0226299	0.0222197
312	0.0226105	0.0222004
313	0.022591	0.0221815
314	0.022572	0.0221625
315	0.0225529	0.0221438
316	0.022534	0.0221252
317	0.0225153	0.0221068
318	0.0224966	0.0220884
319	0.0224782	0.0220703
320	0.0224598	0.0220523
321	0.0224417	0.0220344
322	0.0224238	0.0220166
323	0.0224058	0.0219991
324	0.022388	0.0219816
325	0.0223704	0.0219643
326	0.0223529	0.0219471
327	0.0223356	0.02193
328	0.0223184	0.0219131
329	0.0223013	0.0218962
330	0.0222844	0.0218795
331	0.0222674	0.0218631
332	0.0222507	0.0218467
333	0.0222341	0.0218301
334	0.0222176	0.0218139
335	0.0222012	0.0217979
336	0.022185	0.0217819
337	0.0221689	0.0217661
338	0.022153	0.0217502
339	0.022137	0.0217346
340	0.0221213	0.0217191
341	0.0221056	0.0217038
342	0.0220899	0.0216885
343	0.0220746	0.0216733
344	0.0220593	0.0216581
345	0.0220439	0.0216432
346	0.022029	0.0216283
347	0.0220139	0.0216136
348	0.021999	0.0215987
349	0.0219842	0.0215842
350	0.0219694	0.0215699
351	0.0219549	0.0215555
352	0.0219403	0.0215412
353	0.0219258	0.0215271
354	0.0219116	0.0215129
355	0.0218973	0.0214989
356	0.0218832	0.0214851
357	0.0218692	0.0214712
358	0.0218552	0.0214575
359	0.0218413	0.021444
360	0.0218277	0.0214303
361	0.0218139	0.0214169
362	0.0218004	0.0214036
363	0.0217869	0.0213903
364	0.0217735	0.0213771
365	0.0217602	0.0213641
366	0.0217469	0.0213511
367	0.0217338	0.0213383
368	0.0217208	0.0213254
369	0.0217077	0.0213125
370	0.0216949	0.0212999
371	0.021682	0.0212872
372	0.0216693	0.0212747
373	0.0216567	0.0212623
374	0.021644	0.02125
375	0.0216315	0.0212377
376	0.0216191	0.0212255
377	0.0216068	0.0212134
378	0.0215945	0.0212013
379	0.0215824	0.0211893
380	0.0215701	0.0211774
381	0.0215582	0.0211655
382	0.0215462	0.0211537
383	0.0215343	0.0211421
384	0.0215225	0.0211305
385	0.0215107	0.021119
386	0.021499	0.0211076
387	0.0214874	0.021096
388	0.0214757	0.0210847
389	0.0214644	0.0210733
390	0.021453	0.0210622
391	0.0214416	0.0210511
392	0.0214304	0.02104
393	0.0214191	0.0210289
394	0.021408	0.0210181
395	0.0213969	0.0210072
396	0.021386	0.0209963
397	0.0213748	0.0209855
398	0.021364	0.0209749
399	0.0213533	0.0209642
400	0.0213425	0.0209536
401	0.0213318	0.0209432
402	0.0213212	0.0209328
403	0.0213106	0.0209223
404	0.0213	0.020912
405	0.0212896	0.0209018
406	0.0212791	0.0208916
407	0.0212688	0.0208813
408	0.0212585	0.0208712
409	0.0212483	0.0208612
410	0.0212381	0.0208511
411	0.0212279	0.0208413
412	0.0212179	0.0208314
413	0.021208	0.0208216
414	0.021198	0.0208117
415	0.021188	0.0208021
416	0.0211783	0.0207924
417	0.0211683	0.0207827
418	0.0211587	0.0207733
419	0.0211491	0.0207637
420	0.0211394	0.0207543
421	0.0211299	0.0207449
422	0.0211204	0.0207356
423	0.0211108	0.0207262
424	0.0211014	0.020717
425	0.021092	0.0207077
426	0.0210827	0.0206986
427	0.0210736	0.0206894
428	0.0210642	0.0206804
429	0.021055	0.0206714
430	0.0210458	0.0206625
431	0.0210367	0.0206536
432	0.0210278	0.0206446
433	0.0210187	0.0206359
434	0.0210098	0.0206271
435	0.0210009	0.0206183
436	0.0209922	0.0206097
437	0.0209833	0.020601
438	0.0209745	0.0205925
439	0.0209659	0.0205839
440	0.0209571	0.0205754
441	0.0209486	0.020567
442	0.0209399	0.0205585
443	0.0209313	0.0205501
444	0.0209228	0.0205418
445	0.0209144	0.0205335
446	0.020906	0.0205252
447	0.0208976	0.0205171
448	0.0208893	0.0205089
449	0.0208809	0.0205007
450	0.0208727	0.0204927
451	0.0208645	0.0204847
452	0.0208563	0.0204767
453	0.0208484	0.0204687
454	0.0208402	0.0204607
455	0.0208322	0.0204529
456	0.0208241	0.0204449
457	0.0208162	0.0204373
458	0.0208082	0.0204293
459	0.0208003	0.0204216
460	0.0207925	0.0204139
461	0.0207846	0.0204063
462	0.020777	0.0203987
463	0.0207691	0.0203911
464	0.0207614	0.0203835
465	0.0207538	0.0203759
466	0.0207461	0.0203685
467	0.0207386	0.0203611
468	0.0207311	0.0203537
469	0.0207236	0.0203463
470	0.0207161	0.020339
471	0.0207086	0.0203316
472	0.0207012	0.0203245
473	0.0206938	0.0203172
474	0.0206864	0.02031
475	0.0206791	0.0203028
476	0.0206719	0.0202957
477	0.0206646	0.0202886
478	0.0206574	0.0202815
479	0.0206503	0.0202745
480	0.020643	0.0202675
481	0.0206359	0.0202605
482	0.0206289	0.0202536
483	0.0206218	0.0202467
484	0.0206149	0.0202398
485	0.020608	0.020233
486	0.0206009	0.0202262
487	0.020594	0.0202194
488	0.020587	0.0202127
489	0.0205803	0.020206
490	0.0205734	0.0201993
491	0.0205667	0.0201926
492	0.0205599	0.0201861
493	0.0205531	0.0201795
494	0.0205464	0.0201729
495	0.0205398	0.0201664
496	0.0205332	0.0201598
497	0.0205266	0.0201533
498	0.0205198	0.0201469
499	0.0205134	0.0201406
500	0.0205068	0.0201341
501	0.0205004	0.0201277
502	0.020494	0.0201216
503	0.0204874	0.0201152
504	0.0204811	0.0201089
505	0.0204747	0.0201026
506	0.0204684	0.0200964
507	0.0204621	0.0200902
508	0.0204558	0.0200841
509	0.0204494	0.0200779
510	0.0204431	0.0200718
511	0.020437	0.0200658
512	0.0204308	0.0200597
513	0.0204247	0.0200537
514	0.0204184	0.0200476
515	0.0204124	0.0200416
516	0.0204063	0.0200357
517	0.0204002	0.0200297
518	0.0203941	0.0200238
519	0.0203881	0.0200179
520	0.0203822	0.0200121
521	0.0203763	0.0200063
522	0.0203703	0.0200005
523	0.0203644	0.0199948
524	0.0203585	0.019989
525	0.0203527	0.0199832
526	0.0203468	0.0199775
527	0.020341	0.0199719
528	0.0203352	0.0199662
529	0.0203295	0.0199605
530	0.0203238	0.0199549
531	0.020318	0.0199493
532	0.0203124	0.0199439
533	0.0203067	0.0199383
534	0.0203011	0.0199328
535	0.0202955	0.0199272
536	0.0202899	0.0199218
537	0.0202842	0.0199164
538	0.0202787	0.019911
539	0.0202732	0.0199056
540	0.0202678	0.0199002
541	0.0202623	0.0198948
542	0.0202568	0.0198895
543	0.0202513	0.0198841
544	0.0202459	0.0198788
545	0.0202407	0.0198736
546	0.0202352	0.0198684
547	0.0202299	0.0198631
548	0.0202245	0.019858
549	0.0202192	0.0198528
550	0.020214	0.0198476
551	0.0202086	0.0198424
552	0.0202034	0.0198374
553	0.0201983	0.0198322
554	0.020193	0.0198273
555	0.0201878	0.0198222
556	0.0201827	0.0198171
557	0.0201775	0.019812
558	0.0201724	0.0198069
559	0.0201673	0.0198019
560	0.0201622	0.0197971
561	0.0201572	0.0197921
562	0.0201521	0.0197871
563	0.0201471	0.0197822
564	0.0201421	0.0197774
565	0.0201371	0.0197727
566	0.0201322	0.0197678
567	0.0201272	0.019763
568	0.0201223	0.0197581
569	0.0201174	0.0197533
570	0.0201126	0.0197486
571	0.0201077	0.0197438
572	0.0201028	0.0197391
573	0.0200979	0.0197343
574	0.0200933	0.0197296
575	0.0200884	0.019725
576	0.0200837	0.0197204
577	0.0200789	0.0197157
578	0.0200742	0.0197111
579	0.0200694	0.0197064
580	0.0200647	0.0197017
581	0.0200601	0.0196973
582	0.0200553	0.0196928
583	0.0200506	0.0196882
584	0.0200461	0.0196837
585	0.0200415	0.0196793
586	0.0200369	0.0196746
587	0.0200323	0.0196703
588	0.0200277	0.0196658
589	0.0200232	0.0196614
590	0.0200186	0.019657
591	0.0200142	0.0196526
592	0.0200098	0.0196482
593	0.0200053	0.0196438
594	0.0200008	0.0196394
595	0.0199963	0.0196351
