1	0.294308	0.280782
2	0.278879	0.265025
3	0.263124	0.249539
4	0.247687	0.235032
5	0.233268	0.221973
6	0.220312	0.21069
7	0.209134	0.201133
8	0.199671	0.192767
9	0.19139	0.185302
10	0.184002	0.178377
11	0.17715	0.171899
12	0.170743	0.165823
13	0.164732	0.160095
14	0.159068	0.154676
15	0.153705	0.149545
16	0.148629	0.144681
17	0.143814	0.140074
18	0.139254	0.1357
19	0.134924	0.131548
20	0.130812	0.127604
21	0.126905	0.123853
22	0.123188	0.120284
23	0.11965	0.116887
24	0.116284	0.11365
25	0.113075	0.110563
26	0.110011	0.107618
27	0.10709	0.104806
28	0.104299	0.102118
29	0.10163	0.099547
30	0.0990784	0.0970908
31	0.0966378	0.0947397
32	0.0943025	0.0924883
33	0.0920656	0.0903306
34	0.0899203	0.0882613
35	0.0878633	0.086277
36	0.0858888	0.0843719
37	0.0839942	0.0825458
38	0.0821769	0.0807943
39	0.080434	0.079111
40	0.0787579	0.0774944
41	0.0771493	0.0759405
42	0.0756019	0.0744479
43	0.0741152	0.0730109
44	0.0726841	0.0716283
45	0.0713065	0.0702965
46	0.0699795	0.0690135
47	0.0687011	0.0677782
48	0.0674693	0.0665863
49	0.0662814	0.0654384
50	0.0651369	0.0643312
51	0.0640331	0.0632628
52	0.0629674	0.062231
53	0.0619384	0.0612348
54	0.0609452	0.0602721
55	0.0599847	0.0593419
56	0.0590566	0.0584436
57	0.0581598	0.0575745
58	0.0572924	0.0567345
59	0.0564543	0.0559221
60	0.0556434	0.0551358
61	0.0548591	0.0543756
62	0.0541003	0.0536397
63	0.0533658	0.0529267
64	0.052654	0.0522378
65	0.051966	0.0515701
66	0.0512994	0.0509226
67	0.0506535	0.0502954
68	0.0500275	0.0496875
69	0.0494201	0.0490978
70	0.0488315	0.0485259
71	0.0482606	0.0479713
72	0.0477069	0.0474331
73	0.0471693	0.0469108
74	0.0466479	0.0464037
75	0.0461417	0.0459116
76	0.0456507	0.0454337
77	0.0451735	0.0449701
78	0.0447105	0.0445202
79	0.0442614	0.0440831
80	0.0438253	0.0436586
81	0.0434018	0.0432459
82	0.0429899	0.0428448
83	0.0425897	0.042455
84	0.0422006	0.0420758
85	0.0418221	0.0417074
86	0.0414545	0.0413485
87	0.0410968	0.0410001
88	0.0407489	0.0406606
89	0.0404099	0.04033
90	0.0400806	0.0400091
91	0.0397602	0.0396966
92	0.0394486	0.0393929
93	0.0391457	0.0390969
94	0.0388504	0.0388087
95	0.0385631	0.0385281
96	0.0382833	0.0382548
97	0.0380109	0.0379884
98	0.0377453	0.0377287
99	0.0374864	0.0374757
100	0.0372344	0.0372292
101	0.0369885	0.0369887
102	0.036749	0.036754
103	0.0365154	0.0365258
104	0.0362876	0.0363027
105	0.0360656	0.0360854
106	0.0358488	0.0358733
107	0.0356376	0.035666
108	0.0354314	0.0354642
109	0.0352302	0.035267
110	0.0350337	0.0350746
111	0.0348421	0.0348866
112	0.034655	0.0347032
113	0.0344723	0.034524
114	0.0342941	0.0343494
115	0.03412	0.0341786
116	0.0339501	0.0340119
117	0.0337843	0.0338491
118	0.0336222	0.0336901
119	0.0334638	0.0335345
120	0.0333091	0.0333825
121	0.033158	0.0332339
122	0.0330102	0.0330887
123	0.0328657	0.0329467
124	0.0327245	0.0328078
125	0.0325863	0.032672
126	0.0324514	0.032539
127	0.0323192	0.0324091
128	0.0321901	0.032282
129	0.0320637	0.0321576
130	0.0319401	0.032036
131	0.0318192	0.0319167
132	0.0317007	0.0318002
133	0.031585	0.0316861
134	0.0314716	0.0315744
135	0.0313607	0.031465
136	0.0312518	0.0313579
137	0.0311456	0.0312531
138	0.0310414	0.0311503
139	0.0309395	0.0310496
140	0.0308394	0.0309512
141	0.0307415	0.0308545
142	0.0306456	0.0307599
143	0.0305517	0.0306672
144	0.0304598	0.0305762
145	0.0303696	0.0304871
146	0.0302812	0.0303998
147	0.0301945	0.0303144
148	0.0301098	0.0302305
149	0.0300265	0.0301482
150	0.0299449	0.0300675
151	0.029865	0.0299885
152	0.0297866	0.0299109
153	0.0297096	0.0298347
154	0.0296343	0.0297601
155	0.0295601	0.029687
156	0.0294877	0.0296151
157	0.0294164	0.0295447
158	0.0293465	0.0294753
159	0.029278	0.0294074
160	0.0292106	0.0293408
161	0.0291448	0.0292754
162	0.0290799	0.0292114
163	0.0290164	0.0291483
164	0.0289539	0.0290864
165	0.0288925	0.0290256
166	0.0288325	0.0289659
167	0.0287735	0.0289072
168	0.0287154	0.0288497
169	0.0286584	0.0287934
170	0.0286026	0.0287377
171	0.0285477	0.0286831
172	0.0284937	0.0286298
173	0.0284407	0.028577
174	0.0283885	0.0285253
175	0.0283373	0.0284746
176	0.0282872	0.0284245
177	0.0282378	0.0283755
178	0.0281891	0.0283272
179	0.0281416	0.0282798
180	0.0280945	0.0282331
181	0.0280485	0.0281872
182	0.0280032	0.0281422
183	0.0279587	0.0280978
184	0.0279149	0.0280542
185	0.0278717	0.0280113
186	0.0278294	0.0279694
187	0.0277879	0.0279278
188	0.0277469	0.0278871
189	0.0277067	0.027847
190	0.0276671	0.0278076
191	0.027628	0.0277688
192	0.0275899	0.0277306
193	0.0275521	0.027693
194	0.027515	0.0276559
195	0.0274784	0.0276197
196	0.0274427	0.0275838
197	0.0274074	0.0275487
198	0.0273726	0.0275139
199	0.0273384	0.0274799
200	0.0273047	0.0274462
201	0.0272717	0.0274132
202	0.027239	0.0273806
203	0.0272069	0.0273486
204	0.0271752	0.0273171
205	0.0271441	0.0272859
206	0.0271135	0.0272552
207	0.0270833	0.0272252
208	0.0270536	0.0271955
209	0.0270244	0.0271662
210	0.0269955	0.0271372
211	0.0269671	0.0271091
212	0.0269392	0.0270812
213	0.0269117	0.0270537
214	0.0268845	0.0270265
215	0.0268578	0.0269999
216	0.0268317	0.0269735
217	0.0268057	0.0269475
218	0.0267803	0.026922
219	0.0267551	0.0268968
220	0.0267303	0.026872
221	0.0267058	0.0268475
222	0.0266818	0.0268236
223	0.026658	0.0267996
224	0.0266348	0.0267764
225	0.0266117	0.0267532
226	0.026589	0.0267304
227	0.0265666	0.026708
228	0.0265446	0.026686
229	0.0265228	0.0266641
230	0.0265013	0.0266427
231	0.0264801	0.0266214
232	0.0264594	0.0266005
233	0.0264388	0.0265799
234	0.0264185	0.0265597
235	0.0263986	0.0265396
236	0.026379	0.0265199
237	0.0263595	0.0265003
238	0.0263403	0.026481
239	0.0263215	0.0264622
240	0.0263028	0.0264434
241	0.0262845	0.0264251
242	0.0262664	0.0264068
243	0.0262485	0.0263889
244	0.026231	0.0263712
245	0.0262136	0.0263538
246	0.0261964	0.0263365
247	0.0261796	0.0263195
248	0.0261628	0.0263027
249	0.0261464	0.0262862
250	0.0261302	0.0262699
251	0.0261143	0.0262538
252	0.0260984	0.0262379
253	0.0260826	0.0262221
254	0.0260673	0.0262066
255	0.0260522	0.0261912
256	0.0260372	0.0261762
257	0.0260223	0.0261612
258	0.0260077	0.0261465
259	0.0259933	0.026132
260	0.0259789	0.0261177
261	0.0259649	0.0261036
262	0.025951	0.0260895
263	0.0259374	0.0260756
264	0.025924	0.026062
265	0.0259105	0.0260485
266	0.0258973	0.0260352
267	0.0258842	0.0260221
268	0.0258714	0.0260091
269	0.0258587	0.0259963
270	0.025846	0.0259836
271	0.0258337	0.025971
272	0.0258215	0.0259588
273	0.0258094	0.0259465
274	0.0257975	0.0259344
275	0.0257856	0.0259226
276	0.0257739	0.0259108
277	0.0257624	0.0258991
278	0.0257512	0.0258875
279	0.0257399	0.0258762
280	0.0257286	0.0258651
281	0.0257177	0.0258539
282	0.0257069	0.0258428
283	0.0256962	0.025832
284	0.0256856	0.0258214
285	0.0256751	0.0258108
286	0.0256648	0.0258003
287	0.0256545	0.02579
288	0.0256444	0.0257797
289	0.0256344	0.0257697
290	0.0256245	0.0257597
291	0.0256149	0.0257499
292	0.025605	0.0257401
293	0.0255957	0.0257304
294	0.0255861	0.0257208
295	0.025577	0.0257115
296	0.0255677	0.0257021
297	0.0255586	0.0256929
298	0.0255495	0.0256838
299	0.0255407	0.0256747
300	0.0255319	0.0256659
301	0.0255232	0.025657
302	0.0255146	0.0256482
303	0.0255062	0.0256397
304	0.0254977	0.0256312
305	0.0254892	0.0256228
306	0.0254812	0.0256146
307	0.025473	0.0256061
308	0.0254649	0.0255978
309	0.0254571	0.0255899
310	0.0254492	0.0255819
311	0.0254414	0.025574
312	0.0254337	0.0255662
313	0.0254261	0.0255584
314	0.0254185	0.0255508
315	0.025411	0.0255432
316	0.0254037	0.0255356
317	0.0253965	0.0255282
318	0.0253892	0.0255211
319	0.025382	0.0255138
320	0.025375	0.0255066
321	0.025368	0.0254995
322	0.0253611	0.0254924
323	0.0253542	0.0254855
324	0.0253475	0.0254785
325	0.0253408	0.0254719
326	0.0253341	0.025465
327	0.0253275	0.0254583
328	0.0253211	0.0254518
329	0.0253146	0.0254451
330	0.0253083	0.0254388
331	0.025302	0.0254324
332	0.0252958	0.0254258
333	0.0252897	0.0254197
334	0.0252836	0.0254134
335	0.0252776	0.0254073
336	0.0252713	0.0254013
337	0.0252656	0.0253951
338	0.0252597	0.0253892
339	0.0252539	0.0253833
340	0.0252482	0.0253774
341	0.0252424	0.0253716
342	0.0252368	0.0253658
343	0.0252312	0.0253602
344	0.0252257	0.0253545
345	0.0252202	0.025349
346	0.0252148	0.0253435
347	0.0252095	0.0253381
348	0.0252042	0.0253326
349	0.0251989	0.0253272
350	0.0251938	0.0253219
351	0.0251886	0.0253167
352	0.0251836	0.0253114
353	0.0251784	0.0253063
354	0.0251732	0.0253011
355	0.0251684	0.025296
356	0.0251634	0.0252911
357	0.0251585	0.025286
358	0.0251538	0.025281
359	0.025149	0.025276
360	0.0251442	0.0252713
361	0.0251394	0.0252665
362	0.0251349	0.0252619
363	0.0251302	0.0252571
364	0.0251258	0.0252524
365	0.0251212	0.0252479
366	0.0251167	0.0252433
367	0.0251122	0.0252388
368	0.0251079	0.0252342
369	0.0251035	0.0252296
370	0.0250992	0.0252252
371	0.0250947	0.0252208
372	0.0250908	0.0252166
373	0.0250865	0.0252123
374	0.0250823	0.0252081
375	0.0250781	0.0252038
376	0.0250741	0.0251996
377	0.0250699	0.0251954
378	0.025066	0.0251913
379	0.0250621	0.0251873
380	0.025058	0.0251832
381	0.0250541	0.0251793
382	0.0250502	0.0251751
383	0.0250463	0.0251712
384	0.0250425	0.0251673
385	0.0250388	0.0251635
386	0.0250349	0.0251595
387	0.0250312	0.0251558
388	0.0250275	0.0251519
389	0.0250239	0.0251481
390	0.0250203	0.0251445
391	0.0250167	0.0251408
392	0.0250131	0.0251372
393	0.0250095	0.0251335
394	0.0250061	0.02513
395	0.0250025	0.0251263
396	0.0249992	0.0251228
